9.000000000000e+00 2.382385725599e-03 9.468023908087e-03 5.410167590525e-04 1.000315056956e+05 1.070050737249e+05 1.000000000000e+05 7.290014364257e+03 5.615869100262e+02 1.800000000000e+06 7.864166540192e+04 1.846847040000e+06 7.387370656000e+06 0.000000000000e+00 0.000000000000e+00 0.000000000000e+00 5.982704016283e-04 6.762725314341e-03 1.064588282830e-02 0.000000000000e+00 0.000000000000e+00 0.000000000000e+00 0.000000000000e+00 0.000000000000e+00 
9.005000000000e+00 2.379691679102e-03 9.440385239115e-03 5.372620335198e-04 9.969670972335e+04 1.066336435936e+05 1.000000000000e+05 7.292097479967e+03 5.620669743099e+02 1.800000000000e+06 7.836964138254e+04 1.846847040000e+06 7.387370656000e+06 0.000000000000e+00 0.000000000000e+00 0.000000000000e+00 5.962009652997e-04 6.755078027995e-03 1.060905554545e-02 0.000000000000e+00 0.000000000000e+00 0.000000000000e+00 0.000000000000e+00 0.000000000000e+00 
9.010000000000e+00 2.377016730423e-03 9.413196703129e-03 5.333998850353e-04 9.936510483481e+04 1.062638007287e+05 1.000000000000e+05 7.294168591067e+03 5.625443963180e+02 1.800000000000e+06 7.810022101381e+04 1.846847040000e+06 7.387370656000e+06 0.000000000000e+00 0.000000000000e+00 0.000000000000e+00 5.941513363736e-04 6.747485161748e-03 1.057258077089e-02 0.000000000000e+00 0.000000000000e+00 0.000000000000e+00 0.000000000000e+00 0.000000000000e+00 
9.015000000000e+00 2.374361376685e-03 9.386426123659e-03 5.294432944498e-04 9.903661902503e+04 1.058956326338e+05 1.000000000000e+05 7.296227271567e+03 5.630190730010e+02 1.800000000000e+06 7.783336429969e+04 1.846847040000e+06 7.387370656000e+06 0.000000000000e+00 0.000000000000e+00 0.000000000000e+00 5.921212105781e-04 6.739948120636e-03 1.053645309997e-02 0.000000000000e+00 0.000000000000e+00 0.000000000000e+00 0.000000000000e+00 0.000000000000e+00 
9.020000000000e+00 2.371726051589e-03 9.360040365023e-03 5.254051085854e-04 9.871117244007e+04 1.055292187396e+05 1.000000000000e+05 7.298273142796e+03 5.634909121469e+02 1.800000000000e+06 7.756902625766e+04 1.846847040000e+06 7.387370656000e+06 0.000000000000e+00 0.000000000000e+00 0.000000000000e+00 5.901102457065e-04 6.732468130634e-03 1.050066645451e-02 0.000000000000e+00 0.000000000000e+00 0.000000000000e+00 0.000000000000e+00 0.000000000000e+00 
9.025000000000e+00 2.369111125240e-03 9.334009920819e-03 5.212974163243e-04 9.838868535896e+04 1.051646302488e+05 1.000000000000e+05 7.300305873111e+03 5.639598325093e+02 1.800000000000e+06 7.730715560371e+04 1.846847040000e+06 7.387370656000e+06 0.000000000000e+00 0.000000000000e+00 0.000000000000e+00 5.881180516130e-04 6.725046236653e-03 1.046521389815e-02 0.000000000000e+00 0.000000000000e+00 0.000000000000e+00 0.000000000000e+00 0.000000000000e+00 
9.030000000000e+00 2.366516910591e-03 9.308307904369e-03 5.171315679702e-04 9.806907883732e+04 1.048019309061e+05 1.000000000000e+05 7.302325173252e+03 5.644257627453e+02 1.800000000000e+06 7.704769889571e+04 1.846847040000e+06 7.387370656000e+06 0.000000000000e+00 0.000000000000e+00 0.000000000000e+00 5.861442217340e-04 6.717683319717e-03 1.043008820089e-02 0.000000000000e+00 0.000000000000e+00 0.000000000000e+00 0.000000000000e+00 0.000000000000e+00 
9.035000000000e+00 2.363943671951e-03 9.282925533458e-03 5.129157939361e-04 9.775230696972e+04 1.044411780760e+05 1.000000000000e+05 7.304330786944e+03 5.648886399690e+02 1.800000000000e+06 7.679060360164e+04 1.846847040000e+06 7.387370656000e+06 0.000000000000e+00 0.000000000000e+00 0.000000000000e+00 5.841883564297e-04 6.710380122361e-03 1.039528224089e-02 0.000000000000e+00 0.000000000000e+00 0.000000000000e+00 0.000000000000e+00 0.000000000000e+00 
9.040000000000e+00 2.361391652281e-03 9.258094679129e-03 5.086098095951e-04 9.743895404536e+04 1.040824264845e+05 1.000000000000e+05 7.306322411255e+03 5.653484049035e+02 1.800000000000e+06 7.653581131901e+04 1.846847040000e+06 7.387370656000e+06 0.000000000000e+00 0.000000000000e+00 0.000000000000e+00 5.822500113999e-04 6.703137334073e-03 1.036078799062e-02 0.000000000000e+00 0.000000000000e+00 0.000000000000e+00 0.000000000000e+00 0.000000000000e+00 
9.045000000000e+00 2.358876471296e-03 9.282416618258e-03 4.968686021827e-04 9.722740998009e+04 1.037279015149e+05 1.000000000000e+05 7.308278254028e+03 5.658022215114e+02 1.800000000000e+06 7.629036003306e+04 1.846847040000e+06 7.387370656000e+06 0.000000000000e+00 0.000000000000e+00 0.000000000000e+00 5.803827284695e-04 6.695999744365e-03 1.032751852582e-02 0.000000000000e+00 0.000000000000e+00 0.000000000000e+00 0.000000000000e+00 0.000000000000e+00 
9.050000000000e+00 2.356495266815e-03 9.481405442257e-03 4.584747059262e-04 9.738410591189e+04 1.033913871418e+05 1.000000000000e+05 7.310097058019e+03 5.662324960637e+02 1.800000000000e+06 7.611035939876e+04 1.846847040000e+06 7.387370656000e+06 0.000000000000e+00 0.000000000000e+00 0.000000000000e+00 5.790133646441e-04 6.689243630911e-03 1.030296605913e-02 0.000000000000e+00 0.000000000000e+00 0.000000000000e+00 0.000000000000e+00 0.000000000000e+00 
9.055000000000e+00 2.354411813889e-03 9.888917517640e-03 3.850423839593e-04 9.804443801447e+04 1.030962518276e+05 1.000000000000e+05 7.311638728775e+03 5.666094730833e+02 1.800000000000e+06 7.608882228218e+04 1.846847040000e+06 7.387370656000e+06 0.000000000000e+00 0.000000000000e+00 0.000000000000e+00 5.788495199528e-04 6.683333991659e-03 1.029970680367e-02 0.000000000000e+00 0.000000000000e+00 0.000000000000e+00 0.000000000000e+00 0.000000000000e+00 
9.060000000000e+00 2.352800963596e-03 1.048017306958e-02 2.770091404245e-04 9.922948056037e+04 1.028676151093e+05 1.000000000000e+05 7.312765410560e+03 5.669012618527e+02 1.800000000000e+06 7.630737107494e+04 1.846847040000e+06 7.387370656000e+06 0.000000000000e+00 0.000000000000e+00 0.000000000000e+00 5.805121408212e-04 6.678774632081e-03 1.032883194136e-02 0.000000000000e+00 0.000000000000e+00 0.000000000000e+00 0.000000000000e+00 0.000000000000e+00 
9.065000000000e+00 2.351818929706e-03 1.119407157338e-02 1.406099929910e-04 1.008801613497e+05 1.027280372649e+05 1.000000000000e+05 7.313361285845e+03 5.670792858521e+02 1.800000000000e+06 7.681590446132e+04 1.846847040000e+06 7.387370656000e+06 0.000000000000e+00 0.000000000000e+00 0.000000000000e+00 5.843808339848e-04 6.676010253908e-03 1.039716080222e-02 0.000000000000e+00 0.000000000000e+00 0.000000000000e+00 0.000000000000e+00 0.000000000000e+00 
9.070000000000e+00 2.351582799393e-03 1.196340935382e-02 -1.438400703952e-05 1.028835149506e+05 1.026944539659e+05 1.000000000000e+05 7.313346220879e+03 5.671221074635e+02 1.800000000000e+06 7.762507227923e+04 1.846847040000e+06 7.387370656000e+06 0.000000000000e+00 0.000000000000e+00 0.000000000000e+00 5.905366186179e-04 6.675367547713e-03 1.050619479600e-02 0.000000000000e+00 0.000000000000e+00 0.000000000000e+00 0.000000000000e+00 0.000000000000e+00 
9.075000000000e+00 2.352142878105e-03 1.271281019619e-02 -1.768012062508e-04 1.050971121783e+05 1.027740966317e+05 1.000000000000e+05 7.312695129285e+03 5.670205485622e+02 1.800000000000e+06 7.870908277238e+04 1.846847040000e+06 7.387370656000e+06 0.000000000000e+00 0.000000000000e+00 0.000000000000e+00 5.987832826450e-04 6.676980745623e-03 1.065250929206e-02 0.000000000000e+00 0.000000000000e+00 0.000000000000e+00 0.000000000000e+00 0.000000000000e+00 
9.080000000000e+00 2.353516076494e-03 1.340919919882e-02 -3.388640324621e-04 1.074176486548e+05 1.029691633356e+05 1.000000000000e+05 7.311405629905e+03 5.667716917017e+02 1.800000000000e+06 8.001721113408e+04 1.846847040000e+06 7.387370656000e+06 0.000000000000e+00 0.000000000000e+00 0.000000000000e+00 6.087349345631e-04 6.680912812423e-03 1.082925367405e-02 0.000000000000e+00 0.000000000000e+00 0.000000000000e+00 0.000000000000e+00 0.000000000000e+00 
9.085000000000e+00 2.355679931493e-03 1.402716567984e-02 -4.940701120224e-04 1.097530075215e+05 1.032759672029e+05 1.000000000000e+05 7.309505439101e+03 5.663799654809e+02 1.800000000000e+06 8.149090160212e+04 1.846847040000e+06 7.387370656000e+06 0.000000000000e+00 0.000000000000e+00 0.000000000000e+00 6.199461084832e-04 6.687097705651e-03 1.102851185338e-02 0.000000000000e+00 0.000000000000e+00 0.000000000000e+00 0.000000000000e+00 0.000000000000e+00 
9.090000000000e+00 2.358587407688e-03 1.455995013372e-02 -6.385081762648e-04 1.120421824329e+05 1.036870961255e+05 1.000000000000e+05 7.307038830586e+03 5.658544214149e+02 1.800000000000e+06 8.307119741021e+04 1.846847040000e+06 7.387370656000e+06 0.000000000000e+00 0.000000000000e+00 0.000000000000e+00 6.319682878581e-04 6.695400323850e-03 1.124229595900e-02 0.000000000000e+00 0.000000000000e+00 0.000000000000e+00 0.000000000000e+00 0.000000000000e+00 
9.095000000000e+00 2.362178700314e-03 1.501326680187e-02 -7.704253367090e-04 1.142514533415e+05 1.041931698037e+05 1.000000000000e+05 7.304057684778e+03 5.652065375201e+02 1.800000000000e+06 8.470654751704e+04 1.846847040000e+06 7.387370656000e+06 0.000000000000e+00 0.000000000000e+00 0.000000000000e+00 6.444092955632e-04 6.705649305069e-03 1.146361093623e-02 0.000000000000e+00 0.000000000000e+00 0.000000000000e+00 0.000000000000e+00 0.000000000000e+00 
9.100000000000e+00 2.366389932220e-03 1.539838176109e-02 -8.894572953939e-04 1.163654728205e+05 1.047841523559e+05 1.000000000000e+05 7.300615443971e+03 5.644485870621e+02 1.800000000000e+06 8.635648615483e+04 1.846847040000e+06 7.387370656000e+06 0.000000000000e+00 0.000000000000e+00 0.000000000000e+00 6.569612862472e-04 6.717662123853e-03 1.168695977292e-02 0.000000000000e+00 0.000000000000e+00 0.000000000000e+00 0.000000000000e+00 0.000000000000e+00 
9.105000000000e+00 2.371156615308e-03 1.572451181902e-02 -9.955553865808e-04 1.183736294712e+05 1.054499104534e+05 1.000000000000e+05 7.296765605542e+03 5.635929637236e+02 1.800000000000e+06 8.799086352114e+04 1.846847040000e+06 7.387370656000e+06 0.000000000000e+00 0.000000000000e+00 0.000000000000e+00 6.693948937802e-04 6.731254810417e-03 1.190824614068e-02 0.000000000000e+00 0.000000000000e+00 0.000000000000e+00 0.000000000000e+00 0.000000000000e+00 
9.110000000000e+00 2.376415099144e-03 1.600048600071e-02 -1.089104809481e-03 1.202716964115e+05 1.061804742463e+05 1.000000000000e+05 7.292560290494e+03 5.626518794860e+02 1.800000000000e+06 8.958746984916e+04 1.846847040000e+06 7.387370656000e+06 0.000000000000e+00 0.000000000000e+00 0.000000000000e+00 6.815411562510e-04 6.746245440730e-03 1.212445093573e-02 0.000000000000e+00 0.000000000000e+00 0.000000000000e+00 0.000000000000e+00 0.000000000000e+00 
9.115000000000e+00 2.382105472167e-03 1.623627764539e-02 -1.171039273875e-03 1.220635455223e+05 1.069664841243e+05 1.000000000000e+05 7.288047736551e+03 5.616368138743e+02 1.800000000000e+06 9.113147946997e+04 1.846847040000e+06 7.387370656000e+06 0.000000000000e+00 0.000000000000e+00 0.000000000000e+00 6.932872866418e-04 6.762462655699e-03 1.233355524783e-02 0.000000000000e+00 0.000000000000e+00 0.000000000000e+00 0.000000000000e+00 0.000000000000e+00 
9.120000000000e+00 2.388172471459e-03 1.643895165374e-02 -1.242201660389e-03 1.237528428009e+05 1.077993414126e+05 1.000000000000e+05 7.283272355202e+03 5.605583334491e+02 1.800000000000e+06 9.261414458880e+04 1.846847040000e+06 7.387370656000e+06 0.000000000000e+00 0.000000000000e+00 0.000000000000e+00 7.045667356665e-04 6.779748422278e-03 1.253436686102e-02 0.000000000000e+00 0.000000000000e+00 0.000000000000e+00 0.000000000000e+00 0.000000000000e+00 
9.125000000000e+00 2.394563598221e-03 1.661082693200e-02 -1.302960643153e-03 1.253378395334e+05 1.086709646801e+05 1.000000000000e+05 7.278276635987e+03 5.594264156770e+02 1.800000000000e+06 9.402988929589e+04 1.846847040000e+06 7.387370656000e+06 0.000000000000e+00 0.000000000000e+00 0.000000000000e+00 7.153370843130e-04 6.797952801216e-03 1.272612801933e-02 0.000000000000e+00 0.000000000000e+00 0.000000000000e+00 0.000000000000e+00 0.000000000000e+00 
9.130000000000e+00 2.401227777980e-03 1.675342916945e-02 -1.353669160502e-03 1.268171024048e+05 1.095736216100e+05 1.000000000000e+05 7.273101551857e+03 5.582506752289e+02 1.800000000000e+06 9.537430289656e+04 1.846847040000e+06 7.387370656000e+06 0.000000000000e+00 0.000000000000e+00 0.000000000000e+00 7.255647780008e-04 6.816930139463e-03 1.290823960464e-02 0.000000000000e+00 0.000000000000e+00 0.000000000000e+00 0.000000000000e+00 0.000000000000e+00 
9.135000000000e+00 2.408116902354e-03 1.687094195655e-02 -1.395108835805e-03 1.281952955895e+05 1.105001483286e+05 1.000000000000e+05 7.267784789970e+03 5.570400838208e+02 1.800000000000e+06 9.664487186796e+04 1.846847040000e+06 7.387370656000e+06 0.000000000000e+00 0.000000000000e+00 0.000000000000e+00 7.352306949791e-04 6.836543845629e-03 1.308035738110e-02 0.000000000000e+00 0.000000000000e+00 0.000000000000e+00 0.000000000000e+00 0.000000000000e+00 
9.140000000000e+00 2.415187545458e-03 1.696841611341e-02 -1.428232263928e-03 1.294799601559e+05 1.114441776364e+05 1.000000000000e+05 7.262359782176e+03 5.558026699392e+02 1.800000000000e+06 9.784143181702e+04 1.846847040000e+06 7.387370656000e+06 0.000000000000e+00 0.000000000000e+00 0.000000000000e+00 7.443335846195e-04 6.856670421723e-03 1.324245530468e-02 0.000000000000e+00 0.000000000000e+00 0.000000000000e+00 0.000000000000e+00 0.000000000000e+00 
9.145000000000e+00 2.422400861872e-03 1.704947833986e-02 -1.453902565209e-03 1.306781142749e+05 1.124001120773e+05 1.000000000000e+05 7.256856151119e+03 5.545455458561e+02 1.800000000000e+06 9.896571973513e+04 1.846847040000e+06 7.387370656000e+06 0.000000000000e+00 0.000000000000e+00 0.000000000000e+00 7.528866611710e-04 6.877199331637e-03 1.339476599562e-02 0.000000000000e+00 0.000000000000e+00 0.000000000000e+00 0.000000000000e+00 0.000000000000e+00 
9.150000000000e+00 2.429721764446e-03 1.711615774949e-02 -1.472799241296e-03 1.317949446872e+05 1.133629992224e+05 1.000000000000e+05 7.251300494229e+03 5.532750619004e+02 1.800000000000e+06 1.000204425937e+05 1.846847040000e+06 7.387370656000e+06 0.000000000000e+00 0.000000000000e+00 0.000000000000e+00 7.609105180540e-04 6.898030725607e-03 1.353765504851e-02 0.000000000000e+00 0.000000000000e+00 0.000000000000e+00 0.000000000000e+00 0.000000000000e+00 
9.155000000000e+00 2.437118290432e-03 1.717001090070e-02 -1.485533409578e-03 1.328351746198e+05 1.143284334600e+05 1.000000000000e+05 7.245716757430e+03 5.519969268110e+02 1.800000000000e+06 1.010085996212e+05 1.846847040000e+06 7.387370656000e+06 0.000000000000e+00 0.000000000000e+00 0.000000000000e+00 7.684279720484e-04 6.919073611224e-03 1.367152810338e-02 0.000000000000e+00 0.000000000000e+00 0.000000000000e+00 0.000000000000e+00 0.000000000000e+00 
9.160000000000e+00 2.444561364734e-03 1.721231677994e-02 -1.492663093435e-03 1.338032098525e+05 1.152925107897e+05 1.000000000000e+05 7.240126432826e+03 5.507162586557e+02 1.800000000000e+06 1.019333231468e+05 1.846847040000e+06 7.387370656000e+06 0.000000000000e+00 0.000000000000e+00 0.000000000000e+00 7.754628525053e-04 6.940245254720e-03 1.379680906819e-02 0.000000000000e+00 0.000000000000e+00 0.000000000000e+00 0.000000000000e+00 0.000000000000e+00 
9.165000000000e+00 2.452024709528e-03 1.724454837827e-02 -1.494759930824e-03 1.347039374321e+05 1.162518023679e+05 1.000000000000e+05 7.234548584213e+03 5.494376107843e+02 1.800000000000e+06 1.027978354568e+05 1.846847040000e+06 7.387370656000e+06 0.000000000000e+00 0.000000000000e+00 0.000000000000e+00 7.820396731297e-04 6.961470939793e-03 1.391393385657e-02 0.000000000000e+00 0.000000000000e+00 0.000000000000e+00 0.000000000000e+00 0.000000000000e+00 
9.170000000000e+00 2.459484861985e-03 1.726800133041e-02 -1.492355698433e-03 1.355420419300e+05 1.172033414072e+05 1.000000000000e+05 7.228999942569e+03 5.481649797362e+02 1.800000000000e+06 1.036055380920e+05 1.846847040000e+06 7.387370656000e+06 0.000000000000e+00 0.000000000000e+00 0.000000000000e+00 7.881843113117e-04 6.982684122980e-03 1.402336278453e-02 0.000000000000e+00 0.000000000000e+00 0.000000000000e+00 0.000000000000e+00 0.000000000000e+00 
9.175000000000e+00 2.466920023122e-03 1.728165313824e-02 -1.485610746857e-03 1.363178069544e+05 1.181444620770e+05 1.000000000000e+05 7.223496206438e+03 5.469020118160e+02 1.800000000000e+06 1.043594253012e+05 1.846847040000e+06 7.387370656000e+06 0.000000000000e+00 0.000000000000e+00 0.000000000000e+00 7.939195459501e-04 7.003822891640e-03 1.412550295464e-02 0.000000000000e+00 0.000000000000e+00 0.000000000000e+00 0.000000000000e+00 0.000000000000e+00 
9.180000000000e+00 2.474307776852e-03 1.728209777886e-02 -1.474251920394e-03 1.370261868449e+05 1.190725034275e+05 1.000000000000e+05 7.218053819726e+03 5.456523956523e+02 1.800000000000e+06 1.050608053821e+05 1.846847040000e+06 7.387370656000e+06 0.000000000000e+00 0.000000000000e+00 0.000000000000e+00 7.992553299846e-04 7.024823468909e-03 1.422053502629e-02 0.000000000000e+00 0.000000000000e+00 0.000000000000e+00 0.000000000000e+00 0.000000000000e+00 
9.185000000000e+00 2.481624001608e-03 1.726628339478e-02 -1.457943407629e-03 1.376612903908e+05 1.199846740442e+05 1.000000000000e+05 7.212690310822e+03 5.444200448957e+02 1.800000000000e+06 1.057089910062e+05 1.846847040000e+06 7.387370656000e+06 0.000000000000e+00 0.000000000000e+00 0.000000000000e+00 8.041864345291e-04 7.045617193179e-03 1.430836878065e-02 0.000000000000e+00 0.000000000000e+00 0.000000000000e+00 0.000000000000e+00 0.000000000000e+00 
9.190000000000e+00 2.488843513358e-03 1.723328052307e-02 -1.436583397694e-03 1.382200442334e+05 1.208781354583e+05 1.000000000000e+05 7.207423449274e+03 5.432089871137e+02 1.800000000000e+06 1.063022325846e+05 1.846847040000e+06 7.387370656000e+06 0.000000000000e+00 0.000000000000e+00 0.000000000000e+00 8.086995494990e-04 7.066132385058e-03 1.438876805328e-02 0.000000000000e+00 0.000000000000e+00 0.000000000000e+00 0.000000000000e+00 0.000000000000e+00 
9.195000000000e+00 2.495941746217e-03 1.718468440012e-02 -1.410434898165e-03 1.387038817037e+05 1.217502080678e+05 1.000000000000e+05 7.202269866485e+03 5.420230830721e+02 1.800000000000e+06 1.068390963631e+05 1.846847040000e+06 7.387370656000e+06 0.000000000000e+00 0.000000000000e+00 0.000000000000e+00 8.127837675368e-04 7.086299153337e-03 1.446153720198e-02 0.000000000000e+00 0.000000000000e+00 0.000000000000e+00 0.000000000000e+00 0.000000000000e+00 
9.200000000000e+00 2.502896141594e-03 1.712303151607e-02 -1.379949900737e-03 1.391166862566e+05 1.225985320087e+05 1.000000000000e+05 7.197244287358e+03 5.408658017207e+02 1.800000000000e+06 1.073193539314e+05 1.846847040000e+06 7.387370656000e+06 0.000000000000e+00 0.000000000000e+00 0.000000000000e+00 8.164373510008e-04 7.106053373640e-03 1.452664312147e-02 0.000000000000e+00 0.000000000000e+00 0.000000000000e+00 0.000000000000e+00 0.000000000000e+00 
9.205000000000e+00 2.509686241598e-03 1.704989615581e-02 -1.345496059417e-03 1.394614840457e+05 1.234210643872e+05 1.000000000000e+05 7.192359833410e+03 5.397402150925e+02 1.800000000000e+06 1.077438037156e+05 1.846847040000e+06 7.387370656000e+06 0.000000000000e+00 0.000000000000e+00 0.000000000000e+00 8.196663739565e-04 7.125337038876e-03 1.458419278419e-02 0.000000000000e+00 0.000000000000e+00 0.000000000000e+00 0.000000000000e+00 0.000000000000e+00 
9.210000000000e+00 2.516292950850e-03 1.696569842231e-02 -1.307295992166e-03 1.397396527487e+05 1.242159767721e+05 1.000000000000e+05 7.187628666401e+03 5.386491303903e+02 1.800000000000e+06 1.081135218098e+05 1.846847040000e+06 7.387370656000e+06 0.000000000000e+00 0.000000000000e+00 0.000000000000e+00 8.224790228438e-04 7.144095957943e-03 1.463433188327e-02 0.000000000000e+00 0.000000000000e+00 0.000000000000e+00 0.000000000000e+00 0.000000000000e+00 
9.215000000000e+00 2.522697968421e-03 1.687040052718e-02 -1.265494945378e-03 1.399516862508e+05 1.249815770078e+05 1.000000000000e+05 7.183062344201e+03 5.375951911331e+02 1.800000000000e+06 1.084293996676e+05 1.846847040000e+06 7.387370656000e+06 0.000000000000e+00 0.000000000000e+00 0.000000000000e+00 8.248820794411e-04 7.162278160195e-03 1.467718149628e-02 0.000000000000e+00 0.000000000000e+00 0.000000000000e+00 0.000000000000e+00 0.000000000000e+00 
9.220000000000e+00 2.528883737396e-03 1.676374286735e-02 -1.220183062819e-03 1.400974625157e+05 1.257162952403e+05 1.000000000000e+05 7.178671852475e+03 5.365808914093e+02 1.800000000000e+06 1.086921784051e+05 1.846847040000e+06 7.387370656000e+06 0.000000000000e+00 0.000000000000e+00 0.000000000000e+00 8.268811818255e-04 7.179833772110e-03 1.471284245082e-02 0.000000000000e+00 0.000000000000e+00 0.000000000000e+00 0.000000000000e+00 0.000000000000e+00 
9.225000000000e+00 2.534833362326e-03 1.664660664611e-02 -1.171630368291e-03 1.401789994122e+05 1.264186665650e+05 1.000000000000e+05 7.174467407873e+03 5.356085951162e+02 1.800000000000e+06 1.089022740700e+05 1.846847040000e+06 7.387370656000e+06 0.000000000000e+00 0.000000000000e+00 0.000000000000e+00 8.284794951014e-04 7.196714376056e-03 1.474137061127e-02 0.000000000000e+00 0.000000000000e+00 0.000000000000e+00 0.000000000000e+00 0.000000000000e+00 
9.230000000000e+00 2.540532093524e-03 1.652124150330e-02 -1.120308623127e-03 1.402008306288e+05 1.270874975817e+05 1.000000000000e+05 7.170457397929e+03 5.346803000060e+02 1.800000000000e+06 1.090609105727e+05 1.846847040000e+06 7.387370656000e+06 0.000000000000e+00 0.000000000000e+00 0.000000000000e+00 8.296863302272e-04 7.212877920254e-03 1.476293011373e-02 0.000000000000e+00 0.000000000000e+00 0.000000000000e+00 0.000000000000e+00 0.000000000000e+00 
9.235000000000e+00 2.545967828206e-03 1.639104679405e-02 -1.066844706692e-03 1.401694745464e+05 1.277219130522e+05 1.000000000000e+05 7.166648117106e+03 5.337975653863e+02 1.800000000000e+06 1.091705001710e+05 1.846847040000e+06 7.387370656000e+06 0.000000000000e+00 0.000000000000e+00 0.000000000000e+00 8.305200385760e-04 7.228291000365e-03 1.477784493313e-02 0.000000000000e+00 0.000000000000e+00 0.000000000000e+00 0.000000000000e+00 0.000000000000e+00 
9.240000000000e+00 2.551131167430e-03 1.625907555970e-02 -1.012000868882e-03 1.400931847365e+05 1.283213503544e+05 1.000000000000e+05 7.163043787710e+03 5.329615122903e+02 1.800000000000e+06 1.092347988138e+05 1.846847040000e+06 7.387370656000e+06 0.000000000000e+00 0.000000000000e+00 0.000000000000e+00 8.310091937159e-04 7.242929986625e-03 1.478662185968e-02 0.000000000000e+00 0.000000000000e+00 0.000000000000e+00 0.000000000000e+00 0.000000000000e+00 
9.245000000000e+00 2.556018078419e-03 1.612889791935e-02 -9.567100234270e-04 1.399826329546e+05 1.288858553260e+05 1.000000000000e+05 7.159644667938e+03 5.321724026674e+02 1.800000000000e+06 1.092584928175e+05 1.846847040000e+06 7.387370656000e+06 0.000000000000e+00 0.000000000000e+00 0.000000000000e+00 8.311894470339e-04 7.256783669616e-03 1.478989344266e-02 0.000000000000e+00 0.000000000000e+00 0.000000000000e+00 0.000000000000e+00 0.000000000000e+00 
9.250000000000e+00 2.560628492456e-03 1.600277940993e-02 -9.016656825931e-04 1.398459964554e+05 1.294159048876e+05 1.000000000000e+05 7.156448571259e+03 5.314298777838e+02 1.800000000000e+06 1.092470513651e+05 1.846847040000e+06 7.387370656000e+06 0.000000000000e+00 0.000000000000e+00 0.000000000000e+00 8.311024056124e-04 7.269851881604e-03 1.478839937320e-02 0.000000000000e+00 0.000000000000e+00 0.000000000000e+00 0.000000000000e+00 0.000000000000e+00 
9.255000000000e+00 2.564966250992e-03 1.588406043781e-02 -8.477427883828e-04 1.396938591408e+05 1.299123906078e+05 1.000000000000e+05 7.153450441828e+03 5.307329749592e+02 1.800000000000e+06 1.092064629679e+05 1.846847040000e+06 7.387370656000e+06 0.000000000000e+00 0.000000000000e+00 0.000000000000e+00 8.307936273513e-04 7.282145564548e-03 1.478294883975e-02 0.000000000000e+00 0.000000000000e+00 0.000000000000e+00 0.000000000000e+00 0.000000000000e+00 
9.260000000000e+00 2.569040060536e-03 1.577567938071e-02 -7.958323984105e-04 1.395373997552e+05 1.303767191479e+05 1.000000000000e+05 7.150641900764e+03 5.300799811582e+02 1.800000000000e+06 1.091436263073e+05 1.846847040000e+06 7.387370656000e+06 0.000000000000e+00 0.000000000000e+00 0.000000000000e+00 8.303155943144e-04 7.293687962720e-03 1.477447482377e-02 0.000000000000e+00 0.000000000000e+00 0.000000000000e+00 0.000000000000e+00 0.000000000000e+00 
9.265000000000e+00 2.572861410315e-03 1.567783620739e-02 -7.463058270567e-04 1.393820255433e+05 1.308105678926e+05 1.000000000000e+05 7.148013354089e+03 5.294687723789e+02 1.800000000000e+06 1.090651093968e+05 1.846847040000e+06 7.387370656000e+06 0.000000000000e+00 0.000000000000e+00 0.000000000000e+00 8.297182729913e-04 7.304509470088e-03 1.476386749837e-02 0.000000000000e+00 0.000000000000e+00 0.000000000000e+00 0.000000000000e+00 0.000000000000e+00 
9.270000000000e+00 2.576443639385e-03 1.559140389053e-02 -6.995986130950e-04 1.392340425531e+05 1.312157774507e+05 1.000000000000e+05 7.145553971978e+03 5.288969642641e+02 1.800000000000e+06 1.089771445102e+05 1.846847040000e+06 7.387370656000e+06 0.000000000000e+00 0.000000000000e+00 0.000000000000e+00 8.290490757182e-04 7.314649409101e-03 1.475197117914e-02 0.000000000000e+00 0.000000000000e+00 0.000000000000e+00 0.000000000000e+00 0.000000000000e+00 
9.275000000000e+00 2.579801305597e-03 1.551604040734e-02 -6.558774729491e-04 1.390967770852e+05 1.315942811588e+05 1.000000000000e+05 7.143252514357e+03 5.283620123018e+02 1.800000000000e+06 1.088851483813e+05 1.846847040000e+06 7.387370656000e+06 0.000000000000e+00 0.000000000000e+00 0.000000000000e+00 8.283492105683e-04 7.324150564247e-03 1.473952094279e-02 0.000000000000e+00 0.000000000000e+00 0.000000000000e+00 0.000000000000e+00 0.000000000000e+00 
9.280000000000e+00 2.582948942647e-03 1.545097962090e-02 -6.151266374584e-04 1.389714621149e+05 1.319479676781e+05 1.000000000000e+05 7.141098091687e+03 5.278614078897e+02 1.800000000000e+06 1.087933876881e+05 1.846847040000e+06 7.387370656000e+06 0.000000000000e+00 0.000000000000e+00 0.000000000000e+00 8.276511365070e-04 7.333056792361e-03 1.472709634317e-02 0.000000000000e+00 0.000000000000e+00 0.000000000000e+00 0.000000000000e+00 0.000000000000e+00 
9.285000000000e+00 2.585901575290e-03 1.539366094159e-02 -5.773498131018e-04 1.388596154189e+05 1.322787428026e+05 1.000000000000e+05 7.139079559297e+03 5.273925934745e+02 1.800000000000e+06 1.087049622010e+05 1.846847040000e+06 7.387370656000e+06 0.000000000000e+00 0.000000000000e+00 0.000000000000e+00 8.269784351919e-04 7.341411266834e-03 1.471511891601e-02 0.000000000000e+00 0.000000000000e+00 0.000000000000e+00 0.000000000000e+00 0.000000000000e+00 
9.290000000000e+00 2.588673513779e-03 1.534318768287e-02 -5.423413161203e-04 1.387603026946e+05 1.325883979980e+05 1.000000000000e+05 7.137186612427e+03 5.269531512746e+02 1.800000000000e+06 1.086218967500e+05 1.846847040000e+06 7.387370656000e+06 0.000000000000e+00 0.000000000000e+00 0.000000000000e+00 8.263465106202e-04 7.349254208979e-03 1.470386440269e-02 0.000000000000e+00 0.000000000000e+00 0.000000000000e+00 0.000000000000e+00 0.000000000000e+00 
9.295000000000e+00 2.591278017776e-03 1.529823672999e-02 -5.098916211583e-04 1.386724549581e+05 1.328785775730e+05 1.000000000000e+05 7.135409769364e+03 5.265408529756e+02 1.800000000000e+06 1.085453470581e+05 1.846847040000e+06 7.387370656000e+06 0.000000000000e+00 0.000000000000e+00 0.000000000000e+00 8.257641550118e-04 7.356623003942e-03 1.469349059087e-02 0.000000000000e+00 0.000000000000e+00 0.000000000000e+00 0.000000000000e+00 0.000000000000e+00 
9.300000000000e+00 2.593727226001e-03 1.525764082171e-02 -4.797750395588e-04 1.385947192485e+05 1.331507753671e+05 1.000000000000e+05 7.133740421533e+03 5.261536674129e+02 1.800000000000e+06 1.084757652011e+05 1.846847040000e+06 7.387370656000e+06 0.000000000000e+00 0.000000000000e+00 0.000000000000e+00 8.252348075553e-04 7.363551917363e-03 1.468405969839e-02 0.000000000000e+00 0.000000000000e+00 0.000000000000e+00 0.000000000000e+00 0.000000000000e+00 
9.305000000000e+00 2.596032114994e-03 1.522039495125e-02 -4.517577075320e-04 1.385255439277e+05 1.334063342204e+05 1.000000000000e+05 7.132170841219e+03 5.257897639866e+02 1.800000000000e+06 1.084130931968e+05 1.846847040000e+06 7.387370656000e+06 0.000000000000e+00 0.000000000000e+00 0.000000000000e+00 8.247580271492e-04 7.370071662465e-03 1.467556461064e-02 0.000000000000e+00 0.000000000000e+00 0.000000000000e+00 0.000000000000e+00 0.000000000000e+00 
9.310000000000e+00 2.598202572715e-03 1.518586123292e-02 -4.256415564632e-04 1.384636829073e+05 1.336464576933e+05 1.000000000000e+05 7.130694069750e+03 5.254474983103e+02 1.800000000000e+06 1.083569192259e+05 1.846847040000e+06 7.387370656000e+06 0.000000000000e+00 0.000000000000e+00 0.000000000000e+00 8.243306808568e-04 7.376210167546e-03 1.466795001014e-02 0.000000000000e+00 0.000000000000e+00 0.000000000000e+00 0.000000000000e+00 0.000000000000e+00 
9.315000000000e+00 2.600247657303e-03 1.515372006716e-02 -4.012771650617e-04 1.384083646068e+05 1.338722416627e+05 1.000000000000e+05 7.129303714799e+03 5.251253691274e+02 1.800000000000e+06 1.083066996464e+05 1.846847040000e+06 7.387370656000e+06 0.000000000000e+00 0.000000000000e+00 0.000000000000e+00 8.239486328948e-04 7.381993181041e-03 1.466114234878e-02 0.000000000000e+00 0.000000000000e+00 0.000000000000e+00 0.000000000000e+00 0.000000000000e+00 
9.320000000000e+00 2.602175748800e-03 1.512375902812e-02 -3.785319397030e-04 1.383589445453e+05 1.340846934323e+05 1.000000000000e+05 7.127993874935e+03 5.248219925964e+02 1.800000000000e+06 1.082619117879e+05 1.846847040000e+06 7.387370656000e+06 0.000000000000e+00 0.000000000000e+00 0.000000000000e+00 8.236079070218e-04 7.387444499762e-03 1.465507082862e-02 0.000000000000e+00 0.000000000000e+00 0.000000000000e+00 0.000000000000e+00 0.000000000000e+00 
9.325000000000e+00 2.603994499208e-03 1.509558480246e-02 -3.572500740930e-04 1.383144464012e+05 1.342847282203e+05 1.000000000000e+05 7.126759214225e+03 5.245361086191e+02 1.800000000000e+06 1.082220162217e+05 1.846847040000e+06 7.387370656000e+06 0.000000000000e+00 0.000000000000e+00 0.000000000000e+00 8.233043995077e-04 7.392585854066e-03 1.464966254454e-02 0.000000000000e+00 0.000000000000e+00 0.000000000000e+00 0.000000000000e+00 0.000000000000e+00 
9.330000000000e+00 2.605710695217e-03 1.506863541240e-02 -3.372496814877e-04 1.382735155237e+05 1.344731558964e+05 1.000000000000e+05 7.125595055046e+03 5.242666010026e+02 1.800000000000e+06 1.081863601164e+05 1.846847040000e+06 7.387370656000e+06 0.000000000000e+00 0.000000000000e+00 0.000000000000e+00 8.230331439032e-04 7.397436527336e-03 1.464482937322e-02 0.000000000000e+00 0.000000000000e+00 0.000000000000e+00 0.000000000000e+00 0.000000000000e+00 
9.335000000000e+00 2.607330165034e-03 1.504226211561e-02 -3.183385576512e-04 1.382345869935e+05 1.346506724848e+05 1.000000000000e+05 7.124497419361e+03 5.240125107504e+02 1.800000000000e+06 1.081541316028e+05 1.846847040000e+06 7.387370656000e+06 0.000000000000e+00 0.000000000000e+00 0.000000000000e+00 8.227879638749e-04 7.402013044257e-03 1.464046167753e-02 0.000000000000e+00 0.000000000000e+00 0.000000000000e+00 0.000000000000e+00 0.000000000000e+00 
9.340000000000e+00 2.608857858010e-03 1.501580638998e-02 -3.003391242239e-04 1.381961744292e+05 1.348178704499e+05 1.000000000000e+05 7.123462940685e+03 5.237730223636e+02 1.800000000000e+06 1.081243947018e+05 1.846847040000e+06 7.387370656000e+06 0.000000000000e+00 0.000000000000e+00 0.000000000000e+00 8.225617389136e-04 7.406329220502e-03 1.463643292875e-02 0.000000000000e+00 0.000000000000e+00 0.000000000000e+00 0.000000000000e+00 0.000000000000e+00 
9.345000000000e+00 2.610297800802e-03 1.498897558751e-02 -2.830727124594e-04 1.381566871259e+05 1.349752352293e+05 1.000000000000e+05 7.122488908408e+03 5.235474696814e+02 1.800000000000e+06 1.080961254918e+05 1.846847040000e+06 7.387370656000e+06 0.000000000000e+00 0.000000000000e+00 0.000000000000e+00 8.223466794851e-04 7.410396403899e-03 1.463260462530e-02 0.000000000000e+00 0.000000000000e+00 0.000000000000e+00 0.000000000000e+00 0.000000000000e+00 
9.350000000000e+00 2.611653285246e-03 1.496165499390e-02 -2.664270577939e-04 1.381152075522e+05 1.351231669103e+05 1.000000000000e+05 7.121573058022e+03 5.233353055640e+02 1.800000000000e+06 1.080683130020e+05 1.846847040000e+06 7.387370656000e+06 0.000000000000e+00 0.000000000000e+00 0.000000000000e+00 8.221350945783e-04 7.414223938436e-03 1.462883972967e-02 0.000000000000e+00 0.000000000000e+00 0.000000000000e+00 0.000000000000e+00 0.000000000000e+00 
9.355000000000e+00 2.612927257132e-03 1.493403095220e-02 -2.503484582766e-04 1.380714416289e+05 1.352620234830e+05 1.000000000000e+05 7.120713309769e+03 5.231360404020e+02 1.800000000000e+06 1.080401516835e+05 1.846847040000e+06 7.387370656000e+06 0.000000000000e+00 0.000000000000e+00 0.000000000000e+00 8.219208559400e-04 7.417820186875e-03 1.462502878336e-02 0.000000000000e+00 0.000000000000e+00 0.000000000000e+00 0.000000000000e+00 0.000000000000e+00 
9.360000000000e+00 2.614122285603e-03 1.490589385243e-02 -2.347356902735e-04 1.380245231207e+05 1.353921180520e+05 1.000000000000e+05 7.119907908819e+03 5.229492464790e+02 1.800000000000e+06 1.080109892239e+05 1.846847040000e+06 7.387370656000e+06 0.000000000000e+00 0.000000000000e+00 0.000000000000e+00 8.216990010699e-04 7.421192437901e-03 1.462108344987e-02 0.000000000000e+00 0.000000000000e+00 0.000000000000e+00 0.000000000000e+00 0.000000000000e+00 
9.365000000000e+00 2.615240013905e-03 1.487608640673e-02 -2.193366437412e-04 1.379717979000e+05 1.355136596433e+05 1.000000000000e+05 7.119155919021e+03 5.227746433591e+02 1.800000000000e+06 1.079799781426e+05 1.846847040000e+06 7.387370656000e+06 0.000000000000e+00 0.000000000000e+00 0.000000000000e+00 8.214630827185e-04 7.424345343252e-03 1.461688976006e-02 0.000000000000e+00 0.000000000000e+00 0.000000000000e+00 0.000000000000e+00 0.000000000000e+00 
9.370000000000e+00 2.616280296760e-03 1.484262110086e-02 -2.037466396415e-04 1.379087173068e+05 1.356266602961e+05 1.000000000000e+05 7.118457815573e+03 5.226122319422e+02 1.800000000000e+06 1.079455975772e+05 1.846847040000e+06 7.387370656000e+06 0.000000000000e+00 0.000000000000e+00 0.000000000000e+00 8.212015308485e-04 7.427278458744e-03 1.461224320406e-02 0.000000000000e+00 0.000000000000e+00 0.000000000000e+00 0.000000000000e+00 0.000000000000e+00 
9.375000000000e+00 2.617240991723e-03 1.480388568473e-02 -1.875868358361e-04 1.378308164721e+05 1.357309134997e+05 1.000000000000e+05 7.117815422630e+03 5.224623261777e+02 1.800000000000e+06 1.079056307475e+05 1.846847040000e+06 7.387370656000e+06 0.000000000000e+00 0.000000000000e+00 0.000000000000e+00 8.208974811928e-04 7.429985647449e-03 1.460684459749e-02 0.000000000000e+00 0.000000000000e+00 0.000000000000e+00 0.000000000000e+00 0.000000000000e+00 
9.380000000000e+00 2.618117977741e-03 1.475802980585e-02 -1.704147665142e-04 1.377327124121e+05 1.358259971383e+05 1.000000000000e+05 7.117231999401e+03 5.223255494403e+02 1.800000000000e+06 1.078573944847e+05 1.846847040000e+06 7.387370656000e+06 0.000000000000e+00 0.000000000000e+00 0.000000000000e+00 8.205305214117e-04 7.432455136176e-03 1.460033167778e-02 0.000000000000e+00 0.000000000000e+00 0.000000000000e+00 0.000000000000e+00 0.000000000000e+00 
9.385000000000e+00 2.618903847855e-03 1.470094384774e-02 -1.513943589316e-04 1.376042723206e+05 1.359111325791e+05 1.000000000000e+05 7.116713510413e+03 5.222030377721e+02 1.800000000000e+06 1.077971998034e+05 1.846847040000e+06 7.387370656000e+06 0.000000000000e+00 0.000000000000e+00 0.000000000000e+00 8.200725873644e-04 7.434665769821e-03 1.459220775075e-02 0.000000000000e+00 0.000000000000e+00 0.000000000000e+00 0.000000000000e+00 0.000000000000e+00 
9.390000000000e+00 2.619584574509e-03 1.462346115263e-02 -1.287789510834e-04 1.374244804871e+05 1.359848246325e+05 1.000000000000e+05 7.116271498751e+03 5.220969587838e+02 1.800000000000e+06 1.077187311242e+05 1.846847040000e+06 7.387370656000e+06 0.000000000000e+00 0.000000000000e+00 0.000000000000e+00 8.194756329636e-04 7.436579190793e-03 1.458162469763e-02 0.000000000000e+00 0.000000000000e+00 0.000000000000e+00 0.000000000000e+00 0.000000000000e+00 
9.395000000000e+00 2.620134166070e-03 1.451268991246e-02 -9.984531898628e-05 1.371601323776e+05 1.360442848531e+05 1.000000000000e+05 7.115926825793e+03 5.220113429594e+02 1.800000000000e+06 1.076104700395e+05 1.846847040000e+06 7.387370656000e+06 0.000000000000e+00 0.000000000000e+00 0.000000000000e+00 8.186520313493e-04 7.438132006719e-03 1.456703272167e-02 0.000000000000e+00 0.000000000000e+00 0.000000000000e+00 0.000000000000e+00 0.000000000000e+00 
9.400000000000e+00 2.620510480836e-03 1.435100586637e-02 -6.113180266853e-05 1.367680271679e+05 1.360849798475e+05 1.000000000000e+05 7.115712274301e+03 5.219527348201e+02 1.800000000000e+06 1.074551651827e+05 1.846847040000e+06 7.387370656000e+06 0.000000000000e+00 0.000000000000e+00 0.000000000000e+00 8.174705418856e-04 7.439210360163e-03 1.454610746990e-02 0.000000000000e+00 0.000000000000e+00 0.000000000000e+00 0.000000000000e+00 0.000000000000e+00 
9.405000000000e+00 2.620659318789e-03 1.412188195297e-02 -1.086676811673e-05 1.362224790863e+05 1.361010711743e+05 1.000000000000e+05 7.115667002016e+03 5.219295576981e+02 1.800000000000e+06 1.072294514492e+05 1.846847040000e+06 7.387370656000e+06 0.000000000000e+00 0.000000000000e+00 0.000000000000e+00 8.157534133723e-04 7.439650001189e-03 1.451569435198e-02 0.000000000000e+00 0.000000000000e+00 0.000000000000e+00 0.000000000000e+00 0.000000000000e+00 
9.410000000000e+00 2.620517331191e-03 1.381879847484e-02 5.617447080260e-05 1.354580656803e+05 1.360857205118e+05 1.000000000000e+05 7.115840404805e+03 5.219516680390e+02 1.800000000000e+06 1.069070085430e+05 1.846847040000e+06 7.387370656000e+06 0.000000000000e+00 0.000000000000e+00 0.000000000000e+00 8.133004128412e-04 7.439240384556e-03 1.447223166801e-02 0.000000000000e+00 0.000000000000e+00 0.000000000000e+00 0.000000000000e+00 0.000000000000e+00 
9.415000000000e+00 2.619990081068e-03 1.344737159679e-02 1.391440764097e-04 1.344735300477e+05 1.360286994129e+05 1.000000000000e+05 7.116296462633e+03 5.220337862101e+02 1.800000000000e+06 1.064640646004e+05 1.846847040000e+06 7.387370656000e+06 0.000000000000e+00 0.000000000000e+00 0.000000000000e+00 8.099306946507e-04 7.437735158253e-03 1.441249094920e-02 0.000000000000e+00 0.000000000000e+00 0.000000000000e+00 0.000000000000e+00 0.000000000000e+00 
9.420000000000e+00 2.619012969121e-03 1.304142462836e-02 2.328582450060e-04 1.333189091864e+05 1.359229488046e+05 1.000000000000e+05 7.117073962235e+03 5.221860305931e+02 1.800000000000e+06 1.058890568981e+05 1.846847040000e+06 7.387370656000e+06 0.000000000000e+00 0.000000000000e+00 0.000000000000e+00 8.055562948053e-04 7.434947996267e-03 1.433487615761e-02 0.000000000000e+00 0.000000000000e+00 0.000000000000e+00 0.000000000000e+00 0.000000000000e+00 
9.425000000000e+00 2.617557809581e-03 1.265421004296e-02 3.282524326281e-04 1.320913841102e+05 1.357652726066e+05 1.000000000000e+05 7.118182531278e+03 5.224129071483e+02 1.800000000000e+06 1.051925745464e+05 1.846847040000e+06 7.387370656000e+06 0.000000000000e+00 0.000000000000e+00 0.000000000000e+00 8.002577704902e-04 7.430799165538e-03 1.424077721074e-02 0.000000000000e+00 0.000000000000e+00 0.000000000000e+00 0.000000000000e+00 0.000000000000e+00 
9.430000000000e+00 2.615659802826e-03 1.236800475350e-02 4.102388164368e-04 1.309627726263e+05 1.355592730457e+05 1.000000000000e+05 7.119581580962e+03 5.227090940481e+02 1.800000000000e+06 1.044163813665e+05 1.846847040000e+06 7.387370656000e+06 0.000000000000e+00 0.000000000000e+00 0.000000000000e+00 7.943528420650e-04 7.425389539606e-03 1.413578557932e-02 0.000000000000e+00 0.000000000000e+00 0.000000000000e+00 0.000000000000e+00 0.000000000000e+00 
9.435000000000e+00 2.613434046119e-03 1.225503792252e-02 4.637412302151e-04 1.301146079834e+05 1.353172127431e+05 1.000000000000e+05 7.121175508423e+03 5.230568100388e+02 1.800000000000e+06 1.036372915132e+05 1.846847040000e+06 7.387370656000e+06 0.000000000000e+00 0.000000000000e+00 0.000000000000e+00 7.884258770509e-04 7.419047458603e-03 1.403025245084e-02 0.000000000000e+00 0.000000000000e+00 0.000000000000e+00 0.000000000000e+00 0.000000000000e+00 
9.440000000000e+00 2.611046954908e-03 1.232668405489e-02 4.824919074122e-04 1.296366300140e+05 1.350570189686e+05 1.000000000000e+05 7.122843005206e+03 5.234301909922e+02 1.800000000000e+06 1.029442683103e+05 1.846847040000e+06 7.387370656000e+06 0.000000000000e+00 0.000000000000e+00 0.000000000000e+00 7.831536683837e-04 7.412247378837e-03 1.393622919610e-02 0.000000000000e+00 0.000000000000e+00 0.000000000000e+00 0.000000000000e+00 0.000000000000e+00 
9.445000000000e+00 2.608656748596e-03 1.251966792449e-02 4.728729419695e-04 1.294762435308e+05 1.347958744131e+05 1.000000000000e+05 7.124482293584e+03 5.238045380110e+02 1.800000000000e+06 1.024015209428e+05 1.846847040000e+06 7.387370656000e+06 0.000000000000e+00 0.000000000000e+00 0.000000000000e+00 7.790246906488e-04 7.405440032692e-03 1.386247717318e-02 0.000000000000e+00 0.000000000000e+00 0.000000000000e+00 0.000000000000e+00 0.000000000000e+00 
9.450000000000e+00 2.606370221377e-03 1.275164387935e-02 4.466536892398e-04 1.295141949354e+05 1.345454832947e+05 1.000000000000e+05 7.126032834835e+03 5.241630965407e+02 1.800000000000e+06 1.020274471956e+05 1.846847040000e+06 7.387370656000e+06 0.000000000000e+00 0.000000000000e+00 0.000000000000e+00 7.761789059128e-04 7.398929483462e-03 1.381156365727e-02 0.000000000000e+00 0.000000000000e+00 0.000000000000e+00 0.000000000000e+00 0.000000000000e+00 
9.455000000000e+00 2.604235464505e-03 1.296216848560e-02 4.144305581548e-04 1.296371486850e+05 1.343112038997e+05 1.000000000000e+05 7.127473137404e+03 5.244982529645e+02 1.800000000000e+06 1.018013764401e+05 1.846847040000e+06 7.387370656000e+06 0.000000000000e+00 0.000000000000e+00 0.000000000000e+00 7.744590613368e-04 7.392852693365e-03 1.378073972302e-02 0.000000000000e+00 0.000000000000e+00 0.000000000000e+00 0.000000000000e+00 0.000000000000e+00 
9.460000000000e+00 2.602264404475e-03 1.313024831878e-02 3.818984594619e-04 1.297824081842e+05 1.340944525007e+05 1.000000000000e+05 7.128801106865e+03 5.248080505909e+02 1.800000000000e+06 1.016871473087e+05 1.846847040000e+06 7.387370656000e+06 0.000000000000e+00 0.000000000000e+00 0.000000000000e+00 7.735900575079e-04 7.387243917889e-03 1.376511999593e-02 0.000000000000e+00 0.000000000000e+00 0.000000000000e+00 0.000000000000e+00 0.000000000000e+00 
9.465000000000e+00 2.600445481125e-03 1.324610220802e-02 3.530914094181e-04 1.299030925540e+05 1.338940579543e+05 1.000000000000e+05 7.130029057435e+03 5.250942279442e+02 1.800000000000e+06 1.016462777138e+05 1.846847040000e+06 7.387370656000e+06 0.000000000000e+00 0.000000000000e+00 0.000000000000e+00 7.732791400219e-04 7.382069926932e-03 1.375949446932e-02 0.000000000000e+00 0.000000000000e+00 0.000000000000e+00 0.000000000000e+00 0.000000000000e+00 
9.470000000000e+00 2.598753571651e-03 1.331211802683e-02 3.298857115081e-04 1.299750194488e+05 1.337073345091e+05 1.000000000000e+05 7.131176313747e+03 5.253606734138e+02 1.800000000000e+06 1.016438558837e+05 1.846847040000e+06 7.387370656000e+06 0.000000000000e+00 0.000000000000e+00 0.000000000000e+00 7.732607158283e-04 7.377258810017e-03 1.375912664384e-02 0.000000000000e+00 0.000000000000e+00 0.000000000000e+00 0.000000000000e+00 0.000000000000e+00 
9.475000000000e+00 2.597159936209e-03 1.333874016873e-02 3.123897991217e-04 1.299935516313e+05 1.335311721362e+05 1.000000000000e+05 7.132262767061e+03 5.256118646605e+02 1.800000000000e+06 1.016531277512e+05 1.846847040000e+06 7.387370656000e+06 0.000000000000e+00 0.000000000000e+00 0.000000000000e+00 7.733312520236e-04 7.372728420609e-03 1.376037909421e-02 0.000000000000e+00 0.000000000000e+00 0.000000000000e+00 0.000000000000e+00 0.000000000000e+00 
9.480000000000e+00 2.595637736492e-03 1.333729449357e-02 2.999729585385e-04 1.299626517596e+05 1.333626479318e+05 1.000000000000e+05 7.133306210293e+03 5.258519976709e+02 1.800000000000e+06 1.016564078889e+05 1.846847040000e+06 7.387370656000e+06 0.000000000000e+00 0.000000000000e+00 0.000000000000e+00 7.733562058353e-04 7.368402061692e-03 1.376084343233e-02 0.000000000000e+00 0.000000000000e+00 0.000000000000e+00 0.000000000000e+00 0.000000000000e+00 
9.485000000000e+00 2.594165300320e-03 1.331973274881e-02 2.913927620599e-04 1.298938347538e+05 1.331993923760e+05 1.000000000000e+05 7.134320198653e+03 5.260844679618e+02 1.800000000000e+06 1.016440825331e+05 1.846847040000e+06 7.387370656000e+06 0.000000000000e+00 0.000000000000e+00 0.000000000000e+00 7.732624400743e-04 7.364217728526e-03 1.375920547519e-02 0.000000000000e+00 0.000000000000e+00 0.000000000000e+00 0.000000000000e+00 0.000000000000e+00 
9.490000000000e+00 2.592726754301e-03 1.329371652366e-02 2.856455133862e-04 1.297966072651e+05 1.330396653273e+05 1.000000000000e+05 7.135314565977e+03 5.263117661189e+02 1.800000000000e+06 1.016127923807e+05 1.846847040000e+06 7.387370656000e+06 0.000000000000e+00 0.000000000000e+00 0.000000000000e+00 7.730243986757e-04 7.360130098452e-03 1.375500267300e-02 0.000000000000e+00 0.000000000000e+00 0.000000000000e+00 0.000000000000e+00 0.000000000000e+00 
9.495000000000e+00 2.591310354287e-03 1.326393837371e-02 2.819571903200e-04 1.296783677319e+05 1.328821756438e+05 1.000000000000e+05 7.136296562185e+03 5.265357376877e+02 1.800000000000e+06 1.015624847165e+05 1.846847040000e+06 7.387370656000e+06 0.000000000000e+00 0.000000000000e+00 0.000000000000e+00 7.726416806052e-04 7.356105723984e-03 1.374822378425e-02 0.000000000000e+00 0.000000000000e+00 0.000000000000e+00 0.000000000000e+00 0.000000000000e+00 
9.500000000000e+00 2.589908004101e-03 1.323393980044e-02 2.796116494838e-04 1.295462941941e+05 1.327260311594e+05 1.000000000000e+05 7.137270981460e+03 5.267576565514e+02 1.800000000000e+06 1.014950152426e+05 1.846847040000e+06 7.387370656000e+06 0.000000000000e+00 0.000000000000e+00 0.000000000000e+00 7.721284032087e-04 7.352121548955e-03 1.373911742116e-02 0.000000000000e+00 0.000000000000e+00 0.000000000000e+00 0.000000000000e+00 0.000000000000e+00 
9.505000000000e+00 2.588514875346e-03 1.320607649079e-02 2.780146044106e-04 1.294065711801e+05 1.325706992521e+05 1.000000000000e+05 7.138240492158e+03 5.269782828315e+02 1.800000000000e+06 1.014134062874e+05 1.846847040000e+06 7.387370656000e+06 0.000000000000e+00 0.000000000000e+00 0.000000000000e+00 7.715075590017e-04 7.348163821963e-03 1.372809141767e-02 0.000000000000e+00 0.000000000000e+00 0.000000000000e+00 0.000000000000e+00 0.000000000000e+00 
9.510000000000e+00 2.587128560294e-03 1.318141394600e-02 2.767537379442e-04 1.292636047638e+05 1.324159147716e+05 1.000000000000e+05 7.139206289833e+03 5.271979951882e+02 1.800000000000e+06 1.013210602292e+05 1.846847040000e+06 7.387370656000e+06 0.000000000000e+00 0.000000000000e+00 0.000000000000e+00 7.708050317468e-04 7.344225682148e-03 1.371560627506e-02 0.000000000000e+00 0.000000000000e+00 0.000000000000e+00 0.000000000000e+00 0.000000000000e+00 
9.515000000000e+00 2.585748251895e-03 1.316020540701e-02 2.755603869756e-04 1.291203592264e+05 1.322615901723e+05 1.000000000000e+05 7.140168620779e+03 5.274169194636e+02 1.800000000000e+06 1.012211879880e+05 1.846847040000e+06 7.387370656000e+06 0.000000000000e+00 0.000000000000e+00 0.000000000000e+00 7.700452486777e-04 7.340304824047e-03 1.370209724660e-02 0.000000000000e+00 0.000000000000e+00 0.000000000000e+00 0.000000000000e+00 0.000000000000e+00 
9.520000000000e+00 2.584374037898e-03 1.314200854901e-02 2.743108738578e-04 1.289782560030e+05 1.321077376592e+05 1.000000000000e+05 7.141127273675e+03 5.276350398089e+02 1.800000000000e+06 1.011164918702e+05 1.846847040000e+06 7.387370656000e+06 0.000000000000e+00 0.000000000000e+00 0.000000000000e+00 7.692487677269e-04 7.336401487060e-03 1.368793121549e-02 0.000000000000e+00 0.000000000000e+00 0.000000000000e+00 0.000000000000e+00 0.000000000000e+00 
9.525000000000e+00 2.583006323302e-03 1.312609591956e-02 2.729721842105e-04 1.288377220814e+05 1.319544050783e+05 1.000000000000e+05 7.142081919331e+03 5.278522899265e+02 1.800000000000e+06 1.010089897731e+05 1.846847040000e+06 7.387370656000e+06 0.000000000000e+00 0.000000000000e+00 0.000000000000e+00 7.684309401486e-04 7.332516812530e-03 1.367338250437e-02 0.000000000000e+00 0.000000000000e+00 0.000000000000e+00 0.000000000000e+00 0.000000000000e+00 
9.530000000000e+00 2.581645502279e-03 1.311166534766e-02 2.715690020581e-04 1.286985253291e+05 1.318016393009e+05 1.000000000000e+05 7.143032301864e+03 5.280686050542e+02 1.800000000000e+06 1.009000427655e+05 1.846847040000e+06 7.387370656000e+06 0.000000000000e+00 0.000000000000e+00 0.000000000000e+00 7.676021203403e-04 7.328651909989e-03 1.365863641707e-02 0.000000000000e+00 0.000000000000e+00 0.000000000000e+00 0.000000000000e+00 0.000000000000e+00 
9.535000000000e+00 2.580291731845e-03 1.309796883841e-02 2.701557876311e-04 1.285600653173e+05 1.316494607544e+05 1.000000000000e+05 7.143978365211e+03 5.282839579908e+02 1.800000000000e+06 1.007904274928e+05 1.846847040000e+06 7.387370656000e+06 0.000000000000e+00 0.000000000000e+00 0.000000000000e+00 7.667682166730e-04 7.324807213780e-03 1.364379895863e-02 0.000000000000e+00 0.000000000000e+00 0.000000000000e+00 0.000000000000e+00 0.000000000000e+00 
9.540000000000e+00 2.578944854874e-03 1.308434694349e-02 2.688037828579e-04 1.284215117304e+05 1.314978545710e+05 1.000000000000e+05 7.144920292723e+03 5.284983714955e+02 1.800000000000e+06 1.006804744982e+05 1.846847040000e+06 7.387370656000e+06 0.000000000000e+00 0.000000000000e+00 0.000000000000e+00 7.659317437691e-04 7.320982263869e-03 1.362891555104e-02 0.000000000000e+00 0.000000000000e+00 0.000000000000e+00 0.000000000000e+00 0.000000000000e+00 
9.545000000000e+00 2.577604329977e-03 1.307025581092e-02 2.675882065543e-04 1.282819420358e+05 1.313467624433e+05 1.000000000000e+05 7.145858542323e+03 5.287119296464e+02 1.800000000000e+06 1.005701613580e+05 1.846847040000e+06 7.387370656000e+06 0.000000000000e+00 0.000000000000e+00 0.000000000000e+00 7.650925310388e-04 7.317175506886e-03 1.361398365088e-02 0.000000000000e+00 0.000000000000e+00 0.000000000000e+00 0.000000000000e+00 0.000000000000e+00 
9.550000000000e+00 2.576269282354e-03 1.305532178246e-02 2.665728577851e-04 1.281405233688e+05 1.311960880805e+05 1.000000000000e+05 7.146793793899e+03 5.289247699517e+02 1.800000000000e+06 1.004592455695e+05 1.846847040000e+06 7.387370656000e+06 0.000000000000e+00 0.000000000000e+00 0.000000000000e+00 7.642487336323e-04 7.313384441280e-03 1.359897071452e-02 0.000000000000e+00 0.000000000000e+00 0.000000000000e+00 0.000000000000e+00 0.000000000000e+00 
9.555000000000e+00 2.574938524805e-03 1.303923854103e-02 2.658186991032e-04 1.279964167661e+05 1.310456993391e+05 1.000000000000e+05 7.147726945199e+03 5.291370801870e+02 1.800000000000e+06 1.003473450830e+05 1.846847040000e+06 7.387370656000e+06 0.000000000000e+00 0.000000000000e+00 0.000000000000e+00 7.633974450865e-04 7.309605677089e-03 1.358382521701e-02 0.000000000000e+00 0.000000000000e+00 0.000000000000e+00 0.000000000000e+00 0.000000000000e+00 
9.560000000000e+00 2.573610601293e-03 1.302181961462e-02 2.653721715327e-04 1.278489162198e+05 1.308954329253e+05 1.000000000000e+05 7.148659068378e+03 5.293490916154e+02 1.800000000000e+06 1.002339973857e+05 1.846847040000e+06 7.387370656000e+06 0.000000000000e+00 0.000000000000e+00 0.000000000000e+00 7.625351468113e-04 7.305835060155e-03 1.356848461909e-02 0.000000000000e+00 0.000000000000e+00 0.000000000000e+00 0.000000000000e+00 0.000000000000e+00 
9.565000000000e+00 2.572283889414e-03 1.300301264043e-02 2.652590811487e-04 1.276975311439e+05 1.307451058141e+05 1.000000000000e+05 7.149591331432e+03 5.295610627633e+02 1.800000000000e+06 1.001187387648e+05 1.846847040000e+06 7.387370656000e+06 0.000000000000e+00 0.000000000000e+00 0.000000000000e+00 7.616583110899e-04 7.302067963927e-03 1.355288609980e-02 0.000000000000e+00 0.000000000000e+00 0.000000000000e+00 0.000000000000e+00 0.000000000000e+00 
9.570000000000e+00 2.570956693291e-03 1.298285984544e-02 2.654872435693e-04 1.275419674399e+05 1.305945256724e+05 1.000000000000e+05 7.150524936215e+03 5.297732646571e+02 1.800000000000e+06 1.000011577097e+05 1.846847040000e+06 7.387370656000e+06 0.000000000000e+00 0.000000000000e+00 0.000000000000e+00 7.607638073344e-04 7.298299554192e-03 1.353697383392e-02 0.000000000000e+00 0.000000000000e+00 0.000000000000e+00 0.000000000000e+00 0.000000000000e+00 
9.575000000000e+00 2.569627322500e-03 1.296146062524e-02 2.660505144586e-04 1.273820909325e+05 1.304434997720e+05 1.000000000000e+05 7.151461067674e+03 5.299859682363e+02 1.800000000000e+06 9.988092509239e+04 1.846847040000e+06 7.387370656000e+06 0.000000000000e+00 0.000000000000e+00 0.000000000000e+00 7.598491316866e-04 7.294525013638e-03 1.352070311747e-02 0.000000000000e+00 0.000000000000e+00 0.000000000000e+00 0.000000000000e+00 0.000000000000e+00 
9.580000000000e+00 2.568294151006e-03 1.293894867826e-02 2.669318280171e-04 1.272178997763e+05 1.302918416957e+05 1.000000000000e+05 7.152400855810e+03 5.301994349130e+02 1.800000000000e+06 9.975780386209e+04 1.846847040000e+06 7.387370656000e+06 0.000000000000e+00 0.000000000000e+00 0.000000000000e+00 7.589124807711e-04 7.290739709490e-03 1.350404170297e-02 0.000000000000e+00 0.000000000000e+00 0.000000000000e+00 0.000000000000e+00 0.000000000000e+00 
9.585000000000e+00 2.566955665448e-03 1.291547869542e-02 2.681054886674e-04 1.270495041321e+05 1.301393768801e+05 1.000000000000e+05 7.153345344156e+03 5.304139088031e+02 1.800000000000e+06 9.963165047191e+04 1.846847040000e+06 7.387370656000e+06 0.000000000000e+00 0.000000000000e+00 0.000000000000e+00 7.579527625476e-04 7.286939330958e-03 1.348697000383e-02 0.000000000000e+00 0.000000000000e+00 0.000000000000e+00 0.000000000000e+00 0.000000000000e+00 
9.590000000000e+00 2.565610501049e-03 1.289121542737e-02 2.695394118952e-04 1.268771049298e+05 1.299859467872e+05 1.000000000000e+05 7.154295466788e+03 5.306296109064e+02 1.800000000000e+06 9.950240973320e+04 1.846847040000e+06 7.387370656000e+06 0.000000000000e+00 0.000000000000e+00 0.000000000000e+00 7.569695571658e-04 7.283119991307e-03 1.346948040610e-02 0.000000000000e+00 0.000000000000e+00 0.000000000000e+00 0.000000000000e+00 0.000000000000e+00 
9.595000000000e+00 2.564257463717e-03 1.286631595099e-02 2.711986583911e-04 1.267009560250e+05 1.298314115298e+05 1.000000000000e+05 7.155252036510e+03 5.308467354833e+02 1.800000000000e+06 9.937010461453e+04 1.846847040000e+06 7.387370656000e+06 0.000000000000e+00 0.000000000000e+00 0.000000000000e+00 7.559630393603e-04 7.279278290495e-03 1.345157590010e-02 0.000000000000e+00 0.000000000000e+00 0.000000000000e+00 0.000000000000e+00 0.000000000000e+00 
9.600000000000e+00 2.562895533630e-03 1.284091640875e-02 2.730485643652e-04 1.265213287113e+05 1.296756503992e+05 1.000000000000e+05 7.156215745594e+03 5.310654493859e+02 1.800000000000e+06 9.923481861168e+04 1.846847040000e+06 7.387370656000e+06 0.000000000000e+00 0.000000000000e+00 0.000000000000e+00 7.549338443293e-04 7.275411325274e-03 1.343326770161e-02 0.000000000000e+00 0.000000000000e+00 0.000000000000e+00 0.000000000000e+00 0.000000000000e+00 
9.605000000000e+00 2.561523861070e-03 1.281513375626e-02 2.750556567828e-04 1.263385007825e+05 1.295185615088e+05 1.000000000000e+05 7.157187169417e+03 5.312858926348e+02 1.800000000000e+06 9.909667850025e+04 1.846847040000e+06 7.387370656000e+06 0.000000000000e+00 0.000000000000e+00 0.000000000000e+00 7.538829365246e-04 7.271516677168e-03 1.341457291122e-02 0.000000000000e+00 0.000000000000e+00 0.000000000000e+00 0.000000000000e+00 0.000000000000e+00 
9.610000000000e+00 2.560141753335e-03 1.278905594936e-02 2.771901694324e-04 1.261527259850e+05 1.293600604124e+05 1.000000000000e+05 7.158166778286e+03 5.315081804308e+02 1.800000000000e+06 9.895583798136e+04 1.846847040000e+06 7.387370656000e+06 0.000000000000e+00 0.000000000000e+00 0.000000000000e+00 7.528114852351e-04 7.267592375037e-03 1.339551230481e-02 0.000000000000e+00 0.000000000000e+00 0.000000000000e+00 0.000000000000e+00 0.000000000000e+00 
9.615000000000e+00 2.558748650614e-03 1.276273788267e-02 2.794276401431e-04 1.259642126729e+05 1.292000774447e+05 1.000000000000e+05 7.159154956035e+03 5.317324069525e+02 1.800000000000e+06 9.881245924780e+04 1.846847040000e+06 7.387370656000e+06 0.000000000000e+00 0.000000000000e+00 0.000000000000e+00 7.517207243506e-04 7.263636826182e-03 1.337610783801e-02 0.000000000000e+00 0.000000000000e+00 0.000000000000e+00 0.000000000000e+00 0.000000000000e+00 
9.620000000000e+00 2.557344096799e-03 1.273620184159e-02 2.817497745022e-04 1.257731102568e+05 1.290385544578e+05 1.000000000000e+05 7.160152021437e+03 5.319586499850e+02 1.800000000000e+06 9.866669653514e+04 1.846847040000e+06 7.387370656000e+06 0.000000000000e+00 0.000000000000e+00 0.000000000000e+00 7.506118272259e-04 7.259648733269e-03 1.335638041490e-02 0.000000000000e+00 0.000000000000e+00 0.000000000000e+00 0.000000000000e+00 0.000000000000e+00 
9.625000000000e+00 2.555927705165e-03 1.270943454753e-02 2.841456211887e-04 1.255794913549e+05 1.288754409417e+05 1.000000000000e+05 7.161158253687e+03 5.321869763965e+02 1.800000000000e+06 9.851868126618e+04 1.846847040000e+06 7.387370656000e+06 0.000000000000e+00 0.000000000000e+00 0.000000000000e+00 7.494857936665e-04 7.255626996330e-03 1.333634787639e-02 0.000000000000e+00 0.000000000000e+00 0.000000000000e+00 0.000000000000e+00 0.000000000000e+00 
9.630000000000e+00 2.554499122667e-03 1.268239363593e-02 2.866111041538e-04 1.253833527459e+05 1.287106899524e+05 1.000000000000e+05 7.162173917053e+03 5.324174478626e+02 1.800000000000e+06 9.836850957068e+04 1.846847040000e+06 7.387370656000e+06 0.000000000000e+00 0.000000000000e+00 0.000000000000e+00 7.483433549844e-04 7.251570610741e-03 1.331602330252e-02 0.000000000000e+00 0.000000000000e+00 0.000000000000e+00 0.000000000000e+00 0.000000000000e+00 
9.635000000000e+00 2.553057996421e-03 1.265501272867e-02 2.891486634364e-04 1.251846152969e+05 1.285442542596e+05 1.000000000000e+05 7.163199284208e+03 5.326501262630e+02 1.800000000000e+06 9.821623407995e+04 1.846847040000e+06 7.387370656000e+06 0.000000000000e+00 0.000000000000e+00 0.000000000000e+00 7.471849115750e-04 7.247478574019e-03 1.329541389605e-02 0.000000000000e+00 0.000000000000e+00 0.000000000000e+00 0.000000000000e+00 0.000000000000e+00 
9.640000000000e+00 2.551603945202e-03 1.262721191669e-02 2.917651580879e-04 1.249831446660e+05 1.283760830405e+05 1.000000000000e+05 7.164234654063e+03 5.328850782945e+02 1.800000000000e+06 9.806186037782e+04 1.846847040000e+06 7.387370656000e+06 0.000000000000e+00 0.000000000000e+00 0.000000000000e+00 7.460105059173e-04 7.243349795485e-03 1.327452049247e-02 0.000000000000e+00 0.000000000000e+00 0.000000000000e+00 0.000000000000e+00 0.000000000000e+00 
9.645000000000e+00 2.550136531131e-03 1.259888329539e-02 2.944754762554e-04 1.247787056854e+05 1.282061185681e+05 1.000000000000e+05 7.165280376228e+03 5.331223800744e+02 1.800000000000e+06 9.790534562229e+04 1.846847040000e+06 7.387370656000e+06 0.000000000000e+00 0.000000000000e+00 0.000000000000e+00 7.448198120889e-04 7.239183016053e-03 1.325333737769e-02 0.000000000000e+00 0.000000000000e+00 0.000000000000e+00 0.000000000000e+00 0.000000000000e+00 
9.650000000000e+00 2.548655237012e-03 1.256991862929e-02 2.972964099214e-04 1.245710305578e+05 1.280342935228e+05 1.000000000000e+05 7.166336860156e+03 5.333621208532e+02 1.800000000000e+06 9.774659587010e+04 1.846847040000e+06 7.387370656000e+06 0.000000000000e+00 0.000000000000e+00 0.000000000000e+00 7.436121154116e-04 7.234976758165e-03 1.323185192015e-02 0.000000000000e+00 0.000000000000e+00 0.000000000000e+00 0.000000000000e+00 0.000000000000e+00 
9.655000000000e+00 2.547159446737e-03 1.254020596647e-02 3.002478198769e-04 1.243598027516e+05 1.278605286378e+05 1.000000000000e+05 7.167404590700e+03 5.336044062487e+02 1.800000000000e+06 9.758546789044e+04 1.846847040000e+06 7.387370656000e+06 0.000000000000e+00 0.000000000000e+00 0.000000000000e+00 7.423863262499e-04 7.230729286517e-03 1.321004481203e-02 0.000000000000e+00 0.000000000000e+00 0.000000000000e+00 0.000000000000e+00 0.000000000000e+00 
9.660000000000e+00 2.545648439122e-03 1.250963127768e-02 3.033526185535e-04 1.241446561764e+05 1.276847318826e+05 1.000000000000e+05 7.168484132794e+03 5.338493593211e+02 1.800000000000e+06 9.742177855444e+04 1.846847040000e+06 7.387370656000e+06 0.000000000000e+00 0.000000000000e+00 0.000000000000e+00 7.411410514418e-04 7.226438575485e-03 1.318789131708e-02 0.000000000000e+00 0.000000000000e+00 0.000000000000e+00 0.000000000000e+00 0.000000000000e+00 
9.665000000000e+00 2.544121391783e-03 1.247809788985e-02 3.066307580690e-04 1.239252455538e+05 1.275067988083e+05 1.000000000000e+05 7.169576121966e+03 5.340971200248e+02 1.800000000000e+06 9.725531771340e+04 1.846847040000e+06 7.387370656000e+06 0.000000000000e+00 0.000000000000e+00 0.000000000000e+00 7.398746922706e-04 7.222102272158e-03 1.316536303368e-02 0.000000000000e+00 0.000000000000e+00 0.000000000000e+00 0.000000000000e+00 0.000000000000e+00 
9.670000000000e+00 2.542577371166e-03 1.244550574527e-02 3.101041547744e-04 1.237011876569e+05 1.273266112750e+05 1.000000000000e+05 7.170681277551e+03 5.343478469109e+02 1.800000000000e+06 9.708584740719e+04 1.846847040000e+06 7.387370656000e+06 0.000000000000e+00 0.000000000000e+00 0.000000000000e+00 7.385854384426e-04 7.217717706168e-03 1.314242779292e-02 0.000000000000e+00 0.000000000000e+00 0.000000000000e+00 0.000000000000e+00 0.000000000000e+00 
9.675000000000e+00 2.541015339581e-03 1.241177088177e-02 3.137927579880e-04 1.234721078697e+05 1.271440381538e+05 1.000000000000e+05 7.171800393421e+03 5.346017160750e+02 1.800000000000e+06 9.691310972365e+04 1.846847040000e+06 7.387370656000e+06 0.000000000000e+00 0.000000000000e+00 0.000000000000e+00 7.372713278782e-04 7.213281916023e-03 1.311905070676e-02 0.000000000000e+00 0.000000000000e+00 0.000000000000e+00 0.000000000000e+00 0.000000000000e+00 
9.680000000000e+00 2.539434163855e-03 1.237681666541e-02 3.177153703986e-04 1.232376315363e+05 1.269589362195e+05 1.000000000000e+05 7.172934333122e+03 5.348589198410e+02 1.800000000000e+06 9.673683562746e+04 1.846847040000e+06 7.387370656000e+06 0.000000000000e+00 0.000000000000e+00 0.000000000000e+00 7.359303138777e-04 7.208791671363e-03 1.309519537280e-02 0.000000000000e+00 0.000000000000e+00 0.000000000000e+00 0.000000000000e+00 0.000000000000e+00 
9.685000000000e+00 2.537832644887e-03 1.234058155273e-02 3.218883043938e-04 1.229974031310e+05 1.267711535023e+05 1.000000000000e+05 7.174084007505e+03 5.351196620357e+02 1.800000000000e+06 9.655674963294e+04 1.846847040000e+06 7.387370656000e+06 0.000000000000e+00 0.000000000000e+00 0.000000000000e+00 7.345603006700e-04 7.204243494827e-03 1.307082450239e-02 0.000000000000e+00 0.000000000000e+00 0.000000000000e+00 0.000000000000e+00 0.000000000000e+00 
9.690000000000e+00 2.536209450695e-03 1.230302603040e-02 3.263230681171e-04 1.227511053726e+05 1.265805213215e+05 1.000000000000e+05 7.175250420192e+03 5.353841689766e+02 1.800000000000e+06 9.637258108788e+04 1.846847040000e+06 7.387370656000e+06 0.000000000000e+00 0.000000000000e+00 0.000000000000e+00 7.331592292551e-04 7.199633723031e-03 1.304590144294e-02 0.000000000000e+00 0.000000000000e+00 0.000000000000e+00 0.000000000000e+00 0.000000000000e+00 
9.695000000000e+00 2.534563263359e-03 1.226411690044e-02 3.310297105993e-04 1.224984376037e+05 1.263868714217e+05 1.000000000000e+05 7.176434566741e+03 5.356526656185e+02 1.800000000000e+06 9.618406835809e+04 1.846847040000e+06 7.387370656000e+06 0.000000000000e+00 0.000000000000e+00 0.000000000000e+00 7.317251092376e-04 7.194958537761e-03 1.302039076057e-02 0.000000000000e+00 0.000000000000e+00 0.000000000000e+00 0.000000000000e+00 0.000000000000e+00 
9.700000000000e+00 2.532892705437e-03 1.222383897640e-02 3.360140232432e-04 1.222391398545e+05 1.261900272654e+05 1.000000000000e+05 7.177637484177e+03 5.359253875932e+02 1.800000000000e+06 9.599096438572e+04 1.846847040000e+06 7.387370656000e+06 0.000000000000e+00 0.000000000000e+00 0.000000000000e+00 7.302560611126e-04 7.190214019656e-03 1.299425898268e-02 0.000000000000e+00 0.000000000000e+00 0.000000000000e+00 0.000000000000e+00 0.000000000000e+00 
9.705000000000e+00 2.531196381985e-03 1.218219277504e-02 3.412779353895e-04 1.219729933384e+05 1.259898088930e+05 1.000000000000e+05 7.178860221590e+03 5.362025744174e+02 1.800000000000e+06 9.579304163426e+04 1.846847040000e+06 7.387370656000e+06 0.000000000000e+00 0.000000000000e+00 0.000000000000e+00 7.287503538847e-04 7.185396202249e-03 1.296747527141e-02 0.000000000000e+00 0.000000000000e+00 0.000000000000e+00 0.000000000000e+00 0.000000000000e+00 
9.710000000000e+00 2.529472894017e-03 1.213918127152e-02 3.468214370427e-04 1.216997995397e+05 1.257860344473e+05 1.000000000000e+05 7.180103832936e+03 5.364844673419e+02 1.800000000000e+06 9.559009339488e+04 1.846847040000e+06 7.387370656000e+06 0.000000000000e+00 0.000000000000e+00 0.000000000000e+00 7.272064150062e-04 7.180501115500e-03 1.294001161117e-02 0.000000000000e+00 0.000000000000e+00 0.000000000000e+00 0.000000000000e+00 0.000000000000e+00 
9.715000000000e+00 2.527720859821e-03 1.209483160223e-02 3.526392478881e-04 1.214194221045e+05 1.255785226438e+05 1.000000000000e+05 7.181369357920e+03 5.367713059000e+02 1.800000000000e+06 9.538193847439e+04 1.846847040000e+06 7.387370656000e+06 0.000000000000e+00 0.000000000000e+00 0.000000000000e+00 7.256228660408e-04 7.175524837982e-03 1.291184342476e-02 0.000000000000e+00 0.000000000000e+00 0.000000000000e+00 0.000000000000e+00 0.000000000000e+00 
9.720000000000e+00 2.525938930496e-03 1.204917512018e-02 3.587237006415e-04 1.211317549425e+05 1.253670945774e+05 1.000000000000e+05 7.182657814318e+03 5.370633253888e+02 1.800000000000e+06 9.516842382521e+04 1.846847040000e+06 7.387370656000e+06 0.000000000000e+00 0.000000000000e+00 0.000000000000e+00 7.239985426714e-04 7.170463538717e-03 1.288294994816e-02 0.000000000000e+00 0.000000000000e+00 0.000000000000e+00 0.000000000000e+00 0.000000000000e+00 
9.725000000000e+00 2.524125804606e-03 1.200225281978e-02 3.650641144767e-04 1.208367315290e+05 1.251515754428e+05 1.000000000000e+05 7.183970186738e+03 5.373607544794e+02 1.800000000000e+06 9.494942453562e+04 1.846847040000e+06 7.387370656000e+06 0.000000000000e+00 0.000000000000e+00 0.000000000000e+00 7.223324946259e-04 7.165313520363e-03 1.285331422391e-02 0.000000000000e+00 0.000000000000e+00 0.000000000000e+00 0.000000000000e+00 0.000000000000e+00 
9.730000000000e+00 2.522280242560e-03 1.195411477510e-02 3.716470047500e-04 1.205343243622e+05 1.249317962412e+05 1.000000000000e+05 7.185307416490e+03 5.376638128577e+02 1.800000000000e+06 9.472484448601e+04 1.846847040000e+06 7.387370656000e+06 0.000000000000e+00 0.000000000000e+00 0.000000000000e+00 7.206239906695e-04 7.160071263219e-03 1.282292319178e-02 0.000000000000e+00 0.000000000000e+00 0.000000000000e+00 0.000000000000e+00 0.000000000000e+00 
9.735000000000e+00 2.520401085829e-03 1.190482767642e-02 3.784548024125e-04 1.202245626839e+05 1.247075960832e+05 1.000000000000e+05 7.186670386159e+03 5.379727080561e+02 1.800000000000e+06 9.449461984988e+04 1.846847040000e+06 7.387370656000e+06 0.000000000000e+00 0.000000000000e+00 0.000000000000e+00 7.188725452390e-04 7.154733477265e-03 1.279176815376e-02 0.000000000000e+00 0.000000000000e+00 0.000000000000e+00 0.000000000000e+00 0.000000000000e+00 
9.740000000000e+00 2.518487259819e-03 1.185444583610e-02 3.854707519529e-04 1.199074750839e+05 1.244788225657e+05 1.000000000000e+05 7.188059923217e+03 5.382876349522e+02 1.800000000000e+06 9.425871470971e+04 1.846847040000e+06 7.387370656000e+06 0.000000000000e+00 0.000000000000e+00 0.000000000000e+00 7.170778850899e-04 7.149297104775e-03 1.275984421020e-02 0.000000000000e+00 0.000000000000e+00 0.000000000000e+00 0.000000000000e+00 0.000000000000e+00 
9.745000000000e+00 2.516537792316e-03 1.180306598368e-02 3.926731960585e-04 1.195831596472e+05 1.242453340213e+05 1.000000000000e+05 7.189476779766e+03 5.386087726988e+02 1.800000000000e+06 9.401711776974e+04 1.846847040000e+06 7.387370656000e+06 0.000000000000e+00 0.000000000000e+00 0.000000000000e+00 7.152399242892e-04 7.143759360463e-03 1.272714978119e-02 0.000000000000e+00 0.000000000000e+00 0.000000000000e+00 0.000000000000e+00 0.000000000000e+00 
9.750000000000e+00 2.514551826942e-03 1.175075214701e-02 4.000397028140e-04 1.192517370121e+05 1.240070012006e+05 1.000000000000e+05 7.190921627474e+03 5.389362824499e+02 1.800000000000e+06 9.376984837973e+04 1.846847040000e+06 7.387370656000e+06 0.000000000000e+00 0.000000000000e+00 0.000000000000e+00 7.133588100412e-04 7.138117775543e-03 1.269368743886e-02 0.000000000000e+00 0.000000000000e+00 0.000000000000e+00 0.000000000000e+00 0.000000000000e+00 
9.755000000000e+00 2.512528613739e-03 1.169757442732e-02 4.075471240811e-04 1.189133487333e+05 1.237637062255e+05 1.000000000000e+05 7.192395064189e+03 5.392703088487e+02 1.800000000000e+06 9.351695520213e+04 1.846847040000e+06 7.387370656000e+06 0.000000000000e+00 0.000000000000e+00 0.000000000000e+00 7.114349125479e-04 7.132370216290e-03 1.265946372029e-02 0.000000000000e+00 0.000000000000e+00 0.000000000000e+00 0.000000000000e+00 0.000000000000e+00 
9.760000000000e+00 2.510467526356e-03 1.164362151505e-02 4.151694550439e-04 1.185681851276e+05 1.235153447451e+05 1.000000000000e+05 7.193897598647e+03 5.396109771194e+02 1.800000000000e+06 9.325851510153e+04 1.846847040000e+06 7.387370656000e+06 0.000000000000e+00 0.000000000000e+00 0.000000000000e+00 7.094688165606e-04 7.126514910388e-03 1.262448898280e-02 0.000000000000e+00 0.000000000000e+00 0.000000000000e+00 0.000000000000e+00 0.000000000000e+00 
9.765000000000e+00 2.508368069791e-03 1.158898046941e-02 4.228802430511e-04 1.182164579117e+05 1.232618269832e+05 1.000000000000e+05 7.195429647370e+03 5.399583916993e+02 1.800000000000e+06 9.299463107584e+04 1.846847040000e+06 7.387370656000e+06 0.000000000000e+00 0.000000000000e+00 0.000000000000e+00 7.074613056410e-04 7.120550459646e-03 1.258877712785e-02 0.000000000000e+00 0.000000000000e+00 0.000000000000e+00 0.000000000000e+00 0.000000000000e+00 
9.770000000000e+00 2.506229884345e-03 1.153374277320e-02 4.306519442727e-04 1.178584086523e+05 1.230030783476e+05 1.000000000000e+05 7.196991530606e+03 5.403126354811e+02 1.800000000000e+06 9.272542997843e+04 1.846847040000e+06 7.387370656000e+06 0.000000000000e+00 0.000000000000e+00 0.000000000000e+00 7.054133448324e-04 7.114475851668e-03 1.255234528650e-02 0.000000000000e+00 0.000000000000e+00 0.000000000000e+00 0.000000000000e+00 0.000000000000e+00 
9.775000000000e+00 2.504052750383e-03 1.147800122121e-02 4.384564723132e-04 1.174943031434e+05 1.227390401539e+05 1.000000000000e+05 7.198583469064e+03 5.406737689101e+02 1.800000000000e+06 9.245106226327e+04 1.846847040000e+06 7.387370656000e+06 0.000000000000e+00 0.000000000000e+00 0.000000000000e+00 7.033260787209e-04 7.108290473142e-03 1.251521378746e-02 0.000000000000e+00 0.000000000000e+00 0.000000000000e+00 0.000000000000e+00 0.000000000000e+00 
9.780000000000e+00 2.501836588021e-03 1.142184752773e-02 4.462657004545e-04 1.171244256809e+05 1.224696697493e+05 1.000000000000e+05 7.200205584240e+03 5.410418299122e+02 1.800000000000e+06 9.217169876813e+04 1.846847040000e+06 7.387370656000e+06 0.000000000000e+00 0.000000000000e+00 0.000000000000e+00 7.012008069635e-04 7.101994108889e-03 1.247740572329e-02 0.000000000000e+00 0.000000000000e+00 0.000000000000e+00 0.000000000000e+00 0.000000000000e+00 
9.785000000000e+00 2.499581463005e-03 1.136538396581e-02 4.540498047873e-04 1.167490999771e+05 1.221949414039e+05 1.000000000000e+05 7.201857891600e+03 5.414168327809e+02 1.800000000000e+06 9.188753173732e+04 1.846847040000e+06 7.387370656000e+06 0.000000000000e+00 0.000000000000e+00 0.000000000000e+00 6.990389920682e-04 7.095586956414e-03 1.243894707863e-02 0.000000000000e+00 0.000000000000e+00 0.000000000000e+00 0.000000000000e+00 0.000000000000e+00 
9.790000000000e+00 2.497287584281e-03 1.130870044621e-02 4.617809647477e-04 1.163686448759e+05 1.219148462058e+05 1.000000000000e+05 7.203540306205e+03 5.417987684351e+02 1.800000000000e+06 9.159877268218e+04 1.846847040000e+06 7.387370656000e+06 0.000000000000e+00 0.000000000000e+00 0.000000000000e+00 6.968422431183e-04 7.089069620304e-03 1.239986645878e-02 0.000000000000e+00 0.000000000000e+00 0.000000000000e+00 0.000000000000e+00 0.000000000000e+00 
9.795000000000e+00 2.494955303105e-03 1.125189319402e-02 4.694304807404e-04 1.159834090797e+05 1.216293921541e+05 1.000000000000e+05 7.205252639281e+03 5.421876044134e+02 1.800000000000e+06 9.130564927965e+04 1.846847040000e+06 7.387370656000e+06 0.000000000000e+00 0.000000000000e+00 0.000000000000e+00 6.946122921774e-04 7.082443112576e-03 1.236019465514e-02 0.000000000000e+00 0.000000000000e+00 0.000000000000e+00 0.000000000000e+00 0.000000000000e+00 
9.800000000000e+00 2.492585110591e-03 1.119505385661e-02 4.769707307040e-04 1.155937476934e+05 1.213386040699e+05 1.000000000000e+05 7.206994601725e+03 5.425832851217e+02 1.800000000000e+06 9.100840423567e+04 1.846847040000e+06 7.387370656000e+06 0.000000000000e+00 0.000000000000e+00 0.000000000000e+00 6.923509856431e-04 7.075708846129e-03 1.231996449876e-02 0.000000000000e+00 0.000000000000e+00 0.000000000000e+00 0.000000000000e+00 0.000000000000e+00 
9.805000000000e+00 2.490177635325e-03 1.113827412315e-02 4.843744389256e-04 1.152000310016e+05 1.210425235236e+05 1.000000000000e+05 7.208765804300e+03 5.429857320638e+02 1.800000000000e+06 9.070729358271e+04 1.846847040000e+06 7.387370656000e+06 0.000000000000e+00 0.000000000000e+00 0.000000000000e+00 6.900602712952e-04 7.068868624881e-03 1.227921062645e-02 0.000000000000e+00 0.000000000000e+00 0.000000000000e+00 0.000000000000e+00 0.000000000000e+00 
9.810000000000e+00 2.487733639113e-03 1.108164342861e-02 4.916151843174e-04 1.148026381131e+05 1.207412085383e+05 1.000000000000e+05 7.210565760685e+03 5.433948443811e+02 1.800000000000e+06 9.040258478325e+04 1.846847040000e+06 7.387370656000e+06 0.000000000000e+00 0.000000000000e+00 0.000000000000e+00 6.877421838678e-04 7.061924631722e-03 1.223796922519e-02 0.000000000000e+00 0.000000000000e+00 0.000000000000e+00 0.000000000000e+00 0.000000000000e+00 
9.815000000000e+00 2.485254012572e-03 1.102524746081e-02 4.986676954125e-04 1.144019531088e+05 1.204347332779e+05 1.000000000000e+05 7.212393890371e+03 5.438104994149e+02 1.800000000000e+06 9.009455526904e+04 1.846847040000e+06 7.387370656000e+06 0.000000000000e+00 0.000000000000e+00 0.000000000000e+00 6.853988339370e-04 7.054879415610e-03 1.219627783536e-02 0.000000000000e+00 0.000000000000e+00 0.000000000000e+00 0.000000000000e+00 0.000000000000e+00 
9.820000000000e+00 2.482739768806e-03 1.096916828191e-02 5.055079786411e-04 1.139983629253e+05 1.201231874993e+05 1.000000000000e+05 7.214249522762e+03 5.442325535897e+02 1.800000000000e+06 8.978349006503e+04 1.846847040000e+06 7.387370656000e+06 0.000000000000e+00 0.000000000000e+00 0.000000000000e+00 6.830323898442e-04 7.047735873412e-03 1.215417502836e-02 0.000000000000e+00 0.000000000000e+00 0.000000000000e+00 0.000000000000e+00 0.000000000000e+00 
9.825000000000e+00 2.480192036409e-03 1.091348388012e-02 5.121134022703e-04 1.135922556627e+05 1.198066759198e+05 1.000000000000e+05 7.216131901735e+03 5.446608434118e+02 1.800000000000e+06 8.946967960347e+04 1.846847040000e+06 7.387370656000e+06 0.000000000000e+00 0.000000000000e+00 0.000000000000e+00 6.806450610673e-04 7.040497229895e-03 1.211170011096e-02 0.000000000000e+00 0.000000000000e+00 0.000000000000e+00 0.000000000000e+00 0.000000000000e+00 
9.830000000000e+00 2.477612051881e-03 1.085826436664e-02 5.184633989871e-04 1.131840112702e+05 1.194853175056e+05 1.000000000000e+05 7.218040191391e+03 5.450951865704e+02 1.800000000000e+06 8.915341798394e+04 1.846847040000e+06 7.387370656000e+06 0.000000000000e+00 0.000000000000e+00 0.000000000000e+00 6.782390849838e-04 7.033167016089e-03 1.206889289238e-02 0.000000000000e+00 0.000000000000e+00 0.000000000000e+00 0.000000000000e+00 0.000000000000e+00 
9.835000000000e+00 2.475001153274e-03 1.080358744302e-02 5.245372069440e-04 1.127740283404e+05 1.191592449082e+05 1.000000000000e+05 7.219973477337e+03 5.455353828369e+02 1.800000000000e+06 8.883500112877e+04 1.846847040000e+06 7.387370656000e+06 0.000000000000e+00 0.000000000000e+00 0.000000000000e+00 6.758167128371e-04 7.025749051234e-03 1.202579342104e-02 0.000000000000e+00 0.000000000000e+00 0.000000000000e+00 0.000000000000e+00 0.000000000000e+00 
9.840000000000e+00 2.472360774795e-03 1.074951515816e-02 5.303172255878e-04 1.123626828111e+05 1.188286040151e+05 1.000000000000e+05 7.221930774092e+03 5.459812148073e+02 1.800000000000e+06 8.851472842937e+04 1.846847040000e+06 7.387370656000e+06 0.000000000000e+00 0.000000000000e+00 0.000000000000e+00 6.733802222628e-04 7.018247427268e-03 1.198244222765e-02 0.000000000000e+00 0.000000000000e+00 0.000000000000e+00 0.000000000000e+00 0.000000000000e+00 
9.845000000000e+00 2.469692432243e-03 1.069610469715e-02 5.357876323463e-04 1.119503429443e+05 1.184935523428e+05 1.000000000000e+05 7.223911033546e+03 5.464324501993e+02 1.800000000000e+06 8.819289569636e+04 1.846847040000e+06 7.387370656000e+06 0.000000000000e+00 0.000000000000e+00 0.000000000000e+00 6.709318636548e-04 7.010666467426e-03 1.193887936065e-02 0.000000000000e+00 0.000000000000e+00 0.000000000000e+00 0.000000000000e+00 0.000000000000e+00 
9.850000000000e+00 2.466997716008e-03 1.064340981809e-02 5.409342140565e-04 1.115373705485e+05 1.181542583586e+05 1.000000000000e+05 7.225913149365e+03 5.468888428882e+02 1.800000000000e+06 8.786979541942e+04 1.846847040000e+06 7.387370656000e+06 0.000000000000e+00 0.000000000000e+00 0.000000000000e+00 6.684738621430e-04 7.003010706271e-03 1.189514441974e-02 0.000000000000e+00 0.000000000000e+00 0.000000000000e+00 0.000000000000e+00 0.000000000000e+00 
9.855000000000e+00 2.464278282210e-03 1.059148030377e-02 5.457444078460e-04 1.111241193875e+05 1.178109005569e+05 1.000000000000e+05 7.227935963067e+03 5.473501342649e+02 1.800000000000e+06 8.754571560687e+04 1.846847040000e+06 7.387370656000e+06 0.000000000000e+00 0.000000000000e+00 0.000000000000e+00 6.660084087651e-04 6.995284864483e-03 1.185127639923e-02 0.000000000000e+00 0.000000000000e+00 0.000000000000e+00 0.000000000000e+00 0.000000000000e+00 
9.860000000000e+00 2.461535843707e-03 1.054035852245e-02 5.502078164869e-04 1.107109277132e+05 1.174636665023e+05 1.000000000000e+05 7.229978270819e+03 5.478160546306e+02 1.800000000000e+06 8.722093885883e+04 1.846847040000e+06 7.387370656000e+06 0.000000000000e+00 0.000000000000e+00 0.000000000000e+00 6.635376534155e-04 6.987493823200e-03 1.180731356540e-02 0.000000000000e+00 0.000000000000e+00 0.000000000000e+00 0.000000000000e+00 0.000000000000e+00 
9.865000000000e+00 2.458772158688e-03 1.049007983229e-02 5.543161761894e-04 1.102981171186e+05 1.171127515481e+05 1.000000000000e+05 7.232038831434e+03 5.482863250158e+02 1.800000000000e+06 8.689573960217e+04 1.846847040000e+06 7.387370656000e+06 0.000000000000e+00 0.000000000000e+00 0.000000000000e+00 6.610636838105e-04 6.979642591569e-03 1.176329308151e-02 0.000000000000e+00 0.000000000000e+00 0.000000000000e+00 0.000000000000e+00 0.000000000000e+00 
9.870000000000e+00 2.455989020806e-03 1.044067410498e-02 5.580631543078e-04 1.098859936538e+05 1.167583577286e+05 1.000000000000e+05 7.234116373066e+03 5.487606587535e+02 1.800000000000e+06 8.657038278203e+04 1.846847040000e+06 7.387370656000e+06 0.000000000000e+00 0.000000000000e+00 0.000000000000e+00 6.585885155334e-04 6.971736278614e-03 1.171925082901e-02 0.000000000000e+00 0.000000000000e+00 0.000000000000e+00 0.000000000000e+00 0.000000000000e+00 
9.875000000000e+00 2.453188251216e-03 1.039217032620e-02 5.614436188110e-04 1.094748556994e+05 1.164006928704e+05 1.000000000000e+05 7.236209597917e+03 5.492387627462e+02 1.800000000000e+06 8.624512364165e+04 1.846847040000e+06 7.387370656000e+06 0.000000000000e+00 0.000000000000e+00 0.000000000000e+00 6.561140903600e-04 6.963780070754e-03 1.167522137395e-02 0.000000000000e+00 0.000000000000e+00 0.000000000000e+00 0.000000000000e+00 0.000000000000e+00 
9.880000000000e+00 2.450371691916e-03 1.034459063245e-02 5.644544955092e-04 1.090649824575e+05 1.160399698550e+05 1.000000000000e+05 7.238317187959e+03 5.497203385222e+02 1.800000000000e+06 8.592020887529e+04 1.846847040000e+06 7.387370656000e+06 0.000000000000e+00 0.000000000000e+00 0.000000000000e+00 6.536422850292e-04 6.955779212759e-03 1.163123812770e-02 0.000000000000e+00 0.000000000000e+00 0.000000000000e+00 0.000000000000e+00 0.000000000000e+00 
9.885000000000e+00 2.447541191263e-03 1.029794638312e-02 5.670951886642e-04 1.086566266715e+05 1.156764048562e+05 1.000000000000e+05 7.240437816046e+03 5.502050846465e+02 1.800000000000e+06 8.559587176224e+04 1.846847040000e+06 7.387370656000e+06 0.000000000000e+00 0.000000000000e+00 0.000000000000e+00 6.511748742248e-04 6.947738966455e-03 1.158733269265e-02 0.000000000000e+00 0.000000000000e+00 0.000000000000e+00 0.000000000000e+00 0.000000000000e+00 
9.890000000000e+00 2.444698600643e-03 1.025225497265e-02 5.693653219483e-04 1.082500419615e+05 1.153102169820e+05 1.000000000000e+05 7.242570145458e+03 5.506926972436e+02 1.800000000000e+06 8.527233452917e+04 1.846847040000e+06 7.387370656000e+06 0.000000000000e+00 0.000000000000e+00 0.000000000000e+00 6.487135485473e-04 6.939664601352e-03 1.154353516587e-02 0.000000000000e+00 0.000000000000e+00 0.000000000000e+00 0.000000000000e+00 0.000000000000e+00 
9.895000000000e+00 2.441845766925e-03 1.020752403644e-02 5.712667416862e-04 1.078454569263e+05 1.149416273598e+05 1.000000000000e+05 7.244712837894e+03 5.511828712537e+02 1.800000000000e+06 8.494980893910e+04 1.846847040000e+06 7.387370656000e+06 0.000000000000e+00 0.000000000000e+00 0.000000000000e+00 6.462599189947e-04 6.931561373040e-03 1.149987423376e-02 0.000000000000e+00 0.000000000000e+00 0.000000000000e+00 0.000000000000e+00 0.000000000000e+00 
9.900000000000e+00 2.438984522861e-03 1.016375755950e-02 5.728026421096e-04 1.074430844970e+05 1.145708579348e+05 1.000000000000e+05 7.246864559523e+03 5.516753020572e+02 1.800000000000e+06 8.462849370344e+04 1.846847040000e+06 7.387370656000e+06 0.000000000000e+00 0.000000000000e+00 0.000000000000e+00 6.438154972736e-04 6.923434495758e-03 1.145637681643e-02 0.000000000000e+00 0.000000000000e+00 0.000000000000e+00 0.000000000000e+00 0.000000000000e+00 
9.905000000000e+00 2.436116681360e-03 1.012095460945e-02 5.739778052118e-04 1.070431180002e+05 1.141981307459e+05 1.000000000000e+05 7.249023985573e+03 5.521696864516e+02 1.800000000000e+06 8.430857542524e+04 1.846847040000e+06 7.387370656000e+06 0.000000000000e+00 0.000000000000e+00 0.000000000000e+00 6.413817029763e-04 6.915289126427e-03 1.141306819552e-02 0.000000000000e+00 0.000000000000e+00 0.000000000000e+00 0.000000000000e+00 0.000000000000e+00 
9.910000000000e+00 2.433244026192e-03 1.007910606283e-02 5.747990636295e-04 1.066457239018e+05 1.138236667180e+05 1.000000000000e+05 7.251189807940e+03 5.526657242582e+02 1.800000000000e+06 8.399022671939e+04 1.846847040000e+06 7.387370656000e+06 0.000000000000e+00 0.000000000000e+00 0.000000000000e+00 6.389598492791e-04 6.907130339738e-03 1.136997176274e-02 0.000000000000e+00 0.000000000000e+00 0.000000000000e+00 0.000000000000e+00 0.000000000000e+00 
9.915000000000e+00 2.430368303548e-03 1.003820062117e-02 5.752741828745e-04 1.062510543521e+05 1.134476845408e+05 1.000000000000e+05 7.253360740268e+03 5.531631197996e+02 1.800000000000e+06 8.367360444964e+04 1.846847040000e+06 7.387370656000e+06 0.000000000000e+00 0.000000000000e+00 0.000000000000e+00 6.365511295309e-04 6.898963104409e-03 1.132710877714e-02 0.000000000000e+00 0.000000000000e+00 0.000000000000e+00 0.000000000000e+00 0.000000000000e+00 
9.920000000000e+00 2.427491219652e-03 9.998228002120e-03 5.754113953313e-04 1.058592525060e+05 1.130704003174e+05 1.000000000000e+05 7.255535519318e+03 5.536615823462e+02 1.800000000000e+06 8.335885248365e+04 1.846847040000e+06 7.387370656000e+06 0.000000000000e+00 0.000000000000e+00 0.000000000000e+00 6.341566382120e-04 6.890792269365e-03 1.128449873472e-02 0.000000000000e+00 0.000000000000e+00 0.000000000000e+00 0.000000000000e+00 0.000000000000e+00 
9.925000000000e+00 2.424614435981e-03 9.959175487500e-03 5.752198837659e-04 1.054704456508e+05 1.126920268869e+05 1.000000000000e+05 7.257712909360e+03 5.541608269863e+02 1.800000000000e+06 8.304610223141e+04 1.846847040000e+06 7.387370656000e+06 0.000000000000e+00 0.000000000000e+00 0.000000000000e+00 6.317773750305e-04 6.882622555596e-03 1.124215944421e-02 0.000000000000e+00 0.000000000000e+00 0.000000000000e+00 0.000000000000e+00 0.000000000000e+00 
9.930000000000e+00 2.421739570036e-03 9.921039020465e-03 5.747087270757e-04 1.050847583539e+05 1.123127738666e+05 1.000000000000e+05 7.259891700484e+03 5.546605745406e+02 1.800000000000e+06 8.273547226747e+04 1.846847040000e+06 7.387370656000e+06 0.000000000000e+00 0.000000000000e+00 0.000000000000e+00 6.294142420484e-04 6.874458543520e-03 1.120010698251e-02 0.000000000000e+00 0.000000000000e+00 0.000000000000e+00 0.000000000000e+00 0.000000000000e+00 
9.935000000000e+00 2.418868189392e-03 9.883800407378e-03 5.738894365731e-04 1.047022795926e+05 1.119328467982e+05 1.000000000000e+05 7.262070716499e+03 5.551605526516e+02 1.800000000000e+06 8.242706943904e+04 1.846847040000e+06 7.387370656000e+06 0.000000000000e+00 0.000000000000e+00 0.000000000000e+00 6.270680521109e-04 6.866304664215e-03 1.115835582738e-02 0.000000000000e+00 0.000000000000e+00 0.000000000000e+00 0.000000000000e+00 0.000000000000e+00 
9.940000000000e+00 2.416001804491e-03 9.847442088452e-03 5.727737486909e-04 1.043230892263e+05 1.115524461106e+05 1.000000000000e+05 7.264248817938e+03 5.556604971051e+02 1.800000000000e+06 8.212098858893e+04 1.846847040000e+06 7.387370656000e+06 0.000000000000e+00 0.000000000000e+00 0.000000000000e+00 6.247395267397e-04 6.858165187939e-03 1.111691883618e-02 0.000000000000e+00 0.000000000000e+00 0.000000000000e+00 0.000000000000e+00 0.000000000000e+00 
9.945000000000e+00 2.413141859201e-03 9.811927102937e-03 5.713740621052e-04 1.039472510045e+05 1.111717657634e+05 1.000000000000e+05 7.266424910096e+03 5.561601535563e+02 1.800000000000e+06 8.181731313710e+04 1.846847040000e+06 7.387370656000e+06 0.000000000000e+00 0.000000000000e+00 0.000000000000e+00 6.224293005562e-04 6.850044217016e-03 1.107580732388e-02 0.000000000000e+00 0.000000000000e+00 0.000000000000e+00 0.000000000000e+00 0.000000000000e+00 
9.950000000000e+00 2.410289733208e-03 9.777230963361e-03 5.697031176770e-04 1.035748167177e+05 1.107909934454e+05 1.000000000000e+05 7.268597941190e+03 5.566592772053e+02 1.800000000000e+06 8.151611513932e+04 1.846847040000e+06 7.387370656000e+06 0.000000000000e+00 0.000000000000e+00 0.000000000000e+00 6.201379217281e-04 6.841945676209e-03 1.103503106052e-02 0.000000000000e+00 0.000000000000e+00 0.000000000000e+00 0.000000000000e+00 0.000000000000e+00 
9.955000000000e+00 2.407446744562e-03 9.743331762700e-03 5.677732918522e-04 1.032058353256e+05 1.104103107968e+05 1.000000000000e+05 7.270766899883e+03 5.571576324412e+02 1.800000000000e+06 8.121745755420e+04 1.846847040000e+06 7.387370656000e+06 0.000000000000e+00 0.000000000000e+00 0.000000000000e+00 6.178658692165e-04 6.833873308378e-03 1.099459858337e-02 0.000000000000e+00 0.000000000000e+00 0.000000000000e+00 0.000000000000e+00 0.000000000000e+00 
9.960000000000e+00 2.404614144453e-03 9.710194171127e-03 5.655989995117e-04 1.028403215810e+05 1.100298925890e+05 1.000000000000e+05 7.272930822670e+03 5.576549938507e+02 1.800000000000e+06 8.092139252939e+04 1.846847040000e+06 7.387370656000e+06 0.000000000000e+00 0.000000000000e+00 0.000000000000e+00 6.156135397370e-04 6.825830665902e-03 1.095451697624e-02 0.000000000000e+00 0.000000000000e+00 0.000000000000e+00 0.000000000000e+00 0.000000000000e+00 
9.965000000000e+00 2.401793112743e-03 9.677789252296e-03 5.631939532798e-04 1.024782899232e+05 1.096499059911e+05 1.000000000000e+05 7.275088794249e+03 5.581511471036e+02 1.800000000000e+06 8.062795852921e+04 1.846847040000e+06 7.387370656000e+06 0.000000000000e+00 0.000000000000e+00 0.000000000000e+00 6.133812259089e-04 6.817821098176e-03 1.091479146293e-02 0.000000000000e+00 0.000000000000e+00 0.000000000000e+00 0.000000000000e+00 0.000000000000e+00 
9.970000000000e+00 2.398984761894e-03 9.646088837350e-03 5.605717864025e-04 1.021197469972e+05 1.092705109594e+05 1.000000000000e+05 7.277239945713e+03 5.586458883684e+02 1.800000000000e+06 8.033718541279e+04 1.846847040000e+06 7.387370656000e+06 0.000000000000e+00 0.000000000000e+00 0.000000000000e+00 6.111691548870e-04 6.809847762360e-03 1.087542610013e-02 0.000000000000e+00 0.000000000000e+00 0.000000000000e+00 0.000000000000e+00 0.000000000000e+00 
9.975000000000e+00 2.396190135569e-03 9.615063111082e-03 5.577463293396e-04 1.017646877799e+05 1.088918599109e+05 1.000000000000e+05 7.279383456379e+03 5.591390246614e+02 1.800000000000e+06 8.004909418170e+04 1.846847040000e+06 7.387370656000e+06 0.000000000000e+00 0.000000000000e+00 0.000000000000e+00 6.089774864420e-04 6.801913619525e-03 1.083642374579e-02 0.000000000000e+00 0.000000000000e+00 0.000000000000e+00 0.000000000000e+00 0.000000000000e+00 
9.980000000000e+00 2.393410207841e-03 9.584681170135e-03 5.547315178606e-04 1.014130964707e+05 1.085140974759e+05 1.000000000000e+05 7.281518554698e+03 5.596303740931e+02 1.800000000000e+06 7.976369693444e+04 1.846847040000e+06 7.387370656000e+06 0.000000000000e+00 0.000000000000e+00 0.000000000000e+00 6.068063126136e-04 6.794021432518e-03 1.079778605231e-02 0.000000000000e+00 0.000000000000e+00 0.000000000000e+00 0.000000000000e+00 0.000000000000e+00 
9.985000000000e+00 2.390645882523e-03 9.554909899166e-03 5.515415409710e-04 1.010649443366e+05 1.081373602620e+05 1.000000000000e+05 7.283644519375e+03 5.601197660943e+02 1.800000000000e+06 7.948099696049e+04 1.846847040000e+06 7.387370656000e+06 0.000000000000e+00 0.000000000000e+00 0.000000000000e+00 6.046556584268e-04 6.786173764175e-03 1.075951348042e-02 0.000000000000e+00 0.000000000000e+00 0.000000000000e+00 0.000000000000e+00 0.000000000000e+00 
9.990000000000e+00 2.387897993798e-03 9.525717041088e-03 5.481904176727e-04 1.007201950597e+05 1.077617767953e+05 1.000000000000e+05 7.285760678782e+03 5.606070414131e+02 1.800000000000e+06 7.920098925668e+04 1.846847040000e+06 7.387370656000e+06 0.000000000000e+00 0.000000000000e+00 0.000000000000e+00 6.025254858196e-04 6.778372981152e-03 1.072160536624e-02 0.000000000000e+00 0.000000000000e+00 0.000000000000e+00 0.000000000000e+00 0.000000000000e+00 
9.995000000000e+00 2.385167306840e-03 9.497073264969e-03 5.446914297201e-04 1.003788119966e+05 1.073874674596e+05 1.000000000000e+05 7.287866410168e+03 5.610920521133e+02 1.800000000000e+06 7.892366104993e+04 1.846847040000e+06 7.387370656000e+06 0.000000000000e+00 0.000000000000e+00 0.000000000000e+00 6.004156976204e-04 6.770621252026e-03 1.068405999122e-02 0.000000000000e+00 0.000000000000e+00 0.000000000000e+00 0.000000000000e+00 0.000000000000e+00 
1.000000000000e+01 2.382454521518e-03 9.468948979270e-03 5.410577976184e-04 1.000407499310e+05 1.070145448623e+05 1.000000000000e+05 7.289961138069e+03 5.615746610217e+02 1.800000000000e+06 7.864899464170e+04 1.846847040000e+06 7.387370656000e+06 0.000000000000e+00 0.000000000000e+00 0.000000000000e+00 5.983261591865e-04 6.762920558593e-03 1.064687496914e-02 0.000000000000e+00 0.000000000000e+00 0.000000000000e+00 0.000000000000e+00 0.000000000000e+00 
