9.000000000000e+00 1.667482278069e-01 7.482072120966e-01 3.024540514342e-02 1.026608585696e+05 1.027203862816e+05 1.005284497355e+05 3.727492067016e+03 5.960096671863e+02 3.400000000000e+06 0.000000000000e+00 -8.752000000000e-01 -8.752000000000e-01 0.000000000000e+00 0.000000000000e+00 0.000000000000e+00 -0.000000000000e+00 1.012657132701e-01 0.000000000000e+00 0.000000000000e+00 0.000000000000e+00 0.000000000000e+00 0.000000000000e+00 0.000000000000e+00 
9.005000000000e+00 1.665964219498e-01 7.652844080220e-01 2.982289009639e-02 1.023315866636e+05 1.023880216381e+05 1.005241213040e+05 3.728376820963e+03 5.963791938096e+02 3.400000000000e+06 0.000000000000e+00 -8.752000000000e-01 -8.752000000000e-01 0.000000000000e+00 0.000000000000e+00 0.000000000000e+00 -0.000000000000e+00 1.011735222172e-01 0.000000000000e+00 0.000000000000e+00 0.000000000000e+00 0.000000000000e+00 0.000000000000e+00 0.000000000000e+00 
9.010000000000e+00 1.664467076011e-01 7.833010539697e-01 2.941306337005e-02 1.020060273312e+05 1.020594927809e+05 1.005198855151e+05 3.729250477081e+03 5.967444544869e+02 3.400000000000e+06 0.000000000000e+00 -8.752000000000e-01 -8.752000000000e-01 0.000000000000e+00 0.000000000000e+00 0.000000000000e+00 -0.000000000000e+00 1.010826012609e-01 0.000000000000e+00 0.000000000000e+00 0.000000000000e+00 0.000000000000e+00 0.000000000000e+00 0.000000000000e+00 
9.015000000000e+00 1.662990203043e-01 8.021419682388e-01 2.901648202712e-02 1.016840515229e+05 1.017346865847e+05 1.005157389582e+05 3.730113372368e+03 5.971055712832e+02 3.400000000000e+06 0.000000000000e+00 -8.752000000000e-01 -8.752000000000e-01 0.000000000000e+00 0.000000000000e+00 0.000000000000e+00 -0.000000000000e+00 1.009929112763e-01 0.000000000000e+00 0.000000000000e+00 0.000000000000e+00 0.000000000000e+00 0.000000000000e+00 0.000000000000e+00 
9.020000000000e+00 1.661532936330e-01 8.216934450864e-01 2.863350554957e-02 1.013655282046e+05 1.014134840714e+05 1.005116782622e+05 3.730965856904e+03 5.974626730788e+02 3.400000000000e+06 0.000000000000e+00 -8.752000000000e-01 -8.752000000000e-01 0.000000000000e+00 0.000000000000e+00 0.000000000000e+00 -0.000000000000e+00 1.009044119386e-01 0.000000000000e+00 0.000000000000e+00 0.000000000000e+00 0.000000000000e+00 0.000000000000e+00 0.000000000000e+00 
9.025000000000e+00 1.660094599468e-01 8.418438110969e-01 2.826424730432e-02 1.010503270099e+05 1.010957620639e+05 1.005077001145e+05 3.731808289240e+03 5.978158937038e+02 3.400000000000e+06 0.000000000000e+00 -8.752000000000e-01 -8.752000000000e-01 0.000000000000e+00 0.000000000000e+00 0.000000000000e+00 -0.000000000000e+00 1.008170621825e-01 0.000000000000e+00 0.000000000000e+00 0.000000000000e+00 0.000000000000e+00 0.000000000000e+00 0.000000000000e+00 
9.030000000000e+00 1.658674534234e-01 8.624875379826e-01 2.790754266827e-02 1.007383453060e+05 1.007813999050e+05 1.005038013420e+05 3.732641014662e+03 5.981653644406e+02 3.400000000000e+06 0.000000000000e+00 -8.752000000000e-01 -8.752000000000e-01 0.000000000000e+00 0.000000000000e+00 0.000000000000e+00 -0.000000000000e+00 1.007308220435e-01 0.000000000000e+00 0.000000000000e+00 0.000000000000e+00 0.000000000000e+00 0.000000000000e+00 0.000000000000e+00 
9.035000000000e+00 1.657272207953e-01 8.835352385230e-01 2.755968986254e-02 1.004295573105e+05 1.004703033724e+05 1.004999791974e+05 3.733464297106e+03 5.985111874168e+02 3.400000000000e+06 0.000000000000e+00 -8.752000000000e-01 -8.752000000000e-01 0.000000000000e+00 0.000000000000e+00 0.000000000000e+00 -0.000000000000e+00 1.006456591792e-01 0.000000000000e+00 0.000000000000e+00 0.000000000000e+00 0.000000000000e+00 0.000000000000e+00 0.000000000000e+00 
9.040000000000e+00 1.655887612683e-01 9.051283583153e-01 2.705666141533e-02 1.001272045241e+05 1.001624938337e+05 1.004962324195e+05 3.734277484918e+03 5.988533364937e+02 3.400000000000e+06 0.000000000000e+00 -8.752000000000e-01 -8.752000000000e-01 0.000000000000e+00 0.000000000000e+00 0.000000000000e+00 -0.000000000000e+00 1.005615731116e-01 0.000000000000e+00 0.000000000000e+00 0.000000000000e+00 0.000000000000e+00 0.000000000000e+00 0.000000000000e+00 
9.045000000000e+00 1.654775719788e-01 9.653229362543e-01 1.425501596676e-02 1.001277667097e+05 9.991484251491e+04 1.004932429144e+05 3.734884100618e+03 5.991285996676e+02 3.400000000000e+06 0.000000000000e+00 -8.752000000000e-01 -8.752000000000e-01 0.000000000000e+00 0.000000000000e+00 0.000000000000e+00 -0.000000000000e+00 1.004940481795e-01 0.000000000000e+00 0.000000000000e+00 0.000000000000e+00 0.000000000000e+00 0.000000000000e+00 0.000000000000e+00 
9.050000000000e+00 1.655026386485e-01 1.164167725267e+00 -2.438229041932e-02 1.009439833329e+05 9.997070969358e+04 1.004939153750e+05 3.734589664290e+03 5.990665049456e+02 3.400000000000e+06 0.000000000000e+00 -8.752000000000e-01 -8.752000000000e-01 0.000000000000e+00 0.000000000000e+00 0.000000000000e+00 -0.000000000000e+00 1.005092703440e-01 0.000000000000e+00 0.000000000000e+00 0.000000000000e+00 0.000000000000e+00 0.000000000000e+00 0.000000000000e+00 
9.055000000000e+00 1.657622864257e-01 1.548226636238e+00 -7.852724450703e-02 1.025893156278e+05 1.005481557994e+05 1.005009323458e+05 3.732856048804e+03 5.984246464301e+02 3.400000000000e+06 0.000000000000e+00 -8.752000000000e-01 -8.752000000000e-01 0.000000000000e+00 0.000000000000e+00 0.000000000000e+00 -0.000000000000e+00 1.006669544342e-01 0.000000000000e+00 0.000000000000e+00 0.000000000000e+00 0.000000000000e+00 0.000000000000e+00 0.000000000000e+00 
9.060000000000e+00 1.663089533110e-01 2.131406714135e+00 -1.373518993757e-01 1.049533093060e+05 1.017565547224e+05 1.005160168547e+05 3.729427377026e+03 5.970812587019e+02 3.400000000000e+06 0.000000000000e+00 -8.752000000000e-01 -8.752000000000e-01 0.000000000000e+00 0.000000000000e+00 0.000000000000e+00 -0.000000000000e+00 1.009989435581e-01 0.000000000000e+00 0.000000000000e+00 0.000000000000e+00 0.000000000000e+00 0.000000000000e+00 0.000000000000e+00 
9.065000000000e+00 1.671358727752e-01 2.892262795752e+00 -1.902536162295e-01 1.077910407396e+05 1.035656704884e+05 1.005396572669e+05 3.724406653081e+03 5.950698927129e+02 3.400000000000e+06 0.000000000000e+00 -8.752000000000e-01 -8.752000000000e-01 0.000000000000e+00 0.000000000000e+00 0.000000000000e+00 -0.000000000000e+00 1.015011294301e-01 0.000000000000e+00 0.000000000000e+00 0.000000000000e+00 0.000000000000e+00 0.000000000000e+00 0.000000000000e+00 
9.070000000000e+00 1.681962898989e-01 3.792362670359e+00 -2.312328241360e-01 1.108618411228e+05 1.058530681039e+05 1.005714814327e+05 3.718118760636e+03 5.925274336701e+02 3.400000000000e+06 0.000000000000e+00 -8.752000000000e-01 -8.752000000000e-01 0.000000000000e+00 0.000000000000e+00 0.000000000000e+00 -0.000000000000e+00 1.021451176651e-01 0.000000000000e+00 0.000000000000e+00 0.000000000000e+00 0.000000000000e+00 0.000000000000e+00 0.000000000000e+00 
9.075000000000e+00 1.694231777743e-01 4.786773128018e+00 -2.576702459044e-01 1.139563568059e+05 1.084548248653e+05 1.006105265712e+05 3.710989278363e+03 5.896382169518e+02 3.400000000000e+06 0.000000000000e+00 -8.752000000000e-01 -8.752000000000e-01 0.000000000000e+00 0.000000000000e+00 0.000000000000e+00 -0.000000000000e+00 1.028902031035e-01 0.000000000000e+00 0.000000000000e+00 0.000000000000e+00 0.000000000000e+00 0.000000000000e+00 0.000000000000e+00 
9.080000000000e+00 1.707444642934e-01 5.830767102624e+00 -2.699582759787e-01 1.169246404816e+05 1.112043466687e+05 1.006554063510e+05 3.703449551397e+03 5.865906080022e+02 3.400000000000e+06 0.000000000000e+00 -8.752000000000e-01 -8.752000000000e-01 0.000000000000e+00 0.000000000000e+00 0.000000000000e+00 -0.000000000000e+00 1.036926165634e-01 0.000000000000e+00 0.000000000000e+00 0.000000000000e+00 0.000000000000e+00 0.000000000000e+00 0.000000000000e+00 
9.085000000000e+00 1.720958139813e-01 6.884426027773e+00 -2.706407605113e-01 1.196841448059e+05 1.139616015548e+05 1.007045410483e+05 3.695863933073e+03 5.835436048599e+02 3.400000000000e+06 0.000000000000e+00 -8.752000000000e-01 -8.752000000000e-01 0.000000000000e+00 0.000000000000e+00 0.000000000000e+00 -0.000000000000e+00 1.045132872974e-01 0.000000000000e+00 0.000000000000e+00 0.000000000000e+00 0.000000000000e+00 0.000000000000e+00 0.000000000000e+00 
9.090000000000e+00 1.734290532883e-01 7.915855831821e+00 -2.634076590659e-01 1.222130713987e+05 1.166289531808e+05 1.007564354850e+05 3.688488358357e+03 5.806083407244e+02 3.400000000000e+06 0.000000000000e+00 -8.752000000000e-01 -8.752000000000e-01 0.000000000000e+00 0.000000000000e+00 0.000000000000e+00 -0.000000000000e+00 1.053229596467e-01 0.000000000000e+00 0.000000000000e+00 0.000000000000e+00 0.000000000000e+00 0.000000000000e+00 0.000000000000e+00 
9.095000000000e+00 1.747143447036e-01 8.903465550774e+00 -2.517981941184e-01 1.245257988672e+05 1.191518336550e+05 1.008098892059e+05 3.681468354524e+03 5.778469525321e+02 3.400000000000e+06 0.000000000000e+00 -8.752000000000e-01 -8.752000000000e-01 0.000000000000e+00 0.000000000000e+00 0.000000000000e+00 -0.000000000000e+00 1.061035133733e-01 0.000000000000e+00 0.000000000000e+00 0.000000000000e+00 0.000000000000e+00 0.000000000000e+00 0.000000000000e+00 
9.100000000000e+00 1.759373367466e-01 9.832769530435e+00 -2.384011308490e-01 1.266495817594e+05 1.215092468346e+05 1.008640720630e+05 3.674863186373e+03 5.752832744225e+02 3.400000000000e+06 0.000000000000e+00 -8.752000000000e-01 -8.752000000000e-01 0.000000000000e+00 0.000000000000e+00 0.000000000000e+00 -0.000000000000e+00 1.068462328580e-01 0.000000000000e+00 0.000000000000e+00 0.000000000000e+00 0.000000000000e+00 0.000000000000e+00 0.000000000000e+00 
9.105000000000e+00 1.770919458843e-01 1.069124242866e+01 -2.243817454110e-01 1.286009576137e+05 1.236970862575e+05 1.009183750625e+05 3.668690735405e+03 5.729215844584e+02 3.400000000000e+06 0.000000000000e+00 -8.752000000000e-01 -8.752000000000e-01 0.000000000000e+00 0.000000000000e+00 0.000000000000e+00 -0.000000000000e+00 1.075474235794e-01 0.000000000000e+00 0.000000000000e+00 0.000000000000e+00 0.000000000000e+00 0.000000000000e+00 0.000000000000e+00 
9.110000000000e+00 1.781771582090e-01 1.147015910705e+01 -2.107934294935e-01 1.304030564361e+05 1.257207107910e+05 1.009723608452e+05 3.662942056144e+03 5.707551189389e+02 3.400000000000e+06 0.000000000000e+00 -8.752000000000e-01 -8.752000000000e-01 0.000000000000e+00 0.000000000000e+00 0.000000000000e+00 -0.000000000000e+00 1.082064697836e-01 0.000000000000e+00 0.000000000000e+00 0.000000000000e+00 0.000000000000e+00 0.000000000000e+00 0.000000000000e+00 
9.115000000000e+00 1.791974699931e-01 1.216672866939e+01 -1.983333819950e-01 1.320817558341e+05 1.275949790503e+05 1.010258603782e+05 3.657581095639e+03 5.687665186602e+02 3.400000000000e+06 0.000000000000e+00 -8.752000000000e-01 -8.752000000000e-01 0.000000000000e+00 0.000000000000e+00 0.000000000000e+00 -0.000000000000e+00 1.088261020325e-01 0.000000000000e+00 0.000000000000e+00 0.000000000000e+00 0.000000000000e+00 0.000000000000e+00 0.000000000000e+00 
9.120000000000e+00 1.801587707551e-01 1.277998911753e+01 -1.869339492036e-01 1.336509357825e+05 1.293361947342e+05 1.010788181235e+05 3.652568671705e+03 5.669368437327e+02 3.400000000000e+06 0.000000000000e+00 -8.752000000000e-01 -8.752000000000e-01 0.000000000000e+00 0.000000000000e+00 0.000000000000e+00 -0.000000000000e+00 1.094098970018e-01 0.000000000000e+00 0.000000000000e+00 0.000000000000e+00 0.000000000000e+00 0.000000000000e+00 0.000000000000e+00 
9.125000000000e+00 1.810645616476e-01 1.330800280760e+01 -1.758795896204e-01 1.351082029488e+05 1.309553647265e+05 1.011310894114e+05 3.647881736797e+03 5.652527704396e+02 3.400000000000e+06 0.000000000000e+00 -8.752000000000e-01 -8.752000000000e-01 0.000000000000e+00 0.000000000000e+00 0.000000000000e+00 -0.000000000000e+00 1.099599809211e-01 0.000000000000e+00 0.000000000000e+00 0.000000000000e+00 0.000000000000e+00 0.000000000000e+00 0.000000000000e+00 
9.130000000000e+00 1.819157561204e-01 1.375049725939e+01 -1.650736686524e-01 1.364568526059e+05 1.324582412028e+05 1.011823988364e+05 3.643509469807e+03 5.637063785899e+02 3.400000000000e+06 0.000000000000e+00 -8.752000000000e-01 -8.752000000000e-01 0.000000000000e+00 0.000000000000e+00 0.000000000000e+00 -0.000000000000e+00 1.104769095991e-01 0.000000000000e+00 0.000000000000e+00 0.000000000000e+00 0.000000000000e+00 0.000000000000e+00 0.000000000000e+00 
9.135000000000e+00 1.827146237124e-01 1.411098753137e+01 -1.548958063797e-01 1.377103282982e+05 1.338525032162e+05 1.012325621846e+05 3.639433064789e+03 5.622876749511e+02 3.400000000000e+06 0.000000000000e+00 -8.752000000000e-01 -8.752000000000e-01 0.000000000000e+00 0.000000000000e+00 0.000000000000e+00 -0.000000000000e+00 1.109620595642e-01 0.000000000000e+00 0.000000000000e+00 0.000000000000e+00 0.000000000000e+00 0.000000000000e+00 0.000000000000e+00 
9.140000000000e+00 1.834650194709e-01 1.439524283816e+01 -1.455608094233e-01 1.388815130987e+05 1.351480646669e+05 1.012815207456e+05 3.635626915113e+03 5.609844677455e+02 3.400000000000e+06 0.000000000000e+00 -8.752000000000e-01 -8.752000000000e-01 0.000000000000e+00 0.000000000000e+00 0.000000000000e+00 -0.000000000000e+00 1.114177727259e-01 0.000000000000e+00 0.000000000000e+00 0.000000000000e+00 0.000000000000e+00 0.000000000000e+00 0.000000000000e+00 
9.145000000000e+00 1.841709541063e-01 1.460948435745e+01 -1.369646396672e-01 1.399777002104e+05 1.363545616361e+05 1.013292630108e+05 3.632066521224e+03 5.597850466157e+02 3.400000000000e+06 0.000000000000e+00 -8.752000000000e-01 -8.752000000000e-01 0.000000000000e+00 0.000000000000e+00 0.000000000000e+00 -0.000000000000e+00 1.118464847768e-01 0.000000000000e+00 0.000000000000e+00 0.000000000000e+00 0.000000000000e+00 0.000000000000e+00 0.000000000000e+00 
9.150000000000e+00 1.848355888768e-01 1.475988098999e+01 -1.289020832141e-01 1.410026777386e+05 1.374797121838e+05 1.013757549396e+05 3.628732746677e+03 5.586798233719e+02 3.400000000000e+06 0.000000000000e+00 -8.752000000000e-01 -8.752000000000e-01 0.000000000000e+00 0.000000000000e+00 0.000000000000e+00 -0.000000000000e+00 1.122501155399e-01 0.000000000000e+00 0.000000000000e+00 0.000000000000e+00 0.000000000000e+00 0.000000000000e+00 0.000000000000e+00 
9.155000000000e+00 1.854608942345e-01 1.485232070099e+01 -1.211528112700e-01 1.419576995886e+05 1.385288669342e+05 1.014209049382e+05 3.625613053290e+03 5.576616953556e+02 3.400000000000e+06 0.000000000000e+00 -8.752000000000e-01 -8.752000000000e-01 0.000000000000e+00 0.000000000000e+00 0.000000000000e+00 -0.000000000000e+00 1.126298616649e-01 0.000000000000e+00 0.000000000000e+00 0.000000000000e+00 0.000000000000e+00 0.000000000000e+00 0.000000000000e+00 
9.160000000000e+00 1.860482792430e-01 1.489305279765e+01 -1.136704545972e-01 1.428457782592e+05 1.395061759646e+05 1.014645982319e+05 3.622697537646e+03 5.567248278137e+02 3.400000000000e+06 0.000000000000e+00 -8.752000000000e-01 -8.752000000000e-01 0.000000000000e+00 0.000000000000e+00 0.000000000000e+00 -0.000000000000e+00 1.129865788722e-01 0.000000000000e+00 0.000000000000e+00 0.000000000000e+00 0.000000000000e+00 0.000000000000e+00 0.000000000000e+00 
9.165000000000e+00 1.865990469915e-01 1.488848761388e+01 -1.064656770149e-01 1.436705181468e+05 1.404154004365e+05 1.015067265958e+05 3.619976963470e+03 5.558638478767e+02 3.400000000000e+06 0.000000000000e+00 -8.752000000000e-01 -8.752000000000e-01 0.000000000000e+00 0.000000000000e+00 0.000000000000e+00 -0.000000000000e+00 1.133210585240e-01 0.000000000000e+00 0.000000000000e+00 0.000000000000e+00 0.000000000000e+00 0.000000000000e+00 0.000000000000e+00 
9.170000000000e+00 1.871145810846e-01 1.484488755190e+01 -9.948678575015e-02 1.444344812827e+05 1.412602431056e+05 1.015472025793e+05 3.617442194756e+03 5.550735388719e+02 3.400000000000e+06 0.000000000000e+00 -8.752000000000e-01 -8.752000000000e-01 0.000000000000e+00 0.000000000000e+00 0.000000000000e+00 -0.000000000000e+00 1.136341408793e-01 0.000000000000e+00 0.000000000000e+00 0.000000000000e+00 0.000000000000e+00 0.000000000000e+00 0.000000000000e+00 
9.175000000000e+00 1.875947547591e-01 1.476626977231e+01 -9.222632424011e-02 1.451301201125e+05 1.420417803890e+05 1.015858311261e+05 3.615093301538e+03 5.543512160216e+02 3.400000000000e+06 0.000000000000e+00 -8.752000000000e-01 -8.752000000000e-01 0.000000000000e+00 0.000000000000e+00 0.000000000000e+00 -0.000000000000e+00 1.139257489553e-01 0.000000000000e+00 0.000000000000e+00 0.000000000000e+00 0.000000000000e+00 0.000000000000e+00 0.000000000000e+00 
9.180000000000e+00 1.880364784814e-01 1.465401566486e+01 -8.412692325552e-02 1.457441170272e+05 1.427562113741e+05 1.016221753530e+05 3.612945202829e+03 5.536986457996e+02 3.400000000000e+06 0.000000000000e+00 -8.752000000000e-01 -8.752000000000e-01 0.000000000000e+00 0.000000000000e+00 0.000000000000e+00 -0.000000000000e+00 1.141940064871e-01 0.000000000000e+00 0.000000000000e+00 0.000000000000e+00 0.000000000000e+00 0.000000000000e+00 0.000000000000e+00 
9.185000000000e+00 1.884349724401e-01 1.450875044646e+01 -7.505138013558e-02 1.462672076111e+05 1.433970325828e+05 1.016556414595e+05 3.611019678683e+03 5.531198710773e+02 3.400000000000e+06 0.000000000000e+00 -8.752000000000e-01 -8.752000000000e-01 0.000000000000e+00 0.000000000000e+00 0.000000000000e+00 -0.000000000000e+00 1.144360107092e-01 0.000000000000e+00 0.000000000000e+00 0.000000000000e+00 0.000000000000e+00 0.000000000000e+00 0.000000000000e+00 
9.190000000000e+00 1.887862799938e-01 1.433227265443e+01 -6.545106388645e-02 1.467009975036e+05 1.439590893657e+05 1.016856886661e+05 3.609332503907e+03 5.526175419607e+02 3.400000000000e+06 0.000000000000e+00 -8.752000000000e-01 -8.752000000000e-01 0.000000000000e+00 0.000000000000e+00 0.000000000000e+00 -0.000000000000e+00 1.146493587648e-01 0.000000000000e+00 0.000000000000e+00 0.000000000000e+00 0.000000000000e+00 0.000000000000e+00 0.000000000000e+00 
9.195000000000e+00 1.890893657150e-01 1.412795115270e+01 -5.583239153160e-02 1.470526982660e+05 1.444418382616e+05 1.017120276934e+05 3.607885100373e+03 5.521901887582e+02 3.400000000000e+06 0.000000000000e+00 -8.752000000000e-01 -8.752000000000e-01 0.000000000000e+00 0.000000000000e+00 0.000000000000e+00 -0.000000000000e+00 1.148334218418e-01 0.000000000000e+00 0.000000000000e+00 0.000000000000e+00 0.000000000000e+00 0.000000000000e+00 0.000000000000e+00 
9.200000000000e+00 1.893448363681e-01 1.389904875496e+01 -4.654462414356e-02 1.473295299623e+05 1.448472026741e+05 1.017345325046e+05 3.606671655720e+03 5.518343496953e+02 3.400000000000e+06 0.000000000000e+00 -8.752000000000e-01 -8.752000000000e-01 0.000000000000e+00 0.000000000000e+00 0.000000000000e+00 -0.000000000000e+00 1.149885684264e-01 0.000000000000e+00 0.000000000000e+00 0.000000000000e+00 0.000000000000e+00 0.000000000000e+00 0.000000000000e+00 
9.205000000000e+00 1.895542644583e-01 1.364812587235e+01 -3.761460682960e-02 1.475349740453e+05 1.451784608520e+05 1.017531910152e+05 3.605683013853e+03 5.515456531160e+02 3.400000000000e+06 0.000000000000e+00 -8.752000000000e-01 -8.752000000000e-01 0.000000000000e+00 0.000000000000e+00 0.000000000000e+00 -0.000000000000e+00 1.151157534965e-01 0.000000000000e+00 0.000000000000e+00 0.000000000000e+00 0.000000000000e+00 0.000000000000e+00 0.000000000000e+00 
9.210000000000e+00 1.897188935581e-01 1.337666637538e+01 -2.891119082272e-02 1.476693101031e+05 1.454381982929e+05 1.017679921605e+05 3.604912432790e+03 5.513206292313e+02 3.400000000000e+06 0.000000000000e+00 -8.752000000000e-01 -8.752000000000e-01 0.000000000000e+00 0.000000000000e+00 0.000000000000e+00 -0.000000000000e+00 1.152157322700e-01 0.000000000000e+00 0.000000000000e+00 0.000000000000e+00 0.000000000000e+00 0.000000000000e+00 0.000000000000e+00 
9.215000000000e+00 1.898397811582e-01 1.308570599463e+01 -2.039041236498e-02 1.477338070638e+05 1.456285548316e+05 1.017789363030e+05 3.604354068703e+03 5.511564739615e+02 3.400000000000e+06 0.000000000000e+00 -8.752000000000e-01 -8.752000000000e-01 0.000000000000e+00 0.000000000000e+00 0.000000000000e+00 -0.000000000000e+00 1.152891469579e-01 0.000000000000e+00 0.000000000000e+00 0.000000000000e+00 0.000000000000e+00 0.000000000000e+00 0.000000000000e+00 
9.220000000000e+00 1.899161847055e-01 1.277390041748e+01 -1.135394276088e-02 1.477161817555e+05 1.457487032585e+05 1.017858864444e+05 3.604013136377e+03 5.510531980056e+02 3.400000000000e+06 0.000000000000e+00 -8.752000000000e-01 -8.752000000000e-01 0.000000000000e+00 0.000000000000e+00 0.000000000000e+00 -0.000000000000e+00 1.153355466099e-01 0.000000000000e+00 0.000000000000e+00 0.000000000000e+00 0.000000000000e+00 0.000000000000e+00 0.000000000000e+00 
9.225000000000e+00 1.899477688123e-01 1.244273578691e+01 -2.822378395224e-03 1.476322306937e+05 1.457983344831e+05 1.017887670717e+05 3.603887605515e+03 5.510106126840e+02 3.400000000000e+06 0.000000000000e+00 -8.752000000000e-01 -8.752000000000e-01 0.000000000000e+00 0.000000000000e+00 0.000000000000e+00 -0.000000000000e+00 1.153547275462e-01 0.000000000000e+00 0.000000000000e+00 0.000000000000e+00 0.000000000000e+00 0.000000000000e+00 0.000000000000e+00 
9.230000000000e+00 1.899400774109e-01 1.209559165090e+01 4.949931028531e-03 1.474951623628e+05 1.457862501837e+05 1.017880651708e+05 3.603949689850e+03 5.510209773196e+02 3.400000000000e+06 0.000000000000e+00 -8.752000000000e-01 -8.752000000000e-01 0.000000000000e+00 0.000000000000e+00 0.000000000000e+00 -0.000000000000e+00 1.153500565805e-01 0.000000000000e+00 0.000000000000e+00 0.000000000000e+00 0.000000000000e+00 0.000000000000e+00 0.000000000000e+00 
9.235000000000e+00 1.898982722561e-01 1.173700224444e+01 1.185263512315e-02 1.473152060755e+05 1.457205462065e+05 1.017842547021e+05 3.604174104864e+03 5.510773775758e+02 3.400000000000e+06 0.000000000000e+00 -8.752000000000e-01 -8.752000000000e-01 0.000000000000e+00 0.000000000000e+00 0.000000000000e+00 -0.000000000000e+00 1.153246684315e-01 0.000000000000e+00 0.000000000000e+00 0.000000000000e+00 0.000000000000e+00 0.000000000000e+00 0.000000000000e+00 
9.240000000000e+00 1.898250657486e-01 1.136842062688e+01 1.743808244446e-02 1.471038993921e+05 1.456053997985e+05 1.017776006568e+05 3.604546463679e+03 5.511764072114e+02 3.400000000000e+06 0.000000000000e+00 -8.752000000000e-01 -8.752000000000e-01 0.000000000000e+00 0.000000000000e+00 0.000000000000e+00 -0.000000000000e+00 1.152802103325e-01 0.000000000000e+00 0.000000000000e+00 0.000000000000e+00 0.000000000000e+00 0.000000000000e+00 0.000000000000e+00 
9.245000000000e+00 1.897266022986e-01 1.099404542266e+01 2.179381744982e-02 1.468699470582e+05 1.454503462447e+05 1.017686881282e+05 3.605037542159e+03 5.513101340447e+02 3.400000000000e+06 0.000000000000e+00 -8.752000000000e-01 -8.752000000000e-01 0.000000000000e+00 0.000000000000e+00 0.000000000000e+00 -0.000000000000e+00 1.152204137657e-01 0.000000000000e+00 0.000000000000e+00 0.000000000000e+00 0.000000000000e+00 0.000000000000e+00 0.000000000000e+00 
9.250000000000e+00 1.896095053947e-01 1.061755276327e+01 2.480715506831e-02 1.466261019888e+05 1.452656799406e+05 1.017581443150e+05 3.605615137204e+03 5.514699581654e+02 3.400000000000e+06 0.000000000000e+00 -8.752000000000e-01 -8.752000000000e-01 0.000000000000e+00 0.000000000000e+00 0.000000000000e+00 -0.000000000000e+00 1.151493011565e-01 0.000000000000e+00 0.000000000000e+00 0.000000000000e+00 0.000000000000e+00 0.000000000000e+00 0.000000000000e+00 
9.255000000000e+00 1.894807269883e-01 1.024302658183e+01 2.644554330166e-02 1.463844475888e+05 1.450622520149e+05 1.017466177159e+05 3.606245629928e+03 5.516467141717e+02 3.400000000000e+06 0.000000000000e+00 -8.752000000000e-01 -8.752000000000e-01 0.000000000000e+00 0.000000000000e+00 0.000000000000e+00 -0.000000000000e+00 1.150710944048e-01 0.000000000000e+00 0.000000000000e+00 0.000000000000e+00 0.000000000000e+00 0.000000000000e+00 0.000000000000e+00 
9.260000000000e+00 1.893470912608e-01 9.874906648849e+00 2.676925433962e-02 1.461554344651e+05 1.448507743249e+05 1.017347323891e+05 3.606896198073e+03 5.518312268397e+02 3.400000000000e+06 0.000000000000e+00 -8.752000000000e-01 -8.752000000000e-01 0.000000000000e+00 0.000000000000e+00 0.000000000000e+00 -0.000000000000e+00 1.149899378162e-01 0.000000000000e+00 0.000000000000e+00 0.000000000000e+00 0.000000000000e+00 0.000000000000e+00 0.000000000000e+00 
9.265000000000e+00 1.892146808714e-01 9.516728656929e+00 2.599644839288e-02 1.459457934102e+05 1.446408563547e+05 1.017230319626e+05 3.607537996783e+03 5.520151376746e+02 3.400000000000e+06 0.000000000000e+00 -8.752000000000e-01 -8.752000000000e-01 0.000000000000e+00 0.000000000000e+00 0.000000000000e+00 -0.000000000000e+00 1.149095253718e-01 0.000000000000e+00 0.000000000000e+00 0.000000000000e+00 0.000000000000e+00 0.000000000000e+00 0.000000000000e+00 
9.270000000000e+00 1.890881380081e-01 9.170623664179e+00 2.446393925686e-02 1.457579640877e+05 1.444398868109e+05 1.017119202165e+05 3.608149457016e+03 5.521919084993e+02 3.400000000000e+06 0.000000000000e+00 -8.752000000000e-01 -8.752000000000e-01 0.000000000000e+00 0.000000000000e+00 0.000000000000e+00 -0.000000000000e+00 1.148326762590e-01 0.000000000000e+00 0.000000000000e+00 0.000000000000e+00 0.000000000000e+00 0.000000000000e+00 0.000000000000e+00 
9.275000000000e+00 1.889703640379e-01 8.837721471622e+00 2.251563439775e-02 1.455913558332e+05 1.442525323404e+05 1.017016397520e+05 3.608717437353e+03 5.523573128532e+02 3.400000000000e+06 0.000000000000e+00 -8.752000000000e-01 -8.752000000000e-01 0.000000000000e+00 0.000000000000e+00 0.000000000000e+00 -0.000000000000e+00 1.147611524694e-01 0.000000000000e+00 0.000000000000e+00 0.000000000000e+00 0.000000000000e+00 0.000000000000e+00 0.000000000000e+00 
9.280000000000e+00 1.888627384997e-01 8.518394116375e+00 2.041318832779e-02 1.454441368005e+05 1.440810589901e+05 1.016922965296e+05 3.609235918468e+03 5.525092061694e+02 3.400000000000e+06 0.000000000000e+00 -8.752000000000e-01 -8.752000000000e-01 0.000000000000e+00 0.000000000000e+00 0.000000000000e+00 -0.000000000000e+00 1.146957917931e-01 0.000000000000e+00 0.000000000000e+00 0.000000000000e+00 0.000000000000e+00 0.000000000000e+00 0.000000000000e+00 
9.285000000000e+00 1.887656426271e-01 8.212462697552e+00 1.833126155020e-02 1.453141852808e+05 1.439261460376e+05 1.016839093104e+05 3.609703468945e+03 5.526468444437e+02 3.400000000000e+06 0.000000000000e+00 -8.752000000000e-01 -8.752000000000e-01 0.000000000000e+00 0.000000000000e+00 0.000000000000e+00 -0.000000000000e+00 1.146368257521e-01 0.000000000000e+00 0.000000000000e+00 0.000000000000e+00 0.000000000000e+00 0.000000000000e+00 0.000000000000e+00 
9.290000000000e+00 1.886787112997e-01 7.919399668628e+00 1.637225849070e-02 1.451992758517e+05 1.437872761995e+05 1.016764336820e+05 3.610122082433e+03 5.527705598541e+02 3.400000000000e+06 0.000000000000e+00 -8.752000000000e-01 -8.752000000000e-01 0.000000000000e+00 0.000000000000e+00 0.000000000000e+00 -0.000000000000e+00 1.145840326098e-01 0.000000000000e+00 0.000000000000e+00 0.000000000000e+00 0.000000000000e+00 0.000000000000e+00 0.000000000000e+00 
9.295000000000e+00 1.886011247434e-01 7.638377099801e+00 1.460507946099e-02 1.450969462760e+05 1.436631952295e+05 1.016697883307e+05 3.610495887502e+03 5.528813629567e+02 3.400000000000e+06 0.000000000000e+00 -8.752000000000e-01 -8.752000000000e-01 0.000000000000e+00 0.000000000000e+00 0.000000000000e+00 -0.000000000000e+00 1.145369145198e-01 0.000000000000e+00 0.000000000000e+00 0.000000000000e+00 0.000000000000e+00 0.000000000000e+00 0.000000000000e+00 
9.300000000000e+00 1.885318310390e-01 7.368406526249e+00 1.305775328254e-02 1.450049932687e+05 1.435522656194e+05 1.016638744636e+05 3.610830038823e+03 5.529806303516e+02 3.400000000000e+06 0.000000000000e+00 -8.752000000000e-01 -8.752000000000e-01 0.000000000000e+00 0.000000000000e+00 0.000000000000e+00 -0.000000000000e+00 1.144948326546e-01 0.000000000000e+00 0.000000000000e+00 0.000000000000e+00 0.000000000000e+00 0.000000000000e+00 0.000000000000e+00 
9.305000000000e+00 1.884697066989e-01 7.108427573905e+00 1.173612814685e-02 1.449214437078e+05 1.434527239734e+05 1.016585894122e+05 3.611129990578e+03 5.530698733181e+02 3.400000000000e+06 0.000000000000e+00 -8.752000000000e-01 -8.752000000000e-01 0.000000000000e+00 0.000000000000e+00 0.000000000000e+00 -0.000000000000e+00 1.144571047236e-01 0.000000000000e+00 0.000000000000e+00 0.000000000000e+00 0.000000000000e+00 0.000000000000e+00 0.000000000000e+00 
9.310000000000e+00 1.884137419772e-01 6.857552032044e+00 1.059749016702e-02 1.448452967022e+05 1.433629795855e+05 1.016538420514e+05 3.611400500479e+03 5.531504666898e+02 3.400000000000e+06 0.000000000000e+00 -8.752000000000e-01 -8.752000000000e-01 0.000000000000e+00 0.000000000000e+00 0.000000000000e+00 -0.000000000000e+00 1.144231175109e-01 0.000000000000e+00 0.000000000000e+00 0.000000000000e+00 0.000000000000e+00 0.000000000000e+00 0.000000000000e+00 
9.315000000000e+00 1.883631692775e-01 6.615145837113e+00 9.591573828514e-03 1.447760797316e+05 1.432818227968e+05 1.016495632062e+05 3.611645128478e+03 5.532234569566e+02 3.400000000000e+06 0.000000000000e+00 -8.752000000000e-01 -8.752000000000e-01 0.000000000000e+00 0.000000000000e+00 0.000000000000e+00 -0.000000000000e+00 1.143924048574e-01 0.000000000000e+00 0.000000000000e+00 0.000000000000e+00 0.000000000000e+00 0.000000000000e+00 0.000000000000e+00 
9.320000000000e+00 1.883173874506e-01 6.380693332917e+00 8.702583408080e-03 1.447130414658e+05 1.432083058472e+05 1.016456987914e+05 3.611866739449e+03 5.532896649469e+02 3.400000000000e+06 0.000000000000e+00 -8.752000000000e-01 -8.752000000000e-01 0.000000000000e+00 0.000000000000e+00 0.000000000000e+00 -0.000000000000e+00 1.143646016871e-01 0.000000000000e+00 0.000000000000e+00 0.000000000000e+00 0.000000000000e+00 0.000000000000e+00 0.000000000000e+00 
9.325000000000e+00 1.882757307876e-01 6.153653720563e+00 7.963175163369e-03 1.446545340935e+05 1.431413731853e+05 1.016421900648e+05 3.612068679016e+03 5.533500163300e+02 3.400000000000e+06 0.000000000000e+00 -8.752000000000e-01 -8.752000000000e-01 0.000000000000e+00 0.000000000000e+00 0.000000000000e+00 -0.000000000000e+00 1.143393037168e-01 0.000000000000e+00 0.000000000000e+00 0.000000000000e+00 0.000000000000e+00 0.000000000000e+00 0.000000000000e+00 
9.330000000000e+00 1.882373115249e-01 5.933458242335e+00 7.420606185757e-03 1.445982942510e+05 1.430796085169e+05 1.016389603336e+05 3.612255436556e+03 5.534057694148e+02 3.400000000000e+06 0.000000000000e+00 -8.752000000000e-01 -8.752000000000e-01 0.000000000000e+00 0.000000000000e+00 0.000000000000e+00 -0.000000000000e+00 1.143159718103e-01 0.000000000000e+00 0.000000000000e+00 0.000000000000e+00 0.000000000000e+00 0.000000000000e+00 0.000000000000e+00 
9.335000000000e+00 1.882010299671e-01 5.719577716479e+00 7.109175262656e-03 1.445419064304e+05 1.430212507614e+05 1.016359158587e+05 3.612432506949e+03 5.534585012524e+02 3.400000000000e+06 0.000000000000e+00 -8.752000000000e-01 -8.752000000000e-01 0.000000000000e+00 0.000000000000e+00 0.000000000000e+00 -0.000000000000e+00 1.142939381258e-01 0.000000000000e+00 0.000000000000e+00 0.000000000000e+00 0.000000000000e+00 0.000000000000e+00 0.000000000000e+00 
9.340000000000e+00 1.881656768843e-01 5.511602879955e+00 7.039540323481e-03 1.444831496958e+05 1.429643585983e+05 1.016329544708e+05 3.612605853639e+03 5.535099591797e+02 3.400000000000e+06 0.000000000000e+00 -8.752000000000e-01 -8.752000000000e-01 0.000000000000e+00 0.000000000000e+00 0.000000000000e+00 -0.000000000000e+00 1.142724683014e-01 0.000000000000e+00 0.000000000000e+00 0.000000000000e+00 0.000000000000e+00 0.000000000000e+00 0.000000000000e+00 
9.345000000000e+00 1.881300412186e-01 5.309277106486e+00 7.201750174843e-03 1.444201312542e+05 1.429069838691e+05 1.016299745745e+05 3.612781389464e+03 5.535619037914e+02 3.400000000000e+06 0.000000000000e+00 -8.752000000000e-01 -8.752000000000e-01 0.000000000000e+00 0.000000000000e+00 0.000000000000e+00 -0.000000000000e+00 1.142508268653e-01 0.000000000000e+00 0.000000000000e+00 0.000000000000e+00 0.000000000000e+00 0.000000000000e+00 0.000000000000e+00 
9.350000000000e+00 1.880931109727e-01 5.112649646156e+00 7.526455785500e-03 1.443522566721e+05 1.428474953304e+05 1.016268918833e+05 3.612963863828e+03 5.536158152138e+02 3.400000000000e+06 0.000000000000e+00 -8.752000000000e-01 -8.752000000000e-01 0.000000000000e+00 0.000000000000e+00 0.000000000000e+00 -0.000000000000e+00 1.142283992343e-01 0.000000000000e+00 0.000000000000e+00 0.000000000000e+00 0.000000000000e+00 0.000000000000e+00 0.000000000000e+00 
9.355000000000e+00 1.880542949930e-01 4.922107035030e+00 7.942424059663e-03 1.442796742813e+05 1.427849368125e+05 1.016236577632e+05 3.613155957627e+03 5.536725668627e+02 3.400000000000e+06 0.000000000000e+00 -8.752000000000e-01 -8.752000000000e-01 0.000000000000e+00 0.000000000000e+00 0.000000000000e+00 -0.000000000000e+00 1.142048264028e-01 0.000000000000e+00 0.000000000000e+00 0.000000000000e+00 0.000000000000e+00 0.000000000000e+00 0.000000000000e+00 
9.360000000000e+00 1.880130426699e-01 4.737852198583e+00 8.503185925348e-03 1.442005747464e+05 1.427184153216e+05 1.016202273540e+05 3.613360560611e+03 5.537329786785e+02 3.400000000000e+06 0.000000000000e+00 -8.752000000000e-01 -8.752000000000e-01 0.000000000000e+00 0.000000000000e+00 0.000000000000e+00 -0.000000000000e+00 1.141797739870e-01 0.000000000000e+00 0.000000000000e+00 0.000000000000e+00 0.000000000000e+00 0.000000000000e+00 0.000000000000e+00 
9.365000000000e+00 1.879680722639e-01 4.559313239965e+00 9.424000561042e-03 1.441092767966e+05 1.426458554765e+05 1.016164956175e+05 3.613584687329e+03 5.537989503958e+02 3.400000000000e+06 0.000000000000e+00 -8.752000000000e-01 -8.752000000000e-01 0.000000000000e+00 0.000000000000e+00 0.000000000000e+00 -0.000000000000e+00 1.141524635902e-01 0.000000000000e+00 0.000000000000e+00 0.000000000000e+00 0.000000000000e+00 0.000000000000e+00 0.000000000000e+00 
9.370000000000e+00 1.879168758180e-01 4.385104490211e+00 1.091660201484e-02 1.439980616253e+05 1.425631955713e+05 1.016122571859e+05 3.613841386250e+03 5.538742015015e+02 3.400000000000e+06 0.000000000000e+00 -8.752000000000e-01 -8.752000000000e-01 0.000000000000e+00 0.000000000000e+00 0.000000000000e+00 -0.000000000000e+00 1.141213721375e-01 0.000000000000e+00 0.000000000000e+00 0.000000000000e+00 0.000000000000e+00 0.000000000000e+00 0.000000000000e+00 
9.375000000000e+00 1.878564652834e-01 4.213914919081e+00 1.299923165051e-02 1.438615189381e+05 1.424655844643e+05 1.016072695410e+05 3.614145467741e+03 5.539631952300e+02 3.400000000000e+06 0.000000000000e+00 -8.752000000000e-01 -8.752000000000e-01 0.000000000000e+00 0.000000000000e+00 0.000000000000e+00 -0.000000000000e+00 1.140846849955e-01 0.000000000000e+00 0.000000000000e+00 0.000000000000e+00 0.000000000000e+00 0.000000000000e+00 0.000000000000e+00 
9.380000000000e+00 1.877835022203e-01 4.043941851171e+00 1.584913477662e-02 1.436910309559e+05 1.423475834250e+05 1.016012651001e+05 3.614514023158e+03 5.540709677960e+02 3.400000000000e+06 0.000000000000e+00 -8.752000000000e-01 -8.752000000000e-01 0.000000000000e+00 0.000000000000e+00 0.000000000000e+00 -0.000000000000e+00 1.140403747395e-01 0.000000000000e+00 0.000000000000e+00 0.000000000000e+00 0.000000000000e+00 0.000000000000e+00 0.000000000000e+00 
9.385000000000e+00 1.876928536110e-01 3.871304065132e+00 2.005971336594e-02 1.434681034256e+05 1.422008158512e+05 1.015938349666e+05 3.614974400742e+03 5.542052999151e+02 3.400000000000e+06 0.000000000000e+00 -8.752000000000e-01 -8.752000000000e-01 0.000000000000e+00 0.000000000000e+00 0.000000000000e+00 -0.000000000000e+00 1.139853241027e-01 0.000000000000e+00 0.000000000000e+00 0.000000000000e+00 0.000000000000e+00 0.000000000000e+00 0.000000000000e+00 
9.390000000000e+00 1.875744760433e-01 3.687360540307e+00 2.703977274972e-02 1.431524688441e+05 1.420088783767e+05 1.015841813715e+05 3.615580945719e+03 5.543814496911e+02 3.400000000000e+06 0.000000000000e+00 -8.752000000000e-01 -8.752000000000e-01 0.000000000000e+00 0.000000000000e+00 0.000000000000e+00 -0.000000000000e+00 1.139134337501e-01 0.000000000000e+00 0.000000000000e+00 0.000000000000e+00 0.000000000000e+00 0.000000000000e+00 0.000000000000e+00 
9.395000000000e+00 1.874105102724e-01 3.478386267323e+00 3.817063067569e-02 1.426906360209e+05 1.417425095770e+05 1.015709019503e+05 3.616426831053e+03 5.546267895036e+02 3.400000000000e+06 0.000000000000e+00 -8.752000000000e-01 -8.752000000000e-01 0.000000000000e+00 0.000000000000e+00 0.000000000000e+00 -0.000000000000e+00 1.138138578144e-01 0.000000000000e+00 0.000000000000e+00 0.000000000000e+00 0.000000000000e+00 0.000000000000e+00 0.000000000000e+00 
9.400000000000e+00 1.871775668460e-01 3.228063118598e+00 5.458072430856e-02 1.420230927468e+05 1.413630530466e+05 1.015522180928e+05 3.617632518250e+03 5.549780278840e+02 3.400000000000e+06 0.000000000000e+00 -8.752000000000e-01 -8.752000000000e-01 0.000000000000e+00 0.000000000000e+00 0.000000000000e+00 -0.000000000000e+00 1.136723919490e-01 0.000000000000e+00 0.000000000000e+00 0.000000000000e+00 0.000000000000e+00 0.000000000000e+00 0.000000000000e+00 
9.405000000000e+00 1.868460494799e-01 2.915657797458e+00 7.734921231808e-02 1.410792004196e+05 1.408209276976e+05 1.015259920688e+05 3.619350577510e+03 5.554832985615e+02 3.400000000000e+06 0.000000000000e+00 -8.752000000000e-01 -8.752000000000e-01 0.000000000000e+00 0.000000000000e+00 0.000000000000e+00 -0.000000000000e+00 1.134710624168e-01 0.000000000000e+00 0.000000000000e+00 0.000000000000e+00 0.000000000000e+00 0.000000000000e+00 0.000000000000e+00 
9.410000000000e+00 1.863866172526e-01 2.525001061654e+00 1.051265970233e-01 1.398265213415e+05 1.400655312107e+05 1.014903430028e+05 3.621727092648e+03 5.561939021877e+02 3.400000000000e+06 0.000000000000e+00 -8.752000000000e-01 -8.752000000000e-01 0.000000000000e+00 0.000000000000e+00 0.000000000000e+00 -0.000000000000e+00 1.131920505614e-01 0.000000000000e+00 0.000000000000e+00 0.000000000000e+00 0.000000000000e+00 0.000000000000e+00 0.000000000000e+00 
9.415000000000e+00 1.857847612697e-01 2.054974555174e+00 1.335669381600e-01 1.383056591219e+05 1.390687062582e+05 1.014448403600e+05 3.624828021147e+03 5.571427729895e+02 3.400000000000e+06 0.000000000000e+00 -8.752000000000e-01 -8.752000000000e-01 0.000000000000e+00 0.000000000000e+00 0.000000000000e+00 -0.000000000000e+00 1.128265451735e-01 0.000000000000e+00 0.000000000000e+00 0.000000000000e+00 0.000000000000e+00 0.000000000000e+00 0.000000000000e+00 
9.420000000000e+00 1.850533792345e-01 1.525247254456e+00 1.563728056760e-01 1.366372684381e+05 1.378461574550e+05 1.013913232387e+05 3.628578351411e+03 5.583228072073e+02 3.400000000000e+06 0.000000000000e+00 -8.752000000000e-01 -8.752000000000e-01 0.000000000000e+00 0.000000000000e+00 0.000000000000e+00 -0.000000000000e+00 1.123823789907e-01 0.000000000000e+00 0.000000000000e+00 0.000000000000e+00 0.000000000000e+00 0.000000000000e+00 0.000000000000e+00 
9.425000000000e+00 1.842387186530e-01 9.775912285369e-01 1.663155343428e-01 1.350197827896e+05 1.364697548661e+05 1.013339338867e+05 3.632730975791e+03 5.596712858889e+02 3.400000000000e+06 0.000000000000e+00 -8.752000000000e-01 -8.752000000000e-01 0.000000000000e+00 0.000000000000e+00 0.000000000000e+00 -0.000000000000e+00 1.118876379889e-01 0.000000000000e+00 0.000000000000e+00 0.000000000000e+00 0.000000000000e+00 0.000000000000e+00 0.000000000000e+00 
9.430000000000e+00 1.834294199534e-01 4.842147501018e-01 1.543041966409e-01 1.337661006029e+05 1.350869078115e+05 1.012791568915e+05 3.636810479868e+03 5.610456401558e+02 3.400000000000e+06 0.000000000000e+00 -8.752000000000e-01 -8.752000000000e-01 0.000000000000e+00 0.000000000000e+00 0.000000000000e+00 -0.000000000000e+00 1.113961532425e-01 0.000000000000e+00 0.000000000000e+00 0.000000000000e+00 0.000000000000e+00 0.000000000000e+00 0.000000000000e+00 
9.435000000000e+00 1.827421045719e-01 1.218386767471e-01 1.193293754940e-01 1.331125056762e+05 1.339001888225e+05 1.012343233058e+05 3.640212783267e+03 5.622394425910e+02 3.400000000000e+06 0.000000000000e+00 -8.752000000000e-01 -8.752000000000e-01 0.000000000000e+00 0.000000000000e+00 0.000000000000e+00 -0.000000000000e+00 1.109787486103e-01 0.000000000000e+00 0.000000000000e+00 0.000000000000e+00 0.000000000000e+00 0.000000000000e+00 0.000000000000e+00 
9.440000000000e+00 1.822704050621e-01 -6.944678087154e-02 7.185098433459e-02 1.330613318602e+05 1.330791342809e+05 1.012044237726e+05 3.642479366119e+03 5.630726178022e+02 3.400000000000e+06 0.000000000000e+00 -8.752000000000e-01 -8.752000000000e-01 0.000000000000e+00 0.000000000000e+00 0.000000000000e+00 -0.000000000000e+00 1.106922868699e-01 0.000000000000e+00 0.000000000000e+00 0.000000000000e+00 0.000000000000e+00 0.000000000000e+00 0.000000000000e+00 
9.445000000000e+00 1.820337990022e-01 -1.103880804820e-01 2.845995987745e-02 1.333698671028e+05 1.326652446147e+05 1.011896868155e+05 3.643553339175e+03 5.634947404133e+02 3.400000000000e+06 0.000000000000e+00 -8.752000000000e-01 -8.752000000000e-01 0.000000000000e+00 0.000000000000e+00 0.000000000000e+00 -0.000000000000e+00 1.105485966978e-01 0.000000000000e+00 0.000000000000e+00 0.000000000000e+00 0.000000000000e+00 0.000000000000e+00 0.000000000000e+00 
9.450000000000e+00 1.819837444797e-01 -4.477725306388e-02 -2.287741289553e-03 1.338031083946e+05 1.325775093839e+05 1.011865912412e+05 3.643707992419e+03 5.635843983813e+02 3.400000000000e+06 0.000000000000e+00 -8.752000000000e-01 -8.752000000000e-01 0.000000000000e+00 0.000000000000e+00 0.000000000000e+00 -0.000000000000e+00 1.105181987319e-01 0.000000000000e+00 0.000000000000e+00 0.000000000000e+00 0.000000000000e+00 0.000000000000e+00 0.000000000000e+00 
9.455000000000e+00 1.820368427925e-01 8.394203470630e-02 -1.785246732245e-02 1.341647183554e+05 1.326705777649e+05 1.011898753034e+05 3.643381398028e+03 5.634892923702e+02 3.400000000000e+06 0.000000000000e+00 -8.752000000000e-01 -8.752000000000e-01 0.000000000000e+00 0.000000000000e+00 0.000000000000e+00 -0.000000000000e+00 1.105504451829e-01 0.000000000000e+00 0.000000000000e+00 0.000000000000e+00 0.000000000000e+00 0.000000000000e+00 0.000000000000e+00 
9.460000000000e+00 1.821364782061e-01 2.527626024672e-01 -2.260565804177e-02 1.344260478462e+05 1.328450275383e+05 1.011960609742e+05 3.642851418636e+03 5.633112105231e+02 3.400000000000e+06 0.000000000000e+00 -8.752000000000e-01 -8.752000000000e-01 0.000000000000e+00 0.000000000000e+00 0.000000000000e+00 -0.000000000000e+00 1.106109534798e-01 0.000000000000e+00 0.000000000000e+00 0.000000000000e+00 0.000000000000e+00 0.000000000000e+00 0.000000000000e+00 
9.465000000000e+00 1.822382981475e-01 4.419317609481e-01 -1.962557443525e-02 1.345593950787e+05 1.330230507784e+05 1.012024138652e+05 3.642336670461e+03 5.631297351484e+02 3.400000000000e+06 0.000000000000e+00 -8.752000000000e-01 -8.752000000000e-01 0.000000000000e+00 0.000000000000e+00 0.000000000000e+00 -0.000000000000e+00 1.106727884341e-01 0.000000000000e+00 0.000000000000e+00 0.000000000000e+00 0.000000000000e+00 0.000000000000e+00 0.000000000000e+00 
9.470000000000e+00 1.823142121423e-01 6.373166357094e-01 -1.270711896060e-02 1.345788633711e+05 1.331556146670e+05 1.012071712716e+05 3.641968973529e+03 5.629947693256e+02 3.400000000000e+06 0.000000000000e+00 -8.752000000000e-01 -8.752000000000e-01 0.000000000000e+00 0.000000000000e+00 0.000000000000e+00 -0.000000000000e+00 1.107188907823e-01 0.000000000000e+00 0.000000000000e+00 0.000000000000e+00 0.000000000000e+00 0.000000000000e+00 0.000000000000e+00 
9.475000000000e+00 1.823525953633e-01 8.304039863263e-01 -4.665893856833e-03 1.345114866508e+05 1.332225872953e+05 1.012095834961e+05 3.641798435356e+03 5.629266384191e+02 3.400000000000e+06 0.000000000000e+00 -8.752000000000e-01 -8.752000000000e-01 0.000000000000e+00 0.000000000000e+00 0.000000000000e+00 -0.000000000000e+00 1.107422008008e-01 0.000000000000e+00 0.000000000000e+00 0.000000000000e+00 0.000000000000e+00 0.000000000000e+00 0.000000000000e+00 
9.480000000000e+00 1.823537631441e-01 1.014990840358e+00 2.713760221198e-03 1.343881503230e+05 1.332246243235e+05 1.012096569581e+05 3.641817265021e+03 5.629245667441e+02 3.400000000000e+06 0.000000000000e+00 -8.752000000000e-01 -8.752000000000e-01 0.000000000000e+00 0.000000000000e+00 0.000000000000e+00 -0.000000000000e+00 1.107429099907e-01 0.000000000000e+00 0.000000000000e+00 0.000000000000e+00 0.000000000000e+00 0.000000000000e+00 0.000000000000e+00 
9.485000000000e+00 1.823227976084e-01 1.189011174601e+00 8.364094591848e-03 1.342360918089e+05 1.331705980669e+05 1.012077104345e+05 3.641995711803e+03 5.629795235625e+02 3.400000000000e+06 0.000000000000e+00 -8.752000000000e-01 -8.752000000000e-01 0.000000000000e+00 0.000000000000e+00 0.000000000000e+00 -0.000000000000e+00 1.107241047109e-01 0.000000000000e+00 0.000000000000e+00 0.000000000000e+00 0.000000000000e+00 0.000000000000e+00 0.000000000000e+00 
9.490000000000e+00 1.822678247214e-01 1.351002569763e+00 1.241783918422e-02 1.340676510587e+05 1.330746279421e+05 1.012042621240e+05 3.642292492712e+03 5.630772062555e+02 3.400000000000e+06 0.000000000000e+00 -8.752000000000e-01 -8.752000000000e-01 0.000000000000e+00 0.000000000000e+00 0.000000000000e+00 -0.000000000000e+00 1.106907198365e-01 0.000000000000e+00 0.000000000000e+00 0.000000000000e+00 0.000000000000e+00 0.000000000000e+00 0.000000000000e+00 
9.495000000000e+00 1.821970677129e-01 1.500104555136e+00 1.490478072088e-02 1.338971391542e+05 1.329509935639e+05 1.011998375008e+05 3.642665484639e+03 5.632031585181e+02 3.400000000000e+06 0.000000000000e+00 -8.752000000000e-01 -8.752000000000e-01 0.000000000000e+00 0.000000000000e+00 0.000000000000e+00 -0.000000000000e+00 1.106477493110e-01 0.000000000000e+00 0.000000000000e+00 0.000000000000e+00 0.000000000000e+00 0.000000000000e+00 0.000000000000e+00 
9.500000000000e+00 1.821177256311e-01 1.635803926727e+00 1.609897135653e-02 1.337329099047e+05 1.328122126089e+05 1.011948944249e+05 3.643078612985e+03 5.633446899135e+02 3.400000000000e+06 0.000000000000e+00 -8.752000000000e-01 -8.752000000000e-01 0.000000000000e+00 0.000000000000e+00 0.000000000000e+00 -0.000000000000e+00 1.105995650955e-01 0.000000000000e+00 0.000000000000e+00 0.000000000000e+00 0.000000000000e+00 0.000000000000e+00 0.000000000000e+00 
9.505000000000e+00 1.820351175586e-01 1.758569350888e+00 1.638181978187e-02 1.335781188620e+05 1.326675549397e+05 1.011897684641e+05 3.643505789064e+03 5.634923802887e+02 3.400000000000e+06 0.000000000000e+00 -8.752000000000e-01 -8.752000000000e-01 0.000000000000e+00 0.000000000000e+00 0.000000000000e+00 -0.000000000000e+00 1.105493974534e-01 0.000000000000e+00 0.000000000000e+00 0.000000000000e+00 0.000000000000e+00 0.000000000000e+00 0.000000000000e+00 
9.510000000000e+00 1.819528142551e-01 1.869311747872e+00 1.608894986199e-02 1.334335474665e+05 1.325232643136e+05 1.011846822229e+05 3.643929732167e+03 5.636398629341e+02 3.400000000000e+06 0.000000000000e+00 -8.752000000000e-01 -8.752000000000e-01 0.000000000000e+00 0.000000000000e+00 0.000000000000e+00 -0.000000000000e+00 1.104994148965e-01 0.000000000000e+00 0.000000000000e+00 0.000000000000e+00 0.000000000000e+00 0.000000000000e+00 0.000000000000e+00 
9.515000000000e+00 1.818728912177e-01 1.969143487862e+00 1.549663596310e-02 1.332982788014e+05 1.323829872377e+05 1.011797628804e+05 3.644340642800e+03 5.637834016329e+02 3.400000000000e+06 0.000000000000e+00 -8.752000000000e-01 -8.752000000000e-01 0.000000000000e+00 0.000000000000e+00 0.000000000000e+00 -0.000000000000e+00 1.104508778683e-01 0.000000000000e+00 0.000000000000e+00 0.000000000000e+00 0.000000000000e+00 0.000000000000e+00 0.000000000000e+00 
9.520000000000e+00 1.817962216588e-01 2.059193725908e+00 1.481932207309e-02 1.331702626899e+05 1.322482726667e+05 1.011750620598e+05 3.644734704867e+03 5.639213941256e+02 3.400000000000e+06 0.000000000000e+00 -8.752000000000e-01 -8.752000000000e-01 0.000000000000e+00 0.000000000000e+00 0.000000000000e+00 -0.000000000000e+00 1.104043166682e-01 0.000000000000e+00 0.000000000000e+00 0.000000000000e+00 0.000000000000e+00 0.000000000000e+00 0.000000000000e+00 
9.525000000000e+00 1.817227848627e-01 2.140540786295e+00 1.421056567969e-02 1.330468552245e+05 1.321191023845e+05 1.011705761604e+05 3.645112513387e+03 5.640538402290e+02 3.400000000000e+06 0.000000000000e+00 -8.752000000000e-01 -8.752000000000e-01 0.000000000000e+00 0.000000000000e+00 0.000000000000e+00 -0.000000000000e+00 1.103597177188e-01 0.000000000000e+00 0.000000000000e+00 0.000000000000e+00 0.000000000000e+00 0.000000000000e+00 0.000000000000e+00 
9.530000000000e+00 1.816519573119e-01 2.214173729507e+00 1.376432046835e-02 1.329253248290e+05 1.319943954132e+05 1.011662650842e+05 3.645477585142e+03 5.641818321229e+02 3.400000000000e+06 0.000000000000e+00 -8.752000000000e-01 -8.752000000000e-01 0.000000000000e+00 0.000000000000e+00 0.000000000000e+00 -0.000000000000e+00 1.103167043825e-01 0.000000000000e+00 0.000000000000e+00 0.000000000000e+00 0.000000000000e+00 0.000000000000e+00 0.000000000000e+00 
9.535000000000e+00 1.815827881789e-01 2.280996976639e+00 1.352598504169e-02 1.328031653655e+05 1.318724887101e+05 1.011620695319e+05 3.645834976950e+03 5.643070651461e+02 3.400000000000e+06 0.000000000000e+00 -8.752000000000e-01 -8.752000000000e-01 0.000000000000e+00 0.000000000000e+00 0.000000000000e+00 -0.000000000000e+00 1.102746981972e-01 0.000000000000e+00 0.000000000000e+00 0.000000000000e+00 0.000000000000e+00 0.000000000000e+00 0.000000000000e+00 
9.540000000000e+00 1.815141943262e-01 2.341837448820e+00 1.350794863984e-02 1.326781866508e+05 1.317514789190e+05 1.011579230562e+05 3.646190331282e+03 5.644314884642e+02 3.400000000000e+06 0.000000000000e+00 -8.752000000000e-01 -8.752000000000e-01 0.000000000000e+00 0.000000000000e+00 0.000000000000e+00 -0.000000000000e+00 1.102330413770e-01 0.000000000000e+00 0.000000000000e+00 0.000000000000e+00 0.000000000000e+00 0.000000000000e+00 0.000000000000e+00 
9.545000000000e+00 1.814451065023e-01 2.397422881060e+00 1.369577921004e-02 1.325486764057e+05 1.316294797798e+05 1.011537609498e+05 3.646549140313e+03 5.645570407605e+02 3.400000000000e+06 0.000000000000e+00 -8.752000000000e-01 -8.752000000000e-01 0.000000000000e+00 0.000000000000e+00 0.000000000000e+00 -0.000000000000e+00 1.101910845691e-01 0.000000000000e+00 0.000000000000e+00 0.000000000000e+00 0.000000000000e+00 0.000000000000e+00 0.000000000000e+00 
9.550000000000e+00 1.813745674452e-01 2.448413078108e+00 1.406257179457e-02 1.324133350228e+05 1.315047957301e+05 1.011495261015e+05 3.646916285141e+03 5.646854711217e+02 3.400000000000e+06 0.000000000000e+00 -8.752000000000e-01 -8.752000000000e-01 0.000000000000e+00 0.000000000000e+00 0.000000000000e+00 -0.000000000000e+00 1.101482464314e-01 0.000000000000e+00 0.000000000000e+00 0.000000000000e+00 0.000000000000e+00 0.000000000000e+00 0.000000000000e+00 
9.555000000000e+00 1.813017700783e-01 2.495395440161e+00 1.457603935449e-02 1.322712249896e+05 1.313759902420e+05 1.011451711812e+05 3.647295860221e+03 5.648182677681e+02 3.400000000000e+06 0.000000000000e+00 -8.752000000000e-01 -8.752000000000e-01 0.000000000000e+00 0.000000000000e+00 0.000000000000e+00 -0.000000000000e+00 1.101040368289e-01 0.000000000000e+00 0.000000000000e+00 0.000000000000e+00 0.000000000000e+00 0.000000000000e+00 0.000000000000e+00 
9.560000000000e+00 1.812260824628e-01 2.538904744630e+00 1.519892312768e-02 1.321218106318e+05 1.312419309809e+05 1.011406600031e+05 3.647691043507e+03 5.649566104562e+02 3.400000000000e+06 0.000000000000e+00 -8.752000000000e-01 -8.752000000000e-01 0.000000000000e+00 0.000000000000e+00 0.000000000000e+00 -0.000000000000e+00 1.100580719872e-01 0.000000000000e+00 0.000000000000e+00 0.000000000000e+00 0.000000000000e+00 0.000000000000e+00 0.000000000000e+00 
9.565000000000e+00 1.811470621920e-01 2.579431648760e+00 1.589257003266e-02 1.319649244859e+05 1.311018165184e+05 1.011359682308e+05 3.648104031717e+03 5.651013416925e+02 3.400000000000e+06 0.000000000000e+00 -8.752000000000e-01 -8.752000000000e-01 0.000000000000e+00 0.000000000000e+00 0.000000000000e+00 -0.000000000000e+00 1.100100832340e-01 0.000000000000e+00 0.000000000000e+00 0.000000000000e+00 0.000000000000e+00 0.000000000000e+00 0.000000000000e+00 
9.570000000000e+00 1.810644619267e-01 2.617445501648e+00 1.661894192212e-02 1.318007444822e+05 1.309551876027e+05 1.011310835263e+05 3.648536015893e+03 5.652529536757e+02 3.400000000000e+06 0.000000000000e+00 -8.752000000000e-01 -8.752000000000e-01 0.000000000000e+00 0.000000000000e+00 0.000000000000e+00 -0.000000000000e+00 1.099599203609e-01 0.000000000000e+00 0.000000000000e+00 0.000000000000e+00 0.000000000000e+00 0.000000000000e+00 0.000000000000e+00 
9.575000000000e+00 1.809782085519e-01 2.653366310115e+00 1.734524462482e-02 1.316296777385e+05 1.308018917924e+05 1.011260041185e+05 3.648987302734e+03 5.654116233089e+02 3.400000000000e+06 0.000000000000e+00 -8.752000000000e-01 -8.752000000000e-01 0.000000000000e+00 0.000000000000e+00 0.000000000000e+00 -0.000000000000e+00 1.099075389655e-01 0.000000000000e+00 0.000000000000e+00 0.000000000000e+00 0.000000000000e+00 0.000000000000e+00 0.000000000000e+00 
9.580000000000e+00 1.808883744596e-01 2.687553810465e+00 1.804681205309e-02 1.314522595172e+05 1.306420340463e+05 1.011207369171e+05 3.649457471105e+03 5.655772618249e+02 3.400000000000e+06 0.000000000000e+00 -8.752000000000e-01 -8.752000000000e-01 0.000000000000e+00 0.000000000000e+00 0.000000000000e+00 -0.000000000000e+00 1.098529830109e-01 0.000000000000e+00 0.000000000000e+00 0.000000000000e+00 0.000000000000e+00 0.000000000000e+00 0.000000000000e+00 
9.585000000000e+00 1.807951363342e-01 2.720325649004e+00 1.870471753024e-02 1.312691195036e+05 1.304759048685e+05 1.011152949203e+05 3.649945576091e+03 5.657495878833e+02 3.400000000000e+06 0.000000000000e+00 -8.752000000000e-01 -8.752000000000e-01 0.000000000000e+00 0.000000000000e+00 0.000000000000e+00 -0.000000000000e+00 1.097963597971e-01 0.000000000000e+00 0.000000000000e+00 0.000000000000e+00 0.000000000000e+00 0.000000000000e+00 0.000000000000e+00 
9.590000000000e+00 1.806987516920e-01 2.751945557252e+00 1.930560892938e-02 1.310809422839e+05 1.303039397482e+05 1.011096957006e+05 3.650450268652e+03 5.659281685397e+02 3.400000000000e+06 0.000000000000e+00 -8.752000000000e-01 -8.752000000000e-01 0.000000000000e+00 0.000000000000e+00 0.000000000000e+00 -0.000000000000e+00 1.097378257127e-01 0.000000000000e+00 0.000000000000e+00 0.000000000000e+00 0.000000000000e+00 0.000000000000e+00 0.000000000000e+00 
9.595000000000e+00 1.805995297940e-01 2.782616626311e+00 1.984179729034e-02 1.308884127947e+05 1.301266683140e+05 1.011039595961e+05 3.650969945921e+03 5.661124711414e+02 3.400000000000e+06 0.000000000000e+00 -8.752000000000e-01 -8.752000000000e-01 0.000000000000e+00 0.000000000000e+00 0.000000000000e+00 -0.000000000000e+00 1.096775685709e-01 0.000000000000e+00 0.000000000000e+00 0.000000000000e+00 0.000000000000e+00 0.000000000000e+00 0.000000000000e+00 
9.600000000000e+00 1.804978038012e-01 2.812470917142e+00 2.031064921076e-02 1.306921756907e+05 1.299446653444e+05 1.010981080159e+05 3.651502893262e+03 5.663019136346e+02 3.400000000000e+06 0.000000000000e+00 -8.752000000000e-01 -8.752000000000e-01 0.000000000000e+00 0.000000000000e+00 0.000000000000e+00 -0.000000000000e+00 1.096157906992e-01 0.000000000000e+00 0.000000000000e+00 0.000000000000e+00 0.000000000000e+00 0.000000000000e+00 0.000000000000e+00 
9.605000000000e+00 1.803939103244e-01 2.841572868746e+00 2.071320083055e-02 1.304928215012e+05 1.297585146305e+05 1.010921622168e+05 3.652047385677e+03 5.664959018383e+02 3.400000000000e+06 0.000000000000e+00 -8.752000000000e-01 -8.752000000000e-01 0.000000000000e+00 0.000000000000e+00 0.000000000000e+00 -0.000000000000e+00 1.095526965203e-01 0.000000000000e+00 0.000000000000e+00 0.000000000000e+00 0.000000000000e+00 0.000000000000e+00 0.000000000000e+00 
9.610000000000e+00 1.802881695534e-01 2.869917057120e+00 2.105462698883e-02 1.302908415782e+05 1.295687735487e+05 1.010861421510e+05 3.652601793064e+03 5.666938662706e+02 3.400000000000e+06 0.000000000000e+00 -8.752000000000e-01 -8.752000000000e-01 0.000000000000e+00 0.000000000000e+00 0.000000000000e+00 -0.000000000000e+00 1.094884804843e-01 0.000000000000e+00 0.000000000000e+00 0.000000000000e+00 0.000000000000e+00 0.000000000000e+00 0.000000000000e+00 
9.615000000000e+00 1.801808670997e-01 2.897429542531e+00 2.134314271346e-02 1.300866129858e+05 1.293759403655e+05 1.010800654509e+05 3.653164671714e+03 5.668952964157e+02 3.400000000000e+06 0.000000000000e+00 -8.752000000000e-01 -8.752000000000e-01 0.000000000000e+00 0.000000000000e+00 0.000000000000e+00 -0.000000000000e+00 1.094233160424e-01 0.000000000000e+00 0.000000000000e+00 0.000000000000e+00 0.000000000000e+00 0.000000000000e+00 0.000000000000e+00 
9.620000000000e+00 1.800722408470e-01 2.923969123119e+00 2.158963480434e-02 1.298803798479e+05 1.291804302258e+05 1.010739467312e+05 3.653734832610e+03 5.670997661792e+02 3.400000000000e+06 0.000000000000e+00 -8.752000000000e-01 -8.752000000000e-01 0.000000000000e+00 0.000000000000e+00 0.000000000000e+00 -0.000000000000e+00 1.093573476603e-01 0.000000000000e+00 0.000000000000e+00 0.000000000000e+00 0.000000000000e+00 0.000000000000e+00 0.000000000000e+00 
9.625000000000e+00 1.799624698267e-01 2.949332281940e+00 2.180649674989e-02 1.296722520823e+05 1.289825545343e+05 1.010677970335e+05 3.654311396779e+03 5.673069559910e+02 3.400000000000e+06 0.000000000000e+00 -8.752000000000e-01 -8.752000000000e-01 0.000000000000e+00 0.000000000000e+00 0.000000000000e+00 -0.000000000000e+00 1.092906840633e-01 0.000000000000e+00 0.000000000000e+00 0.000000000000e+00 0.000000000000e+00 0.000000000000e+00 0.000000000000e+00 
9.630000000000e+00 1.798516683533e-01 2.973262081236e+00 2.200703763937e-02 1.294622038932e+05 1.287825096121e+05 1.010616235862e+05 3.654893825339e+03 5.675166653467e+02 3.400000000000e+06 0.000000000000e+00 -8.752000000000e-01 -8.752000000000e-01 0.000000000000e+00 0.000000000000e+00 0.000000000000e+00 -0.000000000000e+00 1.092233946745e-01 0.000000000000e+00 0.000000000000e+00 0.000000000000e+00 0.000000000000e+00 0.000000000000e+00 0.000000000000e+00 
9.635000000000e+00 1.797398837107e-01 2.995457024350e+00 2.220423713409e-02 1.292500901926e+05 1.285803716413e+05 1.010554297736e+05 3.655481928860e+03 5.677288188330e+02 3.400000000000e+06 0.000000000000e+00 -8.752000000000e-01 -8.752000000000e-01 0.000000000000e+00 0.000000000000e+00 0.000000000000e+00 -0.000000000000e+00 1.091555082089e-01 0.000000000000e+00 0.000000000000e+00 0.000000000000e+00 0.000000000000e+00 0.000000000000e+00 0.000000000000e+00 
9.640000000000e+00 1.796270999510e-01 3.015583964778e+00 2.241032553539e-02 1.290356601699e+05 1.283761026184e+05 1.010492154467e+05 3.656075847465e+03 5.679434606134e+02 3.400000000000e+06 0.000000000000e+00 -8.752000000000e-01 -8.752000000000e-01 0.000000000000e+00 0.000000000000e+00 0.000000000000e+00 -0.000000000000e+00 1.090870149816e-01 0.000000000000e+00 0.000000000000e+00 0.000000000000e+00 0.000000000000e+00 0.000000000000e+00 0.000000000000e+00 
9.645000000000e+00 1.795132425513e-01 3.033292403120e+00 2.263648534457e-02 1.288185704256e+05 1.281695578976e+05 1.010429772754e+05 3.656676026776e+03 5.681607471880e+02 3.400000000000e+06 0.000000000000e+00 -8.752000000000e-01 -8.752000000000e-01 0.000000000000e+00 0.000000000000e+00 0.000000000000e+00 -0.000000000000e+00 1.090178697351e-01 0.000000000000e+00 0.000000000000e+00 0.000000000000e+00 0.000000000000e+00 0.000000000000e+00 0.000000000000e+00 
9.650000000000e+00 1.793981862076e-01 3.048222256742e+00 2.289192594820e-02 1.285984149855e+05 1.279604994904e+05 1.010367092634e+05 3.657283175064e+03 5.683809340248e+02 3.400000000000e+06 0.000000000000e+00 -8.752000000000e-01 -8.752000000000e-01 0.000000000000e+00 0.000000000000e+00 0.000000000000e+00 -0.000000000000e+00 1.089479963725e-01 0.000000000000e+00 0.000000000000e+00 0.000000000000e+00 0.000000000000e+00 0.000000000000e+00 0.000000000000e+00 
9.655000000000e+00 1.792817619241e-01 3.060017924288e+00 2.318473142992e-02 1.283747232594e+05 1.277486081911e+05 1.010304032114e+05 3.657898230019e+03 5.686043633275e+02 3.400000000000e+06 0.000000000000e+00 -8.752000000000e-01 -8.752000000000e-01 0.000000000000e+00 0.000000000000e+00 0.000000000000e+00 -0.000000000000e+00 1.088772922634e-01 0.000000000000e+00 0.000000000000e+00 0.000000000000e+00 0.000000000000e+00 0.000000000000e+00 0.000000000000e+00 
9.660000000000e+00 1.791637648093e-01 3.068339834832e+00 2.352116641132e-02 1.281469862403e+05 1.275334970834e+05 1.010240492068e+05 3.658522316342e+03 5.688314502520e+02 3.400000000000e+06 0.000000000000e+00 -8.752000000000e-01 -8.752000000000e-01 0.000000000000e+00 0.000000000000e+00 0.000000000000e+00 -0.000000000000e+00 1.088056329776e-01 0.000000000000e+00 0.000000000000e+00 0.000000000000e+00 0.000000000000e+00 0.000000000000e+00 0.000000000000e+00 
9.665000000000e+00 1.790439628424e-01 3.072873066815e+00 2.390597954211e-02 1.279146672677e+05 1.273147269299e+05 1.010176361524e+05 3.659156701434e+03 5.690626670363e+02 3.400000000000e+06 0.000000000000e+00 -8.752000000000e-01 -8.752000000000e-01 0.000000000000e+00 0.000000000000e+00 0.000000000000e+00 -0.000000000000e+00 1.087328776099e-01 0.000000000000e+00 0.000000000000e+00 0.000000000000e+00 0.000000000000e+00 0.000000000000e+00 0.000000000000e+00 
9.670000000000e+00 1.789221048478e-01 3.073337047436e+00 2.434136636067e-02 1.276772348261e+05 1.270918202368e+05 1.010111522385e+05 3.659802750474e+03 5.692985284233e+02 3.400000000000e+06 0.000000000000e+00 -8.752000000000e-01 -8.752000000000e-01 0.000000000000e+00 0.000000000000e+00 0.000000000000e+00 -0.000000000000e+00 1.086588736217e-01 0.000000000000e+00 0.000000000000e+00 0.000000000000e+00 0.000000000000e+00 0.000000000000e+00 0.000000000000e+00 
9.675000000000e+00 1.787979375288e-01 3.069500561483e+00 2.482742746253e-02 1.274341865107e+05 1.268642920509e+05 1.010045858788e+05 3.660461838429e+03 5.695395592512e+02 3.400000000000e+06 0.000000000000e+00 -8.752000000000e-01 -8.752000000000e-01 0.000000000000e+00 0.000000000000e+00 0.000000000000e+00 -0.000000000000e+00 1.085834671870e-01 0.000000000000e+00 0.000000000000e+00 0.000000000000e+00 0.000000000000e+00 0.000000000000e+00 0.000000000000e+00 
9.680000000000e+00 1.786712042338e-01 3.061175443818e+00 2.536409386565e-02 1.271850129216e+05 1.266316474917e+05 1.009979256590e+05 3.661135363530e+03 5.697862971235e+02 3.400000000000e+06 0.000000000000e+00 -8.752000000000e-01 -8.752000000000e-01 0.000000000000e+00 0.000000000000e+00 0.000000000000e+00 -0.000000000000e+00 1.085065024420e-01 0.000000000000e+00 0.000000000000e+00 0.000000000000e+00 0.000000000000e+00 0.000000000000e+00 0.000000000000e+00 
9.685000000000e+00 1.785416528289e-01 3.048223611008e+00 2.595050781965e-02 1.269292232271e+05 1.263933960005e+05 1.009911607617e+05 3.661824703707e+03 5.700392773402e+02 3.400000000000e+06 0.000000000000e+00 -8.752000000000e-01 -8.752000000000e-01 0.000000000000e+00 0.000000000000e+00 0.000000000000e+00 -0.000000000000e+00 1.084278262664e-01 0.000000000000e+00 0.000000000000e+00 0.000000000000e+00 0.000000000000e+00 0.000000000000e+00 0.000000000000e+00 
9.690000000000e+00 1.784090408223e-01 3.030561078950e+00 2.658322821291e-02 1.266663863563e+05 1.261490606630e+05 1.009842812360e+05 3.662531183329e+03 5.702990229659e+02 3.400000000000e+06 0.000000000000e+00 -8.752000000000e-01 -8.752000000000e-01 0.000000000000e+00 0.000000000000e+00 0.000000000000e+00 -0.000000000000e+00 1.083472913958e-01 0.000000000000e+00 0.000000000000e+00 0.000000000000e+00 0.000000000000e+00 0.000000000000e+00 0.000000000000e+00 
9.695000000000e+00 1.782731450016e-01 3.008158380082e+00 2.725828021424e-02 1.263961134865e+05 1.258981959636e+05 1.009772784870e+05 3.663256029050e+03 5.705660258467e+02 3.400000000000e+06 0.000000000000e+00 -8.752000000000e-01 -8.752000000000e-01 0.000000000000e+00 0.000000000000e+00 0.000000000000e+00 -0.000000000000e+00 1.082647622738e-01 0.000000000000e+00 0.000000000000e+00 0.000000000000e+00 0.000000000000e+00 0.000000000000e+00 0.000000000000e+00 
9.700000000000e+00 1.781337637874e-01 2.981039291081e+00 2.797094351478e-02 1.261180664227e+05 1.256403922645e+05 1.009701453750e+05 3.664000356306e+03 5.708407416441e+02 3.400000000000e+06 0.000000000000e+00 -8.752000000000e-01 -8.752000000000e-01 0.000000000000e+00 0.000000000000e+00 0.000000000000e+00 -0.000000000000e+00 1.081801164819e-01 0.000000000000e+00 0.000000000000e+00 0.000000000000e+00 0.000000000000e+00 0.000000000000e+00 0.000000000000e+00 
9.705000000000e+00 1.779907211771e-01 2.949279902913e+00 2.871607880952e-02 1.258319596234e+05 1.253752832994e+05 1.009628763872e+05 3.664765149089e+03 5.711235816068e+02 3.400000000000e+06 0.000000000000e+00 -8.752000000000e-01 -8.752000000000e-01 0.000000000000e+00 0.000000000000e+00 0.000000000000e+00 -0.000000000000e+00 1.080932471342e-01 0.000000000000e+00 0.000000000000e+00 0.000000000000e+00 0.000000000000e+00 0.000000000000e+00 0.000000000000e+00 
9.710000000000e+00 1.778438652133e-01 2.913000916830e+00 2.948884922117e-02 1.255375448482e+05 1.251025435996e+05 1.009554675248e+05 3.665551270144e+03 5.714149150354e+02 3.400000000000e+06 0.000000000000e+00 -8.752000000000e-01 -8.752000000000e-01 0.000000000000e+00 0.000000000000e+00 0.000000000000e+00 -0.000000000000e+00 1.080040619475e-01 0.000000000000e+00 0.000000000000e+00 0.000000000000e+00 0.000000000000e+00 0.000000000000e+00 0.000000000000e+00 
9.715000000000e+00 1.776930708435e-01 2.872366241843e+00 3.028352538377e-02 1.252346379973e+05 1.248218940949e+05 1.009479164093e+05 3.666359441062e+03 5.717150630051e+02 3.400000000000e+06 0.000000000000e+00 -8.752000000000e-01 -8.752000000000e-01 0.000000000000e+00 0.000000000000e+00 0.000000000000e+00 -0.000000000000e+00 1.079124849777e-01 0.000000000000e+00 0.000000000000e+00 0.000000000000e+00 0.000000000000e+00 0.000000000000e+00 0.000000000000e+00 
9.720000000000e+00 1.775382428729e-01 2.827578159236e+00 3.109404402809e-02 1.249231153642e+05 1.245331079923e+05 1.009402223844e+05 3.667190227787e+03 5.720242917357e+02 3.400000000000e+06 0.000000000000e+00 -8.752000000000e-01 -8.752000000000e-01 0.000000000000e+00 0.000000000000e+00 0.000000000000e+00 -0.000000000000e+00 1.078184584133e-01 0.000000000000e+00 0.000000000000e+00 0.000000000000e+00 0.000000000000e+00 0.000000000000e+00 0.000000000000e+00 
9.725000000000e+00 1.773793165631e-01 2.778873757904e+00 3.191441658492e-02 1.246029080532e+05 1.242360123641e+05 1.009323864926e+05 3.668044038033e+03 5.723428105035e+02 3.400000000000e+06 0.000000000000e+00 -8.752000000000e-01 -8.752000000000e-01 0.000000000000e+00 0.000000000000e+00 0.000000000000e+00 -0.000000000000e+00 1.077219429388e-01 0.000000000000e+00 0.000000000000e+00 0.000000000000e+00 0.000000000000e+00 0.000000000000e+00 0.000000000000e+00 
9.730000000000e+00 1.772162490755e-01 2.726513551311e+00 3.273705618006e-02 1.242740156744e+05 1.239304726262e+05 1.009244110004e+05 3.668921160477e+03 5.726707879064e+02 3.400000000000e+06 0.000000000000e+00 -8.752000000000e-01 -8.752000000000e-01 0.000000000000e+00 0.000000000000e+00 0.000000000000e+00 -0.000000000000e+00 1.076229125384e-01 0.000000000000e+00 0.000000000000e+00 0.000000000000e+00 0.000000000000e+00 0.000000000000e+00 0.000000000000e+00 
9.735000000000e+00 1.770490581338e-01 2.670802332566e+00 3.356364852176e-02 1.239363885467e+05 1.236164656290e+05 1.009163012223e+05 3.669821594325e+03 5.730082729457e+02 3.400000000000e+06 0.000000000000e+00 -8.752000000000e-01 -8.752000000000e-01 0.000000000000e+00 0.000000000000e+00 0.000000000000e+00 -0.000000000000e+00 1.075213779757e-01 0.000000000000e+00 0.000000000000e+00 0.000000000000e+00 0.000000000000e+00 0.000000000000e+00 0.000000000000e+00 
9.740000000000e+00 1.768777610245e-01 2.612025142909e+00 3.438497687766e-02 1.235901685694e+05 1.232939659955e+05 1.009080624734e+05 3.670745304974e+03 5.733553166047e+02 3.400000000000e+06 0.000000000000e+00 -8.752000000000e-01 -8.752000000000e-01 0.000000000000e+00 0.000000000000e+00 0.000000000000e+00 -0.000000000000e+00 1.074173497488e-01 0.000000000000e+00 0.000000000000e+00 0.000000000000e+00 0.000000000000e+00 0.000000000000e+00 0.000000000000e+00 
9.745000000000e+00 1.767023998574e-01 2.550503943406e+00 3.519377607348e-02 1.232355106380e+05 1.229629938458e+05 1.008997012640e+05 3.671692132693e+03 5.737119203436e+02 3.400000000000e+06 0.000000000000e+00 -8.752000000000e-01 -8.752000000000e-01 0.000000000000e+00 0.000000000000e+00 0.000000000000e+00 -0.000000000000e+00 1.073108534307e-01 0.000000000000e+00 0.000000000000e+00 0.000000000000e+00 0.000000000000e+00 0.000000000000e+00 0.000000000000e+00 
9.750000000000e+00 1.765230507788e-01 2.486566503373e+00 3.598392543777e-02 1.228726153459e+05 1.226236328545e+05 1.008912256755e+05 3.672661739150e+03 5.740780162350e+02 3.400000000000e+06 0.000000000000e+00 -8.752000000000e-01 -8.752000000000e-01 0.000000000000e+00 0.000000000000e+00 0.000000000000e+00 -0.000000000000e+00 1.072019352650e-01 0.000000000000e+00 0.000000000000e+00 0.000000000000e+00 0.000000000000e+00 0.000000000000e+00 0.000000000000e+00 
9.755000000000e+00 1.763398165989e-01 2.420545179566e+00 3.675041436415e-02 1.225017159188e+05 1.222760171225e+05 1.008826449369e+05 3.673653645732e+03 5.744534806639e+02 3.400000000000e+06 0.000000000000e+00 -8.752000000000e-01 -8.752000000000e-01 0.000000000000e+00 0.000000000000e+00 0.000000000000e+00 -0.000000000000e+00 1.070906576878e-01 0.000000000000e+00 0.000000000000e+00 0.000000000000e+00 0.000000000000e+00 0.000000000000e+00 0.000000000000e+00 
9.760000000000e+00 1.761528270996e-01 2.352773284766e+00 3.748800535067e-02 1.221231033393e+05 1.219203325161e+05 1.008739693729e+05 3.674667226004e+03 5.748381324863e+02 3.400000000000e+06 0.000000000000e+00 -8.752000000000e-01 -8.752000000000e-01 0.000000000000e+00 0.000000000000e+00 0.000000000000e+00 -0.000000000000e+00 1.069770995156e-01 0.000000000000e+00 0.000000000000e+00 0.000000000000e+00 0.000000000000e+00 0.000000000000e+00 0.000000000000e+00 
9.765000000000e+00 1.759622389906e-01 2.283581116017e+00 3.819306955236e-02 1.217370941610e+05 1.215568173894e+05 1.008652103334e+05 3.675701711112e+03 5.752317318581e+02 3.400000000000e+06 0.000000000000e+00 -8.752000000000e-01 -8.752000000000e-01 0.000000000000e+00 0.000000000000e+00 0.000000000000e+00 -0.000000000000e+00 1.068613559175e-01 0.000000000000e+00 0.000000000000e+00 0.000000000000e+00 0.000000000000e+00 0.000000000000e+00 0.000000000000e+00 
9.770000000000e+00 1.757682226433e-01 2.213294920039e+00 3.886174921004e-02 1.213440380172e+05 1.211857380267e+05 1.008563795243e+05 3.676756254008e+03 5.756340064961e+02 3.400000000000e+06 0.000000000000e+00 -8.752000000000e-01 -8.752000000000e-01 0.000000000000e+00 0.000000000000e+00 0.000000000000e+00 -0.000000000000e+00 1.067435303598e-01 0.000000000000e+00 0.000000000000e+00 0.000000000000e+00 0.000000000000e+00 0.000000000000e+00 0.000000000000e+00 
9.775000000000e+00 1.755709765878e-01 2.142239502548e+00 3.948935793667e-02 1.209443575460e+05 1.208074170193e+05 1.008474896172e+05 3.677829847691e+03 5.760446206657e+02 3.400000000000e+06 0.000000000000e+00 -8.752000000000e-01 -8.752000000000e-01 0.000000000000e+00 0.000000000000e+00 0.000000000000e+00 -0.000000000000e+00 1.066237434091e-01 0.000000000000e+00 0.000000000000e+00 0.000000000000e+00 0.000000000000e+00 0.000000000000e+00 0.000000000000e+00 
9.780000000000e+00 1.753707293735e-01 2.070707454102e+00 4.007325888013e-02 1.205385012307e+05 1.204222378018e+05 1.008385542607e+05 3.678921323738e+03 5.764631698909e+02 3.400000000000e+06 0.000000000000e+00 -8.752000000000e-01 -8.752000000000e-01 0.000000000000e+00 0.000000000000e+00 0.000000000000e+00 -0.000000000000e+00 1.065021338628e-01 0.000000000000e+00 0.000000000000e+00 0.000000000000e+00 0.000000000000e+00 0.000000000000e+00 0.000000000000e+00 
9.785000000000e+00 1.751676628138e-01 1.999001013135e+00 4.061484184793e-02 1.201267562373e+05 1.200304974080e+05 1.008295846315e+05 3.680029776331e+03 5.768893408772e+02 3.400000000000e+06 0.000000000000e+00 -8.752000000000e-01 -8.752000000000e-01 0.000000000000e+00 0.000000000000e+00 0.000000000000e+00 -0.000000000000e+00 1.063788121358e-01 0.000000000000e+00 0.000000000000e+00 0.000000000000e+00 0.000000000000e+00 0.000000000000e+00 0.000000000000e+00 
9.790000000000e+00 1.749620070493e-01 1.927404544699e+00 4.110575950844e-02 1.197096846189e+05 1.196325895449e+05 1.008205936682e+05 3.681153996093e+03 5.773227125897e+02 3.400000000000e+06 0.000000000000e+00 -8.752000000000e-01 -8.752000000000e-01 0.000000000000e+00 0.000000000000e+00 0.000000000000e+00 -0.000000000000e+00 1.062539179918e-01 0.000000000000e+00 0.000000000000e+00 0.000000000000e+00 0.000000000000e+00 0.000000000000e+00 0.000000000000e+00 
9.795000000000e+00 1.747540114955e-01 1.856187449550e+00 4.154481338810e-02 1.192877624824e+05 1.192289497034e+05 1.008115947070e+05 3.682292686290e+03 5.777628156012e+02 3.400000000000e+06 0.000000000000e+00 -8.752000000000e-01 -8.752000000000e-01 0.000000000000e+00 0.000000000000e+00 0.000000000000e+00 -0.000000000000e+00 1.061276029001e-01 0.000000000000e+00 0.000000000000e+00 0.000000000000e+00 0.000000000000e+00 0.000000000000e+00 0.000000000000e+00 
9.800000000000e+00 1.745439352540e-01 1.785604818437e+00 4.193106721340e-02 1.188614854161e+05 1.188200372328e+05 1.008026010261e+05 3.683444489938e+03 5.782091515081e+02 3.400000000000e+06 0.000000000000e+00 -8.752000000000e-01 -8.752000000000e-01 0.000000000000e+00 0.000000000000e+00 0.000000000000e+00 -0.000000000000e+00 1.060000242125e-01 0.000000000000e+00 0.000000000000e+00 0.000000000000e+00 0.000000000000e+00 0.000000000000e+00 0.000000000000e+00 
9.805000000000e+00 1.743320438567e-01 1.715895719828e+00 4.226373755307e-02 1.184313643707e+05 1.184063294661e+05 1.007936256852e+05 3.684608006576e+03 5.786611993246e+02 3.400000000000e+06 0.000000000000e+00 -8.752000000000e-01 -8.752000000000e-01 0.000000000000e+00 0.000000000000e+00 0.000000000000e+00 -0.000000000000e+00 1.058713431856e-01 0.000000000000e+00 0.000000000000e+00 0.000000000000e+00 0.000000000000e+00 0.000000000000e+00 0.000000000000e+00 
9.810000000000e+00 1.741186031250e-01 1.647288432208e+00 4.254456247888e-02 1.179978704994e+05 1.179883100651e+05 1.007846812553e+05 3.685781833923e+03 5.791184282689e+02 3.400000000000e+06 0.000000000000e+00 -8.752000000000e-01 -8.752000000000e-01 0.000000000000e+00 0.000000000000e+00 0.000000000000e+00 -0.000000000000e+00 1.057417212521e-01 0.000000000000e+00 0.000000000000e+00 0.000000000000e+00 0.000000000000e+00 0.000000000000e+00 0.000000000000e+00 
9.815000000000e+00 1.739038761130e-01 1.579997897840e+00 4.277263017329e-02 1.175615231400e+05 1.175664631960e+05 1.007757796947e+05 3.686964566087e+03 5.795803042550e+02 3.400000000000e+06 0.000000000000e+00 -8.752000000000e-01 -8.752000000000e-01 0.000000000000e+00 0.000000000000e+00 0.000000000000e+00 -0.000000000000e+00 1.056113181640e-01 0.000000000000e+00 0.000000000000e+00 0.000000000000e+00 0.000000000000e+00 0.000000000000e+00 0.000000000000e+00 
9.820000000000e+00 1.736881282596e-01 1.514221511128e+00 4.294838845834e-02 1.171228274268e+05 1.171412837824e+05 1.007669325689e+05 3.688154779319e+03 5.800462788100e+02 3.400000000000e+06 0.000000000000e+00 -8.752000000000e-01 -8.752000000000e-01 0.000000000000e+00 0.000000000000e+00 0.000000000000e+00 -0.000000000000e+00 1.054802951217e-01 0.000000000000e+00 0.000000000000e+00 0.000000000000e+00 0.000000000000e+00 0.000000000000e+00 0.000000000000e+00 
9.825000000000e+00 1.734716224575e-01 1.450140437759e+00 4.307236275135e-02 1.166822877542e+05 1.167132679619e+05 1.007581508530e+05 3.689351054434e+03 5.805157996609e+02 3.400000000000e+06 0.000000000000e+00 -8.752000000000e-01 -8.752000000000e-01 0.000000000000e+00 0.000000000000e+00 0.000000000000e+00 -0.000000000000e+00 1.053488117791e-01 0.000000000000e+00 0.000000000000e+00 0.000000000000e+00 0.000000000000e+00 0.000000000000e+00 0.000000000000e+00 
9.830000000000e+00 1.732546184307e-01 1.387920012425e+00 4.314546512753e-02 1.162404008708e+05 1.162829119039e+05 1.007494449192e+05 3.690551981344e+03 5.809883122087e+02 3.400000000000e+06 0.000000000000e+00 -8.752000000000e-01 -8.752000000000e-01 0.000000000000e+00 0.000000000000e+00 0.000000000000e+00 -0.000000000000e+00 1.052170258658e-01 0.000000000000e+00 0.000000000000e+00 0.000000000000e+00 0.000000000000e+00 0.000000000000e+00 0.000000000000e+00 
9.835000000000e+00 1.730373690101e-01 1.327710611808e+00 4.316922157501e-02 1.157976440455e+05 1.158507044003e+05 1.007408244061e+05 3.691756180580e+03 5.814632678576e+02 3.400000000000e+06 0.000000000000e+00 -8.752000000000e-01 -8.752000000000e-01 0.000000000000e+00 0.000000000000e+00 0.000000000000e+00 -0.000000000000e+00 1.050850909255e-01 0.000000000000e+00 0.000000000000e+00 0.000000000000e+00 0.000000000000e+00 0.000000000000e+00 0.000000000000e+00 
9.840000000000e+00 1.728201241736e-01 1.269648022618e+00 4.314426610055e-02 1.153545108481e+05 1.154171348184e+05 1.007322984007e+05 3.692962275690e+03 5.819401154865e+02 3.400000000000e+06 0.000000000000e+00 -8.752000000000e-01 -8.752000000000e-01 0.000000000000e+00 0.000000000000e+00 0.000000000000e+00 -0.000000000000e+00 1.049531587689e-01 0.000000000000e+00 0.000000000000e+00 0.000000000000e+00 0.000000000000e+00 0.000000000000e+00 0.000000000000e+00 
9.845000000000e+00 1.726031183285e-01 1.213856067258e+00 4.307440253527e-02 1.149114102235e+05 1.149826675815e+05 1.007238749652e+05 3.694168978724e+03 5.824183297328e+02 3.400000000000e+06 0.000000000000e+00 -8.752000000000e-01 -8.752000000000e-01 0.000000000000e+00 0.000000000000e+00 0.000000000000e+00 -0.000000000000e+00 1.048213717510e-01 0.000000000000e+00 0.000000000000e+00 0.000000000000e+00 0.000000000000e+00 0.000000000000e+00 0.000000000000e+00 
9.850000000000e+00 1.723865731969e-01 1.160445182611e+00 4.296091855567e-02 1.144687766195e+05 1.145477475353e+05 1.007155612910e+05 3.695375054434e+03 5.828974053677e+02 3.400000000000e+06 0.000000000000e+00 -8.752000000000e-01 -8.752000000000e-01 0.000000000000e+00 0.000000000000e+00 0.000000000000e+00 -0.000000000000e+00 1.046898645228e-01 0.000000000000e+00 0.000000000000e+00 0.000000000000e+00 0.000000000000e+00 0.000000000000e+00 0.000000000000e+00 
9.855000000000e+00 1.721707053184e-01 1.109513706104e+00 4.280518856263e-02 1.140270373256e+05 1.141128147226e+05 1.007073640206e+05 3.696579288305e+03 5.833768412554e+02 3.400000000000e+06 0.000000000000e+00 -8.752000000000e-01 -8.752000000000e-01 0.000000000000e+00 0.000000000000e+00 0.000000000000e+00 -0.000000000000e+00 1.045587685885e-01 0.000000000000e+00 0.000000000000e+00 0.000000000000e+00 0.000000000000e+00 0.000000000000e+00 0.000000000000e+00 
9.860000000000e+00 1.719557227154e-01 1.061146843652e+00 4.260956680673e-02 1.135865888420e+05 1.136782974880e+05 1.006992891454e+05 3.697780508721e+03 5.838561481447e+02 3.400000000000e+06 0.000000000000e+00 -8.752000000000e-01 -8.752000000000e-01 0.000000000000e+00 0.000000000000e+00 0.000000000000e+00 -0.000000000000e+00 1.044282102793e-01 0.000000000000e+00 0.000000000000e+00 0.000000000000e+00 0.000000000000e+00 0.000000000000e+00 0.000000000000e+00 
9.865000000000e+00 1.717418194239e-01 1.015414242826e+00 4.237688416610e-02 1.131477944743e+05 1.132446011078e+05 1.006913418327e+05 3.698977616265e+03 5.843348614226e+02 3.400000000000e+06 0.000000000000e+00 -8.752000000000e-01 -8.752000000000e-01 0.000000000000e+00 0.000000000000e+00 0.000000000000e+00 -0.000000000000e+00 1.042983074328e-01 0.000000000000e+00 0.000000000000e+00 0.000000000000e+00 0.000000000000e+00 0.000000000000e+00 0.000000000000e+00 
9.870000000000e+00 1.715291762858e-01 9.723727623100e-01 4.210943914810e-02 1.127110042785e+05 1.128121089537e+05 1.006835264946e+05 3.700169576341e+03 5.848125400558e+02 3.400000000000e+06 0.000000000000e+00 -8.752000000000e-01 -8.752000000000e-01 0.000000000000e+00 0.000000000000e+00 0.000000000000e+00 -0.000000000000e+00 1.041691698737e-01 0.000000000000e+00 0.000000000000e+00 0.000000000000e+00 0.000000000000e+00 0.000000000000e+00 0.000000000000e+00 
9.875000000000e+00 1.713179471624e-01 9.320610058307e-01 4.180895910406e-02 1.122765267056e+05 1.123811538856e+05 1.006758463263e+05 3.701355497256e+03 5.852887984183e+02 3.400000000000e+06 0.000000000000e+00 -8.752000000000e-01 -8.752000000000e-01 0.000000000000e+00 0.000000000000e+00 0.000000000000e+00 -0.000000000000e+00 1.040408910416e-01 0.000000000000e+00 0.000000000000e+00 0.000000000000e+00 0.000000000000e+00 0.000000000000e+00 0.000000000000e+00 
9.880000000000e+00 1.711082958890e-01 8.945203746463e-01 4.147259833971e-02 1.118447800431e+05 1.119520931192e+05 1.006683046914e+05 3.702534408777e+03 5.857632237572e+02 3.400000000000e+06 0.000000000000e+00 -8.752000000000e-01 -8.752000000000e-01 0.000000000000e+00 0.000000000000e+00 0.000000000000e+00 -0.000000000000e+00 1.039135704331e-01 0.000000000000e+00 0.000000000000e+00 0.000000000000e+00 0.000000000000e+00 0.000000000000e+00 0.000000000000e+00 
9.885000000000e+00 1.709004154017e-01 8.597758792620e-01 4.110828230682e-02 1.114160460987e+05 1.115253478314e+05 1.006609057888e+05 3.703705209665e+03 5.862353323972e+02 3.400000000000e+06 0.000000000000e+00 -8.752000000000e-01 -8.752000000000e-01 0.000000000000e+00 0.000000000000e+00 0.000000000000e+00 -0.000000000000e+00 1.037873252179e-01 0.000000000000e+00 0.000000000000e+00 0.000000000000e+00 0.000000000000e+00 0.000000000000e+00 0.000000000000e+00 
9.890000000000e+00 1.706944272091e-01 8.278380183464e-01 4.072209708114e-02 1.109904943641e+05 1.111011967154e+05 1.006536510872e+05 3.704867188859e+03 5.867047982299e+02 3.400000000000e+06 0.000000000000e+00 -8.752000000000e-01 -8.752000000000e-01 0.000000000000e+00 0.000000000000e+00 0.000000000000e+00 -0.000000000000e+00 1.036622291877e-01 0.000000000000e+00 0.000000000000e+00 0.000000000000e+00 0.000000000000e+00 0.000000000000e+00 0.000000000000e+00 
9.895000000000e+00 1.704904379990e-01 7.987069549992e-01 4.031575668009e-02 1.105683472585e+05 1.106798907852e+05 1.006465414294e+05 3.706019699105e+03 5.871713260216e+02 3.400000000000e+06 0.000000000000e+00 -8.752000000000e-01 -8.752000000000e-01 0.000000000000e+00 0.000000000000e+00 0.000000000000e+00 -0.000000000000e+00 1.035383471338e-01 0.000000000000e+00 0.000000000000e+00 0.000000000000e+00 0.000000000000e+00 0.000000000000e+00 0.000000000000e+00 
9.900000000000e+00 1.702885455192e-01 7.723735463138e-01 3.989073816419e-02 1.101498149493e+05 1.102616650725e+05 1.006395772669e+05 3.707162139403e+03 5.876346385767e+02 3.400000000000e+06 0.000000000000e+00 -8.752000000000e-01 -8.752000000000e-01 0.000000000000e+00 0.000000000000e+00 0.000000000000e+00 -0.000000000000e+00 1.034157384180e-01 0.000000000000e+00 0.000000000000e+00 0.000000000000e+00 0.000000000000e+00 0.000000000000e+00 0.000000000000e+00 
9.905000000000e+00 1.700888096851e-01 7.488128411671e-01 3.945552870152e-02 1.097348970522e+05 1.098466781898e+05 1.006327577002e+05 3.708294146199e+03 5.880945438120e+02 3.400000000000e+06 0.000000000000e+00 -8.752000000000e-01 -8.752000000000e-01 0.000000000000e+00 0.000000000000e+00 0.000000000000e+00 -0.000000000000e+00 1.032944394269e-01 0.000000000000e+00 0.000000000000e+00 0.000000000000e+00 0.000000000000e+00 0.000000000000e+00 0.000000000000e+00 
9.910000000000e+00 1.698912586337e-01 7.280049994613e-01 3.900358086539e-02 1.093238099534e+05 1.094350237668e+05 1.006260807520e+05 3.709415479898e+03 5.885509222643e+02 3.400000000000e+06 0.000000000000e+00 -8.752000000000e-01 -8.752000000000e-01 0.000000000000e+00 0.000000000000e+00 0.000000000000e+00 -0.000000000000e+00 1.031744672480e-01 0.000000000000e+00 0.000000000000e+00 0.000000000000e+00 0.000000000000e+00 0.000000000000e+00 0.000000000000e+00 
9.915000000000e+00 1.696959863665e-01 7.099149065745e-01 3.853442443994e-02 1.089167968213e+05 1.090269338118e+05 1.006195466734e+05 3.710525547266e+03 5.890035016511e+02 3.400000000000e+06 0.000000000000e+00 -8.752000000000e-01 -8.752000000000e-01 0.000000000000e+00 0.000000000000e+00 0.000000000000e+00 -0.000000000000e+00 1.030558789681e-01 0.000000000000e+00 0.000000000000e+00 0.000000000000e+00 0.000000000000e+00 0.000000000000e+00 0.000000000000e+00 
9.920000000000e+00 1.695030667313e-01 6.945034730278e-01 3.805173597689e-02 1.085139811221e+05 1.086226001273e+05 1.006131550006e+05 3.711623882480e+03 5.894520547800e+02 3.400000000000e+06 0.000000000000e+00 -8.752000000000e-01 -8.752000000000e-01 0.000000000000e+00 0.000000000000e+00 0.000000000000e+00 -0.000000000000e+00 1.029387194348e-01 0.000000000000e+00 0.000000000000e+00 0.000000000000e+00 0.000000000000e+00 0.000000000000e+00 0.000000000000e+00 
9.925000000000e+00 1.693125627746e-01 6.817125593565e-01 3.755834534469e-02 1.081154802679e+05 1.082221933419e+05 1.006069048972e+05 3.712710076328e+03 5.898963785163e+02 3.400000000000e+06 0.000000000000e+00 -8.752000000000e-01 -8.752000000000e-01 0.000000000000e+00 0.000000000000e+00 0.000000000000e+00 -0.000000000000e+00 1.028230269359e-01 0.000000000000e+00 0.000000000000e+00 0.000000000000e+00 0.000000000000e+00 0.000000000000e+00 0.000000000000e+00 
9.930000000000e+00 1.691245199135e-01 6.714793079717e-01 3.705738524151e-02 1.077213688689e+05 1.078258481364e+05 1.006007949534e+05 3.713783820055e+03 5.903363102283e+02 3.400000000000e+06 0.000000000000e+00 -8.752000000000e-01 -8.752000000000e-01 0.000000000000e+00 0.000000000000e+00 0.000000000000e+00 -0.000000000000e+00 1.027088290533e-01 0.000000000000e+00 0.000000000000e+00 0.000000000000e+00 0.000000000000e+00 0.000000000000e+00 0.000000000000e+00 
9.935000000000e+00 1.689389697640e-01 6.637343902517e-01 3.655140710599e-02 1.073317032753e+05 1.074336707906e+05 1.005948233378e+05 3.714844880971e+03 5.907717194612e+02 3.400000000000e+06 0.000000000000e+00 -8.752000000000e-01 -8.752000000000e-01 0.000000000000e+00 0.000000000000e+00 0.000000000000e+00 -0.000000000000e+00 1.025961449872e-01 0.000000000000e+00 0.000000000000e+00 0.000000000000e+00 0.000000000000e+00 0.000000000000e+00 0.000000000000e+00 
9.940000000000e+00 1.687559325699e-01 6.584028260507e-01 3.604235384962e-02 1.069465270386e+05 1.070457439062e+05 1.005889878966e+05 3.715893089023e+03 5.912025027203e+02 3.400000000000e+06 0.000000000000e+00 -8.752000000000e-01 -8.752000000000e-01 0.000000000000e+00 0.000000000000e+00 0.000000000000e+00 -0.000000000000e+00 1.024849870316e-01 0.000000000000e+00 0.000000000000e+00 0.000000000000e+00 0.000000000000e+00 0.000000000000e+00 0.000000000000e+00 
9.945000000000e+00 1.685754196598e-01 6.554025769803e-01 3.553204037146e-02 1.065658668139e+05 1.066621312841e+05 1.005832862471e+05 3.716928324946e+03 5.916285780668e+02 3.400000000000e+06 0.000000000000e+00 -8.752000000000e-01 -8.752000000000e-01 0.000000000000e+00 0.000000000000e+00 0.000000000000e+00 -0.000000000000e+00 1.023753620662e-01 0.000000000000e+00 0.000000000000e+00 0.000000000000e+00 0.000000000000e+00 0.000000000000e+00 0.000000000000e+00 
9.950000000000e+00 1.683974335877e-01 6.546458042541e-01 3.502214718238e-02 1.061897325568e+05 1.062828779529e+05 1.005777157947e+05 3.717950519820e+03 5.920498850857e+02 3.400000000000e+06 0.000000000000e+00 -8.752000000000e-01 -8.752000000000e-01 0.000000000000e+00 0.000000000000e+00 0.000000000000e+00 -0.000000000000e+00 1.022672716423e-01 0.000000000000e+00 0.000000000000e+00 0.000000000000e+00 0.000000000000e+00 0.000000000000e+00 0.000000000000e+00 
9.955000000000e+00 1.682219685166e-01 6.560402611034e-01 3.451441550949e-02 1.058181143943e+05 1.059080107285e+05 1.005722737553e+05 3.718959653951e+03 5.924663842589e+02 3.400000000000e+06 0.000000000000e+00 -8.752000000000e-01 -8.752000000000e-01 0.000000000000e+00 0.000000000000e+00 0.000000000000e+00 -0.000000000000e+00 1.021607122150e-01 0.000000000000e+00 0.000000000000e+00 0.000000000000e+00 0.000000000000e+00 0.000000000000e+00 0.000000000000e+00 
9.960000000000e+00 1.680490111741e-01 6.594902184111e-01 3.400997671858e-02 1.054509973619e+05 1.055375400218e+05 1.005669571946e+05 3.719955749210e+03 5.928780549446e+02 3.400000000000e+06 0.000000000000e+00 -8.752000000000e-01 -8.752000000000e-01 0.000000000000e+00 0.000000000000e+00 0.000000000000e+00 -0.000000000000e+00 1.020556757239e-01 0.000000000000e+00 0.000000000000e+00 0.000000000000e+00 0.000000000000e+00 0.000000000000e+00 0.000000000000e+00 
9.965000000000e+00 1.678785431673e-01 6.648964770013e-01 3.351015138196e-02 1.050883509862e+05 1.051714646084e+05 1.005617631059e+05 3.720938858898e+03 5.932848900581e+02 3.400000000000e+06 0.000000000000e+00 -8.752000000000e-01 -8.752000000000e-01 0.000000000000e+00 0.000000000000e+00 0.000000000000e+00 -0.000000000000e+00 1.019521509992e-01 0.000000000000e+00 0.000000000000e+00 0.000000000000e+00 0.000000000000e+00 0.000000000000e+00 0.000000000000e+00 
9.970000000000e+00 1.677105396352e-01 6.721552047434e-01 3.301582425341e-02 1.047301382217e+05 1.048097685855e+05 1.005566883740e+05 3.721909073419e+03 5.936868994323e+02 3.400000000000e+06 0.000000000000e+00 -8.752000000000e-01 -8.752000000000e-01 0.000000000000e+00 0.000000000000e+00 0.000000000000e+00 -0.000000000000e+00 1.018501229428e-01 0.000000000000e+00 0.000000000000e+00 0.000000000000e+00 0.000000000000e+00 0.000000000000e+00 0.000000000000e+00 
9.975000000000e+00 1.675449820119e-01 6.811621315676e-01 3.252810843643e-02 1.043763305692e+05 1.044524487827e+05 1.005517301606e+05 3.722866448989e+03 5.940840793233e+02 3.400000000000e+06 0.000000000000e+00 -8.752000000000e-01 -8.752000000000e-01 0.000000000000e+00 0.000000000000e+00 0.000000000000e+00 -0.000000000000e+00 1.017495802797e-01 0.000000000000e+00 0.000000000000e+00 0.000000000000e+00 0.000000000000e+00 0.000000000000e+00 0.000000000000e+00 
9.980000000000e+00 1.673818402278e-01 6.918028339852e-01 3.205059600922e-02 1.040268255217e+05 1.040994763790e+05 1.005468853678e+05 3.723811119137e+03 5.944764550445e+02 3.400000000000e+06 0.000000000000e+00 -8.752000000000e-01 -8.752000000000e-01 0.000000000000e+00 0.000000000000e+00 0.000000000000e+00 -0.000000000000e+00 1.016505047486e-01 0.000000000000e+00 0.000000000000e+00 0.000000000000e+00 0.000000000000e+00 0.000000000000e+00 0.000000000000e+00 
9.985000000000e+00 1.672210730152e-01 7.039620621014e-01 3.158558629277e-02 1.036815196283e+05 1.037507972707e+05 1.005421506580e+05 3.724743279260e+03 5.948640805368e+02 3.400000000000e+06 0.000000000000e+00 -8.752000000000e-01 -8.752000000000e-01 0.000000000000e+00 0.000000000000e+00 0.000000000000e+00 -0.000000000000e+00 1.015528712881e-01 0.000000000000e+00 0.000000000000e+00 0.000000000000e+00 0.000000000000e+00 0.000000000000e+00 0.000000000000e+00 
9.990000000000e+00 1.670626256920e-01 7.175233938580e-01 3.112881444804e-02 1.033404057073e+05 1.034063269676e+05 1.005375224000e+05 3.725663180117e+03 5.952470440178e+02 3.400000000000e+06 0.000000000000e+00 -8.752000000000e-01 -8.752000000000e-01 0.000000000000e+00 0.000000000000e+00 0.000000000000e+00 -0.000000000000e+00 1.014566466895e-01 0.000000000000e+00 0.000000000000e+00 0.000000000000e+00 0.000000000000e+00 0.000000000000e+00 0.000000000000e+00 
9.995000000000e+00 1.669064452749e-01 7.323709789402e-01 3.068259143512e-02 1.030033518487e+05 1.030659832430e+05 1.005329971167e+05 3.726571089417e+03 5.956254316549e+02 3.400000000000e+06 0.000000000000e+00 -8.752000000000e-01 -8.752000000000e-01 0.000000000000e+00 0.000000000000e+00 0.000000000000e+00 -0.000000000000e+00 1.013617979719e-01 0.000000000000e+00 0.000000000000e+00 0.000000000000e+00 0.000000000000e+00 0.000000000000e+00 0.000000000000e+00 
1.000000000000e+01 1.667524744411e-01 7.483897142701e-01 3.024793757964e-02 1.026702400873e+05 1.027296729968e+05 1.005285713065e+05 3.727467297513e+03 5.959993421353e+02 3.400000000000e+06 0.000000000000e+00 -8.752000000000e-01 -8.752000000000e-01 0.000000000000e+00 0.000000000000e+00 0.000000000000e+00 -0.000000000000e+00 1.012682922319e-01 0.000000000000e+00 0.000000000000e+00 0.000000000000e+00 0.000000000000e+00 0.000000000000e+00 0.000000000000e+00 
