9.000000000000e+00 1.364842341128e-02 -1.120123168307e-02 3.556108992248e-03 1.027742656789e+05 1.098214001608e+05 1.000000000000e+05 7.681385509227e+03 5.237048006783e+02 1.800000000000e+06 0.000000000000e+00 -8.752000000000e-01 -8.752000000000e-01 0.000000000000e+00 0.000000000000e+00 0.000000000000e+00 -0.000000000000e+00 4.473855479978e-02 0.000000000000e+00 0.000000000000e+00 0.000000000000e+00 0.000000000000e+00 0.000000000000e+00 0.000000000000e+00 
9.005000000000e+00 1.363018162988e-02 -1.087235371921e-02 3.523686143070e-03 1.024426192300e+05 1.094395242803e+05 1.000000000000e+05 7.683973439365e+03 5.242362952125e+02 1.800000000000e+06 0.000000000000e+00 -8.752000000000e-01 -8.752000000000e-01 0.000000000000e+00 0.000000000000e+00 0.000000000000e+00 -0.000000000000e+00 4.467894731210e-02 0.000000000000e+00 0.000000000000e+00 0.000000000000e+00 0.000000000000e+00 0.000000000000e+00 0.000000000000e+00 
9.010000000000e+00 1.361210879072e-02 -1.053751249044e-02 3.490803097736e-03 1.021144954317e+05 1.090599146129e+05 1.000000000000e+05 7.686541548514e+03 5.247638588544e+02 1.800000000000e+06 0.000000000000e+00 -8.752000000000e-01 -8.752000000000e-01 0.000000000000e+00 0.000000000000e+00 0.000000000000e+00 -0.000000000000e+00 4.461989055675e-02 0.000000000000e+00 0.000000000000e+00 0.000000000000e+00 0.000000000000e+00 0.000000000000e+00 0.000000000000e+00 
9.015000000000e+00 1.359420696315e-02 -1.019808248919e-02 3.457558185788e-03 1.017897776770e+05 1.086826448192e+05 1.000000000000e+05 7.689089451778e+03 5.252874066095e+02 1.800000000000e+06 0.000000000000e+00 -8.752000000000e-01 -8.752000000000e-01 0.000000000000e+00 0.000000000000e+00 0.000000000000e+00 -0.000000000000e+00 4.456139131567e-02 0.000000000000e+00 0.000000000000e+00 0.000000000000e+00 0.000000000000e+00 0.000000000000e+00 0.000000000000e+00 
9.020000000000e+00 1.357647772188e-02 -9.855379046736e-03 3.424046015497e-03 1.014683447764e+05 1.083077786042e+05 1.000000000000e+05 7.691616832975e+03 5.258068676338e+02 1.800000000000e+06 0.000000000000e+00 -8.752000000000e-01 -8.752000000000e-01 0.000000000000e+00 0.000000000000e+00 0.000000000000e+00 -0.000000000000e+00 4.450345474921e-02 0.000000000000e+00 0.000000000000e+00 0.000000000000e+00 0.000000000000e+00 0.000000000000e+00 0.000000000000e+00 
9.025000000000e+00 1.355892216691e-02 -9.510660228756e-03 3.390356920906e-03 1.011500724265e+05 1.079353699586e+05 1.000000000000e+05 7.694123442277e+03 5.263221847898e+02 1.800000000000e+06 0.000000000000e+00 -8.752000000000e-01 -8.752000000000e-01 0.000000000000e+00 0.000000000000e+00 0.000000000000e+00 -0.000000000000e+00 4.444608446357e-02 0.000000000000e+00 0.000000000000e+00 0.000000000000e+00 0.000000000000e+00 0.000000000000e+00 0.000000000000e+00 
9.030000000000e+00 1.354154094622e-02 -9.165112426710e-03 3.356576466211e-03 1.008348346462e+05 1.075654634682e+05 1.000000000000e+05 7.696609093443e+03 5.268333141145e+02 1.800000000000e+06 0.000000000000e+00 -8.752000000000e-01 -8.752000000000e-01 0.000000000000e+00 0.000000000000e+00 0.000000000000e+00 -0.000000000000e+00 4.438928258578e-02 0.000000000000e+00 0.000000000000e+00 0.000000000000e+00 0.000000000000e+00 0.000000000000e+00 0.000000000000e+00 
9.035000000000e+00 1.352433429336e-02 -8.819772269547e-03 3.322780644180e-03 1.005225142158e+05 1.071980949538e+05 1.000000000000e+05 7.699073658056e+03 5.273402238381e+02 1.800000000000e+06 0.000000000000e+00 -8.752000000000e-01 -8.752000000000e-01 0.000000000000e+00 0.000000000000e+00 0.000000000000e+00 -0.000000000000e+00 4.433304988825e-02 0.000000000000e+00 0.000000000000e+00 0.000000000000e+00 0.000000000000e+00 0.000000000000e+00 0.000000000000e+00 
9.040000000000e+00 1.350730208786e-02 -8.475492580444e-03 3.289044213476e-03 1.002129873034e+05 1.068332926204e+05 1.000000000000e+05 7.701517058870e+03 5.278428927131e+02 1.800000000000e+06 0.000000000000e+00 -8.752000000000e-01 -8.752000000000e-01 0.000000000000e+00 0.000000000000e+00 0.000000000000e+00 -0.000000000000e+00 4.427738598396e-02 0.000000000000e+00 0.000000000000e+00 0.000000000000e+00 0.000000000000e+00 0.000000000000e+00 0.000000000000e+00 
9.045000000000e+00 1.349044929221e-02 -8.102849126985e-03 3.251420730339e-03 9.991435106402e+04 1.064711939321e+05 1.000000000000e+05 7.703937727526e+03 5.283411492249e+02 1.800000000000e+06 0.000000000000e+00 -8.752000000000e-01 -8.752000000000e-01 0.000000000000e+00 0.000000000000e+00 0.000000000000e+00 -0.000000000000e+00 4.422230796085e-02 0.000000000000e+00 0.000000000000e+00 0.000000000000e+00 0.000000000000e+00 0.000000000000e+00 0.000000000000e+00 
9.050000000000e+00 1.347391382255e-02 -7.093780045923e-03 3.159109691296e-03 9.973238896942e+04 1.061148075657e+05 1.000000000000e+05 7.706306031422e+03 5.288308798240e+02 1.800000000000e+06 0.000000000000e+00 -8.752000000000e-01 -8.752000000000e-01 0.000000000000e+00 0.000000000000e+00 0.000000000000e+00 -0.000000000000e+00 4.416827749770e-02 0.000000000000e+00 0.000000000000e+00 0.000000000000e+00 0.000000000000e+00 0.000000000000e+00 0.000000000000e+00 
9.055000000000e+00 1.345833627975e-02 -3.639866408203e-03 2.914566135547e-03 9.987947313995e+04 1.057780613372e+05 1.000000000000e+05 7.708510621432e+03 5.292930174106e+02 1.800000000000e+06 0.000000000000e+00 -8.752000000000e-01 -8.752000000000e-01 0.000000000000e+00 0.000000000000e+00 0.000000000000e+00 -0.000000000000e+00 4.411722485917e-02 0.000000000000e+00 0.000000000000e+00 0.000000000000e+00 0.000000000000e+00 0.000000000000e+00 0.000000000000e+00 
9.060000000000e+00 1.344466838210e-02 3.647054727911e-03 2.468022660958e-03 1.004793114426e+05 1.054817899055e+05 1.000000000000e+05 7.710403563219e+03 5.296991250740e+02 1.800000000000e+06 0.000000000000e+00 -8.752000000000e-01 -8.752000000000e-01 0.000000000000e+00 0.000000000000e+00 0.000000000000e+00 -0.000000000000e+00 4.407222722659e-02 0.000000000000e+00 0.000000000000e+00 0.000000000000e+00 0.000000000000e+00 0.000000000000e+00 0.000000000000e+00 
9.065000000000e+00 1.343392659660e-02 1.548180081456e-02 1.782569686203e-03 1.016309589732e+05 1.052484152186e+05 1.000000000000e+05 7.711829395823e+03 5.300187004910e+02 1.800000000000e+06 0.000000000000e+00 -8.752000000000e-01 -8.752000000000e-01 0.000000000000e+00 0.000000000000e+00 0.000000000000e+00 -0.000000000000e+00 4.403714014509e-02 0.000000000000e+00 0.000000000000e+00 0.000000000000e+00 0.000000000000e+00 0.000000000000e+00 0.000000000000e+00 
9.070000000000e+00 1.342747197322e-02 3.176371619480e-02 8.595423008500e-04 1.033623882251e+05 1.051079575414e+05 1.000000000000e+05 7.712589730043e+03 5.302109037826e+02 1.800000000000e+06 0.000000000000e+00 -8.752000000000e-01 -8.752000000000e-01 0.000000000000e+00 0.000000000000e+00 0.000000000000e+00 -0.000000000000e+00 4.401605845995e-02 0.000000000000e+00 0.000000000000e+00 0.000000000000e+00 0.000000000000e+00 0.000000000000e+00 0.000000000000e+00 
9.075000000000e+00 1.342638246218e-02 5.179011752572e-02 -2.516860800720e-04 1.055954216866e+05 1.050842322134e+05 1.000000000000e+05 7.712536660590e+03 5.302433597124e+02 1.800000000000e+06 0.000000000000e+00 -8.752000000000e-01 -8.752000000000e-01 0.000000000000e+00 0.000000000000e+00 0.000000000000e+00 -0.000000000000e+00 4.401248322011e-02 0.000000000000e+00 0.000000000000e+00 0.000000000000e+00 0.000000000000e+00 0.000000000000e+00 0.000000000000e+00 
9.080000000000e+00 1.343143970986e-02 7.402504287527e-02 -1.515954057469e-03 1.082715731650e+05 1.051943186625e+05 1.000000000000e+05 7.711563675114e+03 5.300927385789e+02 1.800000000000e+06 0.000000000000e+00 -8.752000000000e-01 -8.752000000000e-01 0.000000000000e+00 0.000000000000e+00 0.000000000000e+00 -0.000000000000e+00 4.402902695479e-02 0.000000000000e+00 0.000000000000e+00 0.000000000000e+00 0.000000000000e+00 0.000000000000e+00 0.000000000000e+00 
9.085000000000e+00 1.344328597552e-02 9.704582109535e-02 -2.861684953910e-03 1.112530763492e+05 1.054517821459e+05 1.000000000000e+05 7.709593123555e+03 5.297402323629e+02 1.800000000000e+06 0.000000000000e+00 -8.752000000000e-01 -8.752000000000e-01 0.000000000000e+00 0.000000000000e+00 0.000000000000e+00 -0.000000000000e+00 4.406775912520e-02 0.000000000000e+00 0.000000000000e+00 0.000000000000e+00 0.000000000000e+00 0.000000000000e+00 0.000000000000e+00 
9.090000000000e+00 1.346215376978e-02 1.194733589769e-01 -4.227695547087e-03 1.144131766398e+05 1.058606760923e+05 1.000000000000e+05 7.706606800833e+03 5.291796943372e+02 1.800000000000e+06 0.000000000000e+00 -8.752000000000e-01 -8.752000000000e-01 0.000000000000e+00 0.000000000000e+00 0.000000000000e+00 -0.000000000000e+00 4.412943203248e-02 0.000000000000e+00 0.000000000000e+00 0.000000000000e+00 0.000000000000e+00 0.000000000000e+00 0.000000000000e+00 
9.095000000000e+00 1.348797828920e-02 1.402105063713e-01 -5.559173713781e-03 1.176317646332e+05 1.064180065088e+05 1.000000000000e+05 7.702630262681e+03 5.284142789180e+02 1.800000000000e+06 0.000000000000e+00 -8.752000000000e-01 -8.752000000000e-01 0.000000000000e+00 0.000000000000e+00 0.000000000000e+00 -0.000000000000e+00 4.421382828976e-02 0.000000000000e+00 0.000000000000e+00 0.000000000000e+00 0.000000000000e+00 0.000000000000e+00 0.000000000000e+00 
9.100000000000e+00 1.352045448316e-02 1.586057135240e-01 -6.816257300157e-03 1.208150877398e+05 1.071150972181e+05 1.000000000000e+05 7.697722455118e+03 5.274546493681e+02 1.800000000000e+06 0.000000000000e+00 -8.752000000000e-01 -8.752000000000e-01 0.000000000000e+00 0.000000000000e+00 0.000000000000e+00 -0.000000000000e+00 4.431995015945e-02 0.000000000000e+00 0.000000000000e+00 0.000000000000e+00 0.000000000000e+00 0.000000000000e+00 0.000000000000e+00 
9.105000000000e+00 1.355910937267e-02 1.743906073930e-01 -7.970097989663e-03 1.238899886167e+05 1.079393475775e+05 1.000000000000e+05 7.691965343226e+03 5.263166846724e+02 1.800000000000e+06 0.000000000000e+00 -8.752000000000e-01 -8.752000000000e-01 0.000000000000e+00 0.000000000000e+00 0.000000000000e+00 -0.000000000000e+00 4.444624952598e-02 0.000000000000e+00 0.000000000000e+00 0.000000000000e+00 0.000000000000e+00 0.000000000000e+00 0.000000000000e+00 
9.110000000000e+00 1.360334982864e-02 1.875387888233e-01 -9.001173116078e-03 1.268018173719e+05 1.088754810166e+05 1.000000000000e+05 7.685456612836e+03 5.250198974316e+02 1.800000000000e+06 0.000000000000e+00 -8.752000000000e-01 -8.752000000000e-01 0.000000000000e+00 0.000000000000e+00 0.000000000000e+00 -0.000000000000e+00 4.459078607127e-02 0.000000000000e+00 0.000000000000e+00 0.000000000000e+00 0.000000000000e+00 0.000000000000e+00 0.000000000000e+00 
9.115000000000e+00 1.365250313690e-02 1.981710505351e-01 -9.898280609449e-03 1.295132422492e+05 1.099066299751e+05 1.000000000000e+05 7.678303328952e+03 5.235860705706e+02 1.800000000000e+06 0.000000000000e+00 -8.752000000000e-01 -8.752000000000e-01 0.000000000000e+00 0.000000000000e+00 0.000000000000e+00 -0.000000000000e+00 4.475136128235e-02 0.000000000000e+00 0.000000000000e+00 0.000000000000e+00 0.000000000000e+00 0.000000000000e+00 0.000000000000e+00 
9.120000000000e+00 1.370587352650e-02 2.065640000065e-01 -1.065983262690e-02 1.320076039251e+05 1.110157143895e+05 1.000000000000e+05 7.670613049614e+03 5.220374590266e+02 1.800000000000e+06 0.000000000000e+00 -8.752000000000e-01 -8.752000000000e-01 0.000000000000e+00 0.000000000000e+00 0.000000000000e+00 -0.000000000000e+00 4.492570518245e-02 0.000000000000e+00 0.000000000000e+00 0.000000000000e+00 0.000000000000e+00 0.000000000000e+00 0.000000000000e+00 
9.125000000000e+00 1.376276621709e-02 2.130197598771e-01 -1.128746920105e-02 1.342762531094e+05 1.121860756005e+05 1.000000000000e+05 7.662491199927e+03 5.203959866265e+02 1.800000000000e+06 0.000000000000e+00 -8.752000000000e-01 -8.752000000000e-01 0.000000000000e+00 0.000000000000e+00 0.000000000000e+00 -0.000000000000e+00 4.511154892136e-02 0.000000000000e+00 0.000000000000e+00 0.000000000000e+00 0.000000000000e+00 0.000000000000e+00 0.000000000000e+00 
9.130000000000e+00 1.382250273709e-02 2.178014447799e-01 -1.178522439842e-02 1.363168371192e+05 1.134018796348e+05 1.000000000000e+05 7.654038794769e+03 5.186827333698e+02 1.800000000000e+06 0.000000000000e+00 -8.752000000000e-01 -8.752000000000e-01 0.000000000000e+00 0.000000000000e+00 0.000000000000e+00 -0.000000000000e+00 4.530667575680e-02 0.000000000000e+00 0.000000000000e+00 0.000000000000e+00 0.000000000000e+00 0.000000000000e+00 0.000000000000e+00 
9.135000000000e+00 1.388443003218e-02 2.211248572505e-01 -1.215908711415e-02 1.381322443810e+05 1.146483503453e+05 1.000000000000e+05 7.645351097977e+03 5.169176340440e+02 1.800000000000e+06 0.000000000000e+00 -8.752000000000e-01 -8.752000000000e-01 0.000000000000e+00 0.000000000000e+00 0.000000000000e+00 -0.000000000000e+00 4.550895141116e-02 0.000000000000e+00 0.000000000000e+00 0.000000000000e+00 0.000000000000e+00 0.000000000000e+00 0.000000000000e+00 
9.140000000000e+00 1.394793667921e-02 2.231830727117e-01 -1.241830189540e-02 1.397330243885e+05 1.159121066450e+05 1.000000000000e+05 7.636515102735e+03 5.151190042317e+02 1.800000000000e+06 0.000000000000e+00 -8.752000000000e-01 -8.752000000000e-01 0.000000000000e+00 0.000000000000e+00 0.000000000000e+00 -0.000000000000e+00 4.571637889850e-02 0.000000000000e+00 0.000000000000e+00 0.000000000000e+00 0.000000000000e+00 0.000000000000e+00 0.000000000000e+00 
9.145000000000e+00 1.401246641379e-02 2.241669179016e-01 -1.257459552776e-02 1.411356979763e+05 1.171814040563e+05 1.000000000000e+05 7.627607906617e+03 5.133031754548e+02 1.800000000000e+06 0.000000000000e+00 -8.752000000000e-01 -8.752000000000e-01 0.000000000000e+00 0.000000000000e+00 0.000000000000e+00 -0.000000000000e+00 4.592714167736e-02 0.000000000000e+00 0.000000000000e+00 0.000000000000e+00 0.000000000000e+00 0.000000000000e+00 0.000000000000e+00 
9.150000000000e+00 1.407752341235e-02 2.242439508334e-01 -1.263927526012e-02 1.423569765346e+05 1.184461818019e+05 1.000000000000e+05 7.618696706215e+03 5.114843880395e+02 1.800000000000e+06 0.000000000000e+00 -8.752000000000e-01 -8.752000000000e-01 0.000000000000e+00 0.000000000000e+00 0.000000000000e+00 -0.000000000000e+00 4.613962087387e-02 0.000000000000e+00 0.000000000000e+00 0.000000000000e+00 0.000000000000e+00 0.000000000000e+00 0.000000000000e+00 
9.155000000000e+00 1.414267029601e-02 2.235475280378e-01 -1.262381043463e-02 1.434146689956e+05 1.196979523176e+05 1.000000000000e+05 7.609839203451e+03 5.096749006761e+02 1.800000000000e+06 0.000000000000e+00 -8.752000000000e-01 -8.752000000000e-01 0.000000000000e+00 0.000000000000e+00 0.000000000000e+00 -0.000000000000e+00 4.635238849228e-02 0.000000000000e+00 0.000000000000e+00 0.000000000000e+00 0.000000000000e+00 0.000000000000e+00 0.000000000000e+00 
9.160000000000e+00 1.420752527405e-02 2.221793503553e-01 -1.253859595393e-02 1.443251785677e+05 1.209296706382e+05 1.000000000000e+05 7.601084466797e+03 5.078851273479e+02 1.800000000000e+06 0.000000000000e+00 -8.752000000000e-01 -8.752000000000e-01 0.000000000000e+00 0.000000000000e+00 0.000000000000e+00 -0.000000000000e+00 4.656419819972e-02 0.000000000000e+00 0.000000000000e+00 0.000000000000e+00 0.000000000000e+00 0.000000000000e+00 0.000000000000e+00 
9.165000000000e+00 1.427176100614e-02 2.202262696562e-01 -1.239422697467e-02 1.451058129057e+05 1.221356367917e+05 1.000000000000e+05 7.592473110418e+03 5.061237272266e+02 1.800000000000e+06 0.000000000000e+00 -8.752000000000e-01 -8.752000000000e-01 0.000000000000e+00 0.000000000000e+00 0.000000000000e+00 -0.000000000000e+00 4.677398159941e-02 0.000000000000e+00 0.000000000000e+00 0.000000000000e+00 0.000000000000e+00 0.000000000000e+00 0.000000000000e+00 
9.170000000000e+00 1.433510386985e-02 2.177703115311e-01 -1.220103413789e-02 1.457738301702e+05 1.233114071069e+05 1.000000000000e+05 7.584037728399e+03 5.043976831267e+02 1.800000000000e+06 0.000000000000e+00 -8.752000000000e-01 -8.752000000000e-01 0.000000000000e+00 0.000000000000e+00 0.000000000000e+00 -0.000000000000e+00 4.698084578141e-02 0.000000000000e+00 0.000000000000e+00 0.000000000000e+00 0.000000000000e+00 0.000000000000e+00 0.000000000000e+00 
9.175000000000e+00 1.439732983214e-02 2.148846977606e-01 -1.196800724983e-02 1.463443712284e+05 1.244536465456e+05 1.000000000000e+05 7.575803874852e+03 5.027124699345e+02 1.800000000000e+06 0.000000000000e+00 -8.752000000000e-01 -8.752000000000e-01 0.000000000000e+00 0.000000000000e+00 0.000000000000e+00 -0.000000000000e+00 4.718405979030e-02 0.000000000000e+00 0.000000000000e+00 0.000000000000e+00 0.000000000000e+00 0.000000000000e+00 0.000000000000e+00 
9.180000000000e+00 1.445825546407e-02 2.116154329949e-01 -1.170197512625e-02 1.468288766104e+05 1.255599018407e+05 1.000000000000e+05 7.567791606826e+03 5.010723471485e+02 1.800000000000e+06 0.000000000000e+00 -8.752000000000e-01 -8.752000000000e-01 0.000000000000e+00 0.000000000000e+00 0.000000000000e+00 -0.000000000000e+00 4.738302373035e-02 0.000000000000e+00 0.000000000000e+00 0.000000000000e+00 0.000000000000e+00 0.000000000000e+00 0.000000000000e+00 
9.185000000000e+00 1.451772375502e-02 2.079683644493e-01 -1.140707137898e-02 1.472340066279e+05 1.266282961643e+05 1.000000000000e+05 7.560017607496e+03 4.994807789719e+02 1.800000000000e+06 0.000000000000e+00 -8.752000000000e-01 -8.752000000000e-01 0.000000000000e+00 0.000000000000e+00 0.000000000000e+00 -0.000000000000e+00 4.757722568732e-02 0.000000000000e+00 0.000000000000e+00 0.000000000000e+00 0.000000000000e+00 0.000000000000e+00 0.000000000000e+00 
9.190000000000e+00 1.457559307942e-02 2.039225151947e-01 -1.108559028909e-02 1.475631475817e+05 1.276572989508e+05 1.000000000000e+05 7.552496590053e+03 4.979407553087e+02 1.800000000000e+06 0.000000000000e+00 -8.752000000000e-01 -8.752000000000e-01 0.000000000000e+00 0.000000000000e+00 0.000000000000e+00 -0.000000000000e+00 4.776620342780e-02 0.000000000000e+00 0.000000000000e+00 0.000000000000e+00 0.000000000000e+00 0.000000000000e+00 0.000000000000e+00 
9.195000000000e+00 1.463173189081e-02 1.994614078669e-01 -1.073945527926e-02 1.478190431932e+05 1.286456102684e+05 1.000000000000e+05 7.545241808484e+03 4.964549502032e+02 1.800000000000e+06 0.000000000000e+00 -8.752000000000e-01 -8.752000000000e-01 0.000000000000e+00 0.000000000000e+00 0.000000000000e+00 -0.000000000000e+00 4.794952745062e-02 0.000000000000e+00 0.000000000000e+00 0.000000000000e+00 0.000000000000e+00 0.000000000000e+00 0.000000000000e+00 
9.200000000000e+00 1.468602035528e-02 1.945965119931e-01 -1.037127703961e-02 1.480057118406e+05 1.295921725357e+05 1.000000000000e+05 7.538264724151e+03 4.950256925542e+02 1.800000000000e+06 0.000000000000e+00 -8.752000000000e-01 -8.752000000000e-01 0.000000000000e+00 0.000000000000e+00 0.000000000000e+00 -0.000000000000e+00 4.812680699286e-02 0.000000000000e+00 0.000000000000e+00 0.000000000000e+00 0.000000000000e+00 0.000000000000e+00 0.000000000000e+00 
9.205000000000e+00 1.473835259897e-02 1.893684491601e-01 -9.983601441920e-03 1.481271153471e+05 1.304961923717e+05 1.000000000000e+05 7.531574906732e+03 4.936549213038e+02 1.800000000000e+06 0.000000000000e+00 -8.752000000000e-01 -8.752000000000e-01 0.000000000000e+00 0.000000000000e+00 0.000000000000e+00 -0.000000000000e+00 4.829769705267e-02 0.000000000000e+00 0.000000000000e+00 0.000000000000e+00 0.000000000000e+00 0.000000000000e+00 0.000000000000e+00 
9.210000000000e+00 1.478863446408e-02 1.838275000332e-01 -9.578578494222e-03 1.481865450714e+05 1.313570852190e+05 1.000000000000e+05 7.525180439940e+03 4.923442581261e+02 1.800000000000e+06 0.000000000000e+00 -8.752000000000e-01 -8.752000000000e-01 0.000000000000e+00 0.000000000000e+00 0.000000000000e+00 -0.000000000000e+00 4.846189201237e-02 0.000000000000e+00 0.000000000000e+00 0.000000000000e+00 0.000000000000e+00 0.000000000000e+00 0.000000000000e+00 
9.215000000000e+00 1.483677906910e-02 1.780059848460e-01 -9.156733233255e-03 1.481844236867e+05 1.321743863849e+05 1.000000000000e+05 7.519088744789e+03 4.910951341491e+02 1.800000000000e+06 0.000000000000e+00 -8.752000000000e-01 -8.752000000000e-01 0.000000000000e+00 0.000000000000e+00 0.000000000000e+00 -0.000000000000e+00 4.861910980977e-02 0.000000000000e+00 0.000000000000e+00 0.000000000000e+00 0.000000000000e+00 0.000000000000e+00 0.000000000000e+00 
9.220000000000e+00 1.488270084586e-02 1.719224216277e-01 -8.719275975084e-03 1.481223033210e+05 1.329476414724e+05 1.000000000000e+05 7.513306983357e+03 4.899089519141e+02 1.800000000000e+06 0.000000000000e+00 -8.752000000000e-01 -8.752000000000e-01 0.000000000000e+00 0.000000000000e+00 0.000000000000e+00 -0.000000000000e+00 4.876907117738e-02 0.000000000000e+00 0.000000000000e+00 0.000000000000e+00 0.000000000000e+00 0.000000000000e+00 0.000000000000e+00 
9.225000000000e+00 1.492632727408e-02 1.656511068845e-01 -8.268407472648e-03 1.480035438538e+05 1.336765967395e+05 1.000000000000e+05 7.507840542468e+03 4.887867886519e+02 1.800000000000e+06 0.000000000000e+00 -8.752000000000e-01 -8.752000000000e-01 0.000000000000e+00 0.000000000000e+00 0.000000000000e+00 -0.000000000000e+00 4.891154106028e-02 0.000000000000e+00 0.000000000000e+00 0.000000000000e+00 0.000000000000e+00 0.000000000000e+00 0.000000000000e+00 
9.230000000000e+00 1.496759041072e-02 1.592489953332e-01 -7.805178958141e-03 1.478294550945e+05 1.343610473326e+05 1.000000000000e+05 7.502694506942e+03 4.877296231036e+02 1.800000000000e+06 0.000000000000e+00 -8.752000000000e-01 -8.752000000000e-01 0.000000000000e+00 0.000000000000e+00 0.000000000000e+00 -0.000000000000e+00 4.904630077800e-02 0.000000000000e+00 0.000000000000e+00 0.000000000000e+00 0.000000000000e+00 0.000000000000e+00 0.000000000000e+00 
9.235000000000e+00 1.500643095668e-02 1.527274754509e-01 -7.331460038244e-03 1.476027853144e+05 1.350008984428e+05 1.000000000000e+05 7.497872841342e+03 4.867382370246e+02 1.800000000000e+06 0.000000000000e+00 -8.752000000000e-01 -8.752000000000e-01 0.000000000000e+00 0.000000000000e+00 0.000000000000e+00 -0.000000000000e+00 4.917315352398e-02 0.000000000000e+00 0.000000000000e+00 0.000000000000e+00 0.000000000000e+00 0.000000000000e+00 0.000000000000e+00 
9.240000000000e+00 1.504280321978e-02 1.461328890598e-01 -6.850652901391e-03 1.473289948048e+05 1.355962390783e+05 1.000000000000e+05 7.493377679838e+03 4.858130956415e+02 1.800000000000e+06 0.000000000000e+00 -8.752000000000e-01 -8.752000000000e-01 0.000000000000e+00 0.000000000000e+00 0.000000000000e+00 -0.000000000000e+00 4.929194913361e-02 0.000000000000e+00 0.000000000000e+00 0.000000000000e+00 0.000000000000e+00 0.000000000000e+00 0.000000000000e+00 
9.245000000000e+00 1.507668011621e-02 1.395264050727e-01 -6.366269643381e-03 1.470138643161e+05 1.361474145899e+05 1.000000000000e+05 7.489208970991e+03 4.849542287410e+02 1.800000000000e+06 0.000000000000e+00 -8.752000000000e-01 -8.752000000000e-01 0.000000000000e+00 0.000000000000e+00 0.000000000000e+00 -0.000000000000e+00 4.940260257295e-02 0.000000000000e+00 0.000000000000e+00 0.000000000000e+00 0.000000000000e+00 0.000000000000e+00 0.000000000000e+00 
9.250000000000e+00 1.510805729522e-02 1.329916730271e-01 -5.883123146147e-03 1.466655945609e+05 1.366550839349e+05 1.000000000000e+05 7.485363803251e+03 4.841611348496e+02 1.800000000000e+06 0.000000000000e+00 -8.752000000000e-01 -8.752000000000e-01 0.000000000000e+00 0.000000000000e+00 0.000000000000e+00 -0.000000000000e+00 4.950510167518e-02 0.000000000000e+00 0.000000000000e+00 0.000000000000e+00 0.000000000000e+00 0.000000000000e+00 0.000000000000e+00 
9.255000000000e+00 1.513695780743e-02 1.266165029442e-01 -5.406635605001e-03 1.462936877125e+05 1.371202857056e+05 1.000000000000e+05 7.481835973115e+03 4.834326717144e+02 1.800000000000e+06 0.000000000000e+00 -8.752000000000e-01 -8.752000000000e-01 0.000000000000e+00 0.000000000000e+00 0.000000000000e+00 -0.000000000000e+00 4.959951992786e-02 0.000000000000e+00 0.000000000000e+00 0.000000000000e+00 0.000000000000e+00 0.000000000000e+00 0.000000000000e+00 
9.260000000000e+00 1.516343384750e-02 1.204958099768e-01 -4.942708410408e-03 1.459087630150e+05 1.375444577287e+05 1.000000000000e+05 7.478615821978e+03 4.827670199659e+02 1.800000000000e+06 0.000000000000e+00 -8.752000000000e-01 -8.752000000000e-01 0.000000000000e+00 0.000000000000e+00 0.000000000000e+00 -0.000000000000e+00 4.968602633842e-02 0.000000000000e+00 0.000000000000e+00 0.000000000000e+00 0.000000000000e+00 0.000000000000e+00 0.000000000000e+00 
9.265000000000e+00 1.518756952733e-02 1.147243798854e-01 -4.497578341177e-03 1.455223727109e+05 1.379294750791e+05 1.000000000000e+05 7.475689939159e+03 4.821616192437e+02 1.800000000000e+06 0.000000000000e+00 -8.752000000000e-01 -8.752000000000e-01 0.000000000000e+00 0.000000000000e+00 0.000000000000e+00 -0.000000000000e+00 4.976489441056e-02 0.000000000000e+00 0.000000000000e+00 0.000000000000e+00 0.000000000000e+00 0.000000000000e+00 0.000000000000e+00 
9.270000000000e+00 1.520947914695e-02 1.093832813782e-01 -4.076800446977e-03 1.451452843732e+05 1.382776183391e+05 1.000000000000e+05 7.473041557927e+03 4.816132154719e+02 1.800000000000e+06 0.000000000000e+00 -8.752000000000e-01 -8.752000000000e-01 0.000000000000e+00 0.000000000000e+00 0.000000000000e+00 -0.000000000000e+00 4.983649680415e-02 0.000000000000e+00 0.000000000000e+00 0.000000000000e+00 0.000000000000e+00 0.000000000000e+00 0.000000000000e+00 
9.275000000000e+00 1.522930097523e-02 1.045301178906e-01 -3.684857604827e-03 1.447867688844e+05 1.385914740124e+05 1.000000000000e+05 7.470651391728e+03 4.811180175080e+02 1.800000000000e+06 0.000000000000e+00 -8.752000000000e-01 -8.752000000000e-01 0.000000000000e+00 0.000000000000e+00 0.000000000000e+00 -0.000000000000e+00 4.990128848310e-02 0.000000000000e+00 0.000000000000e+00 0.000000000000e+00 0.000000000000e+00 0.000000000000e+00 0.000000000000e+00 
9.280000000000e+00 1.524719431280e-02 1.001909955899e-01 -3.324975982702e-03 1.444542841523e+05 1.388738904933e+05 1.000000000000e+05 7.468498017047e+03 4.806717686904e+02 1.800000000000e+06 0.000000000000e+00 -8.752000000000e-01 -8.752000000000e-01 0.000000000000e+00 0.000000000000e+00 0.000000000000e+00 -0.000000000000e+00 4.995978992993e-02 0.000000000000e+00 0.000000000000e+00 0.000000000000e+00 0.000000000000e+00 0.000000000000e+00 0.000000000000e+00 
9.285000000000e+00 1.526333065381e-02 9.636341846804e-02 -2.998776129397e-03 1.441527880987e+05 1.391278432116e+05 1.000000000000e+05 7.466559003806e+03 4.802699635347e+02 1.800000000000e+06 0.000000000000e+00 -8.752000000000e-01 -8.752000000000e-01 0.000000000000e+00 0.000000000000e+00 0.000000000000e+00 -0.000000000000e+00 5.001255905471e-02 0.000000000000e+00 0.000000000000e+00 0.000000000000e+00 0.000000000000e+00 0.000000000000e+00 0.000000000000e+00 
9.290000000000e+00 1.527788512613e-02 9.302222536924e-02 -2.706478790424e-03 1.438849801444e+05 1.393563068181e+05 1.000000000000e+05 7.464811911797e+03 4.799080551746e+02 1.800000000000e+06 0.000000000000e+00 -8.752000000000e-01 -8.752000000000e-01 0.000000000000e+00 0.000000000000e+00 0.000000000000e+00 -0.000000000000e+00 5.006016233986e-02 0.000000000000e+00 0.000000000000e+00 0.000000000000e+00 0.000000000000e+00 0.000000000000e+00 0.000000000000e+00 
9.295000000000e+00 1.529103142458e-02 9.012937389063e-02 -2.447373504287e-03 1.436520235165e+05 1.395621836003e+05 1.000000000000e+05 7.463234809462e+03 4.795815747042e+02 1.800000000000e+06 0.000000000000e+00 -8.752000000000e-01 -8.752000000000e-01 0.000000000000e+00 0.000000000000e+00 0.000000000000e+00 -0.000000000000e+00 5.010316436438e-02 0.000000000000e+00 0.000000000000e+00 0.000000000000e+00 0.000000000000e+00 0.000000000000e+00 0.000000000000e+00 
9.300000000000e+00 1.530293617383e-02 8.763360266304e-02 -2.219713870389e-03 1.434532902157e+05 1.397482231631e+05 1.000000000000e+05 7.461806955358e+03 4.792862644764e+02 1.800000000000e+06 0.000000000000e+00 -8.752000000000e-01 -8.752000000000e-01 0.000000000000e+00 0.000000000000e+00 0.000000000000e+00 -0.000000000000e+00 5.014211082770e-02 0.000000000000e+00 0.000000000000e+00 0.000000000000e+00 0.000000000000e+00 0.000000000000e+00 0.000000000000e+00 
9.305000000000e+00 1.531375439221e-02 8.548012387704e-02 -2.020920491199e-03 1.432866336002e+05 1.399169592055e+05 1.000000000000e+05 7.460509294987e+03 4.790181841504e+02 1.800000000000e+06 0.000000000000e+00 -8.752000000000e-01 -8.752000000000e-01 0.000000000000e+00 0.000000000000e+00 0.000000000000e+00 -0.000000000000e+00 5.017750893596e-02 0.000000000000e+00 0.000000000000e+00 0.000000000000e+00 0.000000000000e+00 0.000000000000e+00 0.000000000000e+00 
9.310000000000e+00 1.532362651452e-02 8.361238685540e-02 -1.848057033977e-03 1.431491353635e+05 1.400706700881e+05 1.000000000000e+05 7.459324724181e+03 4.787737785312e+02 1.800000000000e+06 0.000000000000e+00 -8.752000000000e-01 -8.752000000000e-01 0.000000000000e+00 0.000000000000e+00 0.000000000000e+00 -0.000000000000e+00 5.020981690758e-02 0.000000000000e+00 0.000000000000e+00 0.000000000000e+00 0.000000000000e+00 0.000000000000e+00 0.000000000000e+00 
9.315000000000e+00 1.533267729852e-02 8.197783485087e-02 -1.698043705913e-03 1.430374390951e+05 1.402113679041e+05 1.000000000000e+05 7.458238166807e+03 4.785498994615e+02 1.800000000000e+06 0.000000000000e+00 -8.752000000000e-01 -8.752000000000e-01 0.000000000000e+00 0.000000000000e+00 0.000000000000e+00 -0.000000000000e+00 5.023944131842e-02 0.000000000000e+00 0.000000000000e+00 0.000000000000e+00 0.000000000000e+00 0.000000000000e+00 0.000000000000e+00 
9.320000000000e+00 1.534101561840e-02 8.053165890622e-02 -1.567850112276e-03 1.429480619191e+05 1.403408003703e+05 1.000000000000e+05 7.457236550587e+03 4.783438065881e+02 1.800000000000e+06 0.000000000000e+00 -8.752000000000e-01 -8.752000000000e-01 0.000000000000e+00 0.000000000000e+00 0.000000000000e+00 -0.000000000000e+00 5.026673735401e-02 0.000000000000e+00 0.000000000000e+00 0.000000000000e+00 0.000000000000e+00 0.000000000000e+00 0.000000000000e+00 
9.325000000000e+00 1.534873478312e-02 7.923789222880e-02 -1.454504782437e-03 1.428774090696e+05 1.404604599532e+05 1.000000000000e+05 7.456308751409e+03 4.781531559282e+02 1.800000000000e+06 0.000000000000e+00 -8.752000000000e-01 -8.752000000000e-01 0.000000000000e+00 0.000000000000e+00 0.000000000000e+00 -0.000000000000e+00 5.029200989089e-02 0.000000000000e+00 0.000000000000e+00 0.000000000000e+00 0.000000000000e+00 0.000000000000e+00 0.000000000000e+00 
9.330000000000e+00 1.535591302510e-02 7.806359030679e-02 -1.355120317459e-03 1.428218181462e+05 1.405715948434e+05 1.000000000000e+05 7.455445517101e+03 4.779759848986e+02 1.800000000000e+06 0.000000000000e+00 -8.752000000000e-01 -8.752000000000e-01 0.000000000000e+00 0.000000000000e+00 0.000000000000e+00 -0.000000000000e+00 5.031551427881e-02 0.000000000000e+00 0.000000000000e+00 0.000000000000e+00 0.000000000000e+00 0.000000000000e+00 0.000000000000e+00 
9.335000000000e+00 1.536261423893e-02 7.697883493688e-02 -1.266997220823e-03 1.427777386163e+05 1.406752231427e+05 1.000000000000e+05 7.454639350326e+03 4.778106917338e+02 1.800000000000e+06 0.000000000000e+00 -8.752000000000e-01 -8.752000000000e-01 0.000000000000e+00 0.000000000000e+00 0.000000000000e+00 -0.000000000000e+00 5.033745909891e-02 0.000000000000e+00 0.000000000000e+00 0.000000000000e+00 0.000000000000e+00 0.000000000000e+00 0.000000000000e+00 
9.340000000000e+00 1.536888843078e-02 7.595494671075e-02 -1.187473457075e-03 1.427414854332e+05 1.407721420393e+05 1.000000000000e+05 7.453884469669e+03 4.776560224986e+02 1.800000000000e+06 0.000000000000e+00 -8.752000000000e-01 -8.752000000000e-01 0.000000000000e+00 0.000000000000e+00 0.000000000000e+00 -0.000000000000e+00 5.035800776176e-02 0.000000000000e+00 0.000000000000e+00 0.000000000000e+00 0.000000000000e+00 0.000000000000e+00 0.000000000000e+00 
9.345000000000e+00 1.537477206316e-02 7.496569896707e-02 -1.114099128389e-03 1.427095315623e+05 1.408629349600e+05 1.000000000000e+05 7.453176732776e+03 4.775110610250e+02 1.800000000000e+06 0.000000000000e+00 -8.752000000000e-01 -8.752000000000e-01 0.000000000000e+00 0.000000000000e+00 0.000000000000e+00 -0.000000000000e+00 5.037728141517e-02 0.000000000000e+00 0.000000000000e+00 0.000000000000e+00 0.000000000000e+00 0.000000000000e+00 0.000000000000e+00 
9.350000000000e+00 1.538029034143e-02 7.398693396638e-02 -1.044832465912e-03 1.426788649044e+05 1.409480083200e+05 1.000000000000e+05 7.452513320028e+03 4.773751713227e+02 1.800000000000e+06 0.000000000000e+00 -8.752000000000e-01 -8.752000000000e-01 0.000000000000e+00 0.000000000000e+00 0.000000000000e+00 -0.000000000000e+00 5.039536287448e-02 0.000000000000e+00 0.000000000000e+00 0.000000000000e+00 0.000000000000e+00 0.000000000000e+00 0.000000000000e+00 
9.355000000000e+00 1.538545919409e-02 7.300053068455e-02 -9.780386372883e-04 1.426470134742e+05 1.410276231341e+05 1.000000000000e+05 7.451892488854e+03 4.772479478861e+02 1.800000000000e+06 0.000000000000e+00 -8.752000000000e-01 -8.752000000000e-01 0.000000000000e+00 0.000000000000e+00 0.000000000000e+00 -0.000000000000e+00 5.041230349591e-02 0.000000000000e+00 0.000000000000e+00 0.000000000000e+00 0.000000000000e+00 0.000000000000e+00 0.000000000000e+00 
9.360000000000e+00 1.539028715402e-02 7.199638245821e-02 -9.124171761037e-04 1.426119513680e+05 1.411019247803e+05 1.000000000000e+05 7.451313352755e+03 4.771291687159e+02 1.800000000000e+06 0.000000000000e+00 -8.752000000000e-01 -8.752000000000e-01 0.000000000000e+00 0.000000000000e+00 0.000000000000e+00 -0.000000000000e+00 5.042813175322e-02 0.000000000000e+00 0.000000000000e+00 0.000000000000e+00 0.000000000000e+00 0.000000000000e+00 0.000000000000e+00 
9.365000000000e+00 1.539477662879e-02 7.096416432408e-02 -8.467880887676e-04 1.425717622854e+05 1.411709631044e+05 1.000000000000e+05 7.450775758483e+03 4.770187635916e+02 1.800000000000e+06 0.000000000000e+00 -8.752000000000e-01 -8.752000000000e-01 0.000000000000e+00 0.000000000000e+00 0.000000000000e+00 -0.000000000000e+00 5.044285647536e-02 0.000000000000e+00 0.000000000000e+00 0.000000000000e+00 0.000000000000e+00 0.000000000000e+00 0.000000000000e+00 
9.370000000000e+00 1.539892410792e-02 6.988610483535e-02 -7.797274156222e-04 1.425240390034e+05 1.412346960142e+05 1.000000000000e+05 7.450280317624e+03 4.769168086248e+02 1.800000000000e+06 0.000000000000e+00 -8.752000000000e-01 -8.752000000000e-01 0.000000000000e+00 0.000000000000e+00 0.000000000000e+00 -0.000000000000e+00 5.045646187792e-02 0.000000000000e+00 0.000000000000e+00 0.000000000000e+00 0.000000000000e+00 0.000000000000e+00 0.000000000000e+00 
9.375000000000e+00 1.540271430908e-02 6.873066821180e-02 -7.086076012220e-04 1.424642080208e+05 1.412928999306e+05 1.000000000000e+05 7.449829273039e+03 4.768236698125e+02 1.800000000000e+06 0.000000000000e+00 -8.752000000000e-01 -8.752000000000e-01 0.000000000000e+00 0.000000000000e+00 0.000000000000e+00 -0.000000000000e+00 5.046889648465e-02 0.000000000000e+00 0.000000000000e+00 0.000000000000e+00 0.000000000000e+00 0.000000000000e+00 0.000000000000e+00 
9.380000000000e+00 1.540611932449e-02 6.745866735548e-02 -6.310942582934e-04 1.423879921134e+05 1.413451571832e+05 1.000000000000e+05 7.449426361497e+03 4.767400235810e+02 1.800000000000e+06 0.000000000000e+00 -8.752000000000e-01 -8.752000000000e-01 0.000000000000e+00 0.000000000000e+00 0.000000000000e+00 -0.000000000000e+00 5.048006916963e-02 0.000000000000e+00 0.000000000000e+00 0.000000000000e+00 0.000000000000e+00 0.000000000000e+00 0.000000000000e+00 
9.385000000000e+00 1.540909643196e-02 6.602052406742e-02 -5.438932756939e-04 1.422893043271e+05 1.413908227915e+05 1.000000000000e+05 7.449077279856e+03 4.766669102358e+02 1.800000000000e+06 0.000000000000e+00 -8.752000000000e-01 -8.752000000000e-01 0.000000000000e+00 0.000000000000e+00 0.000000000000e+00 -0.000000000000e+00 5.048984076554e-02 0.000000000000e+00 0.000000000000e+00 0.000000000000e+00 0.000000000000e+00 0.000000000000e+00 0.000000000000e+00 
9.390000000000e+00 1.541157903722e-02 6.433379968302e-02 -4.412416843806e-04 1.421576164971e+05 1.414288858179e+05 1.000000000000e+05 7.448791029851e+03 4.766059561575e+02 1.800000000000e+06 0.000000000000e+00 -8.752000000000e-01 -8.752000000000e-01 0.000000000000e+00 0.000000000000e+00 0.000000000000e+00 -0.000000000000e+00 5.049799082987e-02 0.000000000000e+00 0.000000000000e+00 0.000000000000e+00 0.000000000000e+00 0.000000000000e+00 0.000000000000e+00 
9.395000000000e+00 1.541345705342e-02 6.223336699437e-02 -3.123919160065e-04 1.419735039583e+05 1.414576688132e+05 1.000000000000e+05 7.448582711451e+03 4.765598553055e+02 1.800000000000e+06 0.000000000000e+00 -8.752000000000e-01 -8.752000000000e-01 0.000000000000e+00 0.000000000000e+00 0.000000000000e+00 -0.000000000000e+00 5.050416288112e-02 0.000000000000e+00 0.000000000000e+00 0.000000000000e+00 0.000000000000e+00 0.000000000000e+00 0.000000000000e+00 
9.400000000000e+00 1.541454724701e-02 5.944722292501e-02 -1.409278190482e-04 1.417070547280e+05 1.414743732586e+05 1.000000000000e+05 7.448477247829e+03 4.765330972185e+02 1.800000000000e+06 0.000000000000e+00 -8.752000000000e-01 -8.752000000000e-01 0.000000000000e+00 0.000000000000e+00 0.000000000000e+00 -0.000000000000e+00 5.050776147823e-02 0.000000000000e+00 0.000000000000e+00 0.000000000000e+00 0.000000000000e+00 0.000000000000e+00 0.000000000000e+00 
9.405000000000e+00 1.541459881052e-02 5.557182346009e-02 8.834235320408e-05 1.413293047263e+05 1.414751632626e+05 1.000000000000e+05 7.448507613115e+03 4.765318316911e+02 1.800000000000e+06 0.000000000000e+00 -8.752000000000e-01 -8.752000000000e-01 0.000000000000e+00 0.000000000000e+00 0.000000000000e+00 -0.000000000000e+00 5.050795318324e-02 0.000000000000e+00 0.000000000000e+00 0.000000000000e+00 0.000000000000e+00 0.000000000000e+00 0.000000000000e+00 
9.410000000000e+00 1.541321938891e-02 5.024564796660e-02 4.118141394332e-04 1.407740056218e+05 1.414540268028e+05 1.000000000000e+05 7.448727459354e+03 4.765656889747e+02 1.800000000000e+06 0.000000000000e+00 -8.752000000000e-01 -8.752000000000e-01 0.000000000000e+00 0.000000000000e+00 0.000000000000e+00 -0.000000000000e+00 5.050345306174e-02 0.000000000000e+00 0.000000000000e+00 0.000000000000e+00 0.000000000000e+00 0.000000000000e+00 0.000000000000e+00 
9.415000000000e+00 1.540984433355e-02 4.302113590798e-02 8.454116592901e-04 1.400058196880e+05 1.414022912052e+05 1.000000000000e+05 7.449208264163e+03 4.766485459704e+02 1.800000000000e+06 0.000000000000e+00 -8.752000000000e-01 -8.752000000000e-01 0.000000000000e+00 0.000000000000e+00 0.000000000000e+00 -0.000000000000e+00 5.049245020742e-02 0.000000000000e+00 0.000000000000e+00 0.000000000000e+00 0.000000000000e+00 0.000000000000e+00 0.000000000000e+00 
9.420000000000e+00 1.540387615813e-02 3.368156272557e-02 1.396455279893e-03 1.390026948819e+05 1.413107343513e+05 1.000000000000e+05 7.450024340561e+03 4.767951254073e+02 1.800000000000e+06 0.000000000000e+00 -8.752000000000e-01 -8.752000000000e-01 0.000000000000e+00 0.000000000000e+00 0.000000000000e+00 -0.000000000000e+00 5.047296638733e-02 0.000000000000e+00 0.000000000000e+00 0.000000000000e+00 0.000000000000e+00 0.000000000000e+00 0.000000000000e+00 
9.425000000000e+00 1.539474127662e-02 2.247728497095e-02 2.050477921049e-03 1.377784049195e+05 1.411704196685e+05 1.000000000000e+05 7.451243951621e+03 4.770196327970e+02 1.800000000000e+06 0.000000000000e+00 -8.752000000000e-01 -8.752000000000e-01 0.000000000000e+00 0.000000000000e+00 0.000000000000e+00 -0.000000000000e+00 5.044313485105e-02 0.000000000000e+00 0.000000000000e+00 0.000000000000e+00 0.000000000000e+00 0.000000000000e+00 0.000000000000e+00 
9.430000000000e+00 1.538203054899e-02 1.022205984471e-02 2.761848800771e-03 1.364003518297e+05 1.409748201191e+05 1.000000000000e+05 7.452910778945e+03 4.773323321208e+02 1.800000000000e+06 0.000000000000e+00 -8.752000000000e-01 -8.752000000000e-01 0.000000000000e+00 0.000000000000e+00 0.000000000000e+00 -0.000000000000e+00 5.040163000373e-02 0.000000000000e+00 0.000000000000e+00 0.000000000000e+00 0.000000000000e+00 0.000000000000e+00 0.000000000000e+00 
9.435000000000e+00 1.536567871260e-02 -1.591513168241e-03 3.451204836072e-03 1.349971932449e+05 1.407225735627e+05 1.000000000000e+05 7.455021567265e+03 4.777351363936e+02 1.800000000000e+06 0.000000000000e+00 -8.752000000000e-01 -8.752000000000e-01 0.000000000000e+00 0.000000000000e+00 0.000000000000e+00 -0.000000000000e+00 5.034825007345e-02 0.000000000000e+00 0.000000000000e+00 0.000000000000e+00 0.000000000000e+00 0.000000000000e+00 0.000000000000e+00 
9.440000000000e+00 1.534607482972e-02 -1.113167377503e-02 4.028328404458e-03 1.337236342582e+05 1.404192439271e+05 1.000000000000e+05 7.457515988103e+03 4.782188373226e+02 1.800000000000e+06 0.000000000000e+00 -8.752000000000e-01 -8.752000000000e-01 0.000000000000e+00 0.000000000000e+00 0.000000000000e+00 -0.000000000000e+00 5.028427130968e-02 0.000000000000e+00 0.000000000000e+00 0.000000000000e+00 0.000000000000e+00 0.000000000000e+00 0.000000000000e+00 
9.445000000000e+00 1.532401044394e-02 -1.693945314451e-02 4.427393219877e-03 1.327018357083e+05 1.400766427760e+05 1.000000000000e+05 7.460288122174e+03 4.787642779618e+02 1.800000000000e+06 0.000000000000e+00 -8.752000000000e-01 -8.752000000000e-01 0.000000000000e+00 0.000000000000e+00 0.000000000000e+00 -0.000000000000e+00 5.021227977749e-02 0.000000000000e+00 0.000000000000e+00 0.000000000000e+00 0.000000000000e+00 0.000000000000e+00 0.000000000000e+00 
9.450000000000e+00 1.530050492082e-02 -1.839545809669e-02 4.622194129830e-03 1.319932193039e+05 1.397102595263e+05 1.000000000000e+05 7.463209811325e+03 4.793465483434e+02 1.800000000000e+06 0.000000000000e+00 -8.752000000000e-01 -8.752000000000e-01 0.000000000000e+00 0.000000000000e+00 0.000000000000e+00 -0.000000000000e+00 5.013560438218e-02 0.000000000000e+00 0.000000000000e+00 0.000000000000e+00 0.000000000000e+00 0.000000000000e+00 0.000000000000e+00 
9.455000000000e+00 1.527656636947e-02 -1.598342009494e-02 4.631933131966e-03 1.315841447978e+05 1.393356292608e+05 1.000000000000e+05 7.466160697778e+03 4.799408273029e+02 1.800000000000e+06 0.000000000000e+00 -8.752000000000e-01 -8.752000000000e-01 0.000000000000e+00 0.000000000000e+00 0.000000000000e+00 -0.000000000000e+00 5.005753025870e-02 0.000000000000e+00 0.000000000000e+00 0.000000000000e+00 0.000000000000e+00 0.000000000000e+00 0.000000000000e+00 
9.460000000000e+00 1.525304870386e-02 -1.081517240953e-02 4.491124855172e-03 1.314328742164e+05 1.389661066898e+05 1.000000000000e+05 7.469041017195e+03 4.805259221782e+02 1.800000000000e+06 0.000000000000e+00 -8.752000000000e-01 -8.752000000000e-01 0.000000000000e+00 0.000000000000e+00 0.000000000000e+00 -0.000000000000e+00 4.998083615592e-02 0.000000000000e+00 0.000000000000e+00 0.000000000000e+00 0.000000000000e+00 0.000000000000e+00 0.000000000000e+00 
9.465000000000e+00 1.523059960265e-02 -4.141359138507e-03 4.243337226384e-03 1.314786537843e+05 1.386119994960e+05 1.000000000000e+05 7.471777240976e+03 4.810856059571e+02 1.800000000000e+06 0.000000000000e+00 -8.752000000000e-01 -8.752000000000e-01 0.000000000000e+00 0.000000000000e+00 0.000000000000e+00 -0.000000000000e+00 4.990762930420e-02 0.000000000000e+00 0.000000000000e+00 0.000000000000e+00 0.000000000000e+00 0.000000000000e+00 0.000000000000e+00 
9.470000000000e+00 1.520963115120e-02 2.908430119558e-03 3.934688224803e-03 1.316518608400e+05 1.382800291652e+05 1.000000000000e+05 7.474324963318e+03 4.816094146108e+02 1.800000000000e+06 0.000000000000e+00 -8.752000000000e-01 -8.752000000000e-01 0.000000000000e+00 0.000000000000e+00 0.000000000000e+00 -0.000000000000e+00 4.983924667063e-02 0.000000000000e+00 0.000000000000e+00 0.000000000000e+00 0.000000000000e+00 0.000000000000e+00 0.000000000000e+00 
9.475000000000e+00 1.519034152981e-02 9.458433672492e-03 3.599539657699e-03 1.318984454133e+05 1.379735936823e+05 1.000000000000e+05 7.476664192854e+03 4.820921743467e+02 1.800000000000e+06 0.000000000000e+00 -8.752000000000e-01 -8.752000000000e-01 0.000000000000e+00 0.000000000000e+00 0.000000000000e+00 -0.000000000000e+00 4.977633277304e-02 0.000000000000e+00 0.000000000000e+00 0.000000000000e+00 0.000000000000e+00 0.000000000000e+00 0.000000000000e+00 
9.480000000000e+00 1.517280529547e-02 1.510067012445e-02 3.261066091698e-03 1.321807087984e+05 1.376941405125e+05 1.000000000000e+05 7.478788450431e+03 4.825317943715e+02 1.800000000000e+06 0.000000000000e+00 -8.752000000000e-01 -8.752000000000e-01 0.000000000000e+00 0.000000000000e+00 0.000000000000e+00 -0.000000000000e+00 4.971912989543e-02 0.000000000000e+00 0.000000000000e+00 0.000000000000e+00 0.000000000000e+00 0.000000000000e+00 0.000000000000e+00 
9.485000000000e+00 1.515696516547e-02 1.960551306107e-02 2.941791267150e-03 1.324595616856e+05 1.374409993739e+05 1.000000000000e+05 7.480707626076e+03 4.829295037156e+02 1.800000000000e+06 0.000000000000e+00 -8.752000000000e-01 -8.752000000000e-01 0.000000000000e+00 0.000000000000e+00 0.000000000000e+00 -0.000000000000e+00 4.966745245597e-02 0.000000000000e+00 0.000000000000e+00 0.000000000000e+00 0.000000000000e+00 0.000000000000e+00 0.000000000000e+00 
9.490000000000e+00 1.514267697708e-02 2.295754412181e-02 2.655257794156e-03 1.327094683707e+05 1.372120742252e+05 1.000000000000e+05 7.482441114279e+03 4.832887448487e+02 1.800000000000e+06 0.000000000000e+00 -8.752000000000e-01 -8.752000000000e-01 0.000000000000e+00 0.000000000000e+00 0.000000000000e+00 -0.000000000000e+00 4.962083259649e-02 0.000000000000e+00 0.000000000000e+00 0.000000000000e+00 0.000000000000e+00 0.000000000000e+00 0.000000000000e+00 
9.495000000000e+00 1.512974724804e-02 2.531281154182e-02 2.408867402327e-03 1.329144029381e+05 1.370044340517e+05 1.000000000000e+05 7.484013626089e+03 4.836142385565e+02 1.800000000000e+06 0.000000000000e+00 -8.752000000000e-01 -8.752000000000e-01 0.000000000000e+00 0.000000000000e+00 0.000000000000e+00 -0.000000000000e+00 4.957864052501e-02 0.000000000000e+00 0.000000000000e+00 0.000000000000e+00 0.000000000000e+00 0.000000000000e+00 0.000000000000e+00 
9.500000000000e+00 1.511795885279e-02 2.687558643410e-02 2.205275250388e-03 1.330659928071e+05 1.368147239272e+05 1.000000000000e+05 7.485452211557e+03 4.839113385484e+02 1.800000000000e+06 0.000000000000e+00 -8.752000000000e-01 -8.752000000000e-01 0.000000000000e+00 0.000000000000e+00 0.000000000000e+00 -0.000000000000e+00 4.954016855338e-02 0.000000000000e+00 0.000000000000e+00 0.000000000000e+00 0.000000000000e+00 0.000000000000e+00 0.000000000000e+00 
9.505000000000e+00 1.510709347868e-02 2.785152051757e-02 2.043258531565e-03 1.331624622946e+05 1.366395302032e+05 1.000000000000e+05 7.486783579471e+03 4.841854621908e+02 1.800000000000e+06 0.000000000000e+00 -8.752000000000e-01 -8.752000000000e-01 0.000000000000e+00 0.000000000000e+00 0.000000000000e+00 -0.000000000000e+00 4.950470480995e-02 0.000000000000e+00 0.000000000000e+00 0.000000000000e+00 0.000000000000e+00 0.000000000000e+00 0.000000000000e+00 
9.510000000000e+00 1.509694794286e-02 2.842697747613e-02 1.918803711965e-03 1.332070781004e+05 1.364756499811e+05 1.000000000000e+05 7.488032210225e+03 4.844416733782e+02 1.800000000000e+06 0.000000000000e+00 -8.752000000000e-01 -8.752000000000e-01 0.000000000000e+00 0.000000000000e+00 0.000000000000e+00 -0.000000000000e+00 4.947158643097e-02 0.000000000000e+00 0.000000000000e+00 0.000000000000e+00 0.000000000000e+00 0.000000000000e+00 0.000000000000e+00 
9.515000000000e+00 1.508734061831e-02 2.874745616400e-02 1.827833116735e-03 1.332036186433e+05 1.363202018431e+05 1.000000000000e+05 7.489219972780e+03 4.846845143329e+02 1.800000000000e+06 0.000000000000e+00 -8.752000000000e-01 -8.752000000000e-01 0.000000000000e+00 0.000000000000e+00 0.000000000000e+00 -0.000000000000e+00 4.944022134335e-02 0.000000000000e+00 0.000000000000e+00 0.000000000000e+00 0.000000000000e+00 0.000000000000e+00 0.000000000000e+00 
9.520000000000e+00 1.507811561075e-02 2.892376062381e-02 1.764757743517e-03 1.331589024948e+05 1.361706996542e+05 1.000000000000e+05 7.490365341641e+03 4.849178947289e+02 1.800000000000e+06 0.000000000000e+00 -8.752000000000e-01 -8.752000000000e-01 0.000000000000e+00 0.000000000000e+00 0.000000000000e+00 -0.000000000000e+00 4.941010141397e-02 0.000000000000e+00 0.000000000000e+00 0.000000000000e+00 0.000000000000e+00 0.000000000000e+00 0.000000000000e+00 
9.525000000000e+00 1.506914497933e-02 2.903249818368e-02 1.724414222136e-03 1.330795201909e+05 1.360250939739e+05 1.000000000000e+05 7.491483416671e+03 4.851450308974e+02 1.800000000000e+06 0.000000000000e+00 -8.752000000000e-01 -8.752000000000e-01 0.000000000000e+00 0.000000000000e+00 0.000000000000e+00 -0.000000000000e+00 4.938080961444e-02 0.000000000000e+00 0.000000000000e+00 0.000000000000e+00 0.000000000000e+00 0.000000000000e+00 0.000000000000e+00 
9.530000000000e+00 1.506032331247e-02 2.909914536228e-02 1.702787741443e-03 1.329705001703e+05 1.358816884794e+05 1.000000000000e+05 7.492586706221e+03 4.853685793731e+02 1.800000000000e+06 0.000000000000e+00 -8.752000000000e-01 -8.752000000000e-01 0.000000000000e+00 0.000000000000e+00 0.000000000000e+00 -0.000000000000e+00 4.935200149463e-02 0.000000000000e+00 0.000000000000e+00 0.000000000000e+00 0.000000000000e+00 0.000000000000e+00 0.000000000000e+00 
9.535000000000e+00 1.505157035822e-02 2.914172508404e-02 1.694862087093e-03 1.328390200864e+05 1.357391861871e+05 1.000000000000e+05 7.493684431106e+03 4.855905672995e+02 1.800000000000e+06 0.000000000000e+00 -8.752000000000e-01 -8.752000000000e-01 0.000000000000e+00 0.000000000000e+00 0.000000000000e+00 -0.000000000000e+00 4.932341596958e-02 0.000000000000e+00 0.000000000000e+00 0.000000000000e+00 0.000000000000e+00 0.000000000000e+00 0.000000000000e+00 
9.540000000000e+00 1.504282437223e-02 2.914430450891e-02 1.697491960394e-03 1.326893844584e+05 1.355965842243e+05 1.000000000000e+05 7.494783821242e+03 4.858125585303e+02 1.800000000000e+06 0.000000000000e+00 -8.752000000000e-01 -8.752000000000e-01 0.000000000000e+00 0.000000000000e+00 0.000000000000e+00 -0.000000000000e+00 4.929485190823e-02 0.000000000000e+00 0.000000000000e+00 0.000000000000e+00 0.000000000000e+00 0.000000000000e+00 0.000000000000e+00 
9.545000000000e+00 1.503404289573e-02 2.909300779842e-02 1.706944528039e-03 1.325272384683e+05 1.354531888472e+05 1.000000000000e+05 7.495889604881e+03 4.860356319047e+02 1.800000000000e+06 0.000000000000e+00 -8.752000000000e-01 -8.752000000000e-01 0.000000000000e+00 0.000000000000e+00 0.000000000000e+00 -0.000000000000e+00 4.926617091642e-02 0.000000000000e+00 0.000000000000e+00 0.000000000000e+00 0.000000000000e+00 0.000000000000e+00 0.000000000000e+00 
9.550000000000e+00 1.502519705888e-02 2.897298345895e-02 1.721271648733e-03 1.323554094133e+05 1.353085245329e+05 1.000000000000e+05 7.497005108146e+03 4.862605241692e+02 1.800000000000e+06 0.000000000000e+00 -8.752000000000e-01 -8.752000000000e-01 0.000000000000e+00 0.000000000000e+00 0.000000000000e+00 -0.000000000000e+00 4.923727887883e-02 0.000000000000e+00 0.000000000000e+00 0.000000000000e+00 0.000000000000e+00 0.000000000000e+00 0.000000000000e+00 
9.555000000000e+00 1.501626692450e-02 2.877597482320e-02 1.738804179580e-03 1.321764027683e+05 1.351622592743e+05 1.000000000000e+05 7.498132587912e+03 4.864877471341e+02 1.800000000000e+06 0.000000000000e+00 -8.752000000000e-01 -8.752000000000e-01 0.000000000000e+00 0.000000000000e+00 0.000000000000e+00 -0.000000000000e+00 4.920811076033e-02 0.000000000000e+00 0.000000000000e+00 0.000000000000e+00 0.000000000000e+00 0.000000000000e+00 0.000000000000e+00 
9.560000000000e+00 1.500724030680e-02 2.850009211677e-02 1.758165451228e-03 1.319923584405e+05 1.350141862455e+05 1.000000000000e+05 7.499273379128e+03 4.867176168732e+02 1.800000000000e+06 0.000000000000e+00 -8.752000000000e-01 -8.752000000000e-01 0.000000000000e+00 0.000000000000e+00 0.000000000000e+00 -0.000000000000e+00 4.917862675484e-02 0.000000000000e+00 0.000000000000e+00 0.000000000000e+00 0.000000000000e+00 0.000000000000e+00 0.000000000000e+00 
9.565000000000e+00 1.499811096555e-02 2.814907041605e-02 1.778364439163e-03 1.318048592451e+05 1.348641950416e+05 1.000000000000e+05 7.500428134715e+03 4.869502989826e+02 1.800000000000e+06 0.000000000000e+00 -8.752000000000e-01 -8.752000000000e-01 0.000000000000e+00 0.000000000000e+00 0.000000000000e+00 -0.000000000000e+00 4.914880648036e-02 0.000000000000e+00 0.000000000000e+00 0.000000000000e+00 0.000000000000e+00 0.000000000000e+00 0.000000000000e+00 
9.570000000000e+00 1.498887686931e-02 2.773196794370e-02 1.798692763765e-03 1.316150771476e+05 1.347122438109e+05 1.000000000000e+05 7.501597025269e+03 4.871858522820e+02 1.800000000000e+06 0.000000000000e+00 -8.752000000000e-01 -8.752000000000e-01 0.000000000000e+00 0.000000000000e+00 0.000000000000e+00 -0.000000000000e+00 4.911864348138e-02 0.000000000000e+00 0.000000000000e+00 0.000000000000e+00 0.000000000000e+00 0.000000000000e+00 0.000000000000e+00 
9.575000000000e+00 1.497953876682e-02 2.726199530926e-02 1.818725006573e-03 1.314237472406e+05 1.345583362232e+05 1.000000000000e+05 7.502779917809e+03 4.874242648565e+02 1.800000000000e+06 0.000000000000e+00 -8.752000000000e-01 -8.752000000000e-01 0.000000000000e+00 0.000000000000e+00 0.000000000000e+00 -0.000000000000e+00 4.908814028572e-02 0.000000000000e+00 0.000000000000e+00 0.000000000000e+00 0.000000000000e+00 0.000000000000e+00 0.000000000000e+00 
9.580000000000e+00 1.497009906040e-02 2.675456671352e-02 1.838175459158e-03 1.312313941562e+05 1.344025032201e+05 1.000000000000e+05 7.503976493302e+03 4.876654825505e+02 1.800000000000e+06 0.000000000000e+00 -8.752000000000e-01 -8.752000000000e-01 0.000000000000e+00 0.000000000000e+00 0.000000000000e+00 -0.000000000000e+00 4.905730490068e-02 0.000000000000e+00 0.000000000000e+00 0.000000000000e+00 0.000000000000e+00 0.000000000000e+00 0.000000000000e+00 
9.585000000000e+00 1.496056116025e-02 2.622634370369e-02 1.856936053747e-03 1.310382548635e+05 1.342447925540e+05 1.000000000000e+05 7.505186333933e+03 4.879094253016e+02 1.800000000000e+06 0.000000000000e+00 -8.752000000000e-01 -8.752000000000e-01 0.000000000000e+00 0.000000000000e+00 0.000000000000e+00 -0.000000000000e+00 4.902614856767e-02 0.000000000000e+00 0.000000000000e+00 0.000000000000e+00 0.000000000000e+00 0.000000000000e+00 0.000000000000e+00 
9.590000000000e+00 1.495092868377e-02 2.569244969323e-02 1.874992107003e-03 1.308444095058e+05 1.340852556626e+05 1.000000000000e+05 7.506409010098e+03 4.881560075221e+02 1.800000000000e+06 0.000000000000e+00 -8.752000000000e-01 -8.752000000000e-01 0.000000000000e+00 0.000000000000e+00 0.000000000000e+00 -0.000000000000e+00 4.899468310453e-02 0.000000000000e+00 0.000000000000e+00 0.000000000000e+00 0.000000000000e+00 0.000000000000e+00 0.000000000000e+00 
9.595000000000e+00 1.494120518817e-02 2.516600340849e-02 1.892375010841e-03 1.306498579965e+05 1.339239432671e+05 1.000000000000e+05 7.507644106365e+03 4.884051449228e+02 1.800000000000e+06 0.000000000000e+00 -8.752000000000e-01 -8.752000000000e-01 0.000000000000e+00 0.000000000000e+00 0.000000000000e+00 -0.000000000000e+00 4.896292012063e-02 0.000000000000e+00 0.000000000000e+00 0.000000000000e+00 0.000000000000e+00 0.000000000000e+00 0.000000000000e+00 
9.600000000000e+00 1.493139390236e-02 2.465726737928e-02 1.909167133888e-03 1.304545065907e+05 1.337609009164e+05 1.000000000000e+05 7.508891256322e+03 4.886567613884e+02 1.800000000000e+06 0.000000000000e+00 -8.752000000000e-01 -8.752000000000e-01 0.000000000000e+00 0.000000000000e+00 0.000000000000e+00 -0.000000000000e+00 4.893087015646e-02 0.000000000000e+00 0.000000000000e+00 0.000000000000e+00 0.000000000000e+00 0.000000000000e+00 0.000000000000e+00 
9.605000000000e+00 1.492149754212e-02 2.417321952941e-02 1.925478010427e-03 1.302582055315e+05 1.335961658703e+05 1.000000000000e+05 7.510150162267e+03 4.889107937564e+02 1.800000000000e+06 0.000000000000e+00 -8.752000000000e-01 -8.752000000000e-01 0.000000000000e+00 0.000000000000e+00 0.000000000000e+00 -0.000000000000e+00 4.889854206382e-02 0.000000000000e+00 0.000000000000e+00 0.000000000000e+00 0.000000000000e+00 0.000000000000e+00 0.000000000000e+00 
9.610000000000e+00 1.491151820279e-02 2.371752090407e-02 1.941432772708e-03 1.300607669708e+05 1.334297652454e+05 1.000000000000e+05 7.511420607176e+03 4.891671946287e+02 1.800000000000e+06 0.000000000000e+00 -8.752000000000e-01 -8.752000000000e-01 0.000000000000e+00 0.000000000000e+00 0.000000000000e+00 -0.000000000000e+00 4.886594256875e-02 0.000000000000e+00 0.000000000000e+00 0.000000000000e+00 0.000000000000e+00 0.000000000000e+00 0.000000000000e+00 
9.615000000000e+00 1.490145734134e-02 2.329072093138e-02 1.957156215831e-03 1.298619920936e+05 1.332617156322e+05 1.000000000000e+05 7.512702454650e+03 4.894259329023e+02 1.800000000000e+06 0.000000000000e+00 -8.752000000000e-01 -8.752000000000e-01 0.000000000000e+00 0.000000000000e+00 0.000000000000e+00 -0.000000000000e+00 4.883307638797e-02 0.000000000000e+00 0.000000000000e+00 0.000000000000e+00 0.000000000000e+00 0.000000000000e+00 0.000000000000e+00 
9.620000000000e+00 1.489131574782e-02 2.289069756497e-02 1.972781184313e-03 1.296616559290e+05 1.330920225295e+05 1.000000000000e+05 7.513995654275e+03 4.896869945785e+02 1.800000000000e+06 0.000000000000e+00 -8.752000000000e-01 -8.752000000000e-01 0.000000000000e+00 0.000000000000e+00 0.000000000000e+00 -0.000000000000e+00 4.879994610466e-02 0.000000000000e+00 0.000000000000e+00 0.000000000000e+00 0.000000000000e+00 0.000000000000e+00 0.000000000000e+00 
9.625000000000e+00 1.488109351333e-02 2.251316261081e-02 1.988446345582e-03 1.294595104779e+05 1.329206797120e+05 1.000000000000e+05 7.515300245703e+03 4.899503836681e+02 1.800000000000e+06 0.000000000000e+00 -8.752000000000e-01 -8.752000000000e-01 0.000000000000e+00 0.000000000000e+00 0.000000000000e+00 -0.000000000000e+00 4.876655201323e-02 0.000000000000e+00 0.000000000000e+00 0.000000000000e+00 0.000000000000e+00 0.000000000000e+00 0.000000000000e+00 
9.630000000000e+00 1.487079000375e-02 2.215224236731e-02 2.004293696048e-03 1.292552884180e+05 1.327476686862e+05 1.000000000000e+05 7.516616361960e+03 4.902161229547e+02 1.800000000000e+06 0.000000000000e+00 -8.752000000000e-01 -8.752000000000e-01 0.000000000000e+00 0.000000000000e+00 0.000000000000e+00 -0.000000000000e+00 4.873289203633e-02 0.000000000000e+00 0.000000000000e+00 0.000000000000e+00 0.000000000000e+00 0.000000000000e+00 0.000000000000e+00 
9.635000000000e+00 1.486040383774e-02 2.180104495716e-02 2.020472396059e-03 1.290486958594e+05 1.325729582100e+05 1.000000000000e+05 7.517944233322e+03 4.904842546553e+02 1.800000000000e+06 0.000000000000e+00 -8.752000000000e-01 -8.752000000000e-01 0.000000000000e+00 0.000000000000e+00 0.000000000000e+00 -0.000000000000e+00 4.869896166438e-02 0.000000000000e+00 0.000000000000e+00 0.000000000000e+00 0.000000000000e+00 0.000000000000e+00 0.000000000000e+00 
9.640000000000e+00 1.484993285763e-02 2.145220707914e-02 2.037133577235e-03 1.288394206885e+05 1.323965036851e+05 1.000000000000e+05 7.519284190591e+03 4.907548412692e+02 1.800000000000e+06 0.000000000000e+00 -8.752000000000e-01 -8.752000000000e-01 0.000000000000e+00 0.000000000000e+00 0.000000000000e+00 -0.000000000000e+00 4.866475387080e-02 0.000000000000e+00 0.000000000000e+00 0.000000000000e+00 0.000000000000e+00 0.000000000000e+00 0.000000000000e+00 
9.645000000000e+00 1.483937409341e-02 2.109833186587e-02 2.054440635773e-03 1.286271137685e+05 1.322182464240e+05 1.000000000000e+05 7.520636671902e+03 4.910279666146e+02 1.800000000000e+06 0.000000000000e+00 -8.752000000000e-01 -8.752000000000e-01 0.000000000000e+00 0.000000000000e+00 0.000000000000e+00 -0.000000000000e+00 4.863025894486e-02 0.000000000000e+00 0.000000000000e+00 0.000000000000e+00 0.000000000000e+00 0.000000000000e+00 0.000000000000e+00 
9.650000000000e+00 1.482872372135e-02 2.073230441074e-02 2.072560167925e-03 1.284114037889e+05 1.320381128149e+05 1.000000000000e+05 7.522002226998e+03 4.913037370119e+02 1.800000000000e+06 0.000000000000e+00 -8.752000000000e-01 -8.752000000000e-01 0.000000000000e+00 0.000000000000e+00 0.000000000000e+00 -0.000000000000e+00 4.859546438533e-02 0.000000000000e+00 0.000000000000e+00 0.000000000000e+00 0.000000000000e+00 0.000000000000e+00 0.000000000000e+00 
9.655000000000e+00 1.481797704694e-02 2.034760531932e-02 2.091662445063e-03 1.281918959080e+05 1.318560138870e+05 1.000000000000e+05 7.523381520039e+03 4.915822818467e+02 1.800000000000e+06 0.000000000000e+00 -8.752000000000e-01 -8.752000000000e-01 0.000000000000e+00 0.000000000000e+00 0.000000000000e+00 -0.000000000000e+00 4.856035484711e-02 0.000000000000e+00 0.000000000000e+00 0.000000000000e+00 0.000000000000e+00 0.000000000000e+00 0.000000000000e+00 
9.660000000000e+00 1.480712848802e-02 1.993850015253e-02 2.111921011866e-03 1.279681719172e+05 1.316718448715e+05 1.000000000000e+05 7.524775332268e+03 4.918637541341e+02 1.800000000000e+06 0.000000000000e+00 -8.752000000000e-01 -8.752000000000e-01 0.000000000000e+00 0.000000000000e+00 0.000000000000e+00 -0.000000000000e+00 4.852491209019e-02 0.000000000000e+00 0.000000000000e+00 0.000000000000e+00 0.000000000000e+00 0.000000000000e+00 0.000000000000e+00 
9.665000000000e+00 1.479617157240e-02 1.950015471073e-02 2.133507128537e-03 1.277397996955e+05 1.314854849977e+05 1.000000000000e+05 7.526184561980e+03 4.921483307157e+02 1.800000000000e+06 0.000000000000e+00 -8.752000000000e-01 -8.752000000000e-01 0.000000000000e+00 0.000000000000e+00 0.000000000000e+00 -0.000000000000e+00 4.848911497100e-02 0.000000000000e+00 0.000000000000e+00 0.000000000000e+00 0.000000000000e+00 0.000000000000e+00 0.000000000000e+00 
9.670000000000e+00 1.478509895489e-02 1.902866909643e-02 2.156587893858e-03 1.275063365860e+05 1.312967976173e+05 1.000000000000e+05 7.527610222637e+03 4.924362119537e+02 1.800000000000e+06 0.000000000000e+00 -8.752000000000e-01 -8.752000000000e-01 0.000000000000e+00 0.000000000000e+00 0.000000000000e+00 -0.000000000000e+00 4.845293949669e-02 0.000000000000e+00 0.000000000000e+00 0.000000000000e+00 0.000000000000e+00 0.000000000000e+00 0.000000000000e+00 
9.675000000000e+00 1.477390245666e-02 1.852110872930e-02 2.181320412716e-03 1.272673401323e+05 1.311056307026e+05 1.000000000000e+05 7.529053437457e+03 4.927276208498e+02 1.800000000000e+06 0.000000000000e+00 -8.752000000000e-01 -8.752000000000e-01 0.000000000000e+00 0.000000000000e+00 0.000000000000e+00 -0.000000000000e+00 4.841635895469e-02 0.000000000000e+00 0.000000000000e+00 0.000000000000e+00 0.000000000000e+00 0.000000000000e+00 0.000000000000e+00 
9.680000000000e+00 1.476257312515e-02 1.797540494933e-02 2.207849944164e-03 1.270223722292e+05 1.309118176995e+05 1.000000000000e+05 7.530515432022e+03 4.930228016264e+02 1.800000000000e+06 0.000000000000e+00 -8.752000000000e-01 -8.752000000000e-01 0.000000000000e+00 0.000000000000e+00 0.000000000000e+00 -0.000000000000e+00 4.837934414443e-02 0.000000000000e+00 0.000000000000e+00 0.000000000000e+00 0.000000000000e+00 0.000000000000e+00 0.000000000000e+00 
9.685000000000e+00 1.475110131274e-02 1.739033274499e-02 2.236303364574e-03 1.267710118875e+05 1.307151787048e+05 1.000000000000e+05 7.531997523659e+03 4.933220178138e+02 1.800000000000e+06 0.000000000000e+00 -8.752000000000e-01 -8.752000000000e-01 0.000000000000e+00 0.000000000000e+00 0.000000000000e+00 -0.000000000000e+00 4.834186359156e-02 0.000000000000e+00 0.000000000000e+00 0.000000000000e+00 0.000000000000e+00 0.000000000000e+00 0.000000000000e+00 
9.690000000000e+00 1.473947678011e-02 1.676539734869e-02 2.266785591950e-03 1.265128632933e+05 1.305155220766e+05 1.000000000000e+05 7.533501108101e+03 4.936255496875e+02 1.800000000000e+06 0.000000000000e+00 -8.752000000000e-01 -8.752000000000e-01 0.000000000000e+00 0.000000000000e+00 0.000000000000e+00 -0.000000000000e+00 4.830388386981e-02 0.000000000000e+00 0.000000000000e+00 0.000000000000e+00 0.000000000000e+00 0.000000000000e+00 0.000000000000e+00 
9.695000000000e+00 1.472768881189e-02 1.610073002647e-02 2.299377257108e-03 1.262475619401e+05 1.303126462681e+05 1.000000000000e+05 7.535027644722e+03 4.939336913725e+02 1.800000000000e+06 0.000000000000e+00 -8.752000000000e-01 -8.752000000000e-01 0.000000000000e+00 0.000000000000e+00 0.000000000000e+00 -0.000000000000e+00 4.826537002750e-02 0.000000000000e+00 0.000000000000e+00 0.000000000000e+00 0.000000000000e+00 0.000000000000e+00 0.000000000000e+00 
9.700000000000e+00 1.471572795419e-02 1.539700233968e-02 2.334137117347e-03 1.259748011031e+05 1.301063696783e+05 1.000000000000e+05 7.536578432913e+03 4.942467054643e+02 1.800000000000e+06 0.000000000000e+00 -8.752000000000e-01 -8.752000000000e-01 0.000000000000e+00 0.000000000000e+00 0.000000000000e+00 -0.000000000000e+00 4.822628602686e-02 0.000000000000e+00 0.000000000000e+00 0.000000000000e+00 0.000000000000e+00 0.000000000000e+00 0.000000000000e+00 
9.705000000000e+00 1.470358297365e-02 1.465551509838e-02 2.371089092870e-03 1.256943012730e+05 1.298964782044e+05 1.000000000000e+05 7.538155002646e+03 4.945649026111e+02 1.800000000000e+06 0.000000000000e+00 -8.752000000000e-01 -8.752000000000e-01 0.000000000000e+00 0.000000000000e+00 0.000000000000e+00 -0.000000000000e+00 4.818659512306e-02 0.000000000000e+00 0.000000000000e+00 0.000000000000e+00 0.000000000000e+00 0.000000000000e+00 0.000000000000e+00 
9.710000000000e+00 1.469124081512e-02 1.387798594768e-02 2.410235304337e-03 1.254057861227e+05 1.296827241130e+05 1.000000000000e+05 7.539759123582e+03 4.948886429487e+02 1.800000000000e+06 0.000000000000e+00 -8.752000000000e-01 -8.752000000000e-01 0.000000000000e+00 0.000000000000e+00 0.000000000000e+00 -0.000000000000e+00 4.814626036134e-02 0.000000000000e+00 0.000000000000e+00 0.000000000000e+00 0.000000000000e+00 0.000000000000e+00 0.000000000000e+00 
9.715000000000e+00 1.467869025365e-02 1.306644291247e-02 2.451543526672e-03 1.251090695603e+05 1.294648890693e+05 1.000000000000e+05 7.541392331024e+03 4.952182404861e+02 1.800000000000e+06 0.000000000000e+00 -8.752000000000e-01 -8.752000000000e-01 0.000000000000e+00 0.000000000000e+00 0.000000000000e+00 -0.000000000000e+00 4.810524506720e-02 0.000000000000e+00 0.000000000000e+00 0.000000000000e+00 0.000000000000e+00 0.000000000000e+00 0.000000000000e+00 
9.720000000000e+00 1.466592031242e-02 1.222318448198e-02 2.494955415564e-03 1.248040134939e+05 1.292427568413e+05 1.000000000000e+05 7.543056131655e+03 4.955540045136e+02 1.800000000000e+06 0.000000000000e+00 -8.752000000000e-01 -8.752000000000e-01 0.000000000000e+00 0.000000000000e+00 0.000000000000e+00 -0.000000000000e+00 4.806351337408e-02 0.000000000000e+00 0.000000000000e+00 0.000000000000e+00 0.000000000000e+00 0.000000000000e+00 0.000000000000e+00 
9.725000000000e+00 1.465292040416e-02 1.135078917836e-02 2.540384084573e-03 1.244905349170e+05 1.290161157254e+05 1.000000000000e+05 7.544751984864e+03 4.958962359094e+02 1.800000000000e+06 0.000000000000e+00 -8.752000000000e-01 -8.752000000000e-01 0.000000000000e+00 0.000000000000e+00 0.000000000000e+00 -0.000000000000e+00 4.802103068446e-02 0.000000000000e+00 0.000000000000e+00 0.000000000000e+00 0.000000000000e+00 0.000000000000e+00 0.000000000000e+00 
9.730000000000e+00 1.463968047439e-02 1.045201592973e-02 2.587715584581e-03 1.241686061637e+05 1.287847610363e+05 1.000000000000e+05 7.546481284371e+03 4.962452233705e+02 1.800000000000e+06 0.000000000000e+00 -8.752000000000e-01 -8.752000000000e-01 0.000000000000e+00 0.000000000000e+00 0.000000000000e+00 -0.000000000000e+00 4.797776413397e-02 0.000000000000e+00 0.000000000000e+00 0.000000000000e+00 0.000000000000e+00 0.000000000000e+00 0.000000000000e+00 
9.735000000000e+00 1.462619113216e-02 9.529798349233e-03 2.636810782871e-03 1.238382542706e+05 1.285484974128e+05 1.000000000000e+05 7.548245341427e+03 4.966012399452e+02 1.800000000000e+06 0.000000000000e+00 -8.752000000000e-01 -8.752000000000e-01 0.000000000000e+00 0.000000000000e+00 0.000000000000e+00 -0.000000000000e+00 4.793368302061e-02 0.000000000000e+00 0.000000000000e+00 0.000000000000e+00 0.000000000000e+00 0.000000000000e+00 0.000000000000e+00 
9.740000000000e+00 1.461244376714e-02 8.587238326881e-03 2.687511459642e-03 1.234995525931e+05 1.283071409196e+05 1.000000000000e+05 7.550045370365e+03 4.969645398958e+02 1.800000000000e+06 0.000000000000e+00 -8.752000000000e-01 -8.752000000000e-01 0.000000000000e+00 0.000000000000e+00 0.000000000000e+00 -0.000000000000e+00 4.788875918541e-02 0.000000000000e+00 0.000000000000e+00 0.000000000000e+00 0.000000000000e+00 0.000000000000e+00 0.000000000000e+00 
9.745000000000e+00 1.459843063348e-02 7.627500611147e-03 2.739639514396e-03 1.231526241352e+05 1.280605205968e+05 1.000000000000e+05 7.551882477217e+03 4.973353564152e+02 1.800000000000e+06 0.000000000000e+00 -8.752000000000e-01 -8.752000000000e-01 0.000000000000e+00 0.000000000000e+00 0.000000000000e+00 -0.000000000000e+00 4.784296728704e-02 0.000000000000e+00 0.000000000000e+00 0.000000000000e+00 0.000000000000e+00 0.000000000000e+00 0.000000000000e+00 
9.750000000000e+00 1.458414499171e-02 6.653997601410e-03 2.792995191017e-03 1.227976477718e+05 1.278084810671e+05 1.000000000000e+05 7.553757640430e+03 4.977138977756e+02 1.800000000000e+06 0.000000000000e+00 -8.752000000000e-01 -8.752000000000e-01 0.000000000000e+00 0.000000000000e+00 0.000000000000e+00 -0.000000000000e+00 4.779628526550e-02 0.000000000000e+00 0.000000000000e+00 0.000000000000e+00 0.000000000000e+00 0.000000000000e+00 0.000000000000e+00 
9.755000000000e+00 1.456958113262e-02 5.670096940810e-03 2.847372284251e-03 1.224348319154e+05 1.275508830972e+05 1.000000000000e+05 7.555671709794e+03 4.981003465772e+02 1.800000000000e+06 0.000000000000e+00 -8.752000000000e-01 -8.752000000000e-01 0.000000000000e+00 0.000000000000e+00 0.000000000000e+00 -0.000000000000e+00 4.774869442035e-02 0.000000000000e+00 0.000000000000e+00 0.000000000000e+00 0.000000000000e+00 0.000000000000e+00 0.000000000000e+00 
9.760000000000e+00 1.455473447322e-02 4.679265799335e-03 2.902546932387e-03 1.220644368329e+05 1.272876054593e+05 1.000000000000e+05 7.557625391320e+03 4.984948570612e+02 1.800000000000e+06 0.000000000000e+00 -8.752000000000e-01 -8.752000000000e-01 0.000000000000e+00 0.000000000000e+00 0.000000000000e+00 -0.000000000000e+00 4.770017972463e-02 0.000000000000e+00 0.000000000000e+00 0.000000000000e+00 0.000000000000e+00 0.000000000000e+00 0.000000000000e+00 
9.765000000000e+00 1.453960160054e-02 3.685020626475e-03 2.958291714519e-03 1.216867506506e+05 1.270185459054e+05 1.000000000000e+05 7.559619243151e+03 4.988975537793e+02 1.800000000000e+06 0.000000000000e+00 -8.752000000000e-01 -8.752000000000e-01 0.000000000000e+00 0.000000000000e+00 0.000000000000e+00 -0.000000000000e+00 4.765072996884e-02 0.000000000000e+00 0.000000000000e+00 0.000000000000e+00 0.000000000000e+00 0.000000000000e+00 0.000000000000e+00 
9.770000000000e+00 1.452418029004e-02 2.690889107614e-03 3.014372212699e-03 1.213020963565e+05 1.267436217148e+05 1.000000000000e+05 7.561653671714e+03 4.993085309185e+02 1.800000000000e+06 0.000000000000e+00 -8.752000000000e-01 -8.752000000000e-01 0.000000000000e+00 0.000000000000e+00 0.000000000000e+00 -0.000000000000e+00 4.760033782063e-02 0.000000000000e+00 0.000000000000e+00 0.000000000000e+00 0.000000000000e+00 0.000000000000e+00 0.000000000000e+00 
9.775000000000e+00 1.450846954446e-02 1.700468543983e-03 3.070547389938e-03 1.209108323778e+05 1.264627706317e+05 1.000000000000e+05 7.563728925748e+03 4.997278510600e+02 1.800000000000e+06 0.000000000000e+00 -8.752000000000e-01 -8.752000000000e-01 0.000000000000e+00 0.000000000000e+00 0.000000000000e+00 -0.000000000000e+00 4.754899995325e-02 0.000000000000e+00 0.000000000000e+00 0.000000000000e+00 0.000000000000e+00 0.000000000000e+00 0.000000000000e+00 
9.780000000000e+00 1.449246961733e-02 7.173345587576e-04 3.126576059921e-03 1.205133418780e+05 1.261759515558e+05 1.000000000000e+05 7.565845093303e+03 5.001555443267e+02 1.800000000000e+06 0.000000000000e+00 -8.752000000000e-01 -8.752000000000e-01 0.000000000000e+00 0.000000000000e+00 0.000000000000e+00 -0.000000000000e+00 4.749671712244e-02 0.000000000000e+00 0.000000000000e+00 0.000000000000e+00 0.000000000000e+00 0.000000000000e+00 0.000000000000e+00 
9.785000000000e+00 1.447618200102e-02 -2.550759015974e-04 3.182217019820e-03 1.201100328131e+05 1.258831446241e+05 1.000000000000e+05 7.568002102225e+03 5.005916084553e+02 1.800000000000e+06 0.000000000000e+00 -8.752000000000e-01 -8.752000000000e-01 0.000000000000e+00 0.000000000000e+00 0.000000000000e+00 -0.000000000000e+00 4.744349412777e-02 0.000000000000e+00 0.000000000000e+00 0.000000000000e+00 0.000000000000e+00 0.000000000000e+00 0.000000000000e+00 
9.790000000000e+00 1.445960942765e-02 -1.213476543553e-03 3.237232588560e-03 1.197013320515e+05 1.255843515366e+05 1.000000000000e+05 7.570199719497e+03 5.010360085163e+02 1.800000000000e+06 0.000000000000e+00 -8.752000000000e-01 -8.752000000000e-01 0.000000000000e+00 0.000000000000e+00 0.000000000000e+00 -0.000000000000e+00 4.738933981770e-02 0.000000000000e+00 0.000000000000e+00 0.000000000000e+00 0.000000000000e+00 0.000000000000e+00 0.000000000000e+00 
9.795000000000e+00 1.444275583804e-02 -2.154648558940e-03 3.291389256675e-03 1.192876841108e+05 1.252795953280e+05 1.000000000000e+05 7.572437554223e+03 5.014886774717e+02 1.800000000000e+06 0.000000000000e+00 -8.752000000000e-01 -8.752000000000e-01 0.000000000000e+00 0.000000000000e+00 0.000000000000e+00 -0.000000000000e+00 4.733426698646e-02 0.000000000000e+00 0.000000000000e+00 0.000000000000e+00 0.000000000000e+00 0.000000000000e+00 0.000000000000e+00 
9.800000000000e+00 1.442562634895e-02 -3.075476166358e-03 3.344471758886e-03 1.188695253727e+05 1.249689201166e+05 1.000000000000e+05 7.574715063146e+03 5.019495167734e+02 1.800000000000e+06 0.000000000000e+00 -8.752000000000e-01 -8.752000000000e-01 0.000000000000e+00 0.000000000000e+00 0.000000000000e+00 -0.000000000000e+00 4.727829197232e-02 0.000000000000e+00 0.000000000000e+00 0.000000000000e+00 0.000000000000e+00 0.000000000000e+00 0.000000000000e+00 
9.805000000000e+00 1.440822718241e-02 -3.972945376983e-03 3.396253050645e-03 1.184473378673e+05 1.246523901711e+05 1.000000000000e+05 7.577031553531e+03 5.024183979784e+02 1.800000000000e+06 0.000000000000e+00 -8.752000000000e-01 -8.752000000000e-01 0.000000000000e+00 0.000000000000e+00 0.000000000000e+00 -0.000000000000e+00 4.722143474028e-02 0.000000000000e+00 0.000000000000e+00 0.000000000000e+00 0.000000000000e+00 0.000000000000e+00 0.000000000000e+00 
9.810000000000e+00 1.439056569866e-02 -4.844238312006e-03 3.446521320804e-03 1.180216011974e+05 1.243300908661e+05 1.000000000000e+05 7.579386182179e+03 5.028951615689e+02 1.800000000000e+06 0.000000000000e+00 -8.752000000000e-01 -8.752000000000e-01 0.000000000000e+00 0.000000000000e+00 0.000000000000e+00 -0.000000000000e+00 4.716371929939e-02 0.000000000000e+00 0.000000000000e+00 0.000000000000e+00 0.000000000000e+00 0.000000000000e+00 0.000000000000e+00 
9.815000000000e+00 1.437265029498e-02 -5.686708707247e-03 3.495076499377e-03 1.175927973347e+05 1.240021272082e+05 1.000000000000e+05 7.581777966919e+03 5.033796193786e+02 1.800000000000e+06 0.000000000000e+00 -8.752000000000e-01 -8.752000000000e-01 0.000000000000e+00 0.000000000000e+00 0.000000000000e+00 -0.000000000000e+00 4.710517294449e-02 0.000000000000e+00 0.000000000000e+00 0.000000000000e+00 0.000000000000e+00 0.000000000000e+00 0.000000000000e+00 
9.820000000000e+00 1.435449048001e-02 -6.497883097367e-03 3.541734038734e-03 1.171614054274e+05 1.236686255718e+05 1.000000000000e+05 7.584205776044e+03 5.038715522780e+02 1.800000000000e+06 0.000000000000e+00 -8.752000000000e-01 -8.752000000000e-01 0.000000000000e+00 0.000000000000e+00 0.000000000000e+00 -0.000000000000e+00 4.704582618732e-02 0.000000000000e+00 0.000000000000e+00 0.000000000000e+00 0.000000000000e+00 0.000000000000e+00 0.000000000000e+00 
9.825000000000e+00 1.433609632993e-02 -7.275529784831e-03 3.586319411443e-03 1.167279018103e+05 1.233297240693e+05 1.000000000000e+05 7.586668398536e+03 5.043707246152e+02 1.800000000000e+06 0.000000000000e+00 -8.752000000000e-01 -8.752000000000e-01 0.000000000000e+00 0.000000000000e+00 0.000000000000e+00 -0.000000000000e+00 4.698571272764e-02 0.000000000000e+00 0.000000000000e+00 0.000000000000e+00 0.000000000000e+00 0.000000000000e+00 0.000000000000e+00 
9.830000000000e+00 1.431747914143e-02 -8.017642627615e-03 3.628675283390e-03 1.162927595120e+05 1.229855848969e+05 1.000000000000e+05 7.589164457072e+03 5.048768662422e+02 1.800000000000e+06 0.000000000000e+00 -8.752000000000e-01 -8.752000000000e-01 0.000000000000e+00 0.000000000000e+00 0.000000000000e+00 -0.000000000000e+00 4.692486903544e-02 0.000000000000e+00 0.000000000000e+00 0.000000000000e+00 0.000000000000e+00 0.000000000000e+00 0.000000000000e+00 
9.835000000000e+00 1.429865085791e-02 -8.722455923899e-03 3.668655522870e-03 1.158564485450e+05 1.226363841412e+05 1.000000000000e+05 7.591692482222e+03 5.053896877799e+02 1.800000000000e+06 0.000000000000e+00 -8.752000000000e-01 -8.752000000000e-01 0.000000000000e+00 0.000000000000e+00 0.000000000000e+00 -0.000000000000e+00 4.686333412040e-02 0.000000000000e+00 0.000000000000e+00 0.000000000000e+00 0.000000000000e+00 0.000000000000e+00 0.000000000000e+00 
9.840000000000e+00 1.427962411993e-02 -9.388435329377e-03 3.706132654737e-03 1.154194232559e+05 1.222823130197e+05 1.000000000000e+05 7.594250905945e+03 5.059088790003e+02 1.800000000000e+06 0.000000000000e+00 -8.752000000000e-01 -8.752000000000e-01 0.000000000000e+00 0.000000000000e+00 0.000000000000e+00 -0.000000000000e+00 4.680114927327e-02 0.000000000000e+00 0.000000000000e+00 0.000000000000e+00 0.000000000000e+00 0.000000000000e+00 0.000000000000e+00 
9.845000000000e+00 1.426041217872e-02 -1.001430664783e-02 3.740994703167e-03 1.149821265479e+05 1.219235765870e+05 1.000000000000e+05 7.596838071554e+03 5.064341109345e+02 1.800000000000e+06 0.000000000000e+00 -8.752000000000e-01 -8.752000000000e-01 0.000000000000e+00 0.000000000000e+00 0.000000000000e+00 -0.000000000000e+00 4.673835778224e-02 0.000000000000e+00 0.000000000000e+00 0.000000000000e+00 0.000000000000e+00 0.000000000000e+00 0.000000000000e+00 
9.850000000000e+00 1.424102881774e-02 -1.059902670228e-02 3.773143751121e-03 1.145449910830e+05 1.215603925642e+05 1.000000000000e+05 7.599452242999e+03 5.069650377838e+02 1.800000000000e+06 0.000000000000e+00 -8.752000000000e-01 -8.752000000000e-01 0.000000000000e+00 0.000000000000e+00 0.000000000000e+00 -0.000000000000e+00 4.667500467768e-02 0.000000000000e+00 0.000000000000e+00 0.000000000000e+00 0.000000000000e+00 0.000000000000e+00 0.000000000000e+00 
9.855000000000e+00 1.422148826926e-02 -1.114179685923e-02 3.802500513266e-03 1.141084291668e+05 1.211929900482e+05 1.000000000000e+05 7.602091615985e+03 5.075012989883e+02 1.800000000000e+06 0.000000000000e+00 -8.752000000000e-01 -8.752000000000e-01 0.000000000000e+00 0.000000000000e+00 0.000000000000e+00 -0.000000000000e+00 4.661113645978e-02 0.000000000000e+00 0.000000000000e+00 0.000000000000e+00 0.000000000000e+00 0.000000000000e+00 0.000000000000e+00 
9.860000000000e+00 1.420180512844e-02 -1.164203401840e-02 3.829000943834e-03 1.136728372941e+05 1.208216081442e+05 1.000000000000e+05 7.604754328132e+03 5.080425213920e+02 1.800000000000e+06 0.000000000000e+00 -8.752000000000e-01 -8.752000000000e-01 0.000000000000e+00 0.000000000000e+00 0.000000000000e+00 -0.000000000000e+00 4.654680081793e-02 0.000000000000e+00 0.000000000000e+00 0.000000000000e+00 0.000000000000e+00 0.000000000000e+00 0.000000000000e+00 
9.865000000000e+00 1.418199427150e-02 -1.209931860632e-02 3.852596579787e-03 1.132385938099e+05 1.204464946413e+05 1.000000000000e+05 7.607438469378e+03 5.085883213207e+02 1.800000000000e+06 0.000000000000e+00 -8.752000000000e-01 -8.752000000000e-01 0.000000000000e+00 0.000000000000e+00 0.000000000000e+00 -0.000000000000e+00 4.648204636360e-02 0.000000000000e+00 0.000000000000e+00 0.000000000000e+00 0.000000000000e+00 0.000000000000e+00 0.000000000000e+00 
9.870000000000e+00 1.416207076759e-02 -1.251349577298e-02 3.873259246055e-03 1.128060482037e+05 1.200679045335e+05 1.000000000000e+05 7.610142094128e+03 5.091383068652e+02 1.800000000000e+06 0.000000000000e+00 -8.752000000000e-01 -8.752000000000e-01 0.000000000000e+00 0.000000000000e+00 0.000000000000e+00 -0.000000000000e+00 4.641692234142e-02 0.000000000000e+00 0.000000000000e+00 0.000000000000e+00 0.000000000000e+00 0.000000000000e+00 0.000000000000e+00 
9.875000000000e+00 1.414204976076e-02 -1.288457008498e-02 3.890971959190e-03 1.123755355735e+05 1.196860979325e+05 1.000000000000e+05 7.612863235161e+03 5.096920810206e+02 1.800000000000e+06 0.000000000000e+00 -8.752000000000e-01 -8.752000000000e-01 0.000000000000e+00 0.000000000000e+00 0.000000000000e+00 -0.000000000000e+00 4.635147834025e-02 0.000000000000e+00 0.000000000000e+00 0.000000000000e+00 0.000000000000e+00 0.000000000000e+00 0.000000000000e+00 
9.880000000000e+00 1.412194570833e-02 -1.321254603623e-02 3.905737190068e-03 1.119473457075e+05 1.193013255869e+05 1.000000000000e+05 7.615600008418e+03 5.102492627264e+02 1.800000000000e+06 0.000000000000e+00 -8.752000000000e-01 -8.752000000000e-01 0.000000000000e+00 0.000000000000e+00 0.000000000000e+00 -0.000000000000e+00 4.628576412440e-02 0.000000000000e+00 0.000000000000e+00 0.000000000000e+00 0.000000000000e+00 0.000000000000e+00 0.000000000000e+00 
9.885000000000e+00 1.410177330706e-02 -1.349827942575e-02 3.917562167852e-03 1.115217687372e+05 1.189138465560e+05 1.000000000000e+05 7.618350484683e+03 5.108094612478e+02 1.800000000000e+06 0.000000000000e+00 -8.752000000000e-01 -8.752000000000e-01 0.000000000000e+00 0.000000000000e+00 0.000000000000e+00 -0.000000000000e+00 4.621982966526e-02 0.000000000000e+00 0.000000000000e+00 0.000000000000e+00 0.000000000000e+00 0.000000000000e+00 0.000000000000e+00 
9.890000000000e+00 1.408154762459e-02 -1.374237472097e-02 3.926474313828e-03 1.110990685974e+05 1.185239309154e+05 1.000000000000e+05 7.621112673867e+03 5.113722723881e+02 1.800000000000e+06 0.000000000000e+00 -8.752000000000e-01 -8.752000000000e-01 0.000000000000e+00 0.000000000000e+00 0.000000000000e+00 -0.000000000000e+00 4.615372440166e-02 0.000000000000e+00 0.000000000000e+00 0.000000000000e+00 0.000000000000e+00 0.000000000000e+00 0.000000000000e+00 
9.895000000000e+00 1.406128365949e-02 -1.394560998754e-02 3.932516212313e-03 1.106794834038e+05 1.181318514355e+05 1.000000000000e+05 7.623884583676e+03 5.119372906119e+02 1.800000000000e+06 0.000000000000e+00 -8.752000000000e-01 -8.752000000000e-01 0.000000000000e+00 0.000000000000e+00 0.000000000000e+00 -0.000000000000e+00 4.608749697861e-02 0.000000000000e+00 0.000000000000e+00 0.000000000000e+00 0.000000000000e+00 0.000000000000e+00 0.000000000000e+00 
9.900000000000e+00 1.404099615237e-02 -1.410889391890e-02 3.935741156375e-03 1.102632297379e+05 1.177378799551e+05 1.000000000000e+05 7.626664244630e+03 5.125041142985e+02 1.800000000000e+06 0.000000000000e+00 -8.752000000000e-01 -8.752000000000e-01 0.000000000000e+00 0.000000000000e+00 0.000000000000e+00 -0.000000000000e+00 4.602119521723e-02 0.000000000000e+00 0.000000000000e+00 0.000000000000e+00 0.000000000000e+00 0.000000000000e+00 0.000000000000e+00 
9.905000000000e+00 1.402069928589e-02 -1.423335431090e-02 3.936221057605e-03 1.098504811552e+05 1.173422814970e+05 1.000000000000e+05 7.629449752863e+03 5.130723541793e+02 1.800000000000e+06 0.000000000000e+00 -8.752000000000e-01 -8.752000000000e-01 0.000000000000e+00 0.000000000000e+00 0.000000000000e+00 -0.000000000000e+00 4.595486627460e-02 0.000000000000e+00 0.000000000000e+00 0.000000000000e+00 0.000000000000e+00 0.000000000000e+00 0.000000000000e+00 
9.910000000000e+00 1.400040694075e-02 -1.432015427600e-02 3.934023759635e-03 1.094414160606e+05 1.169453191430e+05 1.000000000000e+05 7.632239231392e+03 5.136416262717e+02 1.800000000000e+06 0.000000000000e+00 -8.752000000000e-01 -8.752000000000e-01 0.000000000000e+00 0.000000000000e+00 0.000000000000e+00 -0.000000000000e+00 4.588855609107e-02 0.000000000000e+00 0.000000000000e+00 0.000000000000e+00 0.000000000000e+00 0.000000000000e+00 0.000000000000e+00 
9.915000000000e+00 1.398013279282e-02 -1.437058434025e-02 3.929232266631e-03 1.090361828764e+05 1.165472558839e+05 1.000000000000e+05 7.635030820463e+03 5.142115492030e+02 1.800000000000e+06 0.000000000000e+00 -8.752000000000e-01 -8.752000000000e-01 0.000000000000e+00 0.000000000000e+00 0.000000000000e+00 -0.000000000000e+00 4.582230891665e-02 0.000000000000e+00 0.000000000000e+00 0.000000000000e+00 0.000000000000e+00 0.000000000000e+00 0.000000000000e+00 
9.920000000000e+00 1.395989005513e-02 -1.438604264113e-02 3.921938223647e-03 1.086349068019e+05 1.161483494949e+05 1.000000000000e+05 7.637822712196e+03 5.147817515194e+02 1.800000000000e+06 0.000000000000e+00 -8.752000000000e-01 -8.752000000000e-01 0.000000000000e+00 0.000000000000e+00 0.000000000000e+00 -0.000000000000e+00 4.575616751036e-02 0.000000000000e+00 0.000000000000e+00 0.000000000000e+00 0.000000000000e+00 0.000000000000e+00 0.000000000000e+00 
9.925000000000e+00 1.393969143990e-02 -1.436801151660e-02 3.912241443617e-03 1.082376895446e+05 1.157488516502e+05 1.000000000000e+05 7.640613156293e+03 5.153518728735e+02 1.800000000000e+06 0.000000000000e+00 -8.752000000000e-01 -8.752000000000e-01 0.000000000000e+00 0.000000000000e+00 0.000000000000e+00 -0.000000000000e+00 4.569017301019e-02 0.000000000000e+00 0.000000000000e+00 0.000000000000e+00 0.000000000000e+00 0.000000000000e+00 0.000000000000e+00 
9.930000000000e+00 1.391954912107e-02 -1.431803848489e-02 3.900247544310e-03 1.078446126929e+05 1.153490070241e+05 1.000000000000e+05 7.643400465395e+03 5.159215652158e+02 1.800000000000e+06 0.000000000000e+00 -8.752000000000e-01 -8.752000000000e-01 0.000000000000e+00 0.000000000000e+00 0.000000000000e+00 -0.000000000000e+00 4.562436481086e-02 0.000000000000e+00 0.000000000000e+00 0.000000000000e+00 0.000000000000e+00 0.000000000000e+00 0.000000000000e+00 
9.935000000000e+00 1.389947471496e-02 -1.423772309477e-02 3.886064791373e-03 1.074557430392e+05 1.149490527313e+05 1.000000000000e+05 7.646183017869e+03 5.164904934893e+02 1.800000000000e+06 0.000000000000e+00 -8.752000000000e-01 -8.752000000000e-01 0.000000000000e+00 0.000000000000e+00 0.000000000000e+00 -0.000000000000e+00 4.555878050120e-02 0.000000000000e+00 0.000000000000e+00 0.000000000000e+00 0.000000000000e+00 0.000000000000e+00 0.000000000000e+00 
9.940000000000e+00 1.387947926032e-02 -1.412873433008e-02 3.869807293575e-03 1.070711256845e+05 1.145492177384e+05 1.000000000000e+05 7.648959261866e+03 5.170583363551e+02 1.800000000000e+06 0.000000000000e+00 -8.752000000000e-01 -8.752000000000e-01 0.000000000000e+00 0.000000000000e+00 0.000000000000e+00 -0.000000000000e+00 4.549345579801e-02 0.000000000000e+00 0.000000000000e+00 0.000000000000e+00 0.000000000000e+00 0.000000000000e+00 0.000000000000e+00 
9.945000000000e+00 1.385957318619e-02 -1.399276077528e-02 3.851593306842e-03 1.066907862767e+05 1.141497220172e+05 1.000000000000e+05 7.651727720248e+03 5.176247872736e+02 1.800000000000e+06 0.000000000000e+00 -8.752000000000e-01 -8.752000000000e-01 0.000000000000e+00 0.000000000000e+00 0.000000000000e+00 -0.000000000000e+00 4.542842444293e-02 0.000000000000e+00 0.000000000000e+00 0.000000000000e+00 0.000000000000e+00 0.000000000000e+00 0.000000000000e+00 
9.950000000000e+00 1.383974697780e-02 -1.383141756614e-02 3.831538870626e-03 1.063143373034e+05 1.137503862002e+05 1.000000000000e+05 7.654489689626e+03 5.181901065267e+02 1.800000000000e+06 0.000000000000e+00 -8.752000000000e-01 -8.752000000000e-01 0.000000000000e+00 0.000000000000e+00 0.000000000000e+00 -0.000000000000e+00 4.536371815512e-02 0.000000000000e+00 0.000000000000e+00 0.000000000000e+00 0.000000000000e+00 0.000000000000e+00 0.000000000000e+00 
9.955000000000e+00 1.382004052978e-02 -1.364654674306e-02 3.809768541726e-03 1.059424103818e+05 1.133520287950e+05 1.000000000000e+05 7.657239566937e+03 5.187531434558e+02 1.800000000000e+06 0.000000000000e+00 -8.752000000000e-01 -8.752000000000e-01 0.000000000000e+00 0.000000000000e+00 0.000000000000e+00 -0.000000000000e+00 4.529936653069e-02 0.000000000000e+00 0.000000000000e+00 0.000000000000e+00 0.000000000000e+00 0.000000000000e+00 0.000000000000e+00 
9.960000000000e+00 1.380047034596e-02 -1.343995981511e-02 3.786407508614e-03 1.055751509719e+05 1.129550045789e+05 1.000000000000e+05 7.659974986985e+03 5.193134085457e+02 1.800000000000e+06 0.000000000000e+00 -8.752000000000e-01 -8.752000000000e-01 0.000000000000e+00 0.000000000000e+00 0.000000000000e+00 -0.000000000000e+00 4.523539711393e-02 0.000000000000e+00 0.000000000000e+00 0.000000000000e+00 0.000000000000e+00 0.000000000000e+00 0.000000000000e+00 
9.965000000000e+00 1.378102528430e-02 -1.321315398442e-02 3.761572550935e-03 1.052121374611e+05 1.125591092948e+05 1.000000000000e+05 7.662697447408e+03 5.198712023404e+02 1.800000000000e+06 0.000000000000e+00 -8.752000000000e-01 -8.752000000000e-01 0.000000000000e+00 0.000000000000e+00 0.000000000000e+00 -0.000000000000e+00 4.517183556868e-02 0.000000000000e+00 0.000000000000e+00 0.000000000000e+00 0.000000000000e+00 0.000000000000e+00 0.000000000000e+00 
9.970000000000e+00 1.376170991486e-02 -1.296792344387e-02 3.735384459268e-03 1.048532693617e+05 1.121644570934e+05 1.000000000000e+05 7.665406248564e+03 5.204263758818e+02 1.800000000000e+06 0.000000000000e+00 -8.752000000000e-01 -8.752000000000e-01 0.000000000000e+00 0.000000000000e+00 0.000000000000e+00 -0.000000000000e+00 4.510870558405e-02 0.000000000000e+00 0.000000000000e+00 0.000000000000e+00 0.000000000000e+00 0.000000000000e+00 0.000000000000e+00 
9.975000000000e+00 1.374252622004e-02 -1.270593759026e-02 3.707962444637e-03 1.044983932719e+05 1.117711103319e+05 1.000000000000e+05 7.668101050753e+03 5.209788537765e+02 1.800000000000e+06 0.000000000000e+00 -8.752000000000e-01 -8.752000000000e-01 0.000000000000e+00 0.000000000000e+00 0.000000000000e+00 -0.000000000000e+00 4.504602883811e-02 0.000000000000e+00 0.000000000000e+00 0.000000000000e+00 0.000000000000e+00 0.000000000000e+00 0.000000000000e+00 
9.980000000000e+00 1.372348771277e-02 -1.242888314884e-02 3.679426085710e-03 1.041476003482e+05 1.113793696403e+05 1.000000000000e+05 7.670779885651e+03 5.215282271466e+02 1.800000000000e+06 0.000000000000e+00 -8.752000000000e-01 -8.752000000000e-01 0.000000000000e+00 0.000000000000e+00 0.000000000000e+00 -0.000000000000e+00 4.498382497546e-02 0.000000000000e+00 0.000000000000e+00 0.000000000000e+00 0.000000000000e+00 0.000000000000e+00 0.000000000000e+00 
9.985000000000e+00 1.370459977805e-02 -1.213837549108e-02 3.649891203406e-03 1.038008162706e+05 1.109893714366e+05 1.000000000000e+05 7.673441920200e+03 5.220743193147e+02 1.800000000000e+06 0.000000000000e+00 -8.752000000000e-01 -8.752000000000e-01 0.000000000000e+00 0.000000000000e+00 0.000000000000e+00 -0.000000000000e+00 4.492211164666e-02 0.000000000000e+00 0.000000000000e+00 0.000000000000e+00 0.000000000000e+00 0.000000000000e+00 0.000000000000e+00 
9.990000000000e+00 1.368586721395e-02 -1.183599463964e-02 3.619470840221e-03 1.034579590059e+05 1.106012415047e+05 1.000000000000e+05 7.676086399079e+03 5.226169694531e+02 1.800000000000e+06 0.000000000000e+00 -8.752000000000e-01 -8.752000000000e-01 0.000000000000e+00 0.000000000000e+00 0.000000000000e+00 -0.000000000000e+00 4.486090457355e-02 0.000000000000e+00 0.000000000000e+00 0.000000000000e+00 0.000000000000e+00 0.000000000000e+00 0.000000000000e+00 
9.995000000000e+00 1.366729423251e-02 -1.152332325496e-02 3.588278538655e-03 1.031189321938e+05 1.102150947890e+05 1.000000000000e+05 7.678712645955e+03 5.231560327355e+02 1.800000000000e+06 0.000000000000e+00 -8.752000000000e-01 -8.752000000000e-01 0.000000000000e+00 0.000000000000e+00 0.000000000000e+00 -0.000000000000e+00 4.480021755754e-02 0.000000000000e+00 0.000000000000e+00 0.000000000000e+00 0.000000000000e+00 0.000000000000e+00 0.000000000000e+00 
1.000000000000e+01 1.364888449039e-02 -1.120184010509e-02 3.556418801395e-03 1.027836445006e+05 1.098310358090e+05 1.000000000000e+05 7.681320058135e+03 5.236913796243e+02 1.800000000000e+06 0.000000000000e+00 -8.752000000000e-01 -8.752000000000e-01 0.000000000000e+00 0.000000000000e+00 0.000000000000e+00 -0.000000000000e+00 4.474006258611e-02 0.000000000000e+00 0.000000000000e+00 0.000000000000e+00 0.000000000000e+00 0.000000000000e+00 0.000000000000e+00 
