9.000000000000e+00 1.459653385365e-03 1.573482525114e-02 4.990642871428e-05 9.460088037992e+04 9.568848275659e+04 1.000000000000e+05 8.409037185401e+03 5.812201079143e+02 1.800000000000e+06 7.454222442434e+04 1.175148544000e+06 4.700611680000e+06 0.000000000000e+00 0.000000000000e+00 0.000000000000e+00 8.912193809949e-04 2.435897659161e-03 1.585807012735e-02 0.000000000000e+00 0.000000000000e+00 0.000000000000e+00 0.000000000000e+00 0.000000000000e+00 
9.005000000000e+00 1.459420624957e-03 1.569921616267e-02 5.105981580313e-05 9.451944347396e+04 9.563244763428e+04 1.000000000000e+05 8.409377805782e+03 5.812893436287e+02 1.800000000000e+06 7.450426671095e+04 1.175148544000e+06 4.700611680000e+06 0.000000000000e+00 0.000000000000e+00 0.000000000000e+00 8.907655623694e-04 2.435509224113e-03 1.585002433424e-02 0.000000000000e+00 0.000000000000e+00 0.000000000000e+00 0.000000000000e+00 0.000000000000e+00 
9.010000000000e+00 1.459180429679e-03 1.565997526029e-02 5.281520442614e-05 9.442304678154e+04 9.557459925857e+04 1.000000000000e+05 8.409730435040e+03 5.813608073038e+02 1.800000000000e+06 7.445512397129e+04 1.175148544000e+06 4.700611680000e+06 0.000000000000e+00 0.000000000000e+00 0.000000000000e+00 8.901780166884e-04 2.435108381612e-03 1.583959981110e-02 0.000000000000e+00 0.000000000000e+00 0.000000000000e+00 0.000000000000e+00 0.000000000000e+00 
9.015000000000e+00 1.458930075005e-03 1.561785778870e-02 5.511322984022e-05 9.431231219518e+04 9.551427882524e+04 1.000000000000e+05 8.410098933565e+03 5.814353113967e+02 1.800000000000e+06 7.439471071130e+04 1.175148544000e+06 4.700611680000e+06 0.000000000000e+00 0.000000000000e+00 0.000000000000e+00 8.894557217932e-04 2.434690584914e-03 1.582677757318e-02 0.000000000000e+00 0.000000000000e+00 0.000000000000e+00 0.000000000000e+00 0.000000000000e+00 
9.020000000000e+00 1.458666941105e-03 1.557253609030e-02 5.794695267247e-05 9.418674215558e+04 9.545085153841e+04 1.000000000000e+05 8.410487111198e+03 5.815136380624e+02 1.800000000000e+06 7.432296907391e+04 1.175148544000e+06 4.700611680000e+06 0.000000000000e+00 0.000000000000e+00 0.000000000000e+00 8.885979859507e-04 2.434251461997e-03 1.581154567398e-02 0.000000000000e+00 0.000000000000e+00 0.000000000000e+00 0.000000000000e+00 0.000000000000e+00 
9.025000000000e+00 1.458388508115e-03 1.552375447371e-02 6.128474160114e-05 9.404639946213e+04 9.538370539799e+04 1.000000000000e+05 8.410898590175e+03 5.815965406115e+02 1.800000000000e+06 7.423975989186e+04 1.175148544000e+06 4.700611680000e+06 0.000000000000e+00 0.000000000000e+00 0.000000000000e+00 8.876031452911e-04 2.433786807666e-03 1.579387461022e-02 0.000000000000e+00 0.000000000000e+00 0.000000000000e+00 0.000000000000e+00 0.000000000000e+00 
9.030000000000e+00 1.458092465678e-03 1.547159388625e-02 6.511484654754e-05 9.389096140795e+04 9.531227754170e+04 1.000000000000e+05 8.411336729302e+03 5.816847109478e+02 1.800000000000e+06 7.414492079160e+04 1.175148544000e+06 4.700611680000e+06 0.000000000000e+00 0.000000000000e+00 0.000000000000e+00 8.864692584922e-04 2.433292766350e-03 1.577372977995e-02 0.000000000000e+00 0.000000000000e+00 0.000000000000e+00 0.000000000000e+00 0.000000000000e+00 
9.035000000000e+00 1.457776445435e-03 1.541631184346e-02 6.942819323725e-05 9.372002964251e+04 9.523598961314e+04 1.000000000000e+05 8.411804981500e+03 5.817788593017e+02 1.800000000000e+06 7.403834300768e+04 1.175148544000e+06 4.700611680000e+06 0.000000000000e+00 0.000000000000e+00 0.000000000000e+00 8.851950251655e-04 2.432765385686e-03 1.575108796850e-02 0.000000000000e+00 0.000000000000e+00 0.000000000000e+00 0.000000000000e+00 0.000000000000e+00 
9.040000000000e+00 1.457438164562e-03 1.535791382685e-02 7.419888796007e-05 9.353359035051e+04 9.515428221837e+04 1.000000000000e+05 8.412306648899e+03 5.818796716027e+02 1.800000000000e+06 7.391991912878e+04 1.175148544000e+06 4.700611680000e+06 0.000000000000e+00 0.000000000000e+00 0.000000000000e+00 8.837791611117e-04 2.432200856055e-03 1.572592629384e-02 0.000000000000e+00 0.000000000000e+00 0.000000000000e+00 0.000000000000e+00 0.000000000000e+00 
9.045000000000e+00 1.457075481253e-03 1.529650442310e-02 7.939787156044e-05 9.333172978530e+04 9.506662819226e+04 1.000000000000e+05 8.412844827961e+03 5.819877930395e+02 1.800000000000e+06 7.378957544786e+04 1.175148544000e+06 4.700611680000e+06 0.000000000000e+00 0.000000000000e+00 0.000000000000e+00 8.822207850971e-04 2.431595603169e-03 1.569822895431e-02 0.000000000000e+00 0.000000000000e+00 0.000000000000e+00 0.000000000000e+00 0.000000000000e+00 
9.050000000000e+00 1.456686412707e-03 1.523223088076e-02 8.499253895181e-05 9.311464698718e+04 9.497253683746e+04 1.000000000000e+05 8.413422382881e+03 5.821038227724e+02 1.800000000000e+06 7.364729442957e+04 1.175148544000e+06 4.700611680000e+06 0.000000000000e+00 0.000000000000e+00 0.000000000000e+00 8.805196874705e-04 2.430946318093e-03 1.566799206084e-02 0.000000000000e+00 0.000000000000e+00 0.000000000000e+00 0.000000000000e+00 0.000000000000e+00 
9.055000000000e+00 1.456269131140e-03 1.516521995332e-02 9.094852090346e-05 9.288261398211e+04 9.487155286492e+04 1.000000000000e+05 8.414041954999e+03 5.822283151887e+02 1.800000000000e+06 7.349309926444e+04 1.175148544000e+06 4.700611680000e+06 0.000000000000e+00 0.000000000000e+00 0.000000000000e+00 8.786761454958e-04 2.430249950584e-03 1.563522043270e-02 0.000000000000e+00 0.000000000000e+00 0.000000000000e+00 0.000000000000e+00 0.000000000000e+00 
9.060000000000e+00 1.455822055639e-03 1.509626259619e-02 9.721717927706e-05 9.263627196128e+04 9.476327856028e+04 1.000000000000e+05 8.414705805599e+03 5.823617525415e+02 1.800000000000e+06 7.332716438486e+04 1.175148544000e+06 4.700611680000e+06 0.000000000000e+00 0.000000000000e+00 0.000000000000e+00 8.766922446689e-04 2.429503862385e-03 1.559995055171e-02 0.000000000000e+00 0.000000000000e+00 0.000000000000e+00 0.000000000000e+00 0.000000000000e+00 
9.065000000000e+00 1.455343327653e-03 1.502617194780e-02 1.038396608658e-04 9.237422620871e+04 9.464724662014e+04 1.000000000000e+05 8.415416776476e+03 5.825047015927e+02 1.800000000000e+06 7.314978307397e+04 1.175148544000e+06 4.700611680000e+06 0.000000000000e+00 0.000000000000e+00 0.000000000000e+00 8.745714914541e-04 2.428704951909e-03 1.556224491564e-02 0.000000000000e+00 0.000000000000e+00 0.000000000000e+00 0.000000000000e+00 0.000000000000e+00 
9.070000000000e+00 1.454831389339e-03 1.495348443617e-02 1.107167684258e-04 9.209822233478e+04 9.452306000511e+04 1.000000000000e+05 8.416177015488e+03 5.826576411434e+02 1.800000000000e+06 7.296108968075e+04 1.175148544000e+06 4.700611680000e+06 0.000000000000e+00 0.000000000000e+00 0.000000000000e+00 8.723154921141e-04 2.427850619398e-03 1.552213261245e-02 0.000000000000e+00 0.000000000000e+00 0.000000000000e+00 0.000000000000e+00 0.000000000000e+00 
9.075000000000e+00 1.454285065696e-03 1.487837941459e-02 1.178247278671e-04 9.180844672517e+04 9.439041197066e+04 1.000000000000e+05 8.416988260829e+03 5.828209374204e+02 1.800000000000e+06 7.276116040801e+04 1.175148544000e+06 4.700611680000e+06 0.000000000000e+00 0.000000000000e+00 0.000000000000e+00 8.699251577221e-04 2.426938903990e-03 1.547962973755e-02 0.000000000000e+00 0.000000000000e+00 0.000000000000e+00 0.000000000000e+00 0.000000000000e+00 
9.080000000000e+00 1.453703302047e-03 1.480105540178e-02 1.251368441009e-04 9.150517606594e+04 9.424902246533e+04 1.000000000000e+05 8.417852077128e+03 5.829949224442e+02 1.800000000000e+06 7.255012367012e+04 1.175148544000e+06 4.700611680000e+06 0.000000000000e+00 0.000000000000e+00 0.000000000000e+00 8.674020235876e-04 2.425968045616e-03 1.543476347169e-02 0.000000000000e+00 0.000000000000e+00 0.000000000000e+00 0.000000000000e+00 0.000000000000e+00 
9.085000000000e+00 1.453085175882e-03 1.472170186498e-02 1.326248299421e-04 9.118875150242e+04 9.409864098599e+04 1.000000000000e+05 8.418769840663e+03 5.831798905008e+02 1.800000000000e+06 7.232815680936e+04 1.175148544000e+06 4.700611680000e+06 0.000000000000e+00 0.000000000000e+00 0.000000000000e+00 8.647482099970e-04 2.424936504777e-03 1.538757141783e-02 0.000000000000e+00 0.000000000000e+00 0.000000000000e+00 0.000000000000e+00 0.000000000000e+00 
9.090000000000e+00 1.452429901084e-03 1.464048309286e-02 1.402604682916e-04 9.085954359012e+04 9.393904761538e+04 1.000000000000e+05 8.419742736244e+03 5.833760968688e+02 1.800000000000e+06 7.209547820744e+04 1.175148544000e+06 4.700611680000e+06 0.000000000000e+00 0.000000000000e+00 0.000000000000e+00 8.619663279003e-04 2.423842969585e-03 1.533809994127e-02 0.000000000000e+00 0.000000000000e+00 0.000000000000e+00 0.000000000000e+00 0.000000000000e+00 
9.095000000000e+00 1.451736836634e-03 1.455760048808e-02 1.480132252117e-04 9.051800723988e+04 9.377005518650e+04 1.000000000000e+05 8.420771739814e+03 5.835837551793e+02 1.800000000000e+06 7.185234691529e+04 1.175148544000e+06 4.700611680000e+06 0.000000000000e+00 0.000000000000e+00 0.000000000000e+00 8.590594744846e-04 2.422686370293e-03 1.528640402921e-02 0.000000000000e+00 0.000000000000e+00 0.000000000000e+00 0.000000000000e+00 0.000000000000e+00 
9.100000000000e+00 1.451005480785e-03 1.447321089129e-02 1.558544604748e-04 9.016458830687e+04 9.359150794290e+04 1.000000000000e+05 8.421857634608e+03 5.838030391016e+02 1.800000000000e+06 7.159905763112e+04 1.175148544000e+06 4.700611680000e+06 0.000000000000e+00 0.000000000000e+00 0.000000000000e+00 8.560311731319e-04 2.421465869578e-03 1.523254630621e-02 0.000000000000e+00 0.000000000000e+00 0.000000000000e+00 0.000000000000e+00 0.000000000000e+00 
9.105000000000e+00 1.450235484214e-03 1.438749739017e-02 1.637524757898e-04 8.979983612947e+04 9.340328485959e+04 1.000000000000e+05 8.423000982195e+03 5.840340783210e+02 1.800000000000e+06 7.133593721860e+04 1.175148544000e+06 4.700611680000e+06 0.000000000000e+00 0.000000000000e+00 0.000000000000e+00 8.528853317919e-04 2.420180884481e-03 1.517659620634e-02 0.000000000000e+00 0.000000000000e+00 0.000000000000e+00 0.000000000000e+00 0.000000000000e+00 
9.110000000000e+00 1.449426648613e-03 1.430063890881e-02 1.716770778860e-04 8.942430350175e+04 9.320529945941e+04 1.000000000000e+05 8.424202132596e+03 5.842769588447e+02 1.800000000000e+06 7.106334721663e+04 1.175148544000e+06 4.700611680000e+06 0.000000000000e+00 0.000000000000e+00 0.000000000000e+00 8.496262729873e-04 2.418831084065e-03 1.511863056089e-02 0.000000000000e+00 0.000000000000e+00 0.000000000000e+00 0.000000000000e+00 0.000000000000e+00 
9.115000000000e+00 1.448578922170e-03 1.421280580013e-02 1.795988691790e-04 8.903856164220e+04 9.299749889686e+04 1.000000000000e+05 8.425461228965e+03 5.845317242242e+02 1.800000000000e+06 7.078167781346e+04 1.175148544000e+06 4.700611680000e+06 0.000000000000e+00 0.000000000000e+00 0.000000000000e+00 8.462586617699e-04 2.417416381864e-03 1.505873231046e-02 0.000000000000e+00 0.000000000000e+00 0.000000000000e+00 0.000000000000e+00 0.000000000000e+00 
9.120000000000e+00 1.447692394190e-03 1.412415724617e-02 1.874894593326e-04 8.864319472547e+04 9.277986285943e+04 1.000000000000e+05 8.426778215172e+03 5.847983770143e+02 1.800000000000e+06 7.049134083819e+04 1.175148544000e+06 4.700611680000e+06 0.000000000000e+00 0.000000000000e+00 0.000000000000e+00 8.427874219273e-04 2.415936926911e-03 1.499698901563e-02 0.000000000000e+00 0.000000000000e+00 0.000000000000e+00 0.000000000000e+00 0.000000000000e+00 
9.125000000000e+00 1.446767291541e-03 1.403485119198e-02 1.953212851049e-04 8.823880350492e+04 9.255240294095e+04 1.000000000000e+05 8.428152839909e+03 5.850768796675e+02 1.800000000000e+06 7.019276689738e+04 1.175148544000e+06 4.700611680000e+06 0.000000000000e+00 0.000000000000e+00 0.000000000000e+00 8.392177017484e-04 2.414393097807e-03 1.493349223616e-02 0.000000000000e+00 0.000000000000e+00 0.000000000000e+00 0.000000000000e+00 0.000000000000e+00 
9.130000000000e+00 1.445803973881e-03 1.394504392488e-02 2.030674740007e-04 8.782600769497e+04 9.231516174219e+04 1.000000000000e+05 8.429584662573e+03 5.853671557759e+02 1.800000000000e+06 6.988640229078e+04 1.175148544000e+06 4.700611680000e+06 0.000000000000e+00 0.000000000000e+00 0.000000000000e+00 8.355548371484e-04 2.412785494758e-03 1.486833687515e-02 0.000000000000e+00 0.000000000000e+00 0.000000000000e+00 0.000000000000e+00 0.000000000000e+00 
9.135000000000e+00 1.444802931366e-03 1.385489383049e-02 2.107019031968e-04 8.740544467772e+04 9.206821260495e+04 1.000000000000e+05 8.431073055819e+03 5.856690905512e+02 1.800000000000e+06 6.957270992990e+04 1.175148544000e+06 4.700611680000e+06 0.000000000000e+00 0.000000000000e+00 0.000000000000e+00 8.318043626509e-04 2.411114935744e-03 1.480162137023e-02 0.000000000000e+00 0.000000000000e+00 0.000000000000e+00 0.000000000000e+00 0.000000000000e+00 
9.140000000000e+00 1.443764780344e-03 1.376456199676e-02 2.181990384699e-04 8.697777257796e+04 9.181165887583e+04 1.000000000000e+05 8.432617210572e+03 5.859825318922e+02 1.800000000000e+06 6.925216748507e+04 1.175148544000e+06 4.700611680000e+06 0.000000000000e+00 0.000000000000e+00 0.000000000000e+00 8.279719892347e-04 2.409382449341e-03 1.473344729876e-02 0.000000000000e+00 0.000000000000e+00 0.000000000000e+00 0.000000000000e+00 0.000000000000e+00 
9.145000000000e+00 1.442690261018e-03 1.367421081954e-02 2.255340789342e-04 8.654366707524e+04 9.154563367705e+04 1.000000000000e+05 8.434216138668e+03 5.863072908459e+02 1.800000000000e+06 6.892526869058e+04 1.175148544000e+06 4.700611680000e+06 0.000000000000e+00 0.000000000000e+00 0.000000000000e+00 8.240636199377e-04 2.407589270811e-03 1.466391965689e-02 0.000000000000e+00 0.000000000000e+00 0.000000000000e+00 0.000000000000e+00 0.000000000000e+00 
9.150000000000e+00 1.441580234335e-03 1.358401448094e-02 2.326820637105e-04 8.610384105311e+04 9.127029951119e+04 1.000000000000e+05 8.435868674579e+03 5.866431422831e+02 1.800000000000e+06 6.859252251305e+04 1.175148544000e+06 4.700611680000e+06 0.000000000000e+00 0.000000000000e+00 0.000000000000e+00 8.200853399138e-04 2.405736836920e-03 1.459314667193e-02 0.000000000000e+00 0.000000000000e+00 0.000000000000e+00 0.000000000000e+00 0.000000000000e+00 
9.155000000000e+00 1.440435689746e-03 1.349419576311e-02 2.396154651907e-04 8.565910079150e+04 9.098585058740e+04 1.000000000000e+05 8.437573458151e+03 5.869898222693e+02 1.800000000000e+06 6.825446468816e+04 1.175148544000e+06 4.700611680000e+06 0.000000000000e+00 0.000000000000e+00 0.000000000000e+00 8.160435543652e-04 2.403826798884e-03 1.452124222041e-02 0.000000000000e+00 0.000000000000e+00 0.000000000000e+00 0.000000000000e+00 0.000000000000e+00 
9.160000000000e+00 1.439257761547e-03 1.340504398865e-02 2.463026488764e-04 8.521038550179e+04 9.069251733916e+04 1.000000000000e+05 8.439328906086e+03 5.873470227956e+02 1.800000000000e+06 6.791167751585e+04 1.175148544000e+06 4.700611680000e+06 0.000000000000e+00 0.000000000000e+00 0.000000000000e+00 8.119452252118e-04 2.401861049637e-03 1.444833002544e-02 0.000000000000e+00 0.000000000000e+00 0.000000000000e+00 0.000000000000e+00 0.000000000000e+00 
9.165000000000e+00 1.438047757408e-03 1.331696174343e-02 2.527039268629e-04 8.475886397365e+04 9.039057406496e+04 1.000000000000e+05 8.441133160544e+03 5.877143827528e+02 1.800000000000e+06 6.756481802391e+04 1.175148544000e+06 4.700611680000e+06 0.000000000000e+00 0.000000000000e+00 0.000000000000e+00 8.077982078121e-04 2.399841771444e-03 1.437454960690e-02 0.000000000000e+00 0.000000000000e+00 0.000000000000e+00 0.000000000000e+00 0.000000000000e+00 
9.170000000000e+00 1.436807209327e-03 1.323051240010e-02 2.587680321426e-04 8.430602843752e+04 9.008035230484e+04 1.000000000000e+05 8.442984004859e+03 5.880914720015e+02 1.800000000000e+06 6.721466680342e+04 1.175148544000e+06 4.700611680000e+06 0.000000000000e+00 0.000000000000e+00 0.000000000000e+00 8.036118348350e-04 2.397771520934e-03 1.430006663181e-02 0.000000000000e+00 0.000000000000e+00 0.000000000000e+00 0.000000000000e+00 0.000000000000e+00 
9.175000000000e+00 1.435537939646e-03 1.314647114477e-02 2.644267168540e-04 8.385383514783e+04 8.976225819698e+04 1.000000000000e+05 8.444878752666e+03 5.884777707163e+02 1.800000000000e+06 6.686218207948e+04 1.175148544000e+06 4.700611680000e+06 0.000000000000e+00 0.000000000000e+00 0.000000000000e+00 7.993975627240e-04 2.395653339263e-03 1.422508437889e-02 0.000000000000e+00 0.000000000000e+00 0.000000000000e+00 0.000000000000e+00 0.000000000000e+00 
9.180000000000e+00 1.434242168679e-03 1.306594242743e-02 2.695862573436e-04 8.340492627271e+04 8.943680056335e+04 1.000000000000e+05 8.446814068371e+03 5.888726358583e+02 1.800000000000e+06 6.650858976486e+04 1.175148544000e+06 4.700611680000e+06 0.000000000000e+00 0.000000000000e+00 0.000000000000e+00 7.951700483697e-04 2.393490931736e-03 1.414986279418e-02 0.000000000000e+00 0.000000000000e+00 0.000000000000e+00 0.000000000000e+00 0.000000000000e+00 
9.185000000000e+00 1.432922648805e-03 1.299038432519e-02 2.741232695679e-04 8.296276420477e+04 8.910462608371e+04 1.000000000000e+05 8.448785755124e+03 5.892752592788e+02 1.800000000000e+06 6.615548846427e+04 1.175148544000e+06 4.700611680000e+06 0.000000000000e+00 0.000000000000e+00 0.000000000000e+00 7.909484045300e-04 2.391288891576e-03 1.407474083117e-02 0.000000000000e+00 0.000000000000e+00 0.000000000000e+00 0.000000000000e+00 0.000000000000e+00 
9.190000000000e+00 1.431582837211e-03 1.292173477550e-02 2.778746574931e-04 8.253190900846e+04 8.876656476233e+04 1.000000000000e+05 8.450788472308e+03 5.896846136424e+02 1.800000000000e+06 6.580497317363e+04 1.175148544000e+06 4.700611680000e+06 0.000000000000e+00 0.000000000000e+00 0.000000000000e+00 7.867576787666e-04 2.389052988204e-03 1.400016266423e-02 0.000000000000e+00 0.000000000000e+00 0.000000000000e+00 0.000000000000e+00 0.000000000000e+00 
9.195000000000e+00 1.430227098845e-03 1.286242228415e-02 2.806335990750e-04 8.211817072059e+04 8.842368372325e+04 1.000000000000e+05 8.452815417393e+03 5.900993886348e+02 1.800000000000e+06 6.545977373327e+04 1.175148544000e+06 4.700611680000e+06 0.000000000000e+00 0.000000000000e+00 0.000000000000e+00 7.826305087776e-04 2.386790505926e-03 1.392670716837e-02 0.000000000000e+00 0.000000000000e+00 0.000000000000e+00 0.000000000000e+00 0.000000000000e+00 
9.200000000000e+00 1.428860925192e-03 1.281533755293e-02 2.821509989683e-04 8.172864419691e+04 8.807734580851e+04 1.000000000000e+05 8.454857992259e+03 5.905179217790e+02 1.800000000000e+06 6.512338603880e+04 1.175148544000e+06 4.700611680000e+06 0.000000000000e+00 0.000000000000e+00 0.000000000000e+00 7.786086911413e-04 2.384510609041e-03 1.385511589213e-02 0.000000000000e+00 0.000000000000e+00 0.000000000000e+00 0.000000000000e+00 0.000000000000e+00 
9.205000000000e+00 1.427491126181e-03 1.278374950740e-02 2.821344804229e-04 8.137179239483e+04 8.772926215594e+04 1.000000000000e+05 8.456905502659e+03 5.909381369428e+02 1.800000000000e+06 6.480014312342e+04 1.175148544000e+06 4.700611680000e+06 0.000000000000e+00 0.000000000000e+00 0.000000000000e+00 7.747440311693e-04 2.382224662086e-03 1.378630829501e-02 0.000000000000e+00 0.000000000000e+00 0.000000000000e+00 0.000000000000e+00 0.000000000000e+00 
9.210000000000e+00 1.426126114078e-03 1.277168274628e-02 2.802306071224e-04 8.105793187694e+04 8.738156888349e+04 1.000000000000e+05 8.458944685827e+03 5.913574541274e+02 1.800000000000e+06 6.449537563946e+04 1.175148544000e+06 4.700611680000e+06 0.000000000000e+00 0.000000000000e+00 0.000000000000e+00 7.711002616078e-04 2.379946703616e-03 1.372141551689e-02 0.000000000000e+00 0.000000000000e+00 0.000000000000e+00 0.000000000000e+00 0.000000000000e+00 
9.215000000000e+00 1.424776112063e-03 1.278326991584e-02 2.760533693463e-04 8.079865543514e+04 8.703688536247e+04 1.000000000000e+05 8.460959437556e+03 5.917727218664e+02 1.800000000000e+06 6.421548334203e+04 1.175148544000e+06 4.700611680000e+06 0.000000000000e+00 0.000000000000e+00 0.000000000000e+00 7.677538972890e-04 2.377693794270e-03 1.366179624072e-02 0.000000000000e+00 0.000000000000e+00 0.000000000000e+00 0.000000000000e+00 0.000000000000e+00 
9.220000000000e+00 1.423453466787e-03 1.282297162596e-02 2.691415468594e-04 8.060788337603e+04 8.669839947736e+04 1.000000000000e+05 8.462930245674e+03 5.921801173462e+02 1.800000000000e+06 6.396794022924e+04 1.175148544000e+06 4.700611680000e+06 0.000000000000e+00 0.000000000000e+00 0.000000000000e+00 7.647942965868e-04 2.375486538374e-03 1.360903743439e-02 0.000000000000e+00 0.000000000000e+00 0.000000000000e+00 0.000000000000e+00 0.000000000000e+00 
9.225000000000e+00 1.422173068703e-03 1.289771081540e-02 2.589386016567e-04 8.050243651200e+04 8.636998093330e+04 1.000000000000e+05 8.464833503732e+03 5.925750130134e+02 1.800000000000e+06 6.376170099286e+04 1.175148544000e+06 4.700611680000e+06 0.000000000000e+00 0.000000000000e+00 0.000000000000e+00 7.623285209006e-04 2.373349785404e-03 1.356503928088e-02 0.000000000000e+00 0.000000000000e+00 0.000000000000e+00 0.000000000000e+00 0.000000000000e+00 
9.230000000000e+00 1.420951967701e-03 1.301010808314e-02 2.451340035420e-04 8.049419347457e+04 8.605608769326e+04 1.000000000000e+05 8.466642733362e+03 5.929520916956e+02 1.800000000000e+06 6.360689405663e+04 1.175148544000e+06 4.700611680000e+06 0.000000000000e+00 0.000000000000e+00 0.000000000000e+00 7.604776646517e-04 2.371311988544e-03 1.353195632856e-02 0.000000000000e+00 0.000000000000e+00 0.000000000000e+00 0.000000000000e+00 0.000000000000e+00 
9.235000000000e+00 1.419808631398e-03 1.316250976675e-02 2.273694538115e-04 8.059651371398e+04 8.576157719651e+04 1.000000000000e+05 8.468329129802e+03 5.933055743841e+02 1.800000000000e+06 6.351328017945e+04 1.175148544000e+06 4.700611680000e+06 0.000000000000e+00 0.000000000000e+00 0.000000000000e+00 7.593584264974e-04 2.369403966910e-03 1.351186508552e-02 0.000000000000e+00 0.000000000000e+00 0.000000000000e+00 0.000000000000e+00 0.000000000000e+00 
9.240000000000e+00 1.418763776904e-03 1.336047651436e-02 2.051341196041e-04 8.082681880923e+04 8.549191955882e+04 1.000000000000e+05 8.469860111865e+03 5.936289638373e+02 1.800000000000e+06 6.349137318300e+04 1.175148544000e+06 4.700611680000e+06 0.000000000000e+00 0.000000000000e+00 0.000000000000e+00 7.590965086386e-04 2.367660293614e-03 1.350699902033e-02 0.000000000000e+00 0.000000000000e+00 0.000000000000e+00 0.000000000000e+00 0.000000000000e+00 
9.245000000000e+00 1.417840397848e-03 1.360836589399e-02 1.780532610188e-04 8.120001018076e+04 8.525320217197e+04 1.000000000000e+05 8.471199848883e+03 5.939150378729e+02 1.800000000000e+06 6.355275932863e+04 1.175148544000e+06 4.700611680000e+06 0.000000000000e+00 0.000000000000e+00 0.000000000000e+00 7.598304352572e-04 2.366119340866e-03 1.351982156071e-02 0.000000000000e+00 0.000000000000e+00 0.000000000000e+00 0.000000000000e+00 0.000000000000e+00 
9.250000000000e+00 1.417062977475e-03 1.390705172779e-02 1.458580398255e-04 8.172888478466e+04 8.505191973087e+04 1.000000000000e+05 8.472310412122e+03 5.941560976655e+02 1.800000000000e+06 6.370872891517e+04 1.175148544000e+06 4.700611680000e+06 0.000000000000e+00 0.000000000000e+00 0.000000000000e+00 7.616951920368e-04 2.364821966779e-03 1.355273635016e-02 0.000000000000e+00 0.000000000000e+00 0.000000000000e+00 0.000000000000e+00 0.000000000000e+00 
9.255000000000e+00 1.416457843340e-03 1.426169284174e-02 1.081015235978e-04 8.243063513362e+04 8.489505441431e+04 1.000000000000e+05 8.473150726938e+03 5.943438657667e+02 1.800000000000e+06 6.397055824340e+04 1.175148544000e+06 4.700611680000e+06 0.000000000000e+00 0.000000000000e+00 0.000000000000e+00 7.648255973022e-04 2.363812107280e-03 1.360814012741e-02 0.000000000000e+00 0.000000000000e+00 0.000000000000e+00 0.000000000000e+00 0.000000000000e+00 
9.260000000000e+00 1.416050539690e-03 1.467419333488e-02 6.570668839221e-05 8.329079868311e+04 8.478937792254e+04 1.000000000000e+05 8.473683596592e+03 5.944703129634e+02 1.800000000000e+06 6.434982841822e+04 1.175148544000e+06 4.700611680000e+06 0.000000000000e+00 0.000000000000e+00 0.000000000000e+00 7.693601135854e-04 2.363132391107e-03 1.368850172261e-02 0.000000000000e+00 0.000000000000e+00 0.000000000000e+00 0.000000000000e+00 0.000000000000e+00 
9.265000000000e+00 1.415866052869e-03 1.514183678280e-02 1.829652781222e-05 8.432411494324e+04 8.474148730771e+04 1.000000000000e+05 8.473870251390e+03 5.945276038206e+02 1.800000000000e+06 6.485438526031e+04 1.175148544000e+06 4.700611680000e+06 0.000000000000e+00 0.000000000000e+00 0.000000000000e+00 7.753925447337e-04 2.362824515947e-03 1.379549596118e-02 0.000000000000e+00 0.000000000000e+00 0.000000000000e+00 0.000000000000e+00 0.000000000000e+00 
9.270000000000e+00 1.415928044325e-03 1.564687476376e-02 -3.484413380621e-05 8.555237818125e+04 8.475758128840e+04 1.000000000000e+05 8.473673445491e+03 5.945083517019e+02 1.800000000000e+06 6.549146093210e+04 1.175148544000e+06 4.700611680000e+06 0.000000000000e+00 0.000000000000e+00 0.000000000000e+00 7.830093577581e-04 2.362927563253e-03 1.393066828592e-02 0.000000000000e+00 0.000000000000e+00 0.000000000000e+00 0.000000000000e+00 0.000000000000e+00 
9.275000000000e+00 1.416272085473e-03 1.620336481446e-02 -9.535582879832e-05 8.702114814255e+04 8.484686817060e+04 1.000000000000e+05 8.473036413368e+03 5.944015277801e+02 1.800000000000e+06 6.626589870401e+04 1.175148544000e+06 4.700611680000e+06 0.000000000000e+00 0.000000000000e+00 0.000000000000e+00 7.922684583153e-04 2.363490975703e-03 1.409504848710e-02 0.000000000000e+00 0.000000000000e+00 0.000000000000e+00 0.000000000000e+00 0.000000000000e+00 
9.280000000000e+00 1.416933542545e-03 1.680168664767e-02 -1.592897564410e-04 8.864792357840e+04 8.501838105033e+04 1.000000000000e+05 8.471913937593e+03 5.941962506614e+02 1.800000000000e+06 6.718200857783e+04 1.175148544000e+06 4.700611680000e+06 0.000000000000e+00 0.000000000000e+00 0.000000000000e+00 8.032213763557e-04 2.364548936933e-03 1.428956081893e-02 0.000000000000e+00 0.000000000000e+00 0.000000000000e+00 0.000000000000e+00 0.000000000000e+00 
9.285000000000e+00 1.417930386952e-03 1.742584614088e-02 -2.279484329631e-04 9.046499186646e+04 8.527648364088e+04 1.000000000000e+05 8.470277359729e+03 5.938871465052e+02 1.800000000000e+06 6.824056291944e+04 1.175148544000e+06 4.700611680000e+06 0.000000000000e+00 0.000000000000e+00 0.000000000000e+00 8.158773462086e-04 2.366144751717e-03 1.451437781851e-02 0.000000000000e+00 0.000000000000e+00 0.000000000000e+00 0.000000000000e+00 0.000000000000e+00 
9.290000000000e+00 1.419270665826e-03 1.808062390576e-02 -3.006059983280e-04 9.245543226901e+04 8.562279971914e+04 1.000000000000e+05 8.468117449048e+03 5.934720360439e+02 1.800000000000e+06 6.944075529986e+04 1.175148544000e+06 4.700611680000e+06 0.000000000000e+00 0.000000000000e+00 0.000000000000e+00 8.302267262896e-04 2.368316141445e-03 1.476933027107e-02 0.000000000000e+00 0.000000000000e+00 0.000000000000e+00 0.000000000000e+00 0.000000000000e+00 
9.295000000000e+00 1.420974774124e-03 1.876020475490e-02 -3.767451848453e-04 9.460979711705e+04 8.606195639007e+04 1.000000000000e+05 8.465406538555e+03 5.929450447999e+02 1.800000000000e+06 7.078019986559e+04 1.175148544000e+06 4.700611680000e+06 0.000000000000e+00 0.000000000000e+00 0.000000000000e+00 8.462409915730e-04 2.371093739551e-03 1.505391600501e-02 0.000000000000e+00 0.000000000000e+00 0.000000000000e+00 0.000000000000e+00 0.000000000000e+00 
9.300000000000e+00 1.423060328984e-03 1.945810515812e-02 -4.557809124089e-04 9.691596910278e+04 8.659763873357e+04 1.000000000000e+05 8.462121960484e+03 5.923013137196e+02 1.800000000000e+06 7.225442444006e+04 1.175148544000e+06 4.700611680000e+06 0.000000000000e+00 0.000000000000e+00 0.000000000000e+00 8.638666731629e-04 2.374503660199e-03 1.536718923925e-02 0.000000000000e+00 0.000000000000e+00 0.000000000000e+00 0.000000000000e+00 0.000000000000e+00 
9.305000000000e+00 1.425541510230e-03 2.016783045732e-02 -5.371033669614e-04 9.936004796224e+04 8.723240686472e+04 1.000000000000e+05 8.458246991391e+03 5.915372127286e+02 1.800000000000e+06 7.385695973130e+04 1.175148544000e+06 4.700611680000e+06 0.000000000000e+00 0.000000000000e+00 0.000000000000e+00 8.830264248515e-04 2.378567034149e-03 1.570777870811e-02 0.000000000000e+00 0.000000000000e+00 0.000000000000e+00 0.000000000000e+00 0.000000000000e+00 
9.310000000000e+00 1.428428807922e-03 2.088293112446e-02 -6.200752061913e-04 1.019263208662e+05 8.796762871886e+04 1.000000000000e+05 8.453771241787e+03 5.906504211604e+02 1.800000000000e+06 7.557954440358e+04 1.175148544000e+06 4.700611680000e+06 0.000000000000e+00 0.000000000000e+00 0.000000000000e+00 9.036214749347e-04 2.383299876612e-03 1.607393141977e-02 0.000000000000e+00 0.000000000000e+00 0.000000000000e+00 0.000000000000e+00 0.000000000000e+00 
9.315000000000e+00 1.431729172173e-03 2.159739058725e-02 -7.040533373073e-04 1.045979037397e+05 8.880352624589e+04 1.000000000000e+05 8.448690365023e+03 5.896398772564e+02 1.800000000000e+06 7.741235936868e+04 1.175148544000e+06 4.700611680000e+06 0.000000000000e+00 0.000000000000e+00 0.000000000000e+00 9.255344273761e-04 2.388712976902e-03 1.646356219779e-02 0.000000000000e+00 0.000000000000e+00 0.000000000000e+00 0.000000000000e+00 0.000000000000e+00 
9.320000000000e+00 1.435446193283e-03 2.230544730768e-02 -7.883890339705e-04 1.073569079749e+05 8.973923836561e+04 1.000000000000e+05 8.443005736691e+03 5.885057122707e+02 1.800000000000e+06 7.934432611732e+04 1.175148544000e+06 4.700611680000e+06 0.000000000000e+00 0.000000000000e+00 0.000000000000e+00 9.486328286261e-04 2.394811879048e-03 1.687431735506e-02 0.000000000000e+00 0.000000000000e+00 0.000000000000e+00 0.000000000000e+00 0.000000000000e+00 
9.325000000000e+00 1.439580199697e-03 2.300263505348e-02 -8.725056971000e-04 1.101863224756e+05 9.077287175340e+04 1.000000000000e+05 8.436724083774e+03 5.872492038643e+02 1.800000000000e+06 8.136340682282e+04 1.175148544000e+06 4.700611680000e+06 0.000000000000e+00 0.000000000000e+00 0.000000000000e+00 9.727727556330e-04 2.401597071754e-03 1.730363752648e-02 0.000000000000e+00 0.000000000000e+00 0.000000000000e+00 0.000000000000e+00 0.000000000000e+00 
9.330000000000e+00 1.444128629713e-03 2.368438045866e-02 -9.558025294252e-04 1.130680579765e+05 9.190162762570e+04 1.000000000000e+05 8.429857019657e+03 5.858726411023e+02 1.800000000000e+06 8.345713766614e+04 1.175148544000e+06 4.700611680000e+06 0.000000000000e+00 0.000000000000e+00 0.000000000000e+00 9.978051922226e-04 2.409064391763e-03 1.774887272053e-02 0.000000000000e+00 0.000000000000e+00 0.000000000000e+00 0.000000000000e+00 0.000000000000e+00 
9.335000000000e+00 1.449085792083e-03 2.434577848885e-02 -1.037670154974e-03 1.159833732591e+05 9.312178274193e+04 1.000000000000e+05 8.422421248113e+03 5.843793702858e+02 1.800000000000e+06 8.561232443213e+04 1.175148544000e+06 4.700611680000e+06 0.000000000000e+00 0.000000000000e+00 0.000000000000e+00 1.023572389678e-03 2.417204601272e-03 1.820721774866e-02 0.000000000000e+00 0.000000000000e+00 0.000000000000e+00 0.000000000000e+00 0.000000000000e+00 
9.340000000000e+00 1.454443035808e-03 2.498304688005e-02 -1.117555972295e-03 1.189144771380e+05 9.442878006449e+04 1.000000000000e+05 8.414438046240e+03 5.827737111695e+02 1.800000000000e+06 8.781539163614e+04 1.175148544000e+06 4.700611680000e+06 0.000000000000e+00 0.000000000000e+00 0.000000000000e+00 1.049912040863e-03 2.426003763789e-03 1.867578503283e-02 0.000000000000e+00 0.000000000000e+00 0.000000000000e+00 0.000000000000e+00 0.000000000000e+00 
9.345000000000e+00 1.460189005875e-03 2.559293129636e-02 -1.194941433060e-03 1.218441741036e+05 9.581734431205e+04 1.000000000000e+05 8.405932777490e+03 5.810608444527e+02 1.800000000000e+06 9.005271738924e+04 1.175148544000e+06 4.700611680000e+06 0.000000000000e+00 0.000000000000e+00 0.000000000000e+00 1.076661283834e-03 2.435443581993e-03 1.915167655226e-02 0.000000000000e+00 0.000000000000e+00 0.000000000000e+00 0.000000000000e+00 0.000000000000e+00 
9.350000000000e+00 1.466309595093e-03 2.617245666278e-02 -1.269329280338e-03 1.247556627509e+05 9.728152655591e+04 1.000000000000e+05 8.396934818955e+03 5.792467878039e+02 1.800000000000e+06 9.231078237338e+04 1.175148544000e+06 4.700611680000e+06 0.000000000000e+00 0.000000000000e+00 0.000000000000e+00 1.103658482978e-03 2.445501617925e-03 1.963201584690e-02 0.000000000000e+00 0.000000000000e+00 0.000000000000e+00 0.000000000000e+00 0.000000000000e+00 
9.355000000000e+00 1.472788771749e-03 2.671879918469e-02 -1.340236024103e-03 1.276326286019e+05 9.881495928219e+04 1.000000000000e+05 8.387476206408e+03 5.773381112378e+02 1.800000000000e+06 9.457623894857e+04 1.175148544000e+06 4.700611680000e+06 0.000000000000e+00 0.000000000000e+00 0.000000000000e+00 1.130744055245e-03 2.456151425269e-03 2.011396285778e-02 0.000000000000e+00 0.000000000000e+00 0.000000000000e+00 0.000000000000e+00 0.000000000000e+00 
9.360000000000e+00 1.479607646599e-03 2.722938034286e-02 -1.407198408566e-03 1.304592566344e+05 1.004106908558e+05 1.000000000000e+05 8.377592798047e+03 5.753421734349e+02 1.800000000000e+06 9.683595633505e+04 1.175148544000e+06 4.700611680000e+06 0.000000000000e+00 0.000000000000e+00 0.000000000000e+00 1.157761010346e-03 2.467362671056e-03 2.059472346532e-02 0.000000000000e+00 0.000000000000e+00 0.000000000000e+00 0.000000000000e+00 0.000000000000e+00 
9.365000000000e+00 1.486745022711e-03 2.770177511557e-02 -1.469762683668e-03 1.332201778530e+05 1.020613766708e+05 1.000000000000e+05 8.367323315399e+03 5.732669166387e+02 1.800000000000e+06 9.907710335249e+04 1.175148544000e+06 4.700611680000e+06 0.000000000000e+00 0.000000000000e+00 0.000000000000e+00 1.184555939972e-03 2.479101289050e-03 2.107156719432e-02 0.000000000000e+00 0.000000000000e+00 0.000000000000e+00 0.000000000000e+00 0.000000000000e+00 
9.370000000000e+00 1.494177741627e-03 2.813381345541e-02 -1.527496431258e-03 1.359008360079e+05 1.037594149872e+05 1.000000000000e+05 8.356708655259e+03 5.711207259899e+02 1.800000000000e+06 1.012871525564e+05 1.175148544000e+06 4.700611680000e+06 0.000000000000e+00 0.000000000000e+00 0.000000000000e+00 1.210979067249e-03 2.491329548005e-03 2.154182799928e-02 0.000000000000e+00 0.000000000000e+00 0.000000000000e+00 0.000000000000e+00 0.000000000000e+00 
9.375000000000e+00 1.501880419532e-03 2.852357053772e-02 -1.579981280377e-03 1.384873075388e+05 1.054969386488e+05 1.000000000000e+05 8.345792111468e+03 5.689124677732e+02 1.800000000000e+06 1.034540086250e+05 1.175148544000e+06 4.700611680000e+06 0.000000000000e+00 0.000000000000e+00 0.000000000000e+00 1.236885781720e-03 2.504006261883e-03 2.200293160071e-02 0.000000000000e+00 0.000000000000e+00 0.000000000000e+00 0.000000000000e+00 0.000000000000e+00 
9.380000000000e+00 1.509825441834e-03 2.886918193879e-02 -1.626806761310e-03 1.409661937322e+05 1.072658661065e+05 1.000000000000e+05 8.334619224986e+03 5.666514522281e+02 1.800000000000e+06 1.055659826671e+05 1.175148544000e+06 4.700611680000e+06 0.000000000000e+00 0.000000000000e+00 0.000000000000e+00 1.262136332169e-03 2.517086825482e-03 2.245239022461e-02 0.000000000000e+00 0.000000000000e+00 0.000000000000e+00 0.000000000000e+00 0.000000000000e+00 
9.385000000000e+00 1.517983239893e-03 2.916893008862e-02 -1.667573425704e-03 1.433247489904e+05 1.090580109854e+05 1.000000000000e+05 8.323237233653e+03 5.643473185018e+02 1.800000000000e+06 1.076118103689e+05 1.175148544000e+06 4.700611680000e+06 0.000000000000e+00 0.000000000000e+00 0.000000000000e+00 1.286596043589e-03 2.530523302834e-03 2.288780636608e-02 0.000000000000e+00 0.000000000000e+00 0.000000000000e+00 0.000000000000e+00 0.000000000000e+00 
9.390000000000e+00 1.526322272116e-03 2.942147059491e-02 -1.701910907048e-03 1.455512392218e+05 1.108651191979e+05 1.000000000000e+05 8.311694926383e+03 5.620100079142e+02 1.800000000000e+06 1.095807075105e+05 1.175148544000e+06 4.700611680000e+06 0.000000000000e+00 0.000000000000e+00 0.000000000000e+00 1.310135980924e-03 2.544264587370e-03 2.330688437138e-02 0.000000000000e+00 0.000000000000e+00 0.000000000000e+00 0.000000000000e+00 0.000000000000e+00 
9.395000000000e+00 1.534809155008e-03 2.962584651620e-02 -1.729478587027e-03 1.476349457690e+05 1.126789336739e+05 1.000000000000e+05 8.300042335595e+03 5.596496981865e+02 1.800000000000e+06 1.114624848639e+05 1.175148544000e+06 4.700611680000e+06 0.000000000000e+00 0.000000000000e+00 0.000000000000e+00 1.332634322784e-03 2.558256662623e-03 2.370745491158e-02 0.000000000000e+00 0.000000000000e+00 0.000000000000e+00 0.000000000000e+00 0.000000000000e+00 
9.400000000000e+00 1.543408901516e-03 2.978156139178e-02 -1.749982544490e-03 1.495665002744e+05 1.144912741964e+05 1.000000000000e+05 8.288330277247e+03 5.572767130519e+02 1.800000000000e+06 1.132476277084e+05 1.175148544000e+06 4.700611680000e+06 0.000000000000e+00 0.000000000000e+00 0.000000000000e+00 1.353977312118e-03 2.572442857846e-03 2.408749185959e-02 0.000000000000e+00 0.000000000000e+00 0.000000000000e+00 0.000000000000e+00 0.000000000000e+00 
9.405000000000e+00 1.552085342683e-03 2.989007450158e-02 -1.763279507402e-03 1.513399494416e+05 1.162941454998e+05 1.000000000000e+05 8.276609523974e+03 5.549013884975e+02 1.800000000000e+06 1.149276769724e+05 1.175148544000e+06 4.700611680000e+06 0.000000000000e+00 0.000000000000e+00 0.000000000000e+00 1.374063813115e-03 2.586764725710e-03 2.444519187501e-02 0.000000000000e+00 0.000000000000e+00 0.000000000000e+00 0.000000000000e+00 0.000000000000e+00 
9.410000000000e+00 1.560801674594e-03 2.995220872607e-02 -1.769212844119e-03 1.529494418169e+05 1.180798580487e+05 1.000000000000e+05 8.264930319505e+03 5.525339142803e+02 1.800000000000e+06 1.164955170095e+05 1.175148544000e+06 4.700611680000e+06 0.000000000000e+00 0.000000000000e+00 0.000000000000e+00 1.392808751814e-03 2.601162671516e-03 2.477903843303e-02 0.000000000000e+00 0.000000000000e+00 0.000000000000e+00 0.000000000000e+00 0.000000000000e+00 
9.415000000000e+00 1.569520344724e-03 2.996845121968e-02 -1.767644930792e-03 1.543897940627e+05 1.198410017318e+05 1.000000000000e+05 8.253342467710e+03 5.501843634567e+02 1.800000000000e+06 1.179448769249e+05 1.175148544000e+06 4.700611680000e+06 0.000000000000e+00 0.000000000000e+00 0.000000000000e+00 1.410137154027e-03 2.615575796757e-03 2.508769531234e-02 0.000000000000e+00 0.000000000000e+00 0.000000000000e+00 0.000000000000e+00 0.000000000000e+00 
9.420000000000e+00 1.578203321499e-03 2.994038168009e-02 -1.758548720343e-03 1.556582349799e+05 1.215704926376e+05 1.000000000000e+05 8.241894828419e+03 5.478626219047e+02 1.800000000000e+06 1.192704428188e+05 1.175148544000e+06 4.700611680000e+06 0.000000000000e+00 0.000000000000e+00 0.000000000000e+00 1.425985487297e-03 2.629942515280e-03 2.537002898101e-02 0.000000000000e+00 0.000000000000e+00 0.000000000000e+00 0.000000000000e+00 0.000000000000e+00 
9.425000000000e+00 1.586812546635e-03 2.987042628336e-02 -1.741994722617e-03 1.567540767837e+05 1.232616466837e+05 1.000000000000e+05 8.230634786440e+03 5.455782762378e+02 1.800000000000e+06 1.204682007786e+05 1.175148544000e+06 4.700611680000e+06 0.000000000000e+00 0.000000000000e+00 0.000000000000e+00 1.440305761688e-03 2.644201505156e-03 2.562518191572e-02 0.000000000000e+00 0.000000000000e+00 0.000000000000e+00 0.000000000000e+00 0.000000000000e+00 
9.430000000000e+00 1.595310609433e-03 2.976202491920e-02 -1.718183963664e-03 1.576793114523e+05 1.249082850107e+05 1.000000000000e+05 8.219607391726e+03 5.433404519649e+02 1.800000000000e+06 1.215355683303e+05 1.175148544000e+06 4.700611680000e+06 0.000000000000e+00 0.000000000000e+00 0.000000000000e+00 1.453067101400e-03 2.658292509895e-03 2.585260048242e-02 0.000000000000e+00 0.000000000000e+00 0.000000000000e+00 0.000000000000e+00 0.000000000000e+00 
9.435000000000e+00 1.603661598172e-03 2.961807554680e-02 -1.687284026916e-03 1.584354808075e+05 1.265048598733e+05 1.000000000000e+05 8.208854645821e+03 5.411576158195e+02 1.800000000000e+06 1.224715483427e+05 1.175148544000e+06 4.700611680000e+06 0.000000000000e+00 0.000000000000e+00 0.000000000000e+00 1.464257584830e-03 2.672157054681e-03 2.605206935149e-02 0.000000000000e+00 0.000000000000e+00 0.000000000000e+00 0.000000000000e+00 0.000000000000e+00 
9.440000000000e+00 1.611830605953e-03 2.943704879670e-02 -1.649263281979e-03 1.590204471685e+05 1.280463143396e+05 1.000000000000e+05 8.198416553542e+03 5.390377370888e+02 1.800000000000e+06 1.232751773696e+05 1.175148544000e+06 4.700611680000e+06 0.000000000000e+00 0.000000000000e+00 0.000000000000e+00 1.473865693114e-03 2.685736619410e-03 2.622338514681e-02 0.000000000000e+00 0.000000000000e+00 0.000000000000e+00 0.000000000000e+00 0.000000000000e+00 
9.445000000000e+00 1.619787098267e-03 2.922692096633e-02 -1.604450190662e-03 1.594394346679e+05 1.295286642600e+05 1.000000000000e+05 8.188326034743e+03 5.369874523187e+02 1.800000000000e+06 1.239467006401e+05 1.175148544000e+06 4.700611680000e+06 0.000000000000e+00 0.000000000000e+00 0.000000000000e+00 1.481894358183e-03 2.698975505223e-03 2.636659223158e-02 0.000000000000e+00 0.000000000000e+00 0.000000000000e+00 0.000000000000e+00 0.000000000000e+00 
9.450000000000e+00 1.627504758100e-03 2.899261258723e-02 -1.553388353505e-03 1.597020064642e+05 1.309488910523e+05 1.000000000000e+05 8.178609633112e+03 5.350121634612e+02 1.800000000000e+06 1.244888274897e+05 1.175148544000e+06 4.700611680000e+06 0.000000000000e+00 0.000000000000e+00 0.000000000000e+00 1.488375972585e-03 2.711822625776e-03 2.648226236226e-02 0.000000000000e+00 0.000000000000e+00 0.000000000000e+00 0.000000000000e+00 0.000000000000e+00 
9.455000000000e+00 1.634955851370e-03 2.873704228179e-02 -1.496723675693e-03 1.598189362034e+05 1.323038519571e+05 1.000000000000e+05 8.169295037687e+03 5.331175195599e+02 1.800000000000e+06 1.249056931687e+05 1.175148544000e+06 4.700611680000e+06 0.000000000000e+00 0.000000000000e+00 0.000000000000e+00 1.493359976956e-03 2.724231253481e-03 2.657127318597e-02 0.000000000000e+00 0.000000000000e+00 0.000000000000e+00 0.000000000000e+00 0.000000000000e+00 
9.460000000000e+00 1.642114142868e-03 2.846235420022e-02 -1.434903719780e-03 1.597971117613e+05 1.335907934144e+05 1.000000000000e+05 8.160407945232e+03 5.313086878154e+02 1.800000000000e+06 1.252016900094e+05 1.175148544000e+06 4.700611680000e+06 0.000000000000e+00 0.000000000000e+00 0.000000000000e+00 1.496898885584e-03 2.736158024795e-03 2.663455823277e-02 0.000000000000e+00 0.000000000000e+00 0.000000000000e+00 0.000000000000e+00 0.000000000000e+00 
9.465000000000e+00 1.648955692035e-03 2.817067188377e-02 -1.368395966477e-03 1.596437348070e+05 1.348074535495e+05 1.000000000000e+05 8.151970837735e+03 5.295901835696e+02 1.800000000000e+06 1.253816209105e+05 1.175148544000e+06 4.700611680000e+06 0.000000000000e+00 0.000000000000e+00 0.000000000000e+00 1.499050121444e-03 2.747563314936e-03 2.667313850593e-02 0.000000000000e+00 0.000000000000e+00 0.000000000000e+00 0.000000000000e+00 0.000000000000e+00 
9.470000000000e+00 1.655459256058e-03 2.786594732300e-02 -1.297825091840e-03 1.593688432573e+05 1.359520897168e+05 1.000000000000e+05 8.144002410999e+03 5.279658033125e+02 1.800000000000e+06 1.254508536220e+05 1.175148544000e+06 4.700611680000e+06 0.000000000000e+00 0.000000000000e+00 0.000000000000e+00 1.499877860819e-03 2.758411937740e-03 2.668815342499e-02 0.000000000000e+00 0.000000000000e+00 0.000000000000e+00 0.000000000000e+00 0.000000000000e+00 
9.475000000000e+00 1.661606665532e-03 2.755129750015e-02 -1.223771239972e-03 1.589816723247e+05 1.370235011022e+05 1.000000000000e+05 8.136517584824e+03 5.264385650518e+02 1.800000000000e+06 1.254156489370e+05 1.175148544000e+06 4.700611680000e+06 0.000000000000e+00 0.000000000000e+00 0.000000000000e+00 1.499456957126e-03 2.768673758495e-03 2.668093345479e-02 0.000000000000e+00 0.000000000000e+00 0.000000000000e+00 0.000000000000e+00 0.000000000000e+00 
9.480000000000e+00 1.667382081552e-03 2.722770936461e-02 -1.146708649691e-03 1.584894845583e+05 1.380208601668e+05 1.000000000000e+05 8.129528653563e+03 5.250109239900e+02 1.800000000000e+06 1.252821628174e+05 1.175148544000e+06 4.700611680000e+06 0.000000000000e+00 0.000000000000e+00 0.000000000000e+00 1.497861010428e-03 2.778322436861e-03 2.665278907108e-02 0.000000000000e+00 0.000000000000e+00 0.000000000000e+00 0.000000000000e+00 0.000000000000e+00 
9.485000000000e+00 1.672772473794e-03 2.689816425500e-02 -1.067230761255e-03 1.579017101682e+05 1.389437639099e+05 1.000000000000e+05 8.123044449976e+03 5.236846796728e+02 1.800000000000e+06 1.250567707253e+05 1.175148544000e+06 4.700611680000e+06 0.000000000000e+00 0.000000000000e+00 0.000000000000e+00 1.495166245115e-03 2.787336278516e-03 2.660507531650e-02 0.000000000000e+00 0.000000000000e+00 0.000000000000e+00 0.000000000000e+00 0.000000000000e+00 
9.490000000000e+00 1.677767310362e-03 2.656343585615e-02 -9.857814646407e-04 1.572251194033e+05 1.397921519759e+05 1.000000000000e+05 8.117071254895e+03 5.224610758561e+02 1.800000000000e+06 1.247458843648e+05 1.175148544000e+06 4.700611680000e+06 0.000000000000e+00 0.000000000000e+00 0.000000000000e+00 1.491449318877e-03 2.795697727330e-03 2.653915728017e-02 0.000000000000e+00 0.000000000000e+00 0.000000000000e+00 0.000000000000e+00 0.000000000000e+00 
9.495000000000e+00 1.682358602686e-03 2.622652440498e-02 -9.029729071830e-04 1.564695133999e+05 1.405662913343e+05 1.000000000000e+05 8.111612324052e+03 5.213408086123e+02 1.800000000000e+06 1.243557792521e+05 1.175148544000e+06 4.700611680000e+06 0.000000000000e+00 0.000000000000e+00 0.000000000000e+00 1.486785261160e-03 2.803393409012e-03 2.645636877208e-02 0.000000000000e+00 0.000000000000e+00 0.000000000000e+00 0.000000000000e+00 0.000000000000e+00 
9.500000000000e+00 1.686541273665e-03 2.588926390660e-02 -8.193187520681e-04 1.556430713660e+05 1.412668186910e+05 1.000000000000e+05 8.106667933211e+03 5.203239530941e+02 1.800000000000e+06 1.238932080309e+05 1.175148544000e+06 4.700611680000e+06 0.000000000000e+00 0.000000000000e+00 0.000000000000e+00 1.481254805896e-03 2.810414738115e-03 2.635814637756e-02 0.000000000000e+00 0.000000000000e+00 0.000000000000e+00 0.000000000000e+00 0.000000000000e+00 
9.505000000000e+00 1.690311348343e-03 2.555071880785e-02 -7.354948650255e-04 1.547567000281e+05 1.418944233501e+05 1.000000000000e+05 8.102237218220e+03 5.194104156286e+02 1.800000000000e+06 1.233644237348e+05 1.175148544000e+06 4.700611680000e+06 0.000000000000e+00 0.000000000000e+00 0.000000000000e+00 1.474932713731e-03 2.816756708978e-03 2.624582216877e-02 0.000000000000e+00 0.000000000000e+00 0.000000000000e+00 0.000000000000e+00 0.000000000000e+00 
9.510000000000e+00 1.693645279526e-03 2.521073663501e-02 -6.529577659098e-04 1.538316021170e+05 1.424464281595e+05 1.000000000000e+05 8.098342157747e+03 5.186049265799e+02 1.800000000000e+06 1.227752127598e+05 1.175148544000e+06 4.700611680000e+06 0.000000000000e+00 0.000000000000e+00 0.000000000000e+00 1.467888166235e-03 2.822417983063e-03 2.612062788153e-02 0.000000000000e+00 0.000000000000e+00 0.000000000000e+00 0.000000000000e+00 0.000000000000e+00 
9.515000000000e+00 1.696539773299e-03 2.487213182233e-02 -5.706341088581e-04 1.528477105992e+05 1.429234097249e+05 1.000000000000e+05 8.094984566900e+03 5.179073985502e+02 1.800000000000e+06 1.221308732512e+05 1.175148544000e+06 4.700611680000e+06 0.000000000000e+00 0.000000000000e+00 0.000000000000e+00 1.460184507504e-03 2.827399227534e-03 2.598369226382e-02 0.000000000000e+00 0.000000000000e+00 0.000000000000e+00 0.000000000000e+00 0.000000000000e+00 
9.520000000000e+00 1.699003873770e-03 2.453574046672e-02 -4.888826791369e-04 1.518118314067e+05 1.433278177226e+05 1.000000000000e+05 8.092149725939e+03 5.173148950533e+02 1.800000000000e+06 1.214363731845e+05 1.175148544000e+06 4.700611680000e+06 0.000000000000e+00 0.000000000000e+00 0.000000000000e+00 1.451881134156e-03 2.831703805367e-03 2.583607260088e-02 0.000000000000e+00 0.000000000000e+00 0.000000000000e+00 0.000000000000e+00 0.000000000000e+00 
9.525000000000e+00 1.701046838889e-03 2.420167318985e-02 -4.079886386887e-04 1.507294010603e+05 1.436619644104e+05 1.000000000000e+05 8.089823373697e+03 5.168245630425e+02 1.800000000000e+06 1.206963475441e+05 1.175148544000e+06 4.700611680000e+06 0.000000000000e+00 0.000000000000e+00 0.000000000000e+00 1.443033461603e-03 2.835337657181e-03 2.567875605740e-02 0.000000000000e+00 0.000000000000e+00 0.000000000000e+00 0.000000000000e+00 0.000000000000e+00 
9.530000000000e+00 1.702678379136e-03 2.386951840829e-02 -3.281375990734e-04 1.496041147614e+05 1.439280763297e+05 1.000000000000e+05 8.087991418177e+03 5.164335662985e+02 1.800000000000e+06 1.199150467002e+05 1.175148544000e+06 4.700611680000e+06 0.000000000000e+00 0.000000000000e+00 0.000000000000e+00 1.433692306843e-03 2.838308885414e-03 2.551264850595e-02 0.000000000000e+00 0.000000000000e+00 0.000000000000e+00 0.000000000000e+00 0.000000000000e+00 
9.535000000000e+00 1.703908854489e-03 2.354053236670e-02 -2.496688095567e-04 1.484423665935e+05 1.441283380516e+05 1.000000000000e+05 8.086639270372e+03 5.161390295585e+02 1.800000000000e+06 1.190960494759e+05 1.175148544000e+06 4.700611680000e+06 0.000000000000e+00 0.000000000000e+00 0.000000000000e+00 1.423900457928e-03 2.840627008616e-03 2.533851096649e-02 0.000000000000e+00 0.000000000000e+00 0.000000000000e+00 0.000000000000e+00 0.000000000000e+00 
9.540000000000e+00 1.704743246312e-03 2.320961861737e-02 -1.730375652620e-04 1.472516465046e+05 1.442639244630e+05 1.000000000000e+05 8.085759074475e+03 5.159394712488e+02 1.800000000000e+06 1.182435421854e+05 1.175148544000e+06 4.700611680000e+06 0.000000000000e+00 0.000000000000e+00 0.000000000000e+00 1.413707966014e-03 2.842306938308e-03 2.515723510598e-02 0.000000000000e+00 0.000000000000e+00 0.000000000000e+00 0.000000000000e+00 0.000000000000e+00 
9.545000000000e+00 1.705146148708e-03 2.288380961143e-02 -9.768674128996e-05 1.460154265313e+05 1.443293337353e+05 1.000000000000e+05 8.085393258091e+03 5.158431593449e+02 1.800000000000e+06 1.173603370292e+05 1.175148544000e+06 4.700611680000e+06 0.000000000000e+00 0.000000000000e+00 0.000000000000e+00 1.403148453488e-03 2.843367090454e-03 2.496942286247e-02 0.000000000000e+00 0.000000000000e+00 0.000000000000e+00 0.000000000000e+00 0.000000000000e+00 
9.550000000000e+00 1.705079225773e-03 2.256840394591e-02 -2.399526834016e-05 1.447326594190e+05 1.443184718792e+05 1.000000000000e+05 8.085586735773e+03 5.158591547583e+02 1.800000000000e+06 1.164487236730e+05 1.175148544000e+06 4.700611680000e+06 0.000000000000e+00 0.000000000000e+00 0.000000000000e+00 1.392249295362e-03 2.843809067010e-03 2.477555834535e-02 0.000000000000e+00 0.000000000000e+00 0.000000000000e+00 0.000000000000e+00 0.000000000000e+00 
9.555000000000e+00 1.704690621832e-03 2.223601133751e-02 4.613697930271e-05 1.434587254312e+05 1.442553781858e+05 1.000000000000e+05 8.086159540982e+03 5.159520532230e+02 1.800000000000e+06 1.155119544649e+05 1.175148544000e+06 4.700611680000e+06 0.000000000000e+00 0.000000000000e+00 0.000000000000e+00 1.381049376387e-03 2.843668964339e-03 2.457633271740e-02 0.000000000000e+00 0.000000000000e+00 0.000000000000e+00 0.000000000000e+00 0.000000000000e+00 
9.560000000000e+00 1.704041930287e-03 2.192066305643e-02 1.144568207922e-04 1.421725057060e+05 1.441499739883e+05 1.000000000000e+05 8.087041039473e+03 5.161071932005e+02 1.800000000000e+06 1.145553521785e+05 1.175148544000e+06 4.700611680000e+06 0.000000000000e+00 0.000000000000e+00 0.000000000000e+00 1.369612335111e-03 2.842971647104e-03 2.437287436279e-02 0.000000000000e+00 0.000000000000e+00 0.000000000000e+00 0.000000000000e+00 0.000000000000e+00 
9.565000000000e+00 1.703069135891e-03 2.162088863080e-02 1.809628597681e-04 1.408625420258e+05 1.439917130234e+05 1.000000000000e+05 8.088308415914e+03 5.163399993979e+02 1.800000000000e+06 1.135820321933e+05 1.175148544000e+06 4.700611680000e+06 0.000000000000e+00 0.000000000000e+00 0.000000000000e+00 1.357975418700e-03 2.841720609144e-03 2.416585345915e-02 0.000000000000e+00 0.000000000000e+00 0.000000000000e+00 0.000000000000e+00 0.000000000000e+00 
9.570000000000e+00 1.701798957872e-03 2.132280443540e-02 2.452719577588e-04 1.395387810145e+05 1.437847203106e+05 1.000000000000e+05 8.089929943381e+03 5.166442536783e+02 1.800000000000e+06 1.125935135102e+05 1.175148544000e+06 4.700611680000e+06 0.000000000000e+00 0.000000000000e+00 0.000000000000e+00 1.346156788177e-03 2.839927851358e-03 2.395559732138e-02 0.000000000000e+00 0.000000000000e+00 0.000000000000e+00 0.000000000000e+00 0.000000000000e+00 
9.575000000000e+00 1.700372028721e-03 2.102272920104e-02 3.071465294304e-04 1.382279535579e+05 1.435517071658e+05 1.000000000000e+05 8.091737484424e+03 5.169864333760e+02 1.800000000000e+06 1.115908138216e+05 1.175148544000e+06 4.700611680000e+06 0.000000000000e+00 0.000000000000e+00 0.000000000000e+00 1.334168610970e-03 2.837613563598e-03 2.374232082088e-02 0.000000000000e+00 0.000000000000e+00 0.000000000000e+00 0.000000000000e+00 0.000000000000e+00 
9.580000000000e+00 1.698684765623e-03 2.072392209842e-02 3.673760328834e-04 1.368983330189e+05 1.432755309346e+05 1.000000000000e+05 8.093857384033e+03 5.173915584174e+02 1.800000000000e+06 1.105748424474e+05 1.175148544000e+06 4.700611680000e+06 0.000000000000e+00 0.000000000000e+00 0.000000000000e+00 1.322021758817e-03 2.834797826471e-03 2.352621924586e-02 0.000000000000e+00 0.000000000000e+00 0.000000000000e+00 0.000000000000e+00 0.000000000000e+00 
9.585000000000e+00 1.696707427558e-03 2.042348644555e-02 4.258720002161e-04 1.355454301063e+05 1.429509731263e+05 1.000000000000e+05 8.096326529765e+03 5.178670473311e+02 1.800000000000e+06 1.095457688632e+05 1.175148544000e+06 4.700611680000e+06 0.000000000000e+00 0.000000000000e+00 0.000000000000e+00 1.309718257952e-03 2.831498006656e-03 2.330733185614e-02 0.000000000000e+00 0.000000000000e+00 0.000000000000e+00 0.000000000000e+00 0.000000000000e+00 
9.590000000000e+00 1.694449809913e-03 2.012126982904e-02 4.823299381978e-04 1.341751515048e+05 1.425792168094e+05 1.000000000000e+05 8.099134225907e+03 5.184108805153e+02 1.800000000000e+06 1.085029693934e+05 1.175148544000e+06 4.700611680000e+06 0.000000000000e+00 0.000000000000e+00 0.000000000000e+00 1.297250651770e-03 2.827730450885e-03 2.308552520927e-02 0.000000000000e+00 0.000000000000e+00 0.000000000000e+00 0.000000000000e+00 0.000000000000e+00 
9.595000000000e+00 1.691921972196e-03 1.981861002067e-02 5.367087464636e-04 1.327889255105e+05 1.421614469037e+05 1.000000000000e+05 8.102270003454e+03 5.190210070135e+02 1.800000000000e+06 1.074464832764e+05 1.175148544000e+06 4.700611680000e+06 0.000000000000e+00 0.000000000000e+00 0.000000000000e+00 1.284619409404e-03 2.823511946657e-03 2.286080616523e-02 0.000000000000e+00 0.000000000000e+00 0.000000000000e+00 0.000000000000e+00 0.000000000000e+00 
9.600000000000e+00 1.689134102566e-03 1.951585812895e-02 5.890084828152e-04 1.313875296526e+05 1.416988342815e+05 1.000000000000e+05 8.105723416514e+03 5.196953718684e+02 1.800000000000e+06 1.063766390466e+05 1.175148544000e+06 4.700611680000e+06 0.000000000000e+00 0.000000000000e+00 0.000000000000e+00 1.271828458777e-03 2.818859496168e-03 2.263324431252e-02 0.000000000000e+00 0.000000000000e+00 0.000000000000e+00 0.000000000000e+00 0.000000000000e+00 
9.605000000000e+00 1.686096478386e-03 1.921364469159e-02 6.392030182966e-04 1.299722616979e+05 1.411925353295e+05 1.000000000000e+05 8.109483962672e+03 5.204319206270e+02 1.800000000000e+06 1.052939381299e+05 1.175148544000e+06 4.700611680000e+06 0.000000000000e+00 0.000000000000e+00 0.000000000000e+00 1.258883794887e-03 2.813790250480e-03 2.240294574359e-02 0.000000000000e+00 0.000000000000e+00 0.000000000000e+00 0.000000000000e+00 0.000000000000e+00 
9.610000000000e+00 1.682819504418e-03 1.891255490099e-02 6.872654390095e-04 1.285445096553e+05 1.406437042746e+05 1.000000000000e+05 8.113541053716e+03 5.212285851693e+02 1.800000000000e+06 1.041990763234e+05 1.175148544000e+06 4.700611680000e+06 0.000000000000e+00 0.000000000000e+00 0.000000000000e+00 1.245793736615e-03 2.808321573260e-03 2.217005801229e-02 0.000000000000e+00 0.000000000000e+00 0.000000000000e+00 0.000000000000e+00 0.000000000000e+00 
9.615000000000e+00 1.679313743073e-03 1.861323972962e-02 7.331572935121e-04 1.271059524148e+05 1.400535042785e+05 1.000000000000e+05 8.117883939511e+03 5.220832714048e+02 1.800000000000e+06 1.030929247891e+05 1.175148544000e+06 4.700611680000e+06 0.000000000000e+00 0.000000000000e+00 0.000000000000e+00 1.232568699486e-03 2.802471091262e-03 2.193476595667e-02 0.000000000000e+00 0.000000000000e+00 0.000000000000e+00 0.000000000000e+00 0.000000000000e+00 
9.620000000000e+00 1.675589980998e-03 1.831649995881e-02 7.768254436580e-04 1.256586364795e+05 1.394231248330e+05 1.000000000000e+05 8.122501598746e+03 5.229938379855e+02 1.800000000000e+06 1.019765583254e+05 1.175148544000e+06 4.700611680000e+06 0.000000000000e+00 0.000000000000e+00 0.000000000000e+00 1.219221533683e-03 2.796256805452e-03 2.169729763566e-02 0.000000000000e+00 0.000000000000e+00 0.000000000000e+00 0.000000000000e+00 0.000000000000e+00 
9.625000000000e+00 1.671659303931e-03 1.802328096915e-02 8.182008718735e-04 1.242050219876e+05 1.387538009736e+05 1.000000000000e+05 8.127382621191e+03 5.239580726960e+02 1.800000000000e+06 1.008512904177e+05 1.175148544000e+06 4.700611680000e+06 0.000000000000e+00 0.000000000000e+00 0.000000000000e+00 1.205767943106e-03 2.789697215920e-03 2.145793179635e-02 0.000000000000e+00 0.000000000000e+00 0.000000000000e+00 0.000000000000e+00 0.000000000000e+00 
9.630000000000e+00 1.667533165000e-03 1.773459416548e-02 8.572061368727e-04 1.227478752550e+05 1.380468319204e+05 1.000000000000e+05 8.132515109840e+03 5.249736700566e+02 1.800000000000e+06 9.971870074287e+04 1.175148544000e+06 4.700611680000e+06 0.000000000000e+00 0.000000000000e+00 0.000000000000e+00 1.192226814212e-03 2.782811435869e-03 2.121700381225e-02 0.000000000000e+00 0.000000000000e+00 0.000000000000e+00 0.000000000000e+00 0.000000000000e+00 
9.635000000000e+00 1.663223406894e-03 1.745149221698e-02 8.937548658573e-04 1.212902938061e+05 1.373035923335e+05 1.000000000000e+05 8.137886625693e+03 5.260382199147e+02 1.800000000000e+06 9.858060943895e+04 1.175148544000e+06 4.700611680000e+06 0.000000000000e+00 0.000000000000e+00 0.000000000000e+00 1.178619908391e-03 2.775619228604e-03 2.097490023401e-02 0.000000000000e+00 0.000000000000e+00 0.000000000000e+00 0.000000000000e+00 0.000000000000e+00 
9.640000000000e+00 1.658742374406e-03 1.717535345160e-02 9.277341994128e-04 1.198360560159e+05 1.365255596599e+05 1.000000000000e+05 8.143483992416e+03 5.271491733653e+02 1.800000000000e+06 9.743914441971e+04 1.175148544000e+06 4.700611680000e+06 0.000000000000e+00 0.000000000000e+00 0.000000000000e+00 1.164972666768e-03 2.768141195354e-03 2.073207282224e-02 0.000000000000e+00 0.000000000000e+00 0.000000000000e+00 0.000000000000e+00 0.000000000000e+00 
9.645000000000e+00 1.654102919275e-03 1.690727212608e-02 9.590498976717e-04 1.183888276986e+05 1.357143236108e+05 1.000000000000e+05 8.149293331211e+03 5.283038347773e+02 1.800000000000e+06 9.629672466360e+04 1.175148544000e+06 4.700611680000e+06 0.000000000000e+00 0.000000000000e+00 0.000000000000e+00 1.151314010406e-03 2.760398783350e-03 2.048903562555e-02 0.000000000000e+00 0.000000000000e+00 0.000000000000e+00 0.000000000000e+00 0.000000000000e+00 
9.650000000000e+00 1.649318366031e-03 1.664844379618e-02 9.875976399175e-04 1.169526800308e+05 1.348715890334e+05 1.000000000000e+05 8.155300026822e+03 5.294993634217e+02 1.800000000000e+06 9.515596839565e+04 1.175148544000e+06 4.700611680000e+06 0.000000000000e+00 0.000000000000e+00 0.000000000000e+00 1.137675242542e-03 2.752414228822e-03 2.024634502621e-02 0.000000000000e+00 0.000000000000e+00 0.000000000000e+00 0.000000000000e+00 0.000000000000e+00 
9.655000000000e+00 1.644402560834e-03 1.640010994191e-02 1.013273412839e-03 1.155319237158e+05 1.339991935098e+05 1.000000000000e+05 8.161488652168e+03 5.307327543419e+02 1.800000000000e+06 9.401974017247e+04 1.175148544000e+06 4.700611680000e+06 0.000000000000e+00 0.000000000000e+00 0.000000000000e+00 1.124090611528e-03 2.744210638510e-03 2.000460981592e-02 0.000000000000e+00 0.000000000000e+00 0.000000000000e+00 0.000000000000e+00 0.000000000000e+00 
9.660000000000e+00 1.639369834445e-03 1.616342382473e-02 1.035979388413e-03 1.141310040558e+05 1.330991100954e+05 1.000000000000e+05 8.167842992583e+03 5.320008405462e+02 1.800000000000e+06 9.289109983401e+04 1.175148544000e+06 4.700611680000e+06 0.000000000000e+00 0.000000000000e+00 0.000000000000e+00 1.110596700505e-03 2.735811927862e-03 1.976448046806e-02 0.000000000000e+00 0.000000000000e+00 0.000000000000e+00 0.000000000000e+00 0.000000000000e+00 
9.665000000000e+00 1.634234950294e-03 1.593931520588e-02 1.055643393014e-03 1.127541389076e+05 1.321734471707e+05 1.000000000000e+05 8.174346112304e+03 5.333002992003e+02 1.800000000000e+06 9.177325772807e+04 1.175148544000e+06 4.700611680000e+06 0.000000000000e+00 0.000000000000e+00 0.000000000000e+00 1.097231892071e-03 2.727242734373e-03 1.952663973791e-02 0.000000000000e+00 0.000000000000e+00 0.000000000000e+00 0.000000000000e+00 0.000000000000e+00 
9.670000000000e+00 1.629012939170e-03 1.572846490201e-02 1.072212795960e-03 1.114053947563e+05 1.312244271834e+05 1.000000000000e+05 8.180980525761e+03 5.346276871016e+02 1.800000000000e+06 9.066941500282e+04 1.175148544000e+06 4.700611680000e+06 0.000000000000e+00 0.000000000000e+00 0.000000000000e+00 1.084034458832e-03 2.718528141718e-03 1.929176868324e-02 0.000000000000e+00 0.000000000000e+00 0.000000000000e+00 0.000000000000e+00 0.000000000000e+00 
9.675000000000e+00 1.623719102540e-03 1.553171288567e-02 1.085637833116e-03 1.100889929161e+05 1.302543948485e+05 1.000000000000e+05 8.187728142616e+03 5.359794342762e+02 1.800000000000e+06 8.958281171570e+04 1.175148544000e+06 4.700611680000e+06 0.000000000000e+00 0.000000000000e+00 0.000000000000e+00 1.071043138592e-03 2.709693685275e-03 1.906055646593e-02 0.000000000000e+00 0.000000000000e+00 0.000000000000e+00 0.000000000000e+00 0.000000000000e+00 
9.680000000000e+00 1.618368899836e-03 1.534957722189e-02 1.095900255379e-03 1.088087536962e+05 1.292658036352e+05 1.000000000000e+05 8.194570436012e+03 5.373518676147e+02 1.800000000000e+06 8.851667156884e+04 1.175148544000e+06 4.700611680000e+06 0.000000000000e+00 0.000000000000e+00 0.000000000000e+00 1.058296473610e-03 2.700765164042e-03 1.883368909347e-02 0.000000000000e+00 0.000000000000e+00 0.000000000000e+00 0.000000000000e+00 0.000000000000e+00 
9.685000000000e+00 1.612977822132e-03 1.518245332051e-02 1.103000453189e-03 1.075682983038e+05 1.282611983544e+05 1.000000000000e+05 8.201488566026e+03 5.387412391196e+02 1.800000000000e+06 8.747411373611e+04 1.175148544000e+06 4.700611680000e+06 0.000000000000e+00 0.000000000000e+00 0.000000000000e+00 1.045831756418e-03 2.691768429823e-03 1.861183043013e-02 0.000000000000e+00 0.000000000000e+00 0.000000000000e+00 0.000000000000e+00 0.000000000000e+00 
9.690000000000e+00 1.607561291870e-03 1.503054709247e-02 1.106965891457e-03 1.063708585778e+05 1.272432010494e+05 1.000000000000e+05 8.208463510183e+03 5.401437486760e+02 1.800000000000e+06 8.645812559623e+04 1.175148544000e+06 4.700611680000e+06 0.000000000000e+00 0.000000000000e+00 0.000000000000e+00 1.033684703816e-03 2.682729219886e-03 1.839561645954e-02 0.000000000000e+00 0.000000000000e+00 0.000000000000e+00 0.000000000000e+00 0.000000000000e+00 
9.695000000000e+00 1.602134541038e-03 1.489389945063e-02 1.107846548847e-03 1.052193212373e+05 1.262144913039e+05 1.000000000000e+05 8.215476205902e+03 5.415555736066e+02 1.800000000000e+06 8.547149266349e+04 1.175148544000e+06 4.700611680000e+06 0.000000000000e+00 0.000000000000e+00 0.000000000000e+00 1.021888619135e-03 2.673672931582e-03 1.818564033313e-02 0.000000000000e+00 0.000000000000e+00 0.000000000000e+00 0.000000000000e+00 0.000000000000e+00 
9.700000000000e+00 1.596712461000e-03 1.477246002692e-02 1.105715262826e-03 1.041161727639e+05 1.251777793275e+05 1.000000000000e+05 8.222507744033e+03 5.429729070355e+02 1.800000000000e+06 8.451679171302e+04 1.175148544000e+06 4.700611680000e+06 0.000000000000e+00 0.000000000000e+00 0.000000000000e+00 1.010474310042e-03 2.664624466162e-03 1.798245083895e-02 0.000000000000e+00 0.000000000000e+00 0.000000000000e+00 0.000000000000e+00 0.000000000000e+00 
9.705000000000e+00 1.591309533541e-03 1.466581886058e-02 1.100676725061e-03 1.030632932831e+05 1.241357926390e+05 1.000000000000e+05 8.229539478120e+03 5.443919764965e+02 1.800000000000e+06 8.359630478071e+04 1.175148544000e+06 4.700611680000e+06 0.000000000000e+00 0.000000000000e+00 0.000000000000e+00 9.994690603277e-04 2.655607961421e-03 1.778653434290e-02 0.000000000000e+00 0.000000000000e+00 0.000000000000e+00 0.000000000000e+00 0.000000000000e+00 
9.710000000000e+00 1.585939682526e-03 1.457360542444e-02 1.092847552883e-03 1.020622832777e+05 1.230912458705e+05 1.000000000000e+05 8.236553194006e+03 5.458090845780e+02 1.800000000000e+06 8.271200292699e+04 1.175148544000e+06 4.700611680000e+06 0.000000000000e+00 0.000000000000e+00 0.000000000000e+00 9.888964357948e-04 2.646646654094e-03 1.759831093430e-02 0.000000000000e+00 0.000000000000e+00 0.000000000000e+00 0.000000000000e+00 0.000000000000e+00 
9.715000000000e+00 1.580616187946e-03 1.449524904521e-02 1.082368756193e-03 1.011141870645e+05 1.220468206968e+05 1.000000000000e+05 8.243531258363e+03 5.472206346038e+02 1.800000000000e+06 8.186554544753e+04 1.175148544000e+06 4.700611680000e+06 0.000000000000e+00 0.000000000000e+00 0.000000000000e+00 9.787762748161e-04 2.637762706360e-03 1.741813450634e-02 0.000000000000e+00 0.000000000000e+00 0.000000000000e+00 0.000000000000e+00 0.000000000000e+00 
9.720000000000e+00 1.575351643958e-03 1.443031942523e-02 1.069379023953e-03 1.002199792571e+05 1.210051529742e+05 1.000000000000e+05 8.250456647892e+03 5.486231456912e+02 1.800000000000e+06 8.105829265766e+04 1.175148544000e+06 4.700611680000e+06 0.000000000000e+00 0.000000000000e+00 0.000000000000e+00 9.691248411857e-04 2.628977135810e-03 1.724629511608e-02 0.000000000000e+00 0.000000000000e+00 0.000000000000e+00 0.000000000000e+00 0.000000000000e+00 
9.725000000000e+00 1.570157921513e-03 1.437825461502e-02 1.054033675732e-03 9.938017558269e+04 1.199688197565e+05 1.000000000000e+05 8.257313052357e+03 5.500132673217e+02 1.800000000000e+06 8.029134800038e+04 1.175148544000e+06 4.700611680000e+06 0.000000000000e+00 0.000000000000e+00 0.000000000000e+00 9.599553275577e-04 2.620309753094e-03 1.708302824523e-02 0.000000000000e+00 0.000000000000e+00 0.000000000000e+00 0.000000000000e+00 0.000000000000e+00 
9.730000000000e+00 1.565046097887e-03 1.433839419142e-02 1.036499275445e-03 9.859490312410e+04 1.189403186902e+05 1.000000000000e+05 8.264084983623e+03 5.513878034855e+02 1.800000000000e+06 7.956552855214e+04 1.175148544000e+06 4.700611680000e+06 0.000000000000e+00 0.000000000000e+00 0.000000000000e+00 9.512775028166e-04 2.611779044319e-03 1.692850848706e-02 0.000000000000e+00 0.000000000000e+00 0.000000000000e+00 0.000000000000e+00 0.000000000000e+00 
9.735000000000e+00 1.560026407717e-03 1.431000365424e-02 1.016951394863e-03 9.786391631380e+04 1.179220505995e+05 1.000000000000e+05 8.270757864596e+03 5.527437318374e+02 1.800000000000e+06 7.888136102340e+04 1.175148544000e+06 4.700611680000e+06 0.000000000000e+00 0.000000000000e+00 0.000000000000e+00 9.430976642596e-04 2.603402089356e-03 1.678284866925e-02 0.000000000000e+00 0.000000000000e+00 0.000000000000e+00 0.000000000000e+00 0.000000000000e+00 
9.740000000000e+00 1.555108252874e-03 1.429253778077e-02 9.955554630049e-04 9.718696296951e+04 1.169163132675e+05 1.000000000000e+05 8.277318012260e+03 5.540782074527e+02 1.800000000000e+06 7.823912568126e+04 1.175148544000e+06 4.700611680000e+06 0.000000000000e+00 0.000000000000e+00 0.000000000000e+00 9.354191627325e-04 2.595194578303e-03 1.664610893056e-02 0.000000000000e+00 0.000000000000e+00 0.000000000000e+00 0.000000000000e+00 0.000000000000e+00 
9.745000000000e+00 1.550300141272e-03 1.428502103706e-02 9.725077674287e-04 9.656294832817e+04 1.159252803050e+05 1.000000000000e+05 8.283752820302e+03 5.553885860828e+02 1.800000000000e+06 7.763884496064e+04 1.175148544000e+06 4.700611680000e+06 0.000000000000e+00 0.000000000000e+00 0.000000000000e+00 9.282422664649e-04 2.587170709395e-03 1.651829494980e-02 0.000000000000e+00 0.000000000000e+00 0.000000000000e+00 0.000000000000e+00 0.000000000000e+00 
9.750000000000e+00 1.545609649180e-03 1.428667062838e-02 9.479903989102e-04 9.599080343560e+04 1.149509841147e+05 1.000000000000e+05 8.290050763975e+03 5.566724414967e+02 1.800000000000e+06 7.708023531949e+04 1.175148544000e+06 4.700611680000e+06 0.000000000000e+00 0.000000000000e+00 0.000000000000e+00 9.215635854563e-04 2.579343126096e-03 1.639934703979e-02 0.000000000000e+00 0.000000000000e+00 0.000000000000e+00 0.000000000000e+00 0.000000000000e+00 
9.755000000000e+00 1.541043464196e-03 1.429670380131e-02 9.221871130396e-04 9.546917369867e+04 1.139953153487e+05 1.000000000000e+05 8.296201400887e+03 5.579275608717e+02 1.800000000000e+06 7.656280094970e+04 1.175148544000e+06 4.700611680000e+06 0.000000000000e+00 0.000000000000e+00 0.000000000000e+00 9.153771918745e-04 2.571722988830e-03 1.628916030284e-02 0.000000000000e+00 0.000000000000e+00 0.000000000000e+00 0.000000000000e+00 0.000000000000e+00 
9.760000000000e+00 1.536607403439e-03 1.431431818367e-02 8.952717092213e-04 9.499664900644e+04 1.130600175224e+05 1.000000000000e+05 8.302195356329e+03 5.591519466798e+02 1.800000000000e+06 7.608583336103e+04 1.175148544000e+06 4.700611680000e+06 0.000000000000e+00 0.000000000000e+00 0.000000000000e+00 9.096746150812e-04 2.564320005337e-03 1.618758450642e-02 0.000000000000e+00 0.000000000000e+00 0.000000000000e+00 0.000000000000e+00 0.000000000000e+00 
9.765000000000e+00 1.532306450797e-03 1.433896574921e-02 8.674140194813e-04 9.457164864131e+04 1.121466859442e+05 1.000000000000e+05 8.308024311804e+03 5.603438130369e+02 1.800000000000e+06 7.564848027097e+04 1.175148544000e+06 4.700611680000e+06 0.000000000000e+00 0.000000000000e+00 0.000000000000e+00 9.044456652716e-04 2.557142492840e-03 1.609443866903e-02 0.000000000000e+00 0.000000000000e+00 0.000000000000e+00 0.000000000000e+00 0.000000000000e+00 
9.770000000000e+00 1.528144767069e-03 1.437004274574e-02 8.387700293146e-04 9.419262077697e+04 1.112567613186e+05 1.000000000000e+05 8.313681001086e+03 5.615015891933e+02 1.800000000000e+06 7.524976337590e+04 1.175148544000e+06 4.700611680000e+06 0.000000000000e+00 0.000000000000e+00 0.000000000000e+00 8.996786459460e-04 2.550197394971e-03 1.600951495494e-02 0.000000000000e+00 0.000000000000e+00 0.000000000000e+00 0.000000000000e+00 0.000000000000e+00 
9.775000000000e+00 1.524125772265e-03 1.440680444326e-02 8.094957914735e-04 9.385777853498e+04 1.103915392558e+05 1.000000000000e+05 8.319159147240e+03 5.626239025521e+02 1.800000000000e+06 7.488859482278e+04 1.175148544000e+06 4.700611680000e+06 0.000000000000e+00 0.000000000000e+00 0.000000000000e+00 8.953605508417e-04 2.543490419114e-03 1.593258232007e-02 0.000000000000e+00 0.000000000000e+00 0.000000000000e+00 0.000000000000e+00 0.000000000000e+00 
9.780000000000e+00 1.520252070968e-03 1.444852021903e-02 7.797541682372e-04 9.356494095263e+04 1.095521466454e+05 1.000000000000e+05 8.324453600969e+03 5.637096049948e+02 1.800000000000e+06 7.456371135214e+04 1.175148544000e+06 4.700611680000e+06 0.000000000000e+00 0.000000000000e+00 0.000000000000e+00 8.914762765550e-04 2.537025911852e-03 1.586337242931e-02 0.000000000000e+00 0.000000000000e+00 0.000000000000e+00 0.000000000000e+00 0.000000000000e+00 
9.785000000000e+00 1.516525746322e-03 1.449565681845e-02 7.496102109921e-04 9.331374939564e+04 1.087395983762e+05 1.000000000000e+05 8.329559770176e+03 5.647576955102e+02 1.800000000000e+06 7.427393363328e+04 1.175148544000e+06 4.700611680000e+06 0.000000000000e+00 0.000000000000e+00 0.000000000000e+00 8.880117231261e-04 2.530807349578e-03 1.580163352150e-02 0.000000000000e+00 0.000000000000e+00 0.000000000000e+00 0.000000000000e+00 0.000000000000e+00 
9.790000000000e+00 1.512948219857e-03 1.454666933458e-02 7.192679009561e-04 9.310078087850e+04 1.079547612434e+05 1.000000000000e+05 8.334474251268e+03 5.657673635573e+02 1.800000000000e+06 7.401809411146e+04 1.175148544000e+06 4.700611680000e+06 0.000000000000e+00 0.000000000000e+00 0.000000000000e+00 8.849529313873e-04 2.524837104569e-03 1.574711848128e-02 0.000000000000e+00 0.000000000000e+00 0.000000000000e+00 0.000000000000e+00 0.000000000000e+00 
9.795000000000e+00 1.509520021686e-03 1.460054768671e-02 6.888743251155e-04 9.292350010503e+04 1.071982972467e+05 1.000000000000e+05 8.339194820064e+03 5.667380583829e+02 1.800000000000e+06 7.379456095179e+04 1.175148544000e+06 4.700611680000e+06 0.000000000000e+00 0.000000000000e+00 0.000000000000e+00 8.822803912835e-04 2.519116061489e-03 1.569948074664e-02 0.000000000000e+00 0.000000000000e+00 0.000000000000e+00 0.000000000000e+00 0.000000000000e+00 
9.800000000000e+00 1.506241023699e-03 1.465665818007e-02 6.585605626339e-04 9.277948466498e+04 1.064707086457e+05 1.000000000000e+05 8.343720198112e+03 5.676694275109e+02 1.800000000000e+06 7.360160919868e+04 1.175148544000e+06 4.700611680000e+06 0.000000000000e+00 0.000000000000e+00 0.000000000000e+00 8.799734794185e-04 2.513644006548e-03 1.565835352529e-02 0.000000000000e+00 0.000000000000e+00 0.000000000000e+00 0.000000000000e+00 0.000000000000e+00 
9.805000000000e+00 1.503110494873e-03 1.471448512160e-02 6.284424441209e-04 9.266642851806e+04 1.057723454682e+05 1.000000000000e+05 8.348049990319e+03 5.685613043497e+02 1.800000000000e+06 7.343746773453e+04 1.175148544000e+06 4.700611680000e+06 0.000000000000e+00 0.000000000000e+00 0.000000000000e+00 8.780110204873e-04 2.508419719800e-03 1.562336007534e-02 0.000000000000e+00 0.000000000000e+00 0.000000000000e+00 0.000000000000e+00 0.000000000000e+00 
9.810000000000e+00 1.500127119927e-03 1.477335160521e-02 5.986391202338e-04 9.258176418769e+04 1.051034056268e+05 1.000000000000e+05 8.352184703592e+03 5.694137056621e+02 1.800000000000e+06 7.330031880857e+04 1.175148544000e+06 4.700611680000e+06 0.000000000000e+00 0.000000000000e+00 0.000000000000e+00 8.763712816434e-04 2.503441006277e-03 1.559411390150e-02 0.000000000000e+00 0.000000000000e+00 0.000000000000e+00 0.000000000000e+00 0.000000000000e+00 
9.815000000000e+00 1.497289159081e-03 1.483329314062e-02 5.692147849675e-04 9.252392381720e+04 1.044639674837e+05 1.000000000000e+05 8.356125426215e+03 5.702267881293e+02 1.800000000000e+06 7.318840078956e+04 1.175148544000e+06 4.700611680000e+06 0.000000000000e+00 0.000000000000e+00 0.000000000000e+00 8.750332009999e-04 2.498704962605e-03 1.557023971318e-02 0.000000000000e+00 0.000000000000e+00 0.000000000000e+00 0.000000000000e+00 0.000000000000e+00 
9.820000000000e+00 1.494594483280e-03 1.489382894493e-02 5.402611353891e-04 9.249063135031e+04 1.038539955932e+05 1.000000000000e+05 8.359873932529e+03 5.710008397039e+02 1.800000000000e+06 7.310006023191e+04 1.175148544000e+06 4.700611680000e+06 0.000000000000e+00 0.000000000000e+00 0.000000000000e+00 8.739770101267e-04 2.494208035771e-03 1.555138581792e-02 0.000000000000e+00 0.000000000000e+00 0.000000000000e+00 0.000000000000e+00 0.000000000000e+00 
9.825000000000e+00 1.492040527517e-03 1.495438454173e-02 5.118699977686e-04 9.247946268268e+04 1.032733283417e+05 1.000000000000e+05 8.363432704157e+03 5.717362941739e+02 1.800000000000e+06 7.303360194983e+04 1.175148544000e+06 4.700611680000e+06 0.000000000000e+00 0.000000000000e+00 0.000000000000e+00 8.731824415519e-04 2.489945945245e-03 1.553719173813e-02 0.000000000000e+00 0.000000000000e+00 0.000000000000e+00 0.000000000000e+00 0.000000000000e+00 
9.830000000000e+00 1.489624272372e-03 1.501442268778e-02 4.841171310525e-04 9.248818600653e+04 1.027216721027e+05 1.000000000000e+05 8.366804930720e+03 5.724337375343e+02 1.800000000000e+06 7.298722912497e+04 1.175148544000e+06 4.700611680000e+06 0.000000000000e+00 0.000000000000e+00 0.000000000000e+00 8.726280126952e-04 2.485913652161e-03 1.552727531700e-02 0.000000000000e+00 0.000000000000e+00 0.000000000000e+00 0.000000000000e+00 0.000000000000e+00 
9.835000000000e+00 1.487342462505e-03 1.507403107043e-02 4.570425970889e-04 9.251523657998e+04 1.021986500651e+05 1.000000000000e+05 8.369994166541e+03 5.730938455554e+02 1.800000000000e+06 7.295928020204e+04 1.175148544000e+06 4.700611680000e+06 0.000000000000e+00 0.000000000000e+00 0.000000000000e+00 8.722938581676e-04 2.482105723944e-03 1.552128256540e-02 0.000000000000e+00 0.000000000000e+00 0.000000000000e+00 0.000000000000e+00 0.000000000000e+00 
9.840000000000e+00 1.485191668439e-03 1.513323737592e-02 4.306783323604e-04 9.255915709538e+04 1.017038163919e+05 1.000000000000e+05 8.373004291948e+03 5.737173657990e+02 1.800000000000e+06 7.294826310287e+04 1.175148544000e+06 4.700611680000e+06 0.000000000000e+00 0.000000000000e+00 0.000000000000e+00 8.721621388316e-04 2.478516422213e-03 1.551889564023e-02 0.000000000000e+00 0.000000000000e+00 0.000000000000e+00 0.000000000000e+00 0.000000000000e+00 
9.845000000000e+00 1.483168187965e-03 1.519139197281e-02 4.050903143272e-04 9.261768062958e+04 1.012366337757e+05 1.000000000000e+05 8.375839729117e+03 5.743051459267e+02 1.800000000000e+06 7.295270919258e+04 1.175148544000e+06 4.700611680000e+06 0.000000000000e+00 0.000000000000e+00 0.000000000000e+00 8.722152958356e-04 2.475139607458e-03 1.551980240194e-02 0.000000000000e+00 0.000000000000e+00 0.000000000000e+00 0.000000000000e+00 0.000000000000e+00 
9.850000000000e+00 1.481268078575e-03 1.524809858180e-02 3.803266957624e-04 9.268883883572e+04 1.007964810967e+05 1.000000000000e+05 8.378505300031e+03 5.748581240626e+02 1.800000000000e+06 7.297106993269e+04 1.175148544000e+06 4.700611680000e+06 0.000000000000e+00 0.000000000000e+00 0.000000000000e+00 8.724348150082e-04 2.471968672489e-03 1.552367345069e-02 0.000000000000e+00 0.000000000000e+00 0.000000000000e+00 0.000000000000e+00 0.000000000000e+00 
9.855000000000e+00 1.479487194504e-03 1.530321587694e-02 3.564158118739e-04 9.277101950630e+04 1.003826624920e+05 1.000000000000e+05 8.381006167543e+03 5.753773175785e+02 1.800000000000e+06 7.300183451581e+04 1.175148544000e+06 4.700611680000e+06 0.000000000000e+00 0.000000000000e+00 0.000000000000e+00 8.728026332876e-04 2.468996700690e-03 1.553018715161e-02 0.000000000000e+00 0.000000000000e+00 0.000000000000e+00 0.000000000000e+00 0.000000000000e+00 
9.860000000000e+00 1.477821279635e-03 1.535663946496e-02 3.333815704806e-04 9.286266553661e+04 9.999442977126e+04 1.000000000000e+05 8.383347727571e+03 5.758637953404e+02 1.800000000000e+06 7.304360072093e+04 1.175148544000e+06 4.700611680000e+06 0.000000000000e+00 0.000000000000e+00 0.000000000000e+00 8.733019858593e-04 2.466216590553e-03 1.553904495986e-02 0.000000000000e+00 0.000000000000e+00 0.000000000000e+00 0.000000000000e+00 0.000000000000e+00 
9.865000000000e+00 1.476265952421e-03 1.540814592944e-02 3.112489302646e-04 9.296215650396e+04 9.963098003410e+04 1.000000000000e+05 8.385535636775e+03 5.763186812392e+02 1.800000000000e+06 7.309501692415e+04 1.175148544000e+06 4.700611680000e+06 0.000000000000e+00 0.000000000000e+00 0.000000000000e+00 8.739167128435e-04 2.463621030737e-03 1.554995924029e-02 0.000000000000e+00 0.000000000000e+00 0.000000000000e+00 0.000000000000e+00 0.000000000000e+00 
9.870000000000e+00 1.474816711428e-03 1.545748350852e-02 2.900405783226e-04 9.306788280147e+04 9.929145813128e+04 1.000000000000e+05 8.387575794499e+03 5.767431516786e+02 1.800000000000e+06 7.315475708928e+04 1.175148544000e+06 4.700611680000e+06 0.000000000000e+00 0.000000000000e+00 0.000000000000e+00 8.746309602837e-04 2.461202509500e-03 1.556264784034e-02 0.000000000000e+00 0.000000000000e+00 0.000000000000e+00 0.000000000000e+00 0.000000000000e+00 
9.875000000000e+00 1.473468967117e-03 1.550447343730e-02 2.697747669353e-04 9.317830174802e+04 9.897496536645e+04 1.000000000000e+05 8.389474288948e+03 5.771384253218e+02 1.800000000000e+06 7.322153622551e+04 1.175148544000e+06 4.700611680000e+06 0.000000000000e+00 0.000000000000e+00 0.000000000000e+00 8.754293649586e-04 2.458953367857e-03 1.557683727174e-02 0.000000000000e+00 0.000000000000e+00 0.000000000000e+00 0.000000000000e+00 0.000000000000e+00 
9.880000000000e+00 1.472218050921e-03 1.554897824415e-02 2.504582408403e-04 9.329209407268e+04 9.868056298485e+04 1.000000000000e+05 8.391237366566e+03 5.775057594194e+02 1.800000000000e+06 7.329409646486e+04 1.175148544000e+06 4.700611680000e+06 0.000000000000e+00 0.000000000000e+00 0.000000000000e+00 8.762968879242e-04 2.456865814822e-03 1.559225978528e-02 0.000000000000e+00 0.000000000000e+00 0.000000000000e+00 0.000000000000e+00 0.000000000000e+00 
9.885000000000e+00 1.471059326232e-03 1.559115284136e-02 2.320809881893e-04 9.340830654749e+04 9.840729975533e+04 1.000000000000e+05 8.392871257897e+03 5.778464161420e+02 1.800000000000e+06 7.337131625892e+04 1.175148544000e+06 4.700611680000e+06 0.000000000000e+00 0.000000000000e+00 0.000000000000e+00 8.772201200600e-04 2.454932112682e-03 1.560867635552e-02 0.000000000000e+00 0.000000000000e+00 0.000000000000e+00 0.000000000000e+00 0.000000000000e+00 
9.890000000000e+00 1.469988180977e-03 1.563092612392e-02 2.146413367160e-04 9.352581206552e+04 9.815421183346e+04 1.000000000000e+05 8.394382229502e+03 5.781616635858e+02 1.800000000000e+06 7.345218139511e+04 1.175148544000e+06 4.700611680000e+06 0.000000000000e+00 0.000000000000e+00 0.000000000000e+00 8.781869355418e-04 2.453144564651e-03 1.562587106199e-02 0.000000000000e+00 0.000000000000e+00 0.000000000000e+00 0.000000000000e+00 0.000000000000e+00 
9.895000000000e+00 1.469000014055e-03 1.566816630509e-02 1.981403320459e-04 9.364342744936e+04 9.792032108578e+04 1.000000000000e+05 8.395776588346e+03 5.784527786530e+02 1.800000000000e+06 7.353571930623e+04 1.175148544000e+06 4.700611680000e+06 0.000000000000e+00 0.000000000000e+00 0.000000000000e+00 8.791857064534e-04 2.451495492251e-03 1.564363692545e-02 0.000000000000e+00 0.000000000000e+00 0.000000000000e+00 0.000000000000e+00 0.000000000000e+00 
9.900000000000e+00 1.468090231319e-03 1.570272511245e-02 1.825741448655e-04 9.376007695903e+04 9.770463558464e+04 1.000000000000e+05 8.397060668988e+03 5.787210471881e+02 1.800000000000e+06 7.362097790306e+04 1.175148544000e+06 4.700611680000e+06 0.000000000000e+00 0.000000000000e+00 0.000000000000e+00 8.802050497112e-04 2.449977228631e-03 1.566177133520e-02 0.000000000000e+00 0.000000000000e+00 0.000000000000e+00 0.000000000000e+00 0.000000000000e+00 
9.905000000000e+00 1.467254242725e-03 1.573450655332e-02 1.679378732031e-04 9.387471049183e+04 9.750615030915e+04 1.000000000000e+05 8.398240840438e+03 5.789677638246e+02 1.800000000000e+06 7.370704144879e+04 1.175148544000e+06 4.700611680000e+06 0.000000000000e+00 0.000000000000e+00 0.000000000000e+00 8.812340168576e-04 2.448582113811e-03 1.568007937344e-02 0.000000000000e+00 0.000000000000e+00 0.000000000000e+00 0.000000000000e+00 0.000000000000e+00 
9.910000000000e+00 1.466487497340e-03 1.576344986770e-02 1.542227355294e-04 9.398637335192e+04 9.732385678296e+04 1.000000000000e+05 8.399323446280e+03 5.791942207007e+02 1.800000000000e+06 7.379303760271e+04 1.175148544000e+06 4.700611680000e+06 0.000000000000e+00 0.000000000000e+00 0.000000000000e+00 8.822621782742e-04 2.447302553095e-03 1.569837533068e-02 0.000000000000e+00 0.000000000000e+00 0.000000000000e+00 0.000000000000e+00 0.000000000000e+00 
9.915000000000e+00 1.465785489191e-03 1.578947409094e-02 1.414199750868e-04 9.409412380022e+04 9.715674576305e+04 1.000000000000e+05 8.400314799455e+03 5.794017048001e+02 1.800000000000e+06 7.387813703429e+04 1.175148544000e+06 4.700611680000e+06 0.000000000000e+00 0.000000000000e+00 0.000000000000e+00 8.832796185683e-04 2.446131026841e-03 1.571648267998e-02 0.000000000000e+00 0.000000000000e+00 0.000000000000e+00 0.000000000000e+00 0.000000000000e+00 
9.920000000000e+00 1.465143760667e-03 1.581249486526e-02 1.295196072608e-04 9.419706126868e+04 9.700380927033e+04 1.000000000000e+05 8.401221171283e+03 5.795914960739e+02 1.800000000000e+06 7.396154571881e+04 1.175148544000e+06 4.700611680000e+06 0.000000000000e+00 0.000000000000e+00 0.000000000000e+00 8.842768444595e-04 2.445060096126e-03 1.573423241859e-02 0.000000000000e+00 0.000000000000e+00 0.000000000000e+00 0.000000000000e+00 0.000000000000e+00 
9.925000000000e+00 1.464558008916e-03 1.583301051816e-02 1.184696927751e-04 9.429523538971e+04 9.686406712757e+04 1.000000000000e+05 8.402048558119e+03 5.797648351304e+02 1.800000000000e+06 7.404259144705e+04 1.175148544000e+06 4.700611680000e+06 0.000000000000e+00 0.000000000000e+00 0.000000000000e+00 8.852458190818e-04 2.444082580305e-03 1.575148087398e-02 0.000000000000e+00 0.000000000000e+00 0.000000000000e+00 0.000000000000e+00 0.000000000000e+00 
9.930000000000e+00 1.464024033972e-03 1.585061608275e-02 1.082824876247e-04 9.438733309443e+04 9.673655573782e+04 1.000000000000e+05 8.402802950423e+03 5.799229377656e+02 1.800000000000e+06 7.412071894323e+04 1.175148544000e+06 4.700611680000e+06 0.000000000000e+00 0.000000000000e+00 0.000000000000e+00 8.861799036134e-04 2.443191470435e-03 1.576811023215e-02 0.000000000000e+00 0.000000000000e+00 0.000000000000e+00 0.000000000000e+00 0.000000000000e+00 
9.935000000000e+00 1.463537397963e-03 1.586623822621e-02 9.899693633713e-05 9.447140660942e+04 9.662024760644e+04 1.000000000000e+05 8.403490754012e+03 5.800670952244e+02 1.800000000000e+06 7.419528690918e+04 1.175148544000e+06 4.700611680000e+06 0.000000000000e+00 0.000000000000e+00 0.000000000000e+00 8.870714307575e-04 2.442379360549e-03 1.578398387122e-02 0.000000000000e+00 0.000000000000e+00 0.000000000000e+00 0.000000000000e+00 0.000000000000e+00 
9.940000000000e+00 1.463093549291e-03 1.587856298458e-02 9.056346809704e-05 9.454740408803e+04 9.651408166067e+04 1.000000000000e+05 8.404118393602e+03 5.801986369588e+02 1.800000000000e+06 7.426567277078e+04 1.175148544000e+06 4.700611680000e+06 0.000000000000e+00 0.000000000000e+00 0.000000000000e+00 8.879129570802e-04 2.441638654890e-03 1.579896975145e-02 0.000000000000e+00 0.000000000000e+00 0.000000000000e+00 0.000000000000e+00 0.000000000000e+00 
9.945000000000e+00 1.462688450864e-03 1.588718751468e-02 8.294929551549e-05 9.461503790447e+04 9.641711437729e+04 1.000000000000e+05 8.404691595589e+03 5.803187438331e+02 1.800000000000e+06 7.433112967571e+04 1.175148544000e+06 4.700611680000e+06 0.000000000000e+00 0.000000000000e+00 0.000000000000e+00 8.886955532898e-04 2.440962616314e-03 1.581290903224e-02 0.000000000000e+00 0.000000000000e+00 0.000000000000e+00 0.000000000000e+00 0.000000000000e+00 
9.950000000000e+00 1.462318090125e-03 1.589202294406e-02 7.615202539244e-05 9.467336942215e+04 9.632840350920e+04 1.000000000000e+05 8.405216120947e+03 5.804285926799e+02 1.800000000000e+06 7.439091317894e+04 1.175148544000e+06 4.700611680000e+06 0.000000000000e+00 0.000000000000e+00 0.000000000000e+00 8.894103188761e-04 2.440344548618e-03 1.582564328632e-02 0.000000000000e+00 0.000000000000e+00 0.000000000000e+00 0.000000000000e+00 0.000000000000e+00 
9.955000000000e+00 1.461978508471e-03 1.589310318012e-02 7.016075339776e-05 9.472166041469e+04 9.624701574678e+04 1.000000000000e+05 8.405697648251e+03 5.805293471399e+02 1.800000000000e+06 7.444433918363e+04 1.175148544000e+06 4.700611680000e+06 0.000000000000e+00 0.000000000000e+00 0.000000000000e+00 8.900490748456e-04 2.439777845632e-03 1.583702681172e-02 0.000000000000e+00 0.000000000000e+00 0.000000000000e+00 0.000000000000e+00 0.000000000000e+00 
9.960000000000e+00 1.461665779387e-03 1.589039776424e-02 6.496483641206e-05 9.475917711651e+04 9.617202203320e+04 1.000000000000e+05 8.406141820099e+03 5.806221637564e+02 1.800000000000e+06 7.449076301592e+04 1.175148544000e+06 4.700611680000e+06 0.000000000000e+00 0.000000000000e+00 0.000000000000e+00 8.906041135421e-04 2.439255981032e-03 1.584692236919e-02 0.000000000000e+00 0.000000000000e+00 0.000000000000e+00 0.000000000000e+00 0.000000000000e+00 
9.965000000000e+00 1.461376094102e-03 1.588396762615e-02 6.054722172640e-05 9.478535571148e+04 9.610251859780e+04 1.000000000000e+05 8.406554104891e+03 5.807081662048e+02 1.800000000000e+06 7.452959076177e+04 1.175148544000e+06 4.700611680000e+06 0.000000000000e+00 0.000000000000e+00 0.000000000000e+00 8.910683341887e-04 2.438772548653e-03 1.585520343246e-02 0.000000000000e+00 0.000000000000e+00 0.000000000000e+00 0.000000000000e+00 0.000000000000e+00 
9.970000000000e+00 1.461105694555e-03 1.587386944268e-02 5.688883308084e-05 9.479969058220e+04 9.603761132082e+04 1.000000000000e+05 8.406939901000e+03 5.807884648773e+02 1.800000000000e+06 7.456029566296e+04 1.175148544000e+06 4.700611680000e+06 0.000000000000e+00 0.000000000000e+00 0.000000000000e+00 8.914354389168e-04 2.438321300687e-03 1.586175778327e-02 0.000000000000e+00 0.000000000000e+00 0.000000000000e+00 0.000000000000e+00 0.000000000000e+00 
9.975000000000e+00 1.460850944158e-03 1.586018598935e-02 5.396765013074e-05 9.480177109846e+04 9.597643308100e+04 1.000000000000e+05 8.407304431248e+03 5.808641356148e+02 1.800000000000e+06 7.458241716024e+04 1.175148544000e+06 4.700611680000e+06 0.000000000000e+00 0.000000000000e+00 0.000000000000e+00 8.916999213261e-04 2.437896168320e-03 1.586648725593e-02 0.000000000000e+00 0.000000000000e+00 0.000000000000e+00 0.000000000000e+00 0.000000000000e+00 
9.980000000000e+00 1.460608255631e-03 1.584250207892e-02 5.177784574827e-05 9.479084722862e+04 9.591812674106e+04 1.000000000000e+05 8.407652882528e+03 5.809362409179e+02 1.800000000000e+06 7.459548391544e+04 1.175148544000e+06 4.700611680000e+06 0.000000000000e+00 0.000000000000e+00 0.000000000000e+00 8.918561461446e-04 2.437491165037e-03 1.586929191382e-02 0.000000000000e+00 0.000000000000e+00 0.000000000000e+00 0.000000000000e+00 0.000000000000e+00 
9.985000000000e+00 1.460374058946e-03 1.582111712884e-02 5.030676883941e-05 9.476632217679e+04 9.586183766602e+04 1.000000000000e+05 8.407990408783e+03 5.810058393186e+02 1.800000000000e+06 7.459895779727e+04 1.175148544000e+06 4.700611680000e+06 0.000000000000e+00 0.000000000000e+00 0.000000000000e+00 8.918976795284e-04 2.437100333102e-03 1.587005691580e-02 0.000000000000e+00 0.000000000000e+00 0.000000000000e+00 0.000000000000e+00 0.000000000000e+00 
9.990000000000e+00 1.460145010203e-03 1.579635229838e-02 4.952671121072e-05 9.472798191966e+04 9.580676411517e+04 1.000000000000e+05 8.408321811597e+03 5.810739231712e+02 1.800000000000e+06 7.459253037540e+04 1.175148544000e+06 4.700611680000e+06 0.000000000000e+00 0.000000000000e+00 0.000000000000e+00 8.918208339153e-04 2.436718092152e-03 1.586871625775e-02 0.000000000000e+00 0.000000000000e+00 0.000000000000e+00 0.000000000000e+00 0.000000000000e+00 
9.995000000000e+00 1.459917847179e-03 1.576806714324e-02 4.940873472502e-05 9.467565904049e+04 9.575212269028e+04 1.000000000000e+05 8.408651775411e+03 5.811414614638e+02 1.800000000000e+06 7.457590629381e+04 1.175148544000e+06 4.700611680000e+06 0.000000000000e+00 0.000000000000e+00 0.000000000000e+00 8.916220780582e-04 2.436338998126e-03 1.586520720425e-02 0.000000000000e+00 0.000000000000e+00 0.000000000000e+00 0.000000000000e+00 0.000000000000e+00 
1.000000000000e+01 1.459689387918e-03 1.573620015363e-02 4.992736322218e-05 9.460912973597e+04 9.569714808041e+04 1.000000000000e+05 8.408984878122e+03 5.812094001783e+02 1.800000000000e+06 7.454877730654e+04 1.175148544000e+06 4.700611680000e+06 0.000000000000e+00 0.000000000000e+00 0.000000000000e+00 8.912977265993e-04 2.435957740915e-03 1.585946417584e-02 0.000000000000e+00 0.000000000000e+00 0.000000000000e+00 0.000000000000e+00 0.000000000000e+00 
