9.000000000000e+00 3.886633474154e-03 4.738592068891e-02 8.612817289419e-04 1.012607280031e+05 1.078885560427e+05 1.000000000000e+05 8.376043365044e+03 5.533027731154e+02 1.800000000000e+06 0.000000000000e+00 -8.752000000000e-01 -8.752000000000e-01 0.000000000000e+00 0.000000000000e+00 0.000000000000e+00 -0.000000000000e+00 3.156552125758e-03 0.000000000000e+00 0.000000000000e+00 0.000000000000e+00 0.000000000000e+00 0.000000000000e+00 0.000000000000e+00 
9.005000000000e+00 3.882294835545e-03 4.722585322799e-02 8.579820719446e-04 1.009191324129e+05 1.075326394456e+05 1.000000000000e+05 8.378401660764e+03 5.537702054641e+02 1.800000000000e+06 0.000000000000e+00 -8.752000000000e-01 -8.752000000000e-01 0.000000000000e+00 0.000000000000e+00 0.000000000000e+00 -0.000000000000e+00 3.153028475017e-03 0.000000000000e+00 0.000000000000e+00 0.000000000000e+00 0.000000000000e+00 0.000000000000e+00 0.000000000000e+00 
9.010000000000e+00 3.877973408235e-03 4.706751152526e-02 8.544925305239e-04 1.005795185524e+05 1.071771402302e+05 1.000000000000e+05 8.380753758445e+03 5.542365180166e+02 1.800000000000e+06 0.000000000000e+00 -8.752000000000e-01 -8.752000000000e-01 0.000000000000e+00 0.000000000000e+00 0.000000000000e+00 -0.000000000000e+00 3.149518802532e-03 0.000000000000e+00 0.000000000000e+00 0.000000000000e+00 0.000000000000e+00 0.000000000000e+00 0.000000000000e+00 
9.015000000000e+00 3.873670121941e-03 4.691084286794e-02 8.508251667450e-04 1.002418879542e+05 1.068221434207e+05 1.000000000000e+05 8.383099126920e+03 5.547016034995e+02 1.800000000000e+06 0.000000000000e+00 -8.752000000000e-01 -8.752000000000e-01 0.000000000000e+00 0.000000000000e+00 0.000000000000e+00 -0.000000000000e+00 3.146023863380e-03 0.000000000000e+00 0.000000000000e+00 0.000000000000e+00 0.000000000000e+00 0.000000000000e+00 0.000000000000e+00 
9.020000000000e+00 3.869385847279e-03 4.675577708190e-02 8.469927326766e-04 9.990623197884e+04 1.064677300225e+05 1.000000000000e+05 8.385437265011e+03 5.551653604058e+02 1.800000000000e+06 0.000000000000e+00 -8.752000000000e-01 -8.752000000000e-01 0.000000000000e+00 0.000000000000e+00 0.000000000000e+00 -0.000000000000e+00 3.142544364636e-03 0.000000000000e+00 0.000000000000e+00 0.000000000000e+00 0.000000000000e+00 0.000000000000e+00 0.000000000000e+00 
9.025000000000e+00 3.865121395611e-03 4.660224828835e-02 8.430068605897e-04 9.957254572969e+04 1.061139769409e+05 1.000000000000e+05 8.387767700637e+03 5.556276930638e+02 1.800000000000e+06 0.000000000000e+00 -8.752000000000e-01 -8.752000000000e-01 0.000000000000e+00 0.000000000000e+00 0.000000000000e+00 -0.000000000000e+00 3.139080965253e-03 0.000000000000e+00 0.000000000000e+00 0.000000000000e+00 0.000000000000e+00 0.000000000000e+00 0.000000000000e+00 
9.030000000000e+00 3.860877512773e-03 4.645016452749e-02 8.388809050738e-04 9.924080542450e+04 1.057609563878e+05 1.000000000000e+05 8.390089996391e+03 5.560885123725e+02 1.800000000000e+06 0.000000000000e+00 -8.752000000000e-01 -8.752000000000e-01 0.000000000000e+00 0.000000000000e+00 0.000000000000e+00 -0.000000000000e+00 3.135634270965e-03 0.000000000000e+00 0.000000000000e+00 0.000000000000e+00 0.000000000000e+00 0.000000000000e+00 0.000000000000e+00 
9.035000000000e+00 3.856654881474e-03 4.629946529815e-02 8.346264346420e-04 9.891099572866e+04 1.054087360048e+05 1.000000000000e+05 8.392403746140e+03 5.565477355972e+02 1.800000000000e+06 0.000000000000e+00 -8.752000000000e-01 -8.752000000000e-01 0.000000000000e+00 0.000000000000e+00 0.000000000000e+00 -0.000000000000e+00 3.132204836240e-03 0.000000000000e+00 0.000000000000e+00 0.000000000000e+00 0.000000000000e+00 0.000000000000e+00 0.000000000000e+00 
9.040000000000e+00 3.852454125457e-03 4.615009241203e-02 8.302548391835e-04 9.858309761928e+04 1.050573791367e+05 1.000000000000e+05 8.394708574069e+03 5.570052859734e+02 1.800000000000e+06 0.000000000000e+00 -8.752000000000e-01 -8.752000000000e-01 0.000000000000e+00 0.000000000000e+00 0.000000000000e+00 -0.000000000000e+00 3.128793167652e-03 0.000000000000e+00 0.000000000000e+00 0.000000000000e+00 0.000000000000e+00 0.000000000000e+00 0.000000000000e+00 
9.045000000000e+00 3.848275826515e-03 4.600217290060e-02 8.257581579431e-04 9.825723954641e+04 1.047069461904e+05 1.000000000000e+05 8.397004112676e+03 5.574610909009e+02 1.800000000000e+06 0.000000000000e+00 -8.752000000000e-01 -8.752000000000e-01 0.000000000000e+00 0.000000000000e+00 0.000000000000e+00 -0.000000000000e+00 3.125399737710e-03 0.000000000000e+00 0.000000000000e+00 0.000000000000e+00 0.000000000000e+00 0.000000000000e+00 0.000000000000e+00 
9.050000000000e+00 3.844123215325e-03 4.587631909527e-02 8.197367585319e-04 9.794466804370e+04 1.043577211835e+05 1.000000000000e+05 8.399287597788e+03 5.579147877681e+02 1.800000000000e+06 0.000000000000e+00 -8.752000000000e-01 -8.752000000000e-01 0.000000000000e+00 0.000000000000e+00 0.000000000000e+00 -0.000000000000e+00 3.122027170225e-03 0.000000000000e+00 0.000000000000e+00 0.000000000000e+00 0.000000000000e+00 0.000000000000e+00 0.000000000000e+00 
9.055000000000e+00 3.840020562423e-03 4.587997034432e-02 8.056617733346e-04 9.769872371700e+04 1.040117676402e+05 1.000000000000e+05 8.401541187173e+03 5.583637078500e+02 1.800000000000e+06 0.000000000000e+00 -8.752000000000e-01 -8.752000000000e-01 0.000000000000e+00 0.000000000000e+00 0.000000000000e+00 -0.000000000000e+00 3.118695176657e-03 0.000000000000e+00 0.000000000000e+00 0.000000000000e+00 0.000000000000e+00 0.000000000000e+00 0.000000000000e+00 
9.060000000000e+00 3.836038179695e-03 4.617675778425e-02 7.733949824756e-04 9.760542287834e+04 1.036750686566e+05 1.000000000000e+05 8.403719066957e+03 5.588001173041e+02 1.800000000000e+06 0.000000000000e+00 -8.752000000000e-01 -8.752000000000e-01 0.000000000000e+00 0.000000000000e+00 0.000000000000e+00 -0.000000000000e+00 3.115460861214e-03 0.000000000000e+00 0.000000000000e+00 0.000000000000e+00 0.000000000000e+00 0.000000000000e+00 0.000000000000e+00 
9.065000000000e+00 3.832295716495e-03 4.689271162971e-02 7.145770551248e-04 9.774159854183e+04 1.033578549135e+05 1.000000000000e+05 8.405749092051e+03 5.592108199186e+02 1.800000000000e+06 0.000000000000e+00 -8.752000000000e-01 -8.752000000000e-01 0.000000000000e+00 0.000000000000e+00 0.000000000000e+00 -0.000000000000e+00 3.112421397820e-03 0.000000000000e+00 0.000000000000e+00 0.000000000000e+00 0.000000000000e+00 0.000000000000e+00 0.000000000000e+00 
9.070000000000e+00 3.828940980175e-03 4.805533130063e-02 6.259588976535e-04 9.814662047077e+04 1.030728448231e+05 1.000000000000e+05 8.407546650761e+03 5.595794556414e+02 1.800000000000e+06 0.000000000000e+00 -8.752000000000e-01 -8.752000000000e-01 0.000000000000e+00 0.000000000000e+00 0.000000000000e+00 -0.000000000000e+00 3.109696829082e-03 0.000000000000e+00 0.000000000000e+00 0.000000000000e+00 0.000000000000e+00 0.000000000000e+00 0.000000000000e+00 
9.075000000000e+00 3.826128256254e-03 4.959990544955e-02 5.077832294547e-04 9.883279736843e+04 1.028334002669e+05 1.000000000000e+05 8.409025615639e+03 5.598888847372e+02 1.800000000000e+06 0.000000000000e+00 -8.752000000000e-01 -8.752000000000e-01 0.000000000000e+00 0.000000000000e+00 0.000000000000e+00 -0.000000000000e+00 3.107412458885e-03 0.000000000000e+00 0.000000000000e+00 0.000000000000e+00 0.000000000000e+00 0.000000000000e+00 0.000000000000e+00 
9.080000000000e+00 3.824002252129e-03 5.149368754565e-02 3.609665845499e-04 9.980585230565e+04 1.026521227888e+05 1.000000000000e+05 8.410105479744e+03 5.601229811992e+02 1.800000000000e+06 0.000000000000e+00 -8.752000000000e-01 -8.752000000000e-01 0.000000000000e+00 0.000000000000e+00 0.000000000000e+00 -0.000000000000e+00 3.105685786765e-03 0.000000000000e+00 0.000000000000e+00 0.000000000000e+00 0.000000000000e+00 0.000000000000e+00 0.000000000000e+00 
9.085000000000e+00 3.822693424956e-03 5.363152647074e-02 1.907481861679e-04 1.010355499314e+05 1.025403977758e+05 1.000000000000e+05 8.410716612322e+03 5.602671891214e+02 1.800000000000e+06 0.000000000000e+00 -8.752000000000e-01 -8.752000000000e-01 0.000000000000e+00 0.000000000000e+00 0.000000000000e+00 -0.000000000000e+00 3.104622819151e-03 0.000000000000e+00 0.000000000000e+00 0.000000000000e+00 0.000000000000e+00 0.000000000000e+00 0.000000000000e+00 
9.090000000000e+00 3.822292922350e-03 5.590291677363e-02 6.129490073072e-06 1.024578263671e+05 1.025061906524e+05 1.000000000000e+05 8.410814000211e+03 5.603113308765e+02 1.800000000000e+06 0.000000000000e+00 -8.752000000000e-01 -8.752000000000e-01 0.000000000000e+00 0.000000000000e+00 0.000000000000e+00 -0.000000000000e+00 3.104297549748e-03 0.000000000000e+00 0.000000000000e+00 0.000000000000e+00 0.000000000000e+00 0.000000000000e+00 0.000000000000e+00 
9.095000000000e+00 3.822779427404e-03 5.818615968367e-02 -1.849093652833e-04 1.040064771912e+05 1.025477421165e+05 1.000000000000e+05 8.410414777617e+03 5.602577111381e+02 1.800000000000e+06 0.000000000000e+00 -8.752000000000e-01 -8.752000000000e-01 0.000000000000e+00 0.000000000000e+00 0.000000000000e+00 -0.000000000000e+00 3.104692666293e-03 0.000000000000e+00 0.000000000000e+00 0.000000000000e+00 0.000000000000e+00 0.000000000000e+00 0.000000000000e+00 
9.100000000000e+00 3.824166427663e-03 6.043575093336e-02 -3.819279916543e-04 1.056774905862e+05 1.026661304964e+05 1.000000000000e+05 8.409512112396e+03 5.601048971020e+02 1.800000000000e+06 0.000000000000e+00 -8.752000000000e-01 -8.752000000000e-01 0.000000000000e+00 0.000000000000e+00 0.000000000000e+00 -0.000000000000e+00 3.105819122342e-03 0.000000000000e+00 0.000000000000e+00 0.000000000000e+00 0.000000000000e+00 0.000000000000e+00 0.000000000000e+00 
9.105000000000e+00 3.826468920116e-03 6.260132246019e-02 -5.804260284152e-04 1.074347373314e+05 1.028624241253e+05 1.000000000000e+05 8.408101540141e+03 5.598513910100e+02 1.800000000000e+06 0.000000000000e+00 -8.752000000000e-01 -8.752000000000e-01 0.000000000000e+00 0.000000000000e+00 0.000000000000e+00 -0.000000000000e+00 3.107689131035e-03 0.000000000000e+00 0.000000000000e+00 0.000000000000e+00 0.000000000000e+00 0.000000000000e+00 0.000000000000e+00 
9.110000000000e+00 3.829692505474e-03 6.465831256479e-02 -7.790139770793e-04 1.092656925639e+05 1.031367469101e+05 1.000000000000e+05 8.406182170460e+03 5.594968344454e+02 1.800000000000e+06 0.000000000000e+00 -8.752000000000e-01 -8.752000000000e-01 0.000000000000e+00 0.000000000000e+00 0.000000000000e+00 -0.000000000000e+00 3.110307184752e-03 0.000000000000e+00 0.000000000000e+00 0.000000000000e+00 0.000000000000e+00 0.000000000000e+00 0.000000000000e+00 
9.115000000000e+00 3.833884785868e-03 6.658915540496e-02 -9.747070238788e-04 1.111486396314e+05 1.034926402921e+05 1.000000000000e+05 8.403731440727e+03 5.590363641433e+02 1.800000000000e+06 0.000000000000e+00 -8.752000000000e-01 -8.752000000000e-01 0.000000000000e+00 0.000000000000e+00 0.000000000000e+00 -0.000000000000e+00 3.113711969813e-03 0.000000000000e+00 0.000000000000e+00 0.000000000000e+00 0.000000000000e+00 0.000000000000e+00 0.000000000000e+00 
9.120000000000e+00 3.839022315315e-03 6.838303041229e-02 -1.161882830257e-03 1.130353405065e+05 1.039274509218e+05 1.000000000000e+05 8.400768386366e+03 5.584730406061e+02 1.800000000000e+06 0.000000000000e+00 -8.752000000000e-01 -8.752000000000e-01 0.000000000000e+00 0.000000000000e+00 0.000000000000e+00 -0.000000000000e+00 3.117884444425e-03 0.000000000000e+00 0.000000000000e+00 0.000000000000e+00 0.000000000000e+00 0.000000000000e+00 0.000000000000e+00 
9.125000000000e+00 3.845056798220e-03 7.004063171979e-02 -1.339193074027e-03 1.149094201548e+05 1.044363157424e+05 1.000000000000e+05 8.397323209123e+03 5.578127280199e+02 1.800000000000e+06 0.000000000000e+00 -8.752000000000e-01 -8.752000000000e-01 0.000000000000e+00 0.000000000000e+00 0.000000000000e+00 -0.000000000000e+00 3.122785385038e-03 0.000000000000e+00 0.000000000000e+00 0.000000000000e+00 0.000000000000e+00 0.000000000000e+00 0.000000000000e+00 
9.130000000000e+00 3.851936898982e-03 7.156851081482e-02 -1.505900678683e-03 1.167593470219e+05 1.050140511657e+05 1.000000000000e+05 8.393427567734e+03 5.570616715712e+02 1.800000000000e+06 0.000000000000e+00 -8.752000000000e-01 -8.752000000000e-01 0.000000000000e+00 0.000000000000e+00 0.000000000000e+00 -0.000000000000e+00 3.128373099143e-03 0.000000000000e+00 0.000000000000e+00 0.000000000000e+00 0.000000000000e+00 0.000000000000e+00 0.000000000000e+00 
9.135000000000e+00 3.859608003182e-03 7.296835407872e-02 -1.661098336635e-03 1.185723215747e+05 1.056551650013e+05 1.000000000000e+05 8.389115132385e+03 5.562265004687e+02 1.800000000000e+06 0.000000000000e+00 -8.752000000000e-01 -8.752000000000e-01 0.000000000000e+00 0.000000000000e+00 0.000000000000e+00 -0.000000000000e+00 3.134603231321e-03 0.000000000000e+00 0.000000000000e+00 0.000000000000e+00 0.000000000000e+00 0.000000000000e+00 0.000000000000e+00 
9.140000000000e+00 3.868011409734e-03 7.424600641707e-02 -1.804358067984e-03 1.203393053701e+05 1.063538219079e+05 1.000000000000e+05 8.384421486638e+03 5.553142920270e+02 1.800000000000e+06 0.000000000000e+00 -8.752000000000e-01 -8.752000000000e-01 0.000000000000e+00 0.000000000000e+00 0.000000000000e+00 -0.000000000000e+00 3.141428107139e-03 0.000000000000e+00 0.000000000000e+00 0.000000000000e+00 0.000000000000e+00 0.000000000000e+00 0.000000000000e+00 
9.145000000000e+00 3.877088066235e-03 7.540626884005e-02 -1.935468269535e-03 1.220532470652e+05 1.071041853495e+05 1.000000000000e+05 8.379382160959e+03 5.543321433369e+02 1.800000000000e+06 0.000000000000e+00 -8.752000000000e-01 -8.752000000000e-01 0.000000000000e+00 0.000000000000e+00 0.000000000000e+00 -0.000000000000e+00 3.148799766845e-03 0.000000000000e+00 0.000000000000e+00 0.000000000000e+00 0.000000000000e+00 0.000000000000e+00 0.000000000000e+00 
9.150000000000e+00 3.886778187611e-03 7.645896070455e-02 -2.054497600311e-03 1.237095188249e+05 1.079004102916e+05 1.000000000000e+05 8.374032722740e+03 5.532871948164e+02 1.800000000000e+06 0.000000000000e+00 -8.752000000000e-01 -8.752000000000e-01 0.000000000000e+00 0.000000000000e+00 0.000000000000e+00 -0.000000000000e+00 3.156669655639e-03 0.000000000000e+00 0.000000000000e+00 0.000000000000e+00 0.000000000000e+00 0.000000000000e+00 0.000000000000e+00 
9.155000000000e+00 3.897021242242e-03 7.741380446444e-02 -2.161628566128e-03 1.253045960041e+05 1.087366645450e+05 1.000000000000e+05 8.368408824092e+03 5.521866151284e+02 1.800000000000e+06 0.000000000000e+00 -8.752000000000e-01 -8.752000000000e-01 0.000000000000e+00 0.000000000000e+00 0.000000000000e+00 -0.000000000000e+00 3.164988612411e-03 0.000000000000e+00 0.000000000000e+00 0.000000000000e+00 0.000000000000e+00 0.000000000000e+00 0.000000000000e+00 
9.160000000000e+00 3.907758763218e-03 7.827966023090e-02 -2.257277617447e-03 1.268371561373e+05 1.096073760381e+05 1.000000000000e+05 8.362544542529e+03 5.510372858842e+02 1.800000000000e+06 0.000000000000e+00 -8.752000000000e-01 -8.752000000000e-01 0.000000000000e+00 0.000000000000e+00 0.000000000000e+00 -0.000000000000e+00 3.173709152918e-03 0.000000000000e+00 0.000000000000e+00 0.000000000000e+00 0.000000000000e+00 0.000000000000e+00 0.000000000000e+00 
9.165000000000e+00 3.918934725436e-03 7.906443498582e-02 -2.341898659762e-03 1.283065524085e+05 1.105072725637e+05 1.000000000000e+05 8.356472279360e+03 5.498457542762e+02 1.800000000000e+06 0.000000000000e+00 -8.752000000000e-01 -8.752000000000e-01 0.000000000000e+00 0.000000000000e+00 0.000000000000e+00 -0.000000000000e+00 3.182785776041e-03 0.000000000000e+00 0.000000000000e+00 0.000000000000e+00 0.000000000000e+00 0.000000000000e+00 0.000000000000e+00 
9.170000000000e+00 3.930495491630e-03 7.977486581179e-02 -2.416021589588e-03 1.297130683314e+05 1.114313827667e+05 1.000000000000e+05 8.350222746728e+03 5.486182345750e+02 1.800000000000e+06 0.000000000000e+00 -8.752000000000e-01 -8.752000000000e-01 0.000000000000e+00 0.000000000000e+00 0.000000000000e+00 -0.000000000000e+00 3.192174919957e-03 0.000000000000e+00 0.000000000000e+00 0.000000000000e+00 0.000000000000e+00 0.000000000000e+00 0.000000000000e+00 
9.175000000000e+00 3.942390601985e-03 8.041770475649e-02 -2.480214847970e-03 1.310576533945e+05 1.123751011796e+05 1.000000000000e+05 8.343824562870e+03 5.473605224983e+02 1.800000000000e+06 0.000000000000e+00 -8.752000000000e-01 -8.752000000000e-01 0.000000000000e+00 0.000000000000e+00 0.000000000000e+00 -0.000000000000e+00 3.201835603428e-03 0.000000000000e+00 0.000000000000e+00 0.000000000000e+00 0.000000000000e+00 0.000000000000e+00 0.000000000000e+00 
9.180000000000e+00 3.954572065484e-03 8.099766803874e-02 -2.534938601865e-03 1.323407368147e+05 1.133341304052e+05 1.000000000000e+05 8.337304731246e+03 5.460780709152e+02 1.800000000000e+06 0.000000000000e+00 -8.752000000000e-01 -8.752000000000e-01 0.000000000000e+00 0.000000000000e+00 0.000000000000e+00 -0.000000000000e+00 3.211728850256e-03 0.000000000000e+00 0.000000000000e+00 0.000000000000e+00 0.000000000000e+00 0.000000000000e+00 0.000000000000e+00 
9.185000000000e+00 3.966993657759e-03 8.151561174418e-02 -2.580464495193e-03 1.335615739603e+05 1.143044242541e+05 1.000000000000e+05 8.330689069018e+03 5.447760645037e+02 1.800000000000e+06 0.000000000000e+00 -8.752000000000e-01 -8.752000000000e-01 0.000000000000e+00 0.000000000000e+00 0.000000000000e+00 -0.000000000000e+00 3.221817119039e-03 0.000000000000e+00 0.000000000000e+00 0.000000000000e+00 0.000000000000e+00 0.000000000000e+00 0.000000000000e+00 
9.190000000000e+00 3.979611377503e-03 8.197122849518e-02 -2.617030770546e-03 1.347194438903e+05 1.152822211625e+05 1.000000000000e+05 8.324001868850e+03 5.434593731100e+02 1.800000000000e+06 0.000000000000e+00 -8.752000000000e-01 -8.752000000000e-01 0.000000000000e+00 0.000000000000e+00 0.000000000000e+00 -0.000000000000e+00 3.232064673834e-03 0.000000000000e+00 0.000000000000e+00 0.000000000000e+00 0.000000000000e+00 0.000000000000e+00 0.000000000000e+00 
9.195000000000e+00 3.992384079502e-03 8.235734195071e-02 -2.644431442188e-03 1.358106426100e+05 1.162640879836e+05 1.000000000000e+05 8.317265843504e+03 5.421324891589e+02 1.800000000000e+06 0.000000000000e+00 -8.752000000000e-01 -8.752000000000e-01 0.000000000000e+00 0.000000000000e+00 0.000000000000e+00 -0.000000000000e+00 3.242438098287e-03 0.000000000000e+00 0.000000000000e+00 0.000000000000e+00 0.000000000000e+00 0.000000000000e+00 0.000000000000e+00 
9.200000000000e+00 4.005266371606e-03 8.267205519593e-02 -2.662632280972e-03 1.368325853306e+05 1.172463727230e+05 1.000000000000e+05 8.310505465284e+03 5.408002659814e+02 1.800000000000e+06 0.000000000000e+00 -8.752000000000e-01 -8.752000000000e-01 0.000000000000e+00 0.000000000000e+00 0.000000000000e+00 -0.000000000000e+00 3.252900526855e-03 0.000000000000e+00 0.000000000000e+00 0.000000000000e+00 0.000000000000e+00 0.000000000000e+00 0.000000000000e+00 
9.205000000000e+00 4.018212205748e-03 8.291472329309e-02 -2.671691722657e-03 1.377834421569e+05 1.182254881701e+05 1.000000000000e+05 8.303745101511e+03 5.394675385185e+02 1.800000000000e+06 0.000000000000e+00 -8.752000000000e-01 -8.752000000000e-01 0.000000000000e+00 0.000000000000e+00 0.000000000000e+00 -0.000000000000e+00 3.263414561277e-03 0.000000000000e+00 0.000000000000e+00 0.000000000000e+00 0.000000000000e+00 0.000000000000e+00 0.000000000000e+00 
9.210000000000e+00 4.031174198112e-03 8.309005711587e-02 -2.671931614132e-03 1.386633084271e+05 1.191978620180e+05 1.000000000000e+05 8.297009254590e+03 5.381391915886e+02 1.800000000000e+06 0.000000000000e+00 -8.752000000000e-01 -8.752000000000e-01 0.000000000000e+00 0.000000000000e+00 0.000000000000e+00 -0.000000000000e+00 3.273941718440e-03 0.000000000000e+00 0.000000000000e+00 0.000000000000e+00 0.000000000000e+00 0.000000000000e+00 0.000000000000e+00 
9.215000000000e+00 4.044108266549e-03 8.319909964806e-02 -2.663572074773e-03 1.394718118586e+05 1.201602824276e+05 1.000000000000e+05 8.290320391261e+03 5.368196858519e+02 1.800000000000e+06 0.000000000000e+00 -8.752000000000e-01 -8.752000000000e-01 0.000000000000e+00 0.000000000000e+00 0.000000000000e+00 -0.000000000000e+00 3.284446196679e-03 0.000000000000e+00 0.000000000000e+00 0.000000000000e+00 0.000000000000e+00 0.000000000000e+00 0.000000000000e+00 
9.220000000000e+00 4.056971992712e-03 8.324333732308e-02 -2.646800690063e-03 1.402084995952e+05 1.211097645975e+05 1.000000000000e+05 8.283699782820e+03 5.355132331643e+02 1.800000000000e+06 0.000000000000e+00 -8.752000000000e-01 -8.752000000000e-01 0.000000000000e+00 0.000000000000e+00 0.000000000000e+00 -0.000000000000e+00 3.294893545581e-03 0.000000000000e+00 0.000000000000e+00 0.000000000000e+00 0.000000000000e+00 0.000000000000e+00 0.000000000000e+00 
9.225000000000e+00 4.069723504269e-03 8.322291622857e-02 -2.621811778374e-03 1.408730362295e+05 1.220434606324e+05 1.000000000000e+05 8.277168080379e+03 5.342239154358e+02 1.800000000000e+06 0.000000000000e+00 -8.752000000000e-01 -8.752000000000e-01 0.000000000000e+00 0.000000000000e+00 0.000000000000e+00 -0.000000000000e+00 3.305249758159e-03 0.000000000000e+00 0.000000000000e+00 0.000000000000e+00 0.000000000000e+00 0.000000000000e+00 0.000000000000e+00 
9.230000000000e+00 4.082322471805e-03 8.313886117894e-02 -2.588774345400e-03 1.414650264610e+05 1.229587258439e+05 1.000000000000e+05 8.270744844096e+03 5.329555885077e+02 1.800000000000e+06 0.000000000000e+00 -8.752000000000e-01 -8.752000000000e-01 0.000000000000e+00 0.000000000000e+00 0.000000000000e+00 -0.000000000000e+00 3.315482080504e-03 0.000000000000e+00 0.000000000000e+00 0.000000000000e+00 0.000000000000e+00 0.000000000000e+00 0.000000000000e+00 
9.235000000000e+00 4.094728824475e-03 8.299091512945e-02 -2.547818868591e-03 1.419838275049e+05 1.238530174131e+05 1.000000000000e+05 8.264449233935e+03 5.317120172074e+02 1.800000000000e+06 0.000000000000e+00 -8.752000000000e-01 -8.752000000000e-01 0.000000000000e+00 0.000000000000e+00 0.000000000000e+00 -0.000000000000e+00 3.325557968687e-03 0.000000000000e+00 0.000000000000e+00 0.000000000000e+00 0.000000000000e+00 0.000000000000e+00 0.000000000000e+00 
9.240000000000e+00 4.106904528422e-03 8.278237609953e-02 -2.499406105678e-03 1.424312724138e+05 1.247240152892e+05 1.000000000000e+05 8.258298898649e+03 5.304967023412e+02 1.800000000000e+06 0.000000000000e+00 -8.752000000000e-01 -8.752000000000e-01 0.000000000000e+00 0.000000000000e+00 0.000000000000e+00 -0.000000000000e+00 3.335446533127e-03 0.000000000000e+00 0.000000000000e+00 0.000000000000e+00 0.000000000000e+00 0.000000000000e+00 0.000000000000e+00 
9.245000000000e+00 4.118815109232e-03 8.251908265330e-02 -2.444058201128e-03 1.428098068916e+05 1.255697189919e+05 1.000000000000e+05 8.252309413294e+03 5.293127377625e+02 1.800000000000e+06 0.000000000000e+00 -8.752000000000e-01 -8.752000000000e-01 0.000000000000e+00 0.000000000000e+00 0.000000000000e+00 -0.000000000000e+00 3.345119775055e-03 0.000000000000e+00 0.000000000000e+00 0.000000000000e+00 0.000000000000e+00 0.000000000000e+00 0.000000000000e+00 
9.250000000000e+00 4.130427767904e-03 8.220811050306e-02 -2.382314934163e-03 1.431220401450e+05 1.263883006568e+05 1.000000000000e+05 8.246495304399e+03 5.281630076014e+02 1.800000000000e+06 0.000000000000e+00 -8.752000000000e-01 -8.752000000000e-01 0.000000000000e+00 0.000000000000e+00 0.000000000000e+00 -0.000000000000e+00 3.354551088435e-03 0.000000000000e+00 0.000000000000e+00 0.000000000000e+00 0.000000000000e+00 0.000000000000e+00 0.000000000000e+00 
9.255000000000e+00 4.141713194797e-03 8.185830617965e-02 -2.314971707037e-03 1.433725166851e+05 1.271782221761e+05 1.000000000000e+05 8.240869026940e+03 5.270500148090e+02 1.800000000000e+06 0.000000000000e+00 -8.752000000000e-01 -8.752000000000e-01 0.000000000000e+00 0.000000000000e+00 0.000000000000e+00 -0.000000000000e+00 3.363716613944e-03 0.000000000000e+00 0.000000000000e+00 0.000000000000e+00 0.000000000000e+00 0.000000000000e+00 0.000000000000e+00 
9.260000000000e+00 4.152646226258e-03 8.147837471526e-02 -2.242852082428e-03 1.435661308111e+05 1.279382673114e+05 1.000000000000e+05 8.235440823837e+03 5.259758270378e+02 1.800000000000e+06 0.000000000000e+00 -8.752000000000e-01 -8.752000000000e-01 0.000000000000e+00 0.000000000000e+00 0.000000000000e+00 -0.000000000000e+00 3.372595939440e-03 0.000000000000e+00 0.000000000000e+00 0.000000000000e+00 0.000000000000e+00 0.000000000000e+00 0.000000000000e+00 
9.265000000000e+00 4.163206144185e-03 8.107863743887e-02 -2.166976891431e-03 1.437093127880e+05 1.286675483120e+05 1.000000000000e+05 8.230218522803e+03 5.249420582140e+02 1.800000000000e+06 0.000000000000e+00 -8.752000000000e-01 -8.752000000000e-01 0.000000000000e+00 0.000000000000e+00 0.000000000000e+00 -0.000000000000e+00 3.381172238595e-03 0.000000000000e+00 0.000000000000e+00 0.000000000000e+00 0.000000000000e+00 0.000000000000e+00 0.000000000000e+00 
9.270000000000e+00 4.173377596601e-03 8.066881447289e-02 -2.088322005656e-03 1.438083861370e+05 1.293655553767e+05 1.000000000000e+05 8.225207275149e+03 5.239497894335e+02 1.800000000000e+06 0.000000000000e+00 -8.752000000000e-01 -8.752000000000e-01 0.000000000000e+00 0.000000000000e+00 0.000000000000e+00 -0.000000000000e+00 3.389433043211e-03 0.000000000000e+00 0.000000000000e+00 0.000000000000e+00 0.000000000000e+00 0.000000000000e+00 0.000000000000e+00 
9.275000000000e+00 4.183149353395e-03 8.025391856521e-02 -2.007649473946e-03 1.438683337585e+05 1.300320579300e+05 1.000000000000e+05 8.220410323155e+03 5.229997008264e+02 1.800000000000e+06 0.000000000000e+00 -8.752000000000e-01 -8.752000000000e-01 0.000000000000e+00 0.000000000000e+00 0.000000000000e+00 -0.000000000000e+00 3.397369232688e-03 0.000000000000e+00 0.000000000000e+00 0.000000000000e+00 0.000000000000e+00 0.000000000000e+00 0.000000000000e+00 
9.280000000000e+00 4.192513802344e-03 7.983812781281e-02 -1.925677172402e-03 1.438939616035e+05 1.306670604347e+05 1.000000000000e+05 8.215829180558e+03 5.220921283437e+02 1.800000000000e+06 0.000000000000e+00 -8.752000000000e-01 -8.752000000000e-01 0.000000000000e+00 0.000000000000e+00 0.000000000000e+00 -0.000000000000e+00 3.404974624716e-03 0.000000000000e+00 0.000000000000e+00 0.000000000000e+00 0.000000000000e+00 0.000000000000e+00 0.000000000000e+00 
9.285000000000e+00 4.201467177839e-03 7.942662146718e-02 -1.843193712607e-03 1.438907092811e+05 1.312708098068e+05 1.000000000000e+05 8.211463478928e+03 5.212270480689e+02 1.800000000000e+06 0.000000000000e+00 -8.752000000000e-01 -8.752000000000e-01 0.000000000000e+00 0.000000000000e+00 0.000000000000e+00 -0.000000000000e+00 3.412246161031e-03 0.000000000000e+00 0.000000000000e+00 0.000000000000e+00 0.000000000000e+00 0.000000000000e+00 0.000000000000e+00 
9.290000000000e+00 4.210008740626e-03 7.901993270633e-02 -1.760536883466e-03 1.438610361813e+05 1.318437332304e+05 1.000000000000e+05 8.207311710290e+03 5.204041610207e+02 1.800000000000e+06 0.000000000000e+00 -8.752000000000e-01 -8.752000000000e-01 0.000000000000e+00 0.000000000000e+00 0.000000000000e+00 -0.000000000000e+00 3.419183241245e-03 0.000000000000e+00 0.000000000000e+00 0.000000000000e+00 0.000000000000e+00 0.000000000000e+00 0.000000000000e+00 
9.295000000000e+00 4.218138660365e-03 7.861680317061e-02 -1.678059040428e-03 1.438075081091e+05 1.323862923246e+05 1.000000000000e+05 8.203372000806e+03 5.196231002994e+02 1.800000000000e+06 0.000000000000e+00 -8.752000000000e-01 -8.752000000000e-01 0.000000000000e+00 0.000000000000e+00 0.000000000000e+00 -0.000000000000e+00 3.425786003148e-03 0.000000000000e+00 0.000000000000e+00 0.000000000000e+00 0.000000000000e+00 0.000000000000e+00 0.000000000000e+00 
9.300000000000e+00 4.225859591530e-03 7.822119160470e-02 -1.596162291455e-03 1.437331366574e+05 1.328990867989e+05 1.000000000000e+05 8.199641322695e+03 5.188832810384e+02 1.800000000000e+06 0.000000000000e+00 -8.752000000000e-01 -8.752000000000e-01 0.000000000000e+00 0.000000000000e+00 0.000000000000e+00 -0.000000000000e+00 3.432056602587e-03 0.000000000000e+00 0.000000000000e+00 0.000000000000e+00 0.000000000000e+00 0.000000000000e+00 0.000000000000e+00 
9.305000000000e+00 4.233173222332e-03 7.782759696325e-02 -1.514877973598e-03 1.436383158965e+05 1.333826239225e+05 1.000000000000e+05 8.196117439814e+03 5.181842322835e+02 1.800000000000e+06 0.000000000000e+00 -8.752000000000e-01 -8.752000000000e-01 0.000000000000e+00 0.000000000000e+00 0.000000000000e+00 -0.000000000000e+00 3.437996410651e-03 0.000000000000e+00 0.000000000000e+00 0.000000000000e+00 0.000000000000e+00 0.000000000000e+00 0.000000000000e+00 
9.310000000000e+00 4.240082595804e-03 7.743730392577e-02 -1.434645842131e-03 1.435262649199e+05 1.338374734901e+05 1.000000000000e+05 8.192797303622e+03 5.175253740916e+02 1.800000000000e+06 0.000000000000e+00 -8.752000000000e-01 -8.752000000000e-01 0.000000000000e+00 0.000000000000e+00 0.000000000000e+00 -0.000000000000e+00 3.443607898760e-03 0.000000000000e+00 0.000000000000e+00 0.000000000000e+00 0.000000000000e+00 0.000000000000e+00 0.000000000000e+00 
9.315000000000e+00 4.246596175273e-03 7.705604640211e-02 -1.355707192701e-03 1.433991603140e+05 1.342645330303e+05 1.000000000000e+05 8.189675443374e+03 5.169056319133e+02 1.800000000000e+06 0.000000000000e+00 -8.752000000000e-01 -8.752000000000e-01 0.000000000000e+00 0.000000000000e+00 0.000000000000e+00 -0.000000000000e+00 3.448897940451e-03 0.000000000000e+00 0.000000000000e+00 0.000000000000e+00 0.000000000000e+00 0.000000000000e+00 0.000000000000e+00 
9.320000000000e+00 4.252721528792e-03 7.667482847049e-02 -1.277946192975e-03 1.432566949045e+05 1.346646106351e+05 1.000000000000e+05 8.186747142947e+03 5.163240400744e+02 1.800000000000e+06 0.000000000000e+00 -8.752000000000e-01 -8.752000000000e-01 0.000000000000e+00 0.000000000000e+00 0.000000000000e+00 -0.000000000000e+00 3.453872682166e-03 0.000000000000e+00 0.000000000000e+00 0.000000000000e+00 0.000000000000e+00 0.000000000000e+00 0.000000000000e+00 
9.325000000000e+00 4.258465897668e-03 7.629666155545e-02 -1.201602956117e-03 1.431009254300e+05 1.350384648279e+05 1.000000000000e+05 8.184007732096e+03 5.157796857471e+02 1.800000000000e+06 0.000000000000e+00 -8.752000000000e-01 -8.752000000000e-01 0.000000000000e+00 0.000000000000e+00 0.000000000000e+00 -0.000000000000e+00 3.458538004972e-03 0.000000000000e+00 0.000000000000e+00 0.000000000000e+00 0.000000000000e+00 0.000000000000e+00 0.000000000000e+00 
9.330000000000e+00 4.263837087215e-03 7.592296665553e-02 -1.126794129080e-03 1.429330944704e+05 1.353868642725e+05 1.000000000000e+05 8.181452433763e+03 5.152716232661e+02 1.800000000000e+06 0.000000000000e+00 -8.752000000000e-01 -8.752000000000e-01 0.000000000000e+00 0.000000000000e+00 0.000000000000e+00 -0.000000000000e+00 3.462900248002e-03 0.000000000000e+00 0.000000000000e+00 0.000000000000e+00 0.000000000000e+00 0.000000000000e+00 0.000000000000e+00 
9.335000000000e+00 4.268854039629e-03 7.555847331657e-02 -1.055332228277e-03 1.427664598845e+05 1.357112714052e+05 1.000000000000e+05 8.179070182375e+03 5.147978758615e+02 1.800000000000e+06 0.000000000000e+00 -8.752000000000e-01 -8.752000000000e-01 0.000000000000e+00 0.000000000000e+00 0.000000000000e+00 -0.000000000000e+00 3.466974795270e-03 0.000000000000e+00 0.000000000000e+00 0.000000000000e+00 0.000000000000e+00 0.000000000000e+00 0.000000000000e+00 
9.340000000000e+00 4.273545457905e-03 7.520031840172e-02 -9.856380640596e-04 1.425921616105e+05 1.360137453151e+05 1.000000000000e+05 8.176847320080e+03 5.143555721732e+02 1.800000000000e+06 0.000000000000e+00 -8.752000000000e-01 -8.752000000000e-01 0.000000000000e+00 0.000000000000e+00 0.000000000000e+00 -0.000000000000e+00 3.470784958084e-03 0.000000000000e+00 0.000000000000e+00 0.000000000000e+00 0.000000000000e+00 0.000000000000e+00 0.000000000000e+00 
9.345000000000e+00 4.277918254404e-03 7.484659255905e-02 -9.173498504956e-04 1.424081673696e+05 1.362949104208e+05 1.000000000000e+05 8.174780088882e+03 5.139439186601e+02 1.800000000000e+06 0.000000000000e+00 -8.752000000000e-01 -8.752000000000e-01 0.000000000000e+00 0.000000000000e+00 0.000000000000e+00 -0.000000000000e+00 3.474336350356e-03 0.000000000000e+00 0.000000000000e+00 0.000000000000e+00 0.000000000000e+00 0.000000000000e+00 0.000000000000e+00 
9.350000000000e+00 4.281979104016e-03 7.449724445141e-02 -8.505253227307e-04 1.422152327358e+05 1.365553581121e+05 1.000000000000e+05 8.172864660544e+03 5.135621580631e+02 1.800000000000e+06 0.000000000000e+00 -8.752000000000e-01 -8.752000000000e-01 0.000000000000e+00 0.000000000000e+00 0.000000000000e+00 -0.000000000000e+00 3.477634393138e-03 0.000000000000e+00 0.000000000000e+00 0.000000000000e+00 0.000000000000e+00 0.000000000000e+00 0.000000000000e+00 
9.355000000000e+00 4.285735095264e-03 7.415356242695e-02 -7.852918639174e-04 1.420145958128e+05 1.367956896203e+05 1.000000000000e+05 8.171097026201e+03 5.132095073571e+02 1.800000000000e+06 0.000000000000e+00 -8.752000000000e-01 -8.752000000000e-01 0.000000000000e+00 0.000000000000e+00 0.000000000000e+00 -0.000000000000e+00 3.480684843415e-03 0.000000000000e+00 0.000000000000e+00 0.000000000000e+00 0.000000000000e+00 0.000000000000e+00 0.000000000000e+00 
9.360000000000e+00 4.289194015372e-03 7.381756486968e-02 -7.217921842259e-04 1.418076325098e+05 1.370165349324e+05 1.000000000000e+05 8.169472889094e+03 5.128851304896e+02 1.800000000000e+06 0.000000000000e+00 -8.752000000000e-01 -8.752000000000e-01 0.000000000000e+00 0.000000000000e+00 0.000000000000e+00 -0.000000000000e+00 3.483494025627e-03 0.000000000000e+00 0.000000000000e+00 0.000000000000e+00 0.000000000000e+00 0.000000000000e+00 0.000000000000e+00 
9.365000000000e+00 4.292364247283e-03 7.349021551303e-02 -6.601670763151e-04 1.415957366970e+05 1.372185468197e+05 1.000000000000e+05 8.167987722109e+03 5.125881475940e+02 1.800000000000e+06 0.000000000000e+00 -8.752000000000e-01 -8.752000000000e-01 0.000000000000e+00 0.000000000000e+00 0.000000000000e+00 -0.000000000000e+00 3.486068748029e-03 0.000000000000e+00 0.000000000000e+00 0.000000000000e+00 0.000000000000e+00 0.000000000000e+00 0.000000000000e+00 
9.370000000000e+00 4.295254578984e-03 7.317152576326e-02 -6.004499690343e-04 1.413796114975e+05 1.374023894298e+05 1.000000000000e+05 8.166636918354e+03 5.123176522902e+02 1.800000000000e+06 0.000000000000e+00 -8.752000000000e-01 -8.752000000000e-01 0.000000000000e+00 0.000000000000e+00 0.000000000000e+00 -0.000000000000e+00 3.488416147838e-03 0.000000000000e+00 0.000000000000e+00 0.000000000000e+00 0.000000000000e+00 0.000000000000e+00 0.000000000000e+00 
9.375000000000e+00 4.297873795516e-03 7.286023739171e-02 -5.425975237340e-04 1.411594510821e+05 1.375687132496e+05 1.000000000000e+05 8.165415965410e+03 5.120727491647e+02 1.800000000000e+06 0.000000000000e+00 -8.752000000000e-01 -8.752000000000e-01 0.000000000000e+00 0.000000000000e+00 0.000000000000e+00 -0.000000000000e+00 3.490543359876e-03 0.000000000000e+00 0.000000000000e+00 0.000000000000e+00 0.000000000000e+00 0.000000000000e+00 0.000000000000e+00 
9.380000000000e+00 4.300230235997e-03 7.255405897428e-02 -4.864845597313e-04 1.409348822766e+05 1.377181280805e+05 1.000000000000e+05 8.164320656463e+03 5.118525943291e+02 1.800000000000e+06 0.000000000000e+00 -8.752000000000e-01 -8.752000000000e-01 0.000000000000e+00 0.000000000000e+00 0.000000000000e+00 -0.000000000000e+00 3.492457156806e-03 0.000000000000e+00 0.000000000000e+00 0.000000000000e+00 0.000000000000e+00 0.000000000000e+00 0.000000000000e+00 
9.385000000000e+00 4.302331456909e-03 7.224983466766e-02 -4.318997961223e-04 1.407049174811e+05 1.378511828995e+05 1.000000000000e+05 8.163347249566e+03 5.116564259279e+02 1.800000000000e+06 0.000000000000e+00 -8.752000000000e-01 -8.752000000000e-01 0.000000000000e+00 0.000000000000e+00 0.000000000000e+00 -0.000000000000e+00 3.494163675668e-03 0.000000000000e+00 0.000000000000e+00 0.000000000000e+00 0.000000000000e+00 0.000000000000e+00 0.000000000000e+00 
9.390000000000e+00 4.304183705110e-03 7.194277586426e-02 -3.784984293329e-04 1.404676099655e+05 1.379683337223e+05 1.000000000000e+05 8.162492742984e+03 5.114836123665e+02 1.800000000000e+06 0.000000000000e+00 -8.752000000000e-01 -8.752000000000e-01 0.000000000000e+00 0.000000000000e+00 0.000000000000e+00 -0.000000000000e+00 3.495667989887e-03 0.000000000000e+00 0.000000000000e+00 0.000000000000e+00 0.000000000000e+00 0.000000000000e+00 0.000000000000e+00 
9.395000000000e+00 4.305790693123e-03 7.162277117965e-02 -3.255456822116e-04 1.402182862521e+05 1.380698674454e+05 1.000000000000e+05 8.161755605607e+03 5.113337655446e+02 1.800000000000e+06 0.000000000000e+00 -8.752000000000e-01 -8.752000000000e-01 0.000000000000e+00 0.000000000000e+00 0.000000000000e+00 -0.000000000000e+00 3.496973114608e-03 0.000000000000e+00 0.000000000000e+00 0.000000000000e+00 0.000000000000e+00 0.000000000000e+00 0.000000000000e+00 
9.400000000000e+00 4.307151122555e-03 7.127097548336e-02 -2.716828535706e-04 1.399478518264e+05 1.381557468606e+05 1.000000000000e+05 8.161137091352e+03 5.112069706055e+02 1.800000000000e+06 0.000000000000e+00 -8.752000000000e-01 -8.752000000000e-01 0.000000000000e+00 0.000000000000e+00 0.000000000000e+00 -0.000000000000e+00 3.498077995334e-03 0.000000000000e+00 0.000000000000e+00 0.000000000000e+00 0.000000000000e+00 0.000000000000e+00 0.000000000000e+00 
9.405000000000e+00 4.308255544211e-03 7.085963930326e-02 -2.148749180257e-04 1.396422511899e+05 1.382254140958e+05 1.000000000000e+05 8.160642763644e+03 5.111040772631e+02 1.800000000000e+06 0.000000000000e+00 -8.752000000000e-01 -8.752000000000e-01 0.000000000000e+00 0.000000000000e+00 0.000000000000e+00 -0.000000000000e+00 3.498974957846e-03 0.000000000000e+00 0.000000000000e+00 0.000000000000e+00 0.000000000000e+00 0.000000000000e+00 0.000000000000e+00 
9.410000000000e+00 4.309083004969e-03 7.035214884384e-02 -1.523383112966e-04 1.392817758795e+05 1.382775804853e+05 1.000000000000e+05 8.160284134290e+03 5.110270110906e+02 1.800000000000e+06 0.000000000000e+00 -8.752000000000e-01 -8.752000000000e-01 0.000000000000e+00 0.000000000000e+00 0.000000000000e+00 -0.000000000000e+00 3.499646984944e-03 0.000000000000e+00 0.000000000000e+00 0.000000000000e+00 0.000000000000e+00 0.000000000000e+00 0.000000000000e+00 
9.415000000000e+00 4.309598453307e-03 6.971315709187e-02 -8.086962590060e-05 1.388430503501e+05 1.383100633678e+05 1.000000000000e+05 8.160079710763e+03 5.109790148716e+02 1.800000000000e+06 0.000000000000e+00 -8.752000000000e-01 -8.752000000000e-01 0.000000000000e+00 0.000000000000e+00 0.000000000000e+00 -0.000000000000e+00 3.500065609329e-03 0.000000000000e+00 0.000000000000e+00 0.000000000000e+00 0.000000000000e+00 0.000000000000e+00 0.000000000000e+00 
9.420000000000e+00 4.309753268977e-03 6.891459738621e-02 2.095269170228e-06 1.383060091649e+05 1.383198176994e+05 1.000000000000e+05 8.160054135556e+03 5.109646007016e+02 1.800000000000e+06 0.000000000000e+00 -8.752000000000e-01 -8.752000000000e-01 0.000000000000e+00 0.000000000000e+00 0.000000000000e+00 -0.000000000000e+00 3.500191343782e-03 0.000000000000e+00 0.000000000000e+00 0.000000000000e+00 0.000000000000e+00 0.000000000000e+00 0.000000000000e+00 
9.425000000000e+00 4.309488637145e-03 6.794228022124e-02 9.858144253289e-05 1.376533987475e+05 1.383031437336e+05 1.000000000000e+05 8.160236655517e+03 5.109892397840e+02 1.800000000000e+06 0.000000000000e+00 -8.752000000000e-01 -8.752000000000e-01 0.000000000000e+00 0.000000000000e+00 0.000000000000e+00 -0.000000000000e+00 3.499976421491e-03 0.000000000000e+00 0.000000000000e+00 0.000000000000e+00 0.000000000000e+00 0.000000000000e+00 0.000000000000e+00 
9.430000000000e+00 4.308699274672e-03 6.683633575981e-02 2.094407172433e-04 1.368725999533e+05 1.382533918160e+05 1.000000000000e+05 8.160678107717e+03 5.110627475271e+02 1.800000000000e+06 0.000000000000e+00 -8.752000000000e-01 -8.752000000000e-01 0.000000000000e+00 0.000000000000e+00 0.000000000000e+00 -0.000000000000e+00 3.499335336138e-03 0.000000000000e+00 0.000000000000e+00 0.000000000000e+00 0.000000000000e+00 0.000000000000e+00 0.000000000000e+00 
9.435000000000e+00 4.307323432796e-03 6.568976533076e-02 3.257367115399e-04 1.360180870970e+05 1.381666192630e+05 1.000000000000e+05 8.161402989990e+03 5.111909149121e+02 1.800000000000e+06 0.000000000000e+00 -8.752000000000e-01 -8.752000000000e-01 0.000000000000e+00 0.000000000000e+00 0.000000000000e+00 -0.000000000000e+00 3.498217938105e-03 0.000000000000e+00 0.000000000000e+00 0.000000000000e+00 0.000000000000e+00 0.000000000000e+00 0.000000000000e+00 
9.440000000000e+00 4.305361400850e-03 6.463963319201e-02 4.380655356168e-04 1.351513340665e+05 1.380427531656e+05 1.000000000000e+05 8.162406055854e+03 5.113737881178e+02 1.800000000000e+06 0.000000000000e+00 -8.752000000000e-01 -8.752000000000e-01 0.000000000000e+00 0.000000000000e+00 0.000000000000e+00 -0.000000000000e+00 3.496624462376e-03 0.000000000000e+00 0.000000000000e+00 0.000000000000e+00 0.000000000000e+00 0.000000000000e+00 0.000000000000e+00 
9.445000000000e+00 4.302862758494e-03 6.381251487098e-02 5.369216689153e-04 1.343378008524e+05 1.378847998675e+05 1.000000000000e+05 8.163658551593e+03 5.116068452063e+02 1.800000000000e+06 0.000000000000e+00 -8.752000000000e-01 -8.752000000000e-01 0.000000000000e+00 0.000000000000e+00 0.000000000000e+00 -0.000000000000e+00 3.494595175361e-03 0.000000000000e+00 0.000000000000e+00 0.000000000000e+00 0.000000000000e+00 0.000000000000e+00 0.000000000000e+00 
9.450000000000e+00 4.299917933307e-03 6.327771361211e-02 6.155973925180e-04 1.336274148887e+05 1.376983379945e+05 1.000000000000e+05 8.165113835077e+03 5.118817621011e+02 1.800000000000e+06 0.000000000000e+00 -8.752000000000e-01 -8.752000000000e-01 0.000000000000e+00 0.000000000000e+00 0.000000000000e+00 -0.000000000000e+00 3.492203518348e-03 0.000000000000e+00 0.000000000000e+00 0.000000000000e+00 0.000000000000e+00 0.000000000000e+00 0.000000000000e+00 
9.455000000000e+00 4.296638277026e-03 6.302843447065e-02 6.719297359180e-04 1.330417532088e+05 1.374902885923e+05 1.000000000000e+05 8.166717814662e+03 5.121882471677e+02 1.800000000000e+06 0.000000000000e+00 -8.752000000000e-01 -8.752000000000e-01 0.000000000000e+00 0.000000000000e+00 0.000000000000e+00 -0.000000000000e+00 3.489539926303e-03 0.000000000000e+00 0.000000000000e+00 0.000000000000e+00 0.000000000000e+00 0.000000000000e+00 0.000000000000e+00 
9.460000000000e+00 4.293133444827e-03 6.300062460864e-02 7.079275993174e-04 1.325749023660e+05 1.372675034868e+05 1.000000000000e+05 8.168419493047e+03 5.125161364374e+02 1.800000000000e+06 0.000000000000e+00 -8.752000000000e-01 -8.752000000000e-01 0.000000000000e+00 0.000000000000e+00 0.000000000000e+00 -0.000000000000e+00 3.486693456317e-03 0.000000000000e+00 0.000000000000e+00 0.000000000000e+00 0.000000000000e+00 0.000000000000e+00 0.000000000000e+00 
9.465000000000e+00 4.289497321859e-03 6.311306210399e-02 7.273449684936e-04 1.322084349831e+05 1.370358786582e+05 1.000000000000e+05 8.170176281132e+03 5.128567038961e+02 1.800000000000e+06 0.000000000000e+00 -8.752000000000e-01 -8.752000000000e-01 0.000000000000e+00 0.000000000000e+00 0.000000000000e+00 -0.000000000000e+00 3.483740357765e-03 0.000000000000e+00 0.000000000000e+00 0.000000000000e+00 0.000000000000e+00 0.000000000000e+00 0.000000000000e+00 
9.470000000000e+00 4.285801222542e-03 6.329175422295e-02 7.347468389803e-04 1.319170358256e+05 1.367999160090e+05 1.000000000000e+05 8.171956743241e+03 5.132033025239e+02 1.800000000000e+06 0.000000000000e+00 -8.752000000000e-01 -8.752000000000e-01 0.000000000000e+00 0.000000000000e+00 0.000000000000e+00 -0.000000000000e+00 3.480738549070e-03 0.000000000000e+00 0.000000000000e+00 0.000000000000e+00 0.000000000000e+00 0.000000000000e+00 0.000000000000e+00 
9.475000000000e+00 4.282093041941e-03 6.347815993148e-02 7.343211665670e-04 1.316762648476e+05 1.365626565227e+05 1.000000000000e+05 8.173740359869e+03 5.135514540534e+02 1.800000000000e+06 0.000000000000e+00 -8.752000000000e-01 -8.752000000000e-01 0.000000000000e+00 0.000000000000e+00 0.000000000000e+00 -0.000000000000e+00 3.477726928491e-03 0.000000000000e+00 0.000000000000e+00 0.000000000000e+00 0.000000000000e+00 0.000000000000e+00 0.000000000000e+00 
9.480000000000e+00 4.278402218605e-03 6.363739396643e-02 7.293027484268e-04 1.314667046328e+05 1.363259833728e+05 1.000000000000e+05 8.175514855206e+03 5.138983945914e+02 1.800000000000e+06 0.000000000000e+00 -8.752000000000e-01 -8.752000000000e-01 0.000000000000e+00 0.000000000000e+00 0.000000000000e+00 -0.000000000000e+00 3.474729404715e-03 0.000000000000e+00 0.000000000000e+00 0.000000000000e+00 0.000000000000e+00 0.000000000000e+00 0.000000000000e+00 
9.485000000000e+00 4.274744410645e-03 6.375179845900e-02 7.220621955697e-04 1.312736978828e+05 1.360909098412e+05 1.000000000000e+05 8.177274039025e+03 5.142426446211e+02 1.800000000000e+06 0.000000000000e+00 -8.752000000000e-01 -8.752000000000e-01 0.000000000000e+00 0.000000000000e+00 0.000000000000e+00 -0.000000000000e+00 3.471758694570e-03 0.000000000000e+00 0.000000000000e+00 0.000000000000e+00 0.000000000000e+00 0.000000000000e+00 0.000000000000e+00 
9.490000000000e+00 4.271125873297e-03 6.381686628817e-02 7.141381877411e-04 1.310874486395e+05 1.358578517456e+05 1.000000000000e+05 8.179015745338e+03 5.145836041333e+02 1.800000000000e+06 0.000000000000e+00 -8.752000000000e-01 -8.752000000000e-01 0.000000000000e+00 0.000000000000e+00 0.000000000000e+00 -0.000000000000e+00 3.468819878282e-03 0.000000000000e+00 0.000000000000e+00 0.000000000000e+00 0.000000000000e+00 0.000000000000e+00 0.000000000000e+00 
9.495000000000e+00 4.267547099120e-03 6.383620529281e-02 7.064231047087e-04 1.309020520636e+05 1.356268559690e+05 1.000000000000e+05 8.180740204106e+03 5.149212143561e+02 1.800000000000e+06 0.000000000000e+00 -8.752000000000e-01 -8.752000000000e-01 0.000000000000e+00 0.000000000000e+00 0.000000000000e+00 -0.000000000000e+00 3.465913355887e-03 0.000000000000e+00 0.000000000000e+00 0.000000000000e+00 0.000000000000e+00 0.000000000000e+00 0.000000000000e+00 
9.500000000000e+00 4.264005640792e-03 6.381794442557e-02 6.993183905169e-04 1.307146658368e+05 1.353977792072e+05 1.000000000000e+05 8.182448779751e+03 5.152556942155e+02 1.800000000000e+06 0.000000000000e+00 -8.752000000000e-01 -8.752000000000e-01 0.000000000000e+00 0.000000000000e+00 0.000000000000e+00 -0.000000000000e+00 3.463037139776e-03 0.000000000000e+00 0.000000000000e+00 0.000000000000e+00 0.000000000000e+00 0.000000000000e+00 0.000000000000e+00 
9.505000000000e+00 4.260497989574e-03 6.377135730024e-02 6.929326202115e-04 1.305243262013e+05 1.351704078462e+05 1.000000000000e+05 8.184143184104e+03 5.155873642159e+02 1.800000000000e+06 0.000000000000e+00 -8.752000000000e-01 -8.752000000000e-01 0.000000000000e+00 0.000000000000e+00 0.000000000000e+00 -0.000000000000e+00 3.460188380308e-03 0.000000000000e+00 0.000000000000e+00 0.000000000000e+00 0.000000000000e+00 0.000000000000e+00 0.000000000000e+00 
9.510000000000e+00 4.257020764744e-03 6.370552655698e-02 6.871720218629e-04 1.303314311572e+05 1.349445346083e+05 1.000000000000e+05 8.185824954842e+03 5.159165343318e+02 1.800000000000e+06 0.000000000000e+00 -8.752000000000e-01 -8.752000000000e-01 0.000000000000e+00 0.000000000000e+00 0.000000000000e+00 -0.000000000000e+00 3.457364331809e-03 0.000000000000e+00 0.000000000000e+00 0.000000000000e+00 0.000000000000e+00 0.000000000000e+00 0.000000000000e+00 
9.515000000000e+00 4.253571299869e-03 6.362787916529e-02 6.818959806030e-04 1.301367427983e+05 1.347199968701e+05 1.000000000000e+05 8.187495261945e+03 5.162434483190e+02 1.800000000000e+06 0.000000000000e+00 -8.752000000000e-01 -8.752000000000e-01 0.000000000000e+00 0.000000000000e+00 0.000000000000e+00 -0.000000000000e+00 3.454562828720e-03 0.000000000000e+00 0.000000000000e+00 0.000000000000e+00 0.000000000000e+00 0.000000000000e+00 0.000000000000e+00 
9.520000000000e+00 4.250147675219e-03 6.354387651575e-02 6.769594730594e-04 1.299411062099e+05 1.344966792847e+05 1.000000000000e+05 8.189154915096e+03 5.165682802333e+02 1.800000000000e+06 0.000000000000e+00 -8.752000000000e-01 -8.752000000000e-01 0.000000000000e+00 0.000000000000e+00 0.000000000000e+00 -0.000000000000e+00 3.451782311921e-03 0.000000000000e+00 0.000000000000e+00 0.000000000000e+00 0.000000000000e+00 0.000000000000e+00 0.000000000000e+00 
9.525000000000e+00 4.246748454416e-03 6.345659122768e-02 6.722775160980e-04 1.297449981675e+05 1.342744970683e+05 1.000000000000e+05 8.190804528099e+03 5.168911590468e+02 1.800000000000e+06 0.000000000000e+00 -8.752000000000e-01 -8.752000000000e-01 0.000000000000e+00 0.000000000000e+00 0.000000000000e+00 -0.000000000000e+00 3.449021614849e-03 0.000000000000e+00 0.000000000000e+00 0.000000000000e+00 0.000000000000e+00 0.000000000000e+00 0.000000000000e+00 
9.530000000000e+00 4.243372548855e-03 6.336763999238e-02 6.677893801207e-04 1.295487572629e+05 1.340533874441e+05 1.000000000000e+05 8.192444562589e+03 5.172121812813e+02 1.800000000000e+06 0.000000000000e+00 -8.752000000000e-01 -8.752000000000e-01 0.000000000000e+00 0.000000000000e+00 0.000000000000e+00 -0.000000000000e+00 3.446279853387e-03 0.000000000000e+00 0.000000000000e+00 0.000000000000e+00 0.000000000000e+00 0.000000000000e+00 0.000000000000e+00 
9.535000000000e+00 4.240019097998e-03 6.327789026573e-02 6.634584547783e-04 1.293525759726e+05 1.338333020179e+05 1.000000000000e+05 8.194075385484e+03 5.175314222202e+02 1.800000000000e+06 0.000000000000e+00 -8.752000000000e-01 -8.752000000000e-01 0.000000000000e+00 0.000000000000e+00 0.000000000000e+00 -0.000000000000e+00 3.443556328645e-03 0.000000000000e+00 0.000000000000e+00 0.000000000000e+00 0.000000000000e+00 0.000000000000e+00 0.000000000000e+00 
9.540000000000e+00 4.236687333762e-03 6.318752692648e-02 6.592785264722e-04 1.291564482313e+05 1.336141980066e+05 1.000000000000e+05 8.195697338378e+03 5.178489487154e+02 1.800000000000e+06 0.000000000000e+00 -8.752000000000e-01 -8.752000000000e-01 0.000000000000e+00 0.000000000000e+00 0.000000000000e+00 -0.000000000000e+00 3.440850416818e-03 0.000000000000e+00 0.000000000000e+00 0.000000000000e+00 0.000000000000e+00 0.000000000000e+00 0.000000000000e+00 
9.545000000000e+00 4.233376467506e-03 6.309638448989e-02 6.552604412752e-04 1.289602509262e+05 1.333960308491e+05 1.000000000000e+05 8.197310784625e+03 5.181648299227e+02 1.800000000000e+06 0.000000000000e+00 -8.752000000000e-01 -8.752000000000e-01 0.000000000000e+00 0.000000000000e+00 0.000000000000e+00 -0.000000000000e+00 3.438161477409e-03 0.000000000000e+00 0.000000000000e+00 0.000000000000e+00 0.000000000000e+00 0.000000000000e+00 0.000000000000e+00 
9.550000000000e+00 4.230085610757e-03 6.300407883029e-02 6.514288196822e-04 1.287637601113e+05 1.331787489566e+05 1.000000000000e+05 8.198916146209e+03 5.184791448856e+02 1.800000000000e+06 0.000000000000e+00 -8.752000000000e-01 -8.752000000000e-01 0.000000000000e+00 0.000000000000e+00 0.000000000000e+00 -0.000000000000e+00 3.435488788838e-03 0.000000000000e+00 0.000000000000e+00 0.000000000000e+00 0.000000000000e+00 0.000000000000e+00 0.000000000000e+00 
9.555000000000e+00 4.226813727061e-03 6.291014783417e-02 6.478151640284e-04 1.285666939118e+05 1.329622904622e+05 1.000000000000e+05 8.200513923452e+03 5.187919871900e+02 1.800000000000e+06 0.000000000000e+00 -8.752000000000e-01 -8.752000000000e-01 0.000000000000e+00 0.000000000000e+00 0.000000000000e+00 -0.000000000000e+00 3.432831509343e-03 0.000000000000e+00 0.000000000000e+00 0.000000000000e+00 0.000000000000e+00 0.000000000000e+00 0.000000000000e+00 
9.560000000000e+00 4.223559618181e-03 6.281417199458e-02 6.444510875331e-04 1.283687572274e+05 1.327465822119e+05 1.000000000000e+05 8.202104698078e+03 5.191034663586e+02 1.800000000000e+06 0.000000000000e+00 -8.752000000000e-01 -8.752000000000e-01 0.000000000000e+00 0.000000000000e+00 0.000000000000e+00 -0.000000000000e+00 3.430188665769e-03 0.000000000000e+00 0.000000000000e+00 0.000000000000e+00 0.000000000000e+00 0.000000000000e+00 0.000000000000e+00 
9.565000000000e+00 4.220321926721e-03 6.271577358813e-02 6.413677158691e-04 1.281696458833e+05 1.325315398373e+05 1.000000000000e+05 8.203689131934e+03 5.194137076792e+02 1.800000000000e+06 0.000000000000e+00 -8.752000000000e-01 -8.752000000000e-01 0.000000000000e+00 0.000000000000e+00 0.000000000000e+00 -0.000000000000e+00 3.427559155699e-03 0.000000000000e+00 0.000000000000e+00 0.000000000000e+00 0.000000000000e+00 0.000000000000e+00 0.000000000000e+00 
9.570000000000e+00 4.217099151883e-03 6.261469364386e-02 6.385893121151e-04 1.279690910340e+05 1.323170687059e+05 1.000000000000e+05 8.205267955796e+03 5.197228507700e+02 1.800000000000e+06 0.000000000000e+00 -8.752000000000e-01 -8.752000000000e-01 0.000000000000e+00 0.000000000000e+00 0.000000000000e+00 -0.000000000000e+00 3.424941760249e-03 0.000000000000e+00 0.000000000000e+00 0.000000000000e+00 0.000000000000e+00 0.000000000000e+00 0.000000000000e+00 
9.575000000000e+00 4.213889678552e-03 6.251069358603e-02 6.361397018453e-04 1.277668175311e+05 1.321030657733e+05 1.000000000000e+05 8.206841959230e+03 5.200310468543e+02 1.800000000000e+06 0.000000000000e+00 -8.752000000000e-01 -8.752000000000e-01 0.000000000000e+00 0.000000000000e+00 0.000000000000e+00 -0.000000000000e+00 3.422335167698e-03 0.000000000000e+00 0.000000000000e+00 0.000000000000e+00 0.000000000000e+00 0.000000000000e+00 0.000000000000e+00 
9.580000000000e+00 4.210691784296e-03 6.240361958171e-02 6.340358215608e-04 1.275625883711e+05 1.318894199800e+05 1.000000000000e+05 8.208411983537e+03 5.203384581425e+02 1.800000000000e+06 0.000000000000e+00 -8.752000000000e-01 -8.752000000000e-01 0.000000000000e+00 0.000000000000e+00 0.000000000000e+00 -0.000000000000e+00 3.419737979159e-03 0.000000000000e+00 0.000000000000e+00 0.000000000000e+00 0.000000000000e+00 0.000000000000e+00 0.000000000000e+00 
9.585000000000e+00 4.207503671249e-03 6.229335467995e-02 6.322918903707e-04 1.273561785723e+05 1.316760143218e+05 1.000000000000e+05 8.209978908776e+03 5.206452548135e+02 1.800000000000e+06 0.000000000000e+00 -8.752000000000e-01 -8.752000000000e-01 0.000000000000e+00 0.000000000000e+00 0.000000000000e+00 -0.000000000000e+00 3.417148734488e-03 0.000000000000e+00 0.000000000000e+00 0.000000000000e+00 0.000000000000e+00 0.000000000000e+00 0.000000000000e+00 
9.590000000000e+00 4.204323481383e-03 6.217983122918e-02 6.309171275482e-04 1.271473918806e+05 1.314627268269e+05 1.000000000000e+05 8.211543645037e+03 5.209516135791e+02 1.800000000000e+06 0.000000000000e+00 -8.752000000000e-01 -8.752000000000e-01 0.000000000000e+00 0.000000000000e+00 0.000000000000e+00 -0.000000000000e+00 3.414565924673e-03 0.000000000000e+00 0.000000000000e+00 0.000000000000e+00 0.000000000000e+00 0.000000000000e+00 0.000000000000e+00 
9.595000000000e+00 4.201149330408e-03 6.206305391974e-02 6.299149001041e-04 1.269360690802e+05 1.312494327984e+05 1.000000000000e+05 8.213107115324e+03 5.212577144418e+02 1.800000000000e+06 0.000000000000e+00 -8.752000000000e-01 -8.752000000000e-01 0.000000000000e+00 0.000000000000e+00 0.000000000000e+00 -0.000000000000e+00 3.411988019379e-03 0.000000000000e+00 0.000000000000e+00 0.000000000000e+00 0.000000000000e+00 0.000000000000e+00 0.000000000000e+00 
9.600000000000e+00 4.197979320135e-03 6.194301293142e-02 6.292871018097e-04 1.267220590189e+05 1.310360056293e+05 1.000000000000e+05 8.214670252143e+03 5.215637395140e+02 1.800000000000e+06 0.000000000000e+00 -8.752000000000e-01 -8.752000000000e-01 0.000000000000e+00 0.000000000000e+00 0.000000000000e+00 -0.000000000000e+00 3.409413476981e-03 0.000000000000e+00 0.000000000000e+00 0.000000000000e+00 0.000000000000e+00 0.000000000000e+00 0.000000000000e+00 
9.605000000000e+00 4.194811564717e-03 6.181978875902e-02 6.290283824674e-04 1.265052600541e+05 1.308223185631e+05 1.000000000000e+05 8.216233981085e+03 5.218698704879e+02 1.800000000000e+06 0.000000000000e+00 -8.752000000000e-01 -8.752000000000e-01 0.000000000000e+00 0.000000000000e+00 0.000000000000e+00 -0.000000000000e+00 3.406840765877e-03 0.000000000000e+00 0.000000000000e+00 0.000000000000e+00 0.000000000000e+00 0.000000000000e+00 0.000000000000e+00 
9.610000000000e+00 4.191644196695e-03 6.169338194837e-02 6.291362984013e-04 1.262855509971e+05 1.306082451073e+05 1.000000000000e+05 8.217799223925e+03 5.221762880463e+02 1.800000000000e+06 0.000000000000e+00 -8.752000000000e-01 -8.752000000000e-01 0.000000000000e+00 0.000000000000e+00 0.000000000000e+00 -0.000000000000e+00 3.404268369398e-03 0.000000000000e+00 0.000000000000e+00 0.000000000000e+00 0.000000000000e+00 0.000000000000e+00 0.000000000000e+00 
9.615000000000e+00 4.188475381083e-03 6.156388000144e-02 6.296014734825e-04 1.260628596468e+05 1.303936599948e+05 1.000000000000e+05 8.219366885682e+03 5.224831704909e+02 1.800000000000e+06 0.000000000000e+00 -8.752000000000e-01 -8.752000000000e-01 0.000000000000e+00 0.000000000000e+00 0.000000000000e+00 -0.000000000000e+00 3.401694797250e-03 0.000000000000e+00 0.000000000000e+00 0.000000000000e+00 0.000000000000e+00 0.000000000000e+00 0.000000000000e+00 
9.620000000000e+00 4.185303339339e-03 6.143139364375e-02 6.304155854471e-04 1.258371097264e+05 1.301784408268e+05 1.000000000000e+05 8.220937847499e+03 5.227906914043e+02 1.800000000000e+06 0.000000000000e+00 -8.752000000000e-01 -8.752000000000e-01 0.000000000000e+00 0.000000000000e+00 0.000000000000e+00 -0.000000000000e+00 3.399118604981e-03 0.000000000000e+00 0.000000000000e+00 0.000000000000e+00 0.000000000000e+00 0.000000000000e+00 0.000000000000e+00 
9.625000000000e+00 4.182126344832e-03 6.129601086481e-02 6.315599350882e-04 1.256082993516e+05 1.299624677937e+05 1.000000000000e+05 8.222512961864e+03 5.230990200663e+02 1.800000000000e+06 0.000000000000e+00 -8.752000000000e-01 -8.752000000000e-01 0.000000000000e+00 0.000000000000e+00 0.000000000000e+00 -0.000000000000e+00 3.396538390296e-03 0.000000000000e+00 0.000000000000e+00 0.000000000000e+00 0.000000000000e+00 0.000000000000e+00 0.000000000000e+00 
9.630000000000e+00 4.178942797165e-03 6.115802748650e-02 6.330083587970e-04 1.253764865325e+05 1.297456287675e+05 1.000000000000e+05 8.224093017367e+03 5.234083142083e+02 1.800000000000e+06 0.000000000000e+00 -8.752000000000e-01 -8.752000000000e-01 0.000000000000e+00 0.000000000000e+00 0.000000000000e+00 -0.000000000000e+00 3.393952853424e-03 0.000000000000e+00 0.000000000000e+00 0.000000000000e+00 0.000000000000e+00 0.000000000000e+00 0.000000000000e+00 
9.635000000000e+00 4.175751188619e-03 6.101753177980e-02 6.347461741867e-04 1.251416562783e+05 1.295278170836e+05 1.000000000000e+05 8.225678766550e+03 5.237187232195e+02 1.800000000000e+06 0.000000000000e+00 -8.752000000000e-01 -8.752000000000e-01 0.000000000000e+00 0.000000000000e+00 0.000000000000e+00 -0.000000000000e+00 3.391360769862e-03 0.000000000000e+00 0.000000000000e+00 0.000000000000e+00 0.000000000000e+00 0.000000000000e+00 0.000000000000e+00 
9.640000000000e+00 4.172550110227e-03 6.087470517600e-02 6.367509641096e-04 1.249038535541e+05 1.293089320081e+05 1.000000000000e+05 8.227270911077e+03 5.240303875138e+02 1.800000000000e+06 0.000000000000e+00 -8.752000000000e-01 -8.752000000000e-01 0.000000000000e+00 0.000000000000e+00 0.000000000000e+00 -0.000000000000e+00 3.388760995309e-03 0.000000000000e+00 0.000000000000e+00 0.000000000000e+00 0.000000000000e+00 0.000000000000e+00 0.000000000000e+00 
9.645000000000e+00 4.169338273895e-03 6.072974101384e-02 6.390028395384e-04 1.246631141154e+05 1.290888803104e+05 1.000000000000e+05 8.228870096729e+03 5.243434363280e+02 1.800000000000e+06 0.000000000000e+00 -8.752000000000e-01 -8.752000000000e-01 0.000000000000e+00 0.000000000000e+00 0.000000000000e+00 -0.000000000000e+00 3.386152483632e-03 0.000000000000e+00 0.000000000000e+00 0.000000000000e+00 0.000000000000e+00 0.000000000000e+00 0.000000000000e+00 
9.650000000000e+00 4.166114476268e-03 6.058265121562e-02 6.414878176379e-04 1.244194385170e+05 1.288675738512e+05 1.000000000000e+05 8.230476933204e+03 5.246579911934e+02 1.800000000000e+06 0.000000000000e+00 -8.752000000000e-01 -8.752000000000e-01 0.000000000000e+00 0.000000000000e+00 0.000000000000e+00 -0.000000000000e+00 3.383534257519e-03 0.000000000000e+00 0.000000000000e+00 0.000000000000e+00 0.000000000000e+00 0.000000000000e+00 0.000000000000e+00 
9.655000000000e+00 4.162877596359e-03 6.043351257306e-02 6.441859343505e-04 1.241728742826e+05 1.286449294657e+05 1.000000000000e+05 8.232091987915e+03 5.249741661301e+02 1.800000000000e+06 0.000000000000e+00 -8.752000000000e-01 -8.752000000000e-01 0.000000000000e+00 0.000000000000e+00 0.000000000000e+00 -0.000000000000e+00 3.380905406554e-03 0.000000000000e+00 0.000000000000e+00 0.000000000000e+00 0.000000000000e+00 0.000000000000e+00 0.000000000000e+00 
9.660000000000e+00 4.159626589207e-03 6.028234970454e-02 6.470844645258e-04 1.239234238653e+05 1.284208685720e+05 1.000000000000e+05 8.233715797018e+03 5.252920682306e+02 1.800000000000e+06 0.000000000000e+00 -8.752000000000e-01 -8.752000000000e-01 0.000000000000e+00 0.000000000000e+00 0.000000000000e+00 -0.000000000000e+00 3.378265082067e-03 0.000000000000e+00 0.000000000000e+00 0.000000000000e+00 0.000000000000e+00 0.000000000000e+00 0.000000000000e+00 
9.665000000000e+00 4.156360461031e-03 6.012915615935e-02 6.501727206021e-04 1.236710788351e+05 1.281953154951e+05 1.000000000000e+05 8.235348874527e+03 5.256118000603e+02 1.800000000000e+06 0.000000000000e+00 -8.752000000000e-01 -8.752000000000e-01 0.000000000000e+00 0.000000000000e+00 0.000000000000e+00 -0.000000000000e+00 3.375612476951e-03 0.000000000000e+00 0.000000000000e+00 0.000000000000e+00 0.000000000000e+00 0.000000000000e+00 0.000000000000e+00 
9.670000000000e+00 4.153078294148e-03 5.997399258699e-02 6.534421790109e-04 1.234158207093e+05 1.279681992178e+05 1.000000000000e+05 8.236991699835e+03 5.259334571942e+02 1.800000000000e+06 0.000000000000e+00 -8.752000000000e-01 -8.752000000000e-01 0.000000000000e+00 0.000000000000e+00 0.000000000000e+00 -0.000000000000e+00 3.372946845905e-03 0.000000000000e+00 0.000000000000e+00 0.000000000000e+00 0.000000000000e+00 0.000000000000e+00 0.000000000000e+00 
9.675000000000e+00 4.149779282469e-03 5.981685870363e-02 6.568760958493e-04 1.231576958646e+05 1.277394558872e+05 1.000000000000e+05 8.238644693459e+03 5.262571246979e+02 1.800000000000e+06 0.000000000000e+00 -8.752000000000e-01 -8.752000000000e-01 0.000000000000e+00 0.000000000000e+00 0.000000000000e+00 -0.000000000000e+00 3.370267534260e-03 0.000000000000e+00 0.000000000000e+00 0.000000000000e+00 0.000000000000e+00 0.000000000000e+00 0.000000000000e+00 
9.680000000000e+00 4.146462430242e-03 5.965756584666e-02 6.604927847387e-04 1.228964922723e+05 1.275090079310e+05 1.000000000000e+05 8.240308394190e+03 5.265829066797e+02 1.800000000000e+06 0.000000000000e+00 -8.752000000000e-01 -8.752000000000e-01 0.000000000000e+00 0.000000000000e+00 0.000000000000e+00 -0.000000000000e+00 3.367573733309e-03 0.000000000000e+00 0.000000000000e+00 0.000000000000e+00 0.000000000000e+00 0.000000000000e+00 0.000000000000e+00 
9.685000000000e+00 4.143126764339e-03 5.949604480034e-02 6.642711753131e-04 1.226322735067e+05 1.272767787070e+05 1.000000000000e+05 8.241983307678e+03 5.269109055169e+02 1.800000000000e+06 0.000000000000e+00 -8.752000000000e-01 -8.752000000000e-01 0.000000000000e+00 0.000000000000e+00 0.000000000000e+00 -0.000000000000e+00 3.364864652721e-03 0.000000000000e+00 0.000000000000e+00 0.000000000000e+00 0.000000000000e+00 0.000000000000e+00 0.000000000000e+00 
9.690000000000e+00 4.139771492502e-03 5.933237743459e-02 6.682000074900e-04 1.223650473477e+05 1.270427035588e+05 1.000000000000e+05 8.243669856940e+03 5.272412062645e+02 1.800000000000e+06 0.000000000000e+00 -8.752000000000e-01 -8.752000000000e-01 0.000000000000e+00 0.000000000000e+00 0.000000000000e+00 -0.000000000000e+00 3.362139649060e-03 0.000000000000e+00 0.000000000000e+00 0.000000000000e+00 0.000000000000e+00 0.000000000000e+00 0.000000000000e+00 
9.695000000000e+00 4.136395844374e-03 5.916643710010e-02 6.722846904330e-04 1.220947060293e+05 1.268067188086e+05 1.000000000000e+05 8.245368466091e+03 5.275738922387e+02 1.800000000000e+06 0.000000000000e+00 -8.752000000000e-01 -8.752000000000e-01 0.000000000000e+00 0.000000000000e+00 0.000000000000e+00 -0.000000000000e+00 3.359398096673e-03 0.000000000000e+00 0.000000000000e+00 0.000000000000e+00 0.000000000000e+00 0.000000000000e+00 0.000000000000e+00 
9.700000000000e+00 4.132999036949e-03 5.899815057520e-02 6.765248799514e-04 1.218211804009e+05 1.265687593409e+05 1.000000000000e+05 8.247079563991e+03 5.279090484222e+02 1.800000000000e+06 0.000000000000e+00 -8.752000000000e-01 -8.752000000000e-01 0.000000000000e+00 0.000000000000e+00 0.000000000000e+00 -0.000000000000e+00 3.356639359641e-03 0.000000000000e+00 0.000000000000e+00 0.000000000000e+00 0.000000000000e+00 0.000000000000e+00 0.000000000000e+00 
9.705000000000e+00 4.129580285739e-03 5.882744731667e-02 6.809249531267e-04 1.215443673537e+05 1.263287593657e+05 1.000000000000e+05 8.248803585113e+03 5.282467603766e+02 1.800000000000e+06 0.000000000000e+00 -8.752000000000e-01 -8.752000000000e-01 0.000000000000e+00 0.000000000000e+00 0.000000000000e+00 -0.000000000000e+00 3.353862800834e-03 0.000000000000e+00 0.000000000000e+00 0.000000000000e+00 0.000000000000e+00 0.000000000000e+00 0.000000000000e+00 
9.710000000000e+00 4.126138836082e-03 5.865432402096e-02 6.854708986214e-04 1.212642944359e+05 1.260866546116e+05 1.000000000000e+05 8.250540939592e+03 5.285871111521e+02 1.800000000000e+06 0.000000000000e+00 -8.752000000000e-01 -8.752000000000e-01 0.000000000000e+00 0.000000000000e+00 0.000000000000e+00 -0.000000000000e+00 3.351067778236e-03 0.000000000000e+00 0.000000000000e+00 0.000000000000e+00 0.000000000000e+00 0.000000000000e+00 0.000000000000e+00 
9.715000000000e+00 4.122673853680e-03 5.847879312895e-02 6.901638410856e-04 1.209808766089e+05 1.258423746105e+05 1.000000000000e+05 8.252292089024e+03 5.289301921241e+02 1.800000000000e+06 0.000000000000e+00 -8.752000000000e-01 -8.752000000000e-01 0.000000000000e+00 0.000000000000e+00 0.000000000000e+00 -0.000000000000e+00 3.348253674680e-03 0.000000000000e+00 0.000000000000e+00 0.000000000000e+00 0.000000000000e+00 0.000000000000e+00 0.000000000000e+00 
9.720000000000e+00 4.119184610386e-03 5.830081956050e-02 6.950036695273e-04 1.206940444370e+05 1.255958557650e+05 1.000000000000e+05 8.254057442785e+03 5.292760846198e+02 1.800000000000e+06 0.000000000000e+00 -8.752000000000e-01 -8.752000000000e-01 0.000000000000e+00 0.000000000000e+00 0.000000000000e+00 -0.000000000000e+00 3.345419867371e-03 0.000000000000e+00 0.000000000000e+00 0.000000000000e+00 0.000000000000e+00 0.000000000000e+00 0.000000000000e+00 
9.725000000000e+00 4.115670362464e-03 5.812040796662e-02 6.999865339873e-04 1.204037530451e+05 1.253470327881e+05 1.000000000000e+05 8.255837417828e+03 5.296248719549e+02 1.800000000000e+06 0.000000000000e+00 -8.752000000000e-01 -8.752000000000e-01 0.000000000000e+00 0.000000000000e+00 0.000000000000e+00 -0.000000000000e+00 3.342565752283e-03 0.000000000000e+00 0.000000000000e+00 0.000000000000e+00 0.000000000000e+00 0.000000000000e+00 0.000000000000e+00 
9.730000000000e+00 4.112130390960e-03 5.793756930051e-02 7.051076719931e-04 1.201099652136e+05 1.250958415457e+05 1.000000000000e+05 8.257632420051e+03 5.299766354371e+02 1.800000000000e+06 0.000000000000e+00 -8.752000000000e-01 -8.752000000000e-01 0.000000000000e+00 0.000000000000e+00 0.000000000000e+00 -0.000000000000e+00 3.339690745521e-03 0.000000000000e+00 0.000000000000e+00 0.000000000000e+00 0.000000000000e+00 0.000000000000e+00 0.000000000000e+00 
9.735000000000e+00 4.108564012072e-03 5.775237740077e-02 7.103582367402e-04 1.198126746433e+05 1.248422198015e+05 1.000000000000e+05 8.259442837048e+03 5.303314533288e+02 1.800000000000e+06 0.000000000000e+00 -8.752000000000e-01 -8.752000000000e-01 0.000000000000e+00 0.000000000000e+00 0.000000000000e+00 -0.000000000000e+00 3.336794291735e-03 0.000000000000e+00 0.000000000000e+00 0.000000000000e+00 0.000000000000e+00 0.000000000000e+00 0.000000000000e+00 
9.740000000000e+00 4.104970610676e-03 5.756492816681e-02 7.157247290328e-04 1.195119126443e+05 1.245861096240e+05 1.000000000000e+05 8.261269020667e+03 5.306893974921e+02 1.800000000000e+06 0.000000000000e+00 -8.752000000000e-01 -8.752000000000e-01 0.000000000000e+00 0.000000000000e+00 0.000000000000e+00 -0.000000000000e+00 3.333875891353e-03 0.000000000000e+00 0.000000000000e+00 0.000000000000e+00 0.000000000000e+00 0.000000000000e+00 0.000000000000e+00 
9.745000000000e+00 4.101349794546e-03 5.737535296178e-02 7.211906020041e-04 1.192077483327e+05 1.243274684566e+05 1.000000000000e+05 8.263111209477e+03 5.310505179658e+02 1.800000000000e+06 0.000000000000e+00 -8.752000000000e-01 -8.752000000000e-01 0.000000000000e+00 0.000000000000e+00 0.000000000000e+00 -0.000000000000e+00 3.330935225832e-03 0.000000000000e+00 0.000000000000e+00 0.000000000000e+00 0.000000000000e+00 0.000000000000e+00 0.000000000000e+00 
9.750000000000e+00 4.097701079569e-03 5.718361071382e-02 7.267627386982e-04 1.189000776009e+05 1.240662467248e+05 1.000000000000e+05 8.264969704703e+03 5.314148742878e+02 1.800000000000e+06 0.000000000000e+00 -8.752000000000e-01 -8.752000000000e-01 0.000000000000e+00 0.000000000000e+00 0.000000000000e+00 -0.000000000000e+00 3.327971902001e-03 0.000000000000e+00 0.000000000000e+00 0.000000000000e+00 0.000000000000e+00 0.000000000000e+00 0.000000000000e+00 
9.755000000000e+00 4.094023935689e-03 5.698977428637e-02 7.324299739601e-04 1.185889205478e+05 1.238023910520e+05 1.000000000000e+05 8.266844821450e+03 5.317825309625e+02 1.800000000000e+06 0.000000000000e+00 -8.752000000000e-01 -8.752000000000e-01 0.000000000000e+00 0.000000000000e+00 0.000000000000e+00 -0.000000000000e+00 3.324985489376e-03 0.000000000000e+00 0.000000000000e+00 0.000000000000e+00 0.000000000000e+00 0.000000000000e+00 0.000000000000e+00 
9.760000000000e+00 4.090317902357e-03 5.679396490600e-02 7.381784913076e-04 1.182743210805e+05 1.235358525248e+05 1.000000000000e+05 8.268736839510e+03 5.321535459321e+02 1.800000000000e+06 0.000000000000e+00 -8.752000000000e-01 -8.752000000000e-01 0.000000000000e+00 0.000000000000e+00 0.000000000000e+00 -0.000000000000e+00 3.321975613924e-03 0.000000000000e+00 0.000000000000e+00 0.000000000000e+00 0.000000000000e+00 0.000000000000e+00 0.000000000000e+00 
9.765000000000e+00 4.086582586199e-03 5.659626566503e-02 7.439963382704e-04 1.179563147039e+05 1.232665865701e+05 1.000000000000e+05 8.270646007189e+03 5.325279707737e+02 1.800000000000e+06 0.000000000000e+00 -8.752000000000e-01 -8.752000000000e-01 0.000000000000e+00 0.000000000000e+00 0.000000000000e+00 -0.000000000000e+00 3.318941956168e-03 0.000000000000e+00 0.000000000000e+00 0.000000000000e+00 0.000000000000e+00 0.000000000000e+00 0.000000000000e+00 
9.770000000000e+00 4.082817669003e-03 5.639684569011e-02 7.498659842045e-04 1.176349822796e+05 1.229945535803e+05 1.000000000000e+05 8.272572532417e+03 5.329058498607e+02 1.800000000000e+06 0.000000000000e+00 -8.752000000000e-01 -8.752000000000e-01 0.000000000000e+00 0.000000000000e+00 0.000000000000e+00 -0.000000000000e+00 3.315884257676e-03 0.000000000000e+00 0.000000000000e+00 0.000000000000e+00 0.000000000000e+00 0.000000000000e+00 0.000000000000e+00 
9.775000000000e+00 4.079022921470e-03 5.619583716604e-02 7.557721274799e-04 1.173103955211e+05 1.227197199641e+05 1.000000000000e+05 8.274516580376e+03 5.332872189372e+02 1.800000000000e+06 0.000000000000e+00 -8.752000000000e-01 -8.752000000000e-01 0.000000000000e+00 0.000000000000e+00 0.000000000000e+00 -0.000000000000e+00 3.312802332224e-03 0.000000000000e+00 0.000000000000e+00 0.000000000000e+00 0.000000000000e+00 0.000000000000e+00 0.000000000000e+00 
9.780000000000e+00 4.075198195736e-03 5.599333351606e-02 7.617009110138e-04 1.169826220399e+05 1.224420576719e+05 1.000000000000e+05 8.276478276595e+03 5.336721058174e+02 1.800000000000e+06 0.000000000000e+00 -8.752000000000e-01 -8.752000000000e-01 0.000000000000e+00 0.000000000000e+00 0.000000000000e+00 -0.000000000000e+00 3.309696059727e-03 0.000000000000e+00 0.000000000000e+00 0.000000000000e+00 0.000000000000e+00 0.000000000000e+00 0.000000000000e+00 
9.785000000000e+00 4.071343405235e-03 5.578944256267e-02 7.676385219177e-04 1.166517339026e+05 1.221615427930e+05 1.000000000000e+05 8.278457716181e+03 5.340605323660e+02 1.800000000000e+06 0.000000000000e+00 -8.752000000000e-01 -8.752000000000e-01 0.000000000000e+00 0.000000000000e+00 0.000000000000e+00 -0.000000000000e+00 3.306565369884e-03 0.000000000000e+00 0.000000000000e+00 0.000000000000e+00 0.000000000000e+00 0.000000000000e+00 0.000000000000e+00 
9.790000000000e+00 4.067458539237e-03 5.558428893322e-02 7.735698477769e-04 1.163178184469e+05 1.218781566661e+05 1.000000000000e+05 8.280454955335e+03 5.344525129923e+02 1.800000000000e+06 0.000000000000e+00 -8.752000000000e-01 -8.752000000000e-01 0.000000000000e+00 0.000000000000e+00 0.000000000000e+00 -0.000000000000e+00 3.303410253986e-03 0.000000000000e+00 0.000000000000e+00 0.000000000000e+00 0.000000000000e+00 0.000000000000e+00 0.000000000000e+00 
9.795000000000e+00 4.063543645584e-03 5.537796058913e-02 7.794784260310e-04 1.159809774992e+05 1.215918846787e+05 1.000000000000e+05 8.282470019967e+03 5.348480563466e+02 1.800000000000e+06 0.000000000000e+00 -8.752000000000e-01 -8.752000000000e-01 0.000000000000e+00 0.000000000000e+00 0.000000000000e+00 -0.000000000000e+00 3.300230750891e-03 0.000000000000e+00 0.000000000000e+00 0.000000000000e+00 0.000000000000e+00 0.000000000000e+00 0.000000000000e+00 
9.800000000000e+00 4.059598855732e-03 5.517060382811e-02 7.853511960372e-04 1.156412951508e+05 1.213027181549e+05 1.000000000000e+05 8.284502895604e+03 5.352471627455e+02 1.800000000000e+06 0.000000000000e+00 -8.752000000000e-01 -8.752000000000e-01 0.000000000000e+00 0.000000000000e+00 0.000000000000e+00 -0.000000000000e+00 3.297026967364e-03 0.000000000000e+00 0.000000000000e+00 0.000000000000e+00 0.000000000000e+00 0.000000000000e+00 0.000000000000e+00 
9.805000000000e+00 4.055624367129e-03 5.496232843862e-02 7.911745984073e-04 1.152988645040e+05 1.210106531339e+05 1.000000000000e+05 8.286553533769e+03 5.356498259018e+02 1.800000000000e+06 0.000000000000e+00 -8.752000000000e-01 -8.752000000000e-01 0.000000000000e+00 0.000000000000e+00 0.000000000000e+00 -0.000000000000e+00 3.293799063767e-03 0.000000000000e+00 0.000000000000e+00 0.000000000000e+00 0.000000000000e+00 0.000000000000e+00 0.000000000000e+00 
9.810000000000e+00 4.051620458549e-03 5.475326395979e-02 7.969337368350e-04 1.149537950047e+05 1.207156915610e+05 1.000000000000e+05 8.288621843324e+03 5.360560313197e+02 1.800000000000e+06 0.000000000000e+00 -8.752000000000e-01 -8.752000000000e-01 0.000000000000e+00 0.000000000000e+00 0.000000000000e+00 -0.000000000000e+00 3.290547266514e-03 0.000000000000e+00 0.000000000000e+00 0.000000000000e+00 0.000000000000e+00 0.000000000000e+00 0.000000000000e+00 
9.815000000000e+00 4.047587478152e-03 5.454352880899e-02 8.026139586828e-04 1.146062002592e+05 1.204178404821e+05 1.000000000000e+05 8.290707697365e+03 5.364657574512e+02 1.800000000000e+06 0.000000000000e+00 -8.752000000000e-01 -8.752000000000e-01 0.000000000000e+00 0.000000000000e+00 0.000000000000e+00 -0.000000000000e+00 3.287271858366e-03 0.000000000000e+00 0.000000000000e+00 0.000000000000e+00 0.000000000000e+00 0.000000000000e+00 0.000000000000e+00 
9.820000000000e+00 4.043525860935e-03 5.433329030601e-02 8.081993228774e-04 1.142562105555e+05 1.201171134053e+05 1.000000000000e+05 8.292810922981e+03 5.368789738655e+02 1.800000000000e+06 0.000000000000e+00 -8.752000000000e-01 -8.752000000000e-01 0.000000000000e+00 0.000000000000e+00 0.000000000000e+00 -0.000000000000e+00 3.283973192611e-03 0.000000000000e+00 0.000000000000e+00 0.000000000000e+00 0.000000000000e+00 0.000000000000e+00 0.000000000000e+00 
9.825000000000e+00 4.039436109814e-03 5.412263853985e-02 8.136774590179e-04 1.139039363053e+05 1.198135289817e+05 1.000000000000e+05 8.294931313822e+03 5.372956431125e+02 1.800000000000e+06 0.000000000000e+00 -8.752000000000e-01 -8.752000000000e-01 0.000000000000e+00 0.000000000000e+00 0.000000000000e+00 -0.000000000000e+00 3.280651677701e-03 0.000000000000e+00 0.000000000000e+00 0.000000000000e+00 0.000000000000e+00 0.000000000000e+00 0.000000000000e+00 
9.830000000000e+00 4.035318804900e-03 5.391174067496e-02 8.190326788470e-04 1.135495187587e+05 1.195071117672e+05 1.000000000000e+05 8.297068620694e+03 5.377157197216e+02 1.800000000000e+06 0.000000000000e+00 -8.752000000000e-01 -8.752000000000e-01 0.000000000000e+00 0.000000000000e+00 0.000000000000e+00 -0.000000000000e+00 3.277307784777e-03 0.000000000000e+00 0.000000000000e+00 0.000000000000e+00 0.000000000000e+00 0.000000000000e+00 0.000000000000e+00 
9.835000000000e+00 4.031174594147e-03 5.370071333480e-02 8.242477615412e-04 1.131931165663e+05 1.191978916065e+05 1.000000000000e+05 8.299222557252e+03 5.381391510948e+02 1.800000000000e+06 0.000000000000e+00 -8.752000000000e-01 -8.752000000000e-01 0.000000000000e+00 0.000000000000e+00 0.000000000000e+00 -0.000000000000e+00 3.273942040082e-03 0.000000000000e+00 0.000000000000e+00 0.000000000000e+00 0.000000000000e+00 0.000000000000e+00 0.000000000000e+00 
9.840000000000e+00 4.027004212546e-03 5.348973004078e-02 8.293111578577e-04 1.128348548797e+05 1.188859051456e+05 1.000000000000e+05 8.301392794317e+03 5.385658754848e+02 1.800000000000e+06 0.000000000000e+00 -8.752000000000e-01 -8.752000000000e-01 0.000000000000e+00 0.000000000000e+00 0.000000000000e+00 -0.000000000000e+00 3.270555040547e-03 0.000000000000e+00 0.000000000000e+00 0.000000000000e+00 0.000000000000e+00 0.000000000000e+00 0.000000000000e+00 
9.845000000000e+00 4.022808445651e-03 5.327887143208e-02 8.342125370781e-04 1.124748548675e+05 1.185711931879e+05 1.000000000000e+05 8.303578975735e+03 5.389958256623e+02 1.800000000000e+06 0.000000000000e+00 -8.752000000000e-01 -8.752000000000e-01 0.000000000000e+00 0.000000000000e+00 0.000000000000e+00 -0.000000000000e+00 3.267147424165e-03 0.000000000000e+00 0.000000000000e+00 0.000000000000e+00 0.000000000000e+00 0.000000000000e+00 0.000000000000e+00 
9.850000000000e+00 4.018588144816e-03 5.306829823884e-02 8.389370078700e-04 1.121132772048e+05 1.182538019046e+05 1.000000000000e+05 8.305780706554e+03 5.394289273051e+02 1.800000000000e+06 0.000000000000e+00 -8.752000000000e-01 -8.752000000000e-01 0.000000000000e+00 0.000000000000e+00 0.000000000000e+00 -0.000000000000e+00 3.263719882373e-03 0.000000000000e+00 0.000000000000e+00 0.000000000000e+00 0.000000000000e+00 0.000000000000e+00 0.000000000000e+00 
9.855000000000e+00 4.014344246622e-03 5.285816061906e-02 8.434709982064e-04 1.117502808369e+05 1.179337843793e+05 1.000000000000e+05 8.307997546333e+03 5.398650969400e+02 1.800000000000e+06 0.000000000000e+00 -8.752000000000e-01 -8.752000000000e-01 0.000000000000e+00 0.000000000000e+00 0.000000000000e+00 -0.000000000000e+00 3.260273175821e-03 0.000000000000e+00 0.000000000000e+00 0.000000000000e+00 0.000000000000e+00 0.000000000000e+00 0.000000000000e+00 
9.860000000000e+00 4.010077748673e-03 5.264857438317e-02 8.478032806648e-04 1.113860136039e+05 1.176111988757e+05 1.000000000000e+05 8.310229022117e+03 5.403042443612e+02 1.800000000000e+06 0.000000000000e+00 -8.752000000000e-01 -8.752000000000e-01 0.000000000000e+00 0.000000000000e+00 0.000000000000e+00 -0.000000000000e+00 3.256808114722e-03 0.000000000000e+00 0.000000000000e+00 0.000000000000e+00 0.000000000000e+00 0.000000000000e+00 0.000000000000e+00 
9.865000000000e+00 4.005789704944e-03 5.243965728590e-02 8.519231162803e-04 1.110206254826e+05 1.172861085621e+05 1.000000000000e+05 8.312474629435e+03 5.407462730523e+02 1.800000000000e+06 0.000000000000e+00 -8.752000000000e-01 -8.752000000000e-01 0.000000000000e+00 0.000000000000e+00 0.000000000000e+00 -0.000000000000e+00 3.253325555071e-03 0.000000000000e+00 0.000000000000e+00 0.000000000000e+00 0.000000000000e+00 0.000000000000e+00 0.000000000000e+00 
9.870000000000e+00 4.001481218677e-03 5.223150384039e-02 8.558213734540e-04 1.106542598429e+05 1.169585810444e+05 1.000000000000e+05 8.314733836488e+03 5.411910808651e+02 1.800000000000e+06 0.000000000000e+00 -8.752000000000e-01 -8.752000000000e-01 0.000000000000e+00 0.000000000000e+00 0.000000000000e+00 -0.000000000000e+00 3.249826392873e-03 0.000000000000e+00 0.000000000000e+00 0.000000000000e+00 0.000000000000e+00 0.000000000000e+00 0.000000000000e+00 
9.875000000000e+00 3.997153451632e-03 5.202428193089e-02 8.594855284910e-04 1.102870910446e+05 1.166286891397e+05 1.000000000000e+05 8.317006075880e+03 5.416385590120e+02 1.800000000000e+06 0.000000000000e+00 -8.752000000000e-01 -8.752000000000e-01 0.000000000000e+00 0.000000000000e+00 0.000000000000e+00 -0.000000000000e+00 3.246311571660e-03 0.000000000000e+00 0.000000000000e+00 0.000000000000e+00 0.000000000000e+00 0.000000000000e+00 0.000000000000e+00 
9.880000000000e+00 3.992807616373e-03 5.181808053719e-02 8.629079589072e-04 1.099192628291e+05 1.162965103647e+05 1.000000000000e+05 8.319290753704e+03 5.420885928073e+02 1.800000000000e+06 0.000000000000e+00 -8.752000000000e-01 -8.752000000000e-01 0.000000000000e+00 0.000000000000e+00 0.000000000000e+00 -0.000000000000e+00 3.242782076226e-03 0.000000000000e+00 0.000000000000e+00 0.000000000000e+00 0.000000000000e+00 0.000000000000e+00 0.000000000000e+00 
9.885000000000e+00 3.988444969524e-03 5.161304303089e-02 8.660777461962e-04 1.095509482485e+05 1.159621264889e+05 1.000000000000e+05 8.321587247623e+03 5.425410623147e+02 1.800000000000e+06 0.000000000000e+00 -8.752000000000e-01 -8.752000000000e-01 0.000000000000e+00 0.000000000000e+00 0.000000000000e+00 -0.000000000000e+00 3.239238927146e-03 0.000000000000e+00 0.000000000000e+00 0.000000000000e+00 0.000000000000e+00 0.000000000000e+00 0.000000000000e+00 
9.890000000000e+00 3.984066823441e-03 5.140929915963e-02 8.689859329774e-04 1.091823118815e+05 1.156256244985e+05 1.000000000000e+05 8.323894903862e+03 5.429958410860e+02 1.800000000000e+06 0.000000000000e+00 -8.752000000000e-01 -8.752000000000e-01 0.000000000000e+00 0.000000000000e+00 0.000000000000e+00 -0.000000000000e+00 3.235683190260e-03 0.000000000000e+00 0.000000000000e+00 0.000000000000e+00 0.000000000000e+00 0.000000000000e+00 0.000000000000e+00 
9.895000000000e+00 3.979674538184e-03 5.120699600779e-02 8.716239246810e-04 1.088135210285e+05 1.152870960538e+05 1.000000000000e+05 8.326213040173e+03 5.434527969400e+02 1.800000000000e+06 0.000000000000e+00 -8.752000000000e-01 -8.752000000000e-01 0.000000000000e+00 0.000000000000e+00 0.000000000000e+00 -0.000000000000e+00 3.232115970150e-03 0.000000000000e+00 0.000000000000e+00 0.000000000000e+00 0.000000000000e+00 0.000000000000e+00 0.000000000000e+00 
9.900000000000e+00 3.975269500833e-03 5.100615634421e-02 8.739881600043e-04 1.084447093647e+05 1.149466359594e+05 1.000000000000e+05 8.328540959543e+03 5.439117940677e+02 1.800000000000e+06 0.000000000000e+00 -8.752000000000e-01 -8.752000000000e-01 0.000000000000e+00 0.000000000000e+00 0.000000000000e+00 -0.000000000000e+00 3.228538393342e-03 0.000000000000e+00 0.000000000000e+00 0.000000000000e+00 0.000000000000e+00 0.000000000000e+00 0.000000000000e+00 
9.905000000000e+00 3.970853127334e-03 5.080690519617e-02 8.760705281818e-04 1.080760482314e+05 1.146043423544e+05 1.000000000000e+05 8.330877942911e+03 5.443726928059e+02 1.800000000000e+06 0.000000000000e+00 -8.752000000000e-01 -8.752000000000e-01 0.000000000000e+00 0.000000000000e+00 0.000000000000e+00 -0.000000000000e+00 3.224951609806e-03 0.000000000000e+00 0.000000000000e+00 0.000000000000e+00 0.000000000000e+00 0.000000000000e+00 0.000000000000e+00 
9.910000000000e+00 3.966426866434e-03 5.060933397714e-02 8.778656612918e-04 1.077076928501e+05 1.142603170692e+05 1.000000000000e+05 8.333223251607e+03 5.448353491890e+02 1.800000000000e+06 0.000000000000e+00 -8.752000000000e-01 -8.752000000000e-01 0.000000000000e+00 0.000000000000e+00 0.000000000000e+00 -0.000000000000e+00 3.221356796152e-03 0.000000000000e+00 0.000000000000e+00 0.000000000000e+00 0.000000000000e+00 0.000000000000e+00 0.000000000000e+00 
9.915000000000e+00 3.961992191789e-03 5.041354116687e-02 8.793687037134e-04 1.073397982436e+05 1.139146650632e+05 1.000000000000e+05 8.335576129946e+03 5.452996157376e+02 1.800000000000e+06 0.000000000000e+00 -8.752000000000e-01 -8.752000000000e-01 0.000000000000e+00 0.000000000000e+00 0.000000000000e+00 -0.000000000000e+00 3.217755149218e-03 0.000000000000e+00 0.000000000000e+00 0.000000000000e+00 0.000000000000e+00 0.000000000000e+00 0.000000000000e+00 
9.920000000000e+00 3.957550598476e-03 5.021958798660e-02 8.805768688488e-04 1.069725073031e+05 1.135674941971e+05 1.000000000000e+05 8.337935807946e+03 5.457653417925e+02 1.800000000000e+06 0.000000000000e+00 -8.752000000000e-01 -8.752000000000e-01 0.000000000000e+00 0.000000000000e+00 0.000000000000e+00 -0.000000000000e+00 3.214147883242e-03 0.000000000000e+00 0.000000000000e+00 0.000000000000e+00 0.000000000000e+00 0.000000000000e+00 0.000000000000e+00 
9.925000000000e+00 3.953103588598e-03 5.002752038042e-02 8.814890784796e-04 1.066059522313e+05 1.132189141437e+05 1.000000000000e+05 8.340301508641e+03 5.462323749990e+02 1.800000000000e+06 0.000000000000e+00 -8.752000000000e-01 -8.752000000000e-01 0.000000000000e+00 0.000000000000e+00 0.000000000000e+00 -0.000000000000e+00 3.210536218166e-03 0.000000000000e+00 0.000000000000e+00 0.000000000000e+00 0.000000000000e+00 0.000000000000e+00 0.000000000000e+00 
9.930000000000e+00 3.948652672050e-03 4.983740211155e-02 8.821039260724e-04 1.062402698162e+05 1.128690364722e+05 1.000000000000e+05 8.342672446287e+03 5.467005612102e+02 1.800000000000e+06 0.000000000000e+00 -8.752000000000e-01 -8.752000000000e-01 0.000000000000e+00 0.000000000000e+00 0.000000000000e+00 -0.000000000000e+00 3.206921380260e-03 0.000000000000e+00 0.000000000000e+00 0.000000000000e+00 0.000000000000e+00 0.000000000000e+00 0.000000000000e+00 
9.935000000000e+00 3.944199360445e-03 4.964927219187e-02 8.824219068229e-04 1.058755841846e+05 1.125179741935e+05 1.000000000000e+05 8.345047830991e+03 5.471697451117e+02 1.800000000000e+06 0.000000000000e+00 -8.752000000000e-01 -8.752000000000e-01 0.000000000000e+00 0.000000000000e+00 0.000000000000e+00 -0.000000000000e+00 3.203304597191e-03 0.000000000000e+00 0.000000000000e+00 0.000000000000e+00 0.000000000000e+00 0.000000000000e+00 0.000000000000e+00 
9.940000000000e+00 3.939745163123e-03 4.946317894162e-02 8.824436361736e-04 1.055120197936e+05 1.121658414605e+05 1.000000000000e+05 8.347426869639e+03 5.476397706318e+02 1.800000000000e+06 0.000000000000e+00 -8.752000000000e-01 -8.752000000000e-01 0.000000000000e+00 0.000000000000e+00 0.000000000000e+00 -0.000000000000e+00 3.199687094779e-03 0.000000000000e+00 0.000000000000e+00 0.000000000000e+00 0.000000000000e+00 0.000000000000e+00 0.000000000000e+00 
9.945000000000e+00 3.935291579445e-03 4.927913936113e-02 8.821717935846e-04 1.051496861088e+05 1.118127529675e+05 1.000000000000e+05 8.349808771277e+03 5.481104817518e+02 1.800000000000e+06 0.000000000000e+00 -8.752000000000e-01 -8.752000000000e-01 0.000000000000e+00 0.000000000000e+00 0.000000000000e+00 -0.000000000000e+00 3.196070090739e-03 0.000000000000e+00 0.000000000000e+00 0.000000000000e+00 0.000000000000e+00 0.000000000000e+00 0.000000000000e+00 
9.950000000000e+00 3.930840095619e-03 4.909718505214e-02 8.816088476679e-04 1.047886944115e+05 1.114588236991e+05 1.000000000000e+05 8.352192747338e+03 5.485817228424e+02 1.800000000000e+06 0.000000000000e+00 -8.752000000000e-01 -8.752000000000e-01 0.000000000000e+00 0.000000000000e+00 0.000000000000e+00 -0.000000000000e+00 3.192454792103e-03 0.000000000000e+00 0.000000000000e+00 0.000000000000e+00 0.000000000000e+00 0.000000000000e+00 0.000000000000e+00 
9.955000000000e+00 3.926392180805e-03 4.891732581999e-02 8.807595154814e-04 1.044291388366e+05 1.111041686154e+05 1.000000000000e+05 8.354578015367e+03 5.490533390824e+02 1.800000000000e+06 0.000000000000e+00 -8.752000000000e-01 -8.752000000000e-01 0.000000000000e+00 0.000000000000e+00 0.000000000000e+00 -0.000000000000e+00 3.188842392060e-03 0.000000000000e+00 0.000000000000e+00 0.000000000000e+00 0.000000000000e+00 0.000000000000e+00 0.000000000000e+00 
9.960000000000e+00 3.921949280177e-03 4.873956218027e-02 8.796285413414e-04 1.040711124947e+05 1.107489020878e+05 1.000000000000e+05 8.356963801353e+03 5.495251772046e+02 1.800000000000e+06 0.000000000000e+00 -8.752000000000e-01 -8.752000000000e-01 0.000000000000e+00 0.000000000000e+00 0.000000000000e+00 -0.000000000000e+00 3.185234064316e-03 0.000000000000e+00 0.000000000000e+00 0.000000000000e+00 0.000000000000e+00 0.000000000000e+00 0.000000000000e+00 
9.965000000000e+00 3.917512807675e-03 4.856387923604e-02 8.782225255681e-04 1.037146929317e+05 1.103931372988e+05 1.000000000000e+05 8.359349344903e+03 5.499970862835e+02 1.800000000000e+06 0.000000000000e+00 -8.752000000000e-01 -8.752000000000e-01 0.000000000000e+00 0.000000000000e+00 0.000000000000e+00 -0.000000000000e+00 3.181630957210e-03 0.000000000000e+00 0.000000000000e+00 0.000000000000e+00 0.000000000000e+00 0.000000000000e+00 0.000000000000e+00 
9.970000000000e+00 3.913084142987e-03 4.839026361788e-02 8.765481646233e-04 1.033599551230e+05 1.100369859710e+05 1.000000000000e+05 8.361733899830e+03 5.504689180795e+02 1.800000000000e+06 0.000000000000e+00 -8.752000000000e-01 -8.752000000000e-01 0.000000000000e+00 0.000000000000e+00 0.000000000000e+00 -0.000000000000e+00 3.178034191265e-03 0.000000000000e+00 0.000000000000e+00 0.000000000000e+00 0.000000000000e+00 0.000000000000e+00 0.000000000000e+00 
9.975000000000e+00 3.908664631591e-03 4.821870657419e-02 8.746127700020e-04 1.030069674668e+05 1.096805583386e+05 1.000000000000e+05 8.364116734589e+03 5.509405270607e+02 1.800000000000e+06 0.000000000000e+00 -8.752000000000e-01 -8.752000000000e-01 0.000000000000e+00 0.000000000000e+00 0.000000000000e+00 -0.000000000000e+00 3.174444859218e-03 0.000000000000e+00 0.000000000000e+00 0.000000000000e+00 0.000000000000e+00 0.000000000000e+00 0.000000000000e+00 
9.980000000000e+00 3.904255576601e-03 4.804917539249e-02 8.724253065863e-04 1.026557830811e+05 1.093239624533e+05 1.000000000000e+05 8.366497137503e+03 5.514117713021e+02 1.800000000000e+06 0.000000000000e+00 -8.752000000000e-01 -8.752000000000e-01 0.000000000000e+00 0.000000000000e+00 0.000000000000e+00 -0.000000000000e+00 3.170864019403e-03 0.000000000000e+00 0.000000000000e+00 0.000000000000e+00 0.000000000000e+00 0.000000000000e+00 0.000000000000e+00 
9.985000000000e+00 3.899858231997e-03 4.788163479746e-02 8.699948428147e-04 1.023064509399e+05 1.089673035901e+05 1.000000000000e+05 8.368874419570e+03 5.518825132457e+02 1.800000000000e+06 0.000000000000e+00 -8.752000000000e-01 -8.752000000000e-01 0.000000000000e+00 0.000000000000e+00 0.000000000000e+00 -0.000000000000e+00 3.167292690246e-03 0.000000000000e+00 0.000000000000e+00 0.000000000000e+00 0.000000000000e+00 0.000000000000e+00 0.000000000000e+00 
9.990000000000e+00 3.895473807456e-03 4.771604135373e-02 8.673310224605e-04 1.019590125912e+05 1.086106845886e+05 1.000000000000e+05 8.371247912343e+03 5.523526192229e+02 1.800000000000e+06 0.000000000000e+00 -8.752000000000e-01 -8.752000000000e-01 0.000000000000e+00 0.000000000000e+00 0.000000000000e+00 -0.000000000000e+00 3.163731854192e-03 0.000000000000e+00 0.000000000000e+00 0.000000000000e+00 0.000000000000e+00 0.000000000000e+00 0.000000000000e+00 
9.995000000000e+00 3.891103451842e-03 4.755234387845e-02 8.644444194242e-04 1.016134979459e+05 1.082542044554e+05 1.000000000000e+05 8.373616977309e+03 5.528219612672e+02 1.800000000000e+06 0.000000000000e+00 -8.752000000000e-01 -8.752000000000e-01 0.000000000000e+00 0.000000000000e+00 0.000000000000e+00 -0.000000000000e+00 3.160182444301e-03 0.000000000000e+00 0.000000000000e+00 0.000000000000e+00 0.000000000000e+00 0.000000000000e+00 0.000000000000e+00 
1.000000000000e+01 3.886748268527e-03 4.739049193127e-02 8.613456003509e-04 1.012699336486e+05 1.078979595513e+05 1.000000000000e+05 8.375980997174e+03 5.532904155169e+02 1.800000000000e+06 0.000000000000e+00 -8.752000000000e-01 -8.752000000000e-01 0.000000000000e+00 0.000000000000e+00 0.000000000000e+00 -0.000000000000e+00 3.156645356680e-03 0.000000000000e+00 0.000000000000e+00 0.000000000000e+00 0.000000000000e+00 0.000000000000e+00 0.000000000000e+00 
