9.000000000000e+00 2.087140898541e-03 1.183850255302e-02 4.706598159580e-04 1.030914070661e+05 1.100276334232e+05 1.000000000000e+05 7.546570188307e+03 5.594655520486e+02 1.800000000000e+06 8.283633686494e+04 1.651616176000e+06 6.606464704000e+06 0.000000000000e+00 0.000000000000e+00 0.000000000000e+00 7.046713220793e-04 1.909063438783e-03 1.253919445565e-02 0.000000000000e+00 0.000000000000e+00 0.000000000000e+00 0.000000000000e+00 0.000000000000e+00 
9.005000000000e+00 2.084794809293e-03 1.180246447793e-02 4.676573458258e-04 1.027575915630e+05 1.096612067315e+05 1.000000000000e+05 7.548712603223e+03 5.599424319392e+02 1.800000000000e+06 8.256472197977e+04 1.651616176000e+06 6.606464704000e+06 0.000000000000e+00 0.000000000000e+00 0.000000000000e+00 7.023607512903e-04 1.906917520792e-03 1.249807695445e-02 0.000000000000e+00 0.000000000000e+00 0.000000000000e+00 0.000000000000e+00 0.000000000000e+00 
9.010000000000e+00 2.082463949892e-03 1.176670313532e-02 4.645895855997e-04 1.024262840538e+05 1.092961303712e+05 1.000000000000e+05 7.550843992111e+03 5.604169673759e+02 1.800000000000e+06 8.229520373087e+04 1.651616176000e+06 6.606464704000e+06 0.000000000000e+00 0.000000000000e+00 0.000000000000e+00 7.000680161457e-04 1.904785533218e-03 1.245727688950e-02 0.000000000000e+00 0.000000000000e+00 0.000000000000e+00 0.000000000000e+00 0.000000000000e+00 
9.015000000000e+00 2.080148617240e-03 1.173119610439e-02 4.614661269540e-04 1.020974114731e+05 1.089324673718e+05 1.000000000000e+05 7.552964044271e+03 5.608890851823e+02 1.800000000000e+06 8.202773921213e+04 1.651616176000e+06 6.606464704000e+06 0.000000000000e+00 0.000000000000e+00 0.000000000000e+00 6.977927516523e-04 1.902667747632e-03 1.241678777895e-02 0.000000000000e+00 0.000000000000e+00 0.000000000000e+00 0.000000000000e+00 0.000000000000e+00 
9.020000000000e+00 2.077849060813e-03 1.169592163271e-02 4.582963679953e-04 1.017708954153e+05 1.085702738012e+05 1.000000000000e+05 7.555072491013e+03 5.613587215185e+02 1.800000000000e+06 8.176227919238e+04 1.651616176000e+06 6.606464704000e+06 0.000000000000e+00 0.000000000000e+00 0.000000000000e+00 6.955345390109e-04 1.900564392222e-03 1.237660218188e-02 0.000000000000e+00 0.000000000000e+00 0.000000000000e+00 0.000000000000e+00 0.000000000000e+00 
9.025000000000e+00 2.075565483480e-03 1.166085771374e-02 4.550895874967e-04 1.014466510911e+05 1.082095987866e+05 1.000000000000e+05 7.557169105331e+03 5.618258217929e+02 1.800000000000e+06 8.149876876914e+04 1.651616176000e+06 6.606464704000e+06 0.000000000000e+00 0.000000000000e+00 0.000000000000e+00 6.932929111777e-04 1.898475652550e-03 1.233671179831e-02 0.000000000000e+00 0.000000000000e+00 0.000000000000e+00 0.000000000000e+00 0.000000000000e+00 
9.030000000000e+00 2.073298042909e-03 1.162598393676e-02 4.518546591033e-04 1.011245917319e+05 1.078504846309e+05 1.000000000000e+05 7.559253700507e+03 5.622903404520e+02 1.800000000000e+06 8.123714815800e+04 1.651616176000e+06 6.606464704000e+06 0.000000000000e+00 0.000000000000e+00 0.000000000000e+00 6.910673595790e-04 1.896401672832e-03 1.229710758717e-02 0.000000000000e+00 0.000000000000e+00 0.000000000000e+00 0.000000000000e+00 0.000000000000e+00 
9.035000000000e+00 2.071046853229e-03 1.159128150780e-02 4.486001063908e-04 1.008046280008e+05 1.074929669742e+05 1.000000000000e+05 7.561326128953e+03 5.627522407149e+02 1.800000000000e+06 8.097735358210e+04 1.651616176000e+06 6.606464704000e+06 0.000000000000e+00 0.000000000000e+00 0.000000000000e+00 6.888573416787e-04 1.894342557458e-03 1.225777989998e-02 0.000000000000e+00 0.000000000000e+00 0.000000000000e+00 0.000000000000e+00 0.000000000000e+00 
9.040000000000e+00 2.068811989036e-03 1.155673737259e-02 4.453333800071e-04 1.004866794033e+05 1.071370753350e+05 1.000000000000e+05 7.563386277761e+03 5.632114938196e+02 1.800000000000e+06 8.071931974209e+04 1.651616176000e+06 6.606464704000e+06 0.000000000000e+00 0.000000000000e+00 0.000000000000e+00 6.866623019888e-04 1.892298374661e-03 1.221871885303e-02 0.000000000000e+00 0.000000000000e+00 0.000000000000e+00 0.000000000000e+00 0.000000000000e+00 
9.045000000000e+00 2.066593496587e-03 1.152239921463e-02 4.420537637691e-04 1.001707822920e+05 1.067828348109e+05 1.000000000000e+05 7.565434048467e+03 5.636680767831e+02 1.800000000000e+06 8.046298437047e+04 1.651616176000e+06 6.606464704000e+06 0.000000000000e+00 0.000000000000e+00 0.000000000000e+00 6.844817108129e-04 1.890269166749e-03 1.217991496088e-02 0.000000000000e+00 0.000000000000e+00 0.000000000000e+00 0.000000000000e+00 0.000000000000e+00 
9.050000000000e+00 2.064392983120e-03 1.149493842943e-02 4.379656295818e-04 9.986913980160e+04 1.064305208149e+05 1.000000000000e+05 7.567466760614e+03 5.641216446105e+02 1.800000000000e+06 8.020934735676e+04 1.651616176000e+06 6.606464704000e+06 0.000000000000e+00 0.000000000000e+00 0.000000000000e+00 6.823240740010e-04 1.888256403830e-03 1.214151286572e-02 0.000000000000e+00 0.000000000000e+00 0.000000000000e+00 0.000000000000e+00 0.000000000000e+00 
9.055000000000e+00 2.062228382278e-03 1.152141388934e-02 4.273672118694e-04 9.967035170245e+04 1.060830358464e+05 1.000000000000e+05 7.569459551586e+03 5.645684776210e+02 1.800000000000e+06 7.997143446931e+04 1.651616176000e+06 6.606464704000e+06 0.000000000000e+00 0.000000000000e+00 0.000000000000e+00 6.803001990291e-04 1.886276489428e-03 1.210543840907e-02 0.000000000000e+00 0.000000000000e+00 0.000000000000e+00 0.000000000000e+00 0.000000000000e+00 
9.060000000000e+00 2.060167929250e-03 1.169100510336e-02 3.984369691429e-04 9.976386397579e+04 1.057514185368e+05 1.000000000000e+05 7.571331921229e+03 5.649944282339e+02 1.800000000000e+06 7.980044153210e+04 1.651616176000e+06 6.606464704000e+06 0.000000000000e+00 0.000000000000e+00 0.000000000000e+00 6.788455980208e-04 1.884391836817e-03 1.207935635407e-02 0.000000000000e+00 0.000000000000e+00 0.000000000000e+00 0.000000000000e+00 0.000000000000e+00 
9.065000000000e+00 2.058333708376e-03 1.206628753594e-02 3.406387015451e-04 1.003296822808e+05 1.054555111002e+05 1.000000000000e+05 7.572954732438e+03 5.653741178254e+02 1.800000000000e+06 7.978054437348e+04 1.651616176000e+06 6.606464704000e+06 0.000000000000e+00 0.000000000000e+00 0.000000000000e+00 6.786763370709e-04 1.882714113952e-03 1.207596043837e-02 0.000000000000e+00 0.000000000000e+00 0.000000000000e+00 0.000000000000e+00 0.000000000000e+00 
9.070000000000e+00 2.056886558534e-03 1.263633630617e-02 2.507384418877e-04 1.014445618036e+05 1.052215810860e+05 1.000000000000e+05 7.574172770859e+03 5.656740203611e+02 1.800000000000e+06 8.000991933180e+04 1.651616176000e+06 6.606464704000e+06 0.000000000000e+00 0.000000000000e+00 0.000000000000e+00 6.806275816726e-04 1.881390436735e-03 1.211013788513e-02 0.000000000000e+00 0.000000000000e+00 0.000000000000e+00 0.000000000000e+00 0.000000000000e+00 
9.075000000000e+00 2.056001953484e-03 1.339888911343e-02 1.246930183075e-04 1.031988463957e+05 1.050783823700e+05 1.000000000000e+05 7.574815782153e+03 5.658574899971e+02 1.800000000000e+06 8.056615062362e+04 1.651616176000e+06 6.606464704000e+06 0.000000000000e+00 0.000000000000e+00 0.000000000000e+00 6.853593244635e-04 1.880581307290e-03 1.219365080760e-02 0.000000000000e+00 0.000000000000e+00 0.000000000000e+00 0.000000000000e+00 0.000000000000e+00 
9.080000000000e+00 2.055836494185e-03 1.427093549619e-02 -2.696671709154e-05 1.054581075202e+05 1.050515808792e+05 1.000000000000e+05 7.574752253465e+03 5.658918191288e+02 1.800000000000e+06 8.150073827162e+04 1.651616176000e+06 6.606464704000e+06 0.000000000000e+00 0.000000000000e+00 0.000000000000e+00 6.933096653216e-04 1.880429965183e-03 1.233437781743e-02 0.000000000000e+00 0.000000000000e+00 0.000000000000e+00 0.000000000000e+00 0.000000000000e+00 
9.085000000000e+00 2.056490580788e-03 1.519509009192e-02 -2.014679270752e-04 1.081932052001e+05 1.051574998199e+05 1.000000000000e+05 7.573892760478e+03 5.657561334853e+02 1.800000000000e+06 8.282305710190e+04 1.651616176000e+06 6.606464704000e+06 0.000000000000e+00 0.000000000000e+00 0.000000000000e+00 7.045583539238e-04 1.881028244304e-03 1.253381569813e-02 0.000000000000e+00 0.000000000000e+00 0.000000000000e+00 0.000000000000e+00 0.000000000000e+00 
9.090000000000e+00 2.058054617378e-03 1.609596748446e-02 -3.871222000215e-04 1.112369120094e+05 1.054104284876e+05 1.000000000000e+05 7.572171314368e+03 5.654319325028e+02 1.800000000000e+06 8.450270763600e+04 1.651616176000e+06 6.606464704000e+06 0.000000000000e+00 0.000000000000e+00 0.000000000000e+00 7.188467882909e-04 1.882458835344e-03 1.278743352215e-02 0.000000000000e+00 0.000000000000e+00 0.000000000000e+00 0.000000000000e+00 0.000000000000e+00 
9.095000000000e+00 2.060552500316e-03 1.691208565509e-02 -5.735611487434e-04 1.144302152535e+05 1.058133760483e+05 1.000000000000e+05 7.569583480467e+03 5.649148814166e+02 1.800000000000e+06 8.647634840422e+04 1.651616176000e+06 6.606464704000e+06 0.000000000000e+00 0.000000000000e+00 0.000000000000e+00 7.356361358416e-04 1.884743595801e-03 1.308569531479e-02 0.000000000000e+00 0.000000000000e+00 0.000000000000e+00 0.000000000000e+00 0.000000000000e+00 
9.100000000000e+00 2.063961472747e-03 1.760572369832e-02 -7.522196132557e-04 1.176342337220e+05 1.063613231166e+05 1.000000000000e+05 7.566166985216e+03 5.642106673075e+02 1.800000000000e+06 8.866047716443e+04 1.651616176000e+06 6.606464704000e+06 0.000000000000e+00 0.000000000000e+00 0.000000000000e+00 7.542160605376e-04 1.887861710460e-03 1.341598564121e-02 0.000000000000e+00 0.000000000000e+00 0.000000000000e+00 0.000000000000e+00 0.000000000000e+00 
9.105000000000e+00 2.068222783274e-03 1.816255434307e-02 -9.168963009966e-04 1.207414291017e+05 1.070430862088e+05 1.000000000000e+05 7.561990521500e+03 5.633326894108e+02 1.800000000000e+06 9.096602740597e+04 1.651616176000e+06 6.606464704000e+06 0.000000000000e+00 0.000000000000e+00 0.000000000000e+00 7.738288922768e-04 1.891759440668e-03 1.376482080243e-02 0.000000000000e+00 0.000000000000e+00 0.000000000000e+00 0.000000000000e+00 0.000000000000e+00 
9.110000000000e+00 2.073254207072e-03 1.858632371202e-02 -1.063772188804e-03 1.236783689255e+05 1.078435322481e+05 1.000000000000e+05 7.557141506413e+03 5.622993279438e+02 1.800000000000e+06 9.331032278518e+04 1.651616176000e+06 6.606464704000e+06 0.000000000000e+00 0.000000000000e+00 0.000000000000e+00 7.937713207657e-04 1.896361577123e-03 1.411966621510e-02 0.000000000000e+00 0.000000000000e+00 0.000000000000e+00 0.000000000000e+00 0.000000000000e+00 
9.115000000000e+00 2.078960961058e-03 1.889273302647e-02 -1.191152219846e-03 1.264035319427e+05 1.087455303135e+05 1.000000000000e+05 7.551715778188e+03 5.611315474870e+02 1.800000000000e+06 9.562406469214e+04 1.651616176000e+06 6.606464704000e+06 0.000000000000e+00 0.000000000000e+00 0.000000000000e+00 8.134538372825e-04 1.901581423754e-03 1.447000241615e-02 0.000000000000e+00 0.000000000000e+00 0.000000000000e+00 0.000000000000e+00 0.000000000000e+00 
9.120000000000e+00 2.085244138351e-03 1.910097083359e-02 -1.298686887568e-03 1.288966450642e+05 1.097314659953e+05 1.000000000000e+05 7.545810464342e+03 5.598510400059e+02 1.800000000000e+06 9.785426967829e+04 1.651616176000e+06 6.606464704000e+06 0.000000000000e+00 0.000000000000e+00 0.000000000000e+00 8.324257227566e-04 1.907328512536e-03 1.480777921136e-02 0.000000000000e+00 0.000000000000e+00 0.000000000000e+00 0.000000000000e+00 0.000000000000e+00 
9.125000000000e+00 2.092007776589e-03 1.923527847439e-02 -1.387511411191e-03 1.311612507353e+05 1.107844775637e+05 1.000000000000e+05 7.539516991663e+03 5.584786917517e+02 1.800000000000e+06 9.996480896534e+04 1.651616176000e+06 6.606464704000e+06 0.000000000000e+00 0.000000000000e+00 0.000000000000e+00 8.503796372583e-04 1.913515068733e-03 1.512749542534e-02 0.000000000000e+00 0.000000000000e+00 0.000000000000e+00 0.000000000000e+00 0.000000000000e+00 
9.130000000000e+00 2.099162792484e-03 1.931582022371e-02 -1.459165349611e-03 1.332087387413e+05 1.118891355319e+05 1.000000000000e+05 7.532918872814e+03 5.570337352733e+02 1.800000000000e+06 1.019346765593e+05 1.651616176000e+06 6.606464704000e+06 0.000000000000e+00 0.000000000000e+00 0.000000000000e+00 8.671368872080e-04 1.920059609753e-03 1.542594620887e-02 0.000000000000e+00 0.000000000000e+00 0.000000000000e+00 0.000000000000e+00 0.000000000000e+00 
9.135000000000e+00 2.106628703822e-03 1.935881133032e-02 -1.515405893533e-03 1.350554523347e+05 1.130317278576e+05 1.000000000000e+05 7.526090373916e+03 5.555333862352e+02 1.800000000000e+06 1.037546036433e+05 1.651616176000e+06 6.606464704000e+06 0.000000000000e+00 0.000000000000e+00 0.000000000000e+00 8.826186247266e-04 1.926888520217e-03 1.570170980881e-02 0.000000000000e+00 0.000000000000e+00 0.000000000000e+00 0.000000000000e+00 0.000000000000e+00 
9.140000000000e+00 2.114334022248e-03 1.937721105018e-02 -1.558090239402e-03 1.367207013094e+05 1.142003065454e+05 1.000000000000e+05 7.519096379897e+03 5.539927728044e+02 1.800000000000e+06 1.054236880609e+05 1.651616176000e+06 6.606464704000e+06 0.000000000000e+00 0.000000000000e+00 0.000000000000e+00 8.968171753596e-04 1.933936411236e-03 1.595463602582e-02 0.000000000000e+00 0.000000000000e+00 0.000000000000e+00 0.000000000000e+00 0.000000000000e+00 
9.145000000000e+00 2.122216977291e-03 1.938207546886e-02 -1.589194149753e-03 1.382268637498e+05 1.153847615505e+05 1.000000000000e+05 7.511991832413e+03 5.524248155743e+02 1.800000000000e+06 1.069473973130e+05 1.651616176000e+06 6.606464704000e+06 0.000000000000e+00 0.000000000000e+00 0.000000000000e+00 9.097790499885e-04 1.941146782656e-03 1.618554205470e-02 0.000000000000e+00 0.000000000000e+00 0.000000000000e+00 0.000000000000e+00 0.000000000000e+00 
9.150000000000e+00 2.130225657084e-03 1.938229018778e-02 -1.610682901670e-03 1.395973237983e+05 1.165767883419e+05 1.000000000000e+05 7.504821945689e+03 5.508402374047e+02 1.800000000000e+06 1.083358071160e+05 1.651616176000e+06 6.606464704000e+06 0.000000000000e+00 0.000000000000e+00 0.000000000000e+00 9.215899606160e-04 1.948472151770e-03 1.639594581392e-02 0.000000000000e+00 0.000000000000e+00 0.000000000000e+00 0.000000000000e+00 0.000000000000e+00 
9.155000000000e+00 2.138317547223e-03 1.938400832830e-02 -1.624318107410e-03 1.408535180597e+05 1.177697567291e+05 1.000000000000e+05 7.497623066594e+03 5.492476993785e+02 1.800000000000e+06 1.096020524526e+05 1.651616176000e+06 6.606464704000e+06 0.000000000000e+00 0.000000000000e+00 0.000000000000e+00 9.323616437836e-04 1.955873631519e-03 1.658783128640e-02 0.000000000000e+00 0.000000000000e+00 0.000000000000e+00 0.000000000000e+00 0.000000000000e+00 
9.160000000000e+00 2.146451517249e-03 1.938844205699e-02 -1.630941348549e-03 1.420037433843e+05 1.189574807001e+05 1.000000000000e+05 7.490430895898e+03 5.476554126972e+02 1.800000000000e+06 1.107608925452e+05 1.651616176000e+06 6.606464704000e+06 0.000000000000e+00 0.000000000000e+00 0.000000000000e+00 9.422196530944e-04 1.963313600694e-03 1.676343047979e-02 0.000000000000e+00 0.000000000000e+00 0.000000000000e+00 0.000000000000e+00 0.000000000000e+00 
9.165000000000e+00 2.154598564497e-03 1.940153822810e-02 -1.633007720002e-03 1.430804573376e+05 1.201357523554e+05 1.000000000000e+05 7.483267640752e+03 5.460690602359e+02 1.800000000000e+06 1.118270436583e+05 1.651616176000e+06 6.606464704000e+06 0.000000000000e+00 0.000000000000e+00 0.000000000000e+00 9.512891767216e-04 1.970765531103e-03 1.692497262825e-02 0.000000000000e+00 0.000000000000e+00 0.000000000000e+00 0.000000000000e+00 0.000000000000e+00 
9.170000000000e+00 2.162740006420e-03 1.942385912085e-02 -1.631585401182e-03 1.440973911199e+05 1.213019957419e+05 1.000000000000e+05 7.476147949646e+03 5.444922108432e+02 1.800000000000e+06 1.128142141486e+05 1.651616176000e+06 6.606464704000e+06 0.000000000000e+00 0.000000000000e+00 0.000000000000e+00 9.596868287770e-04 1.978212334121e-03 1.707453491839e-02 0.000000000000e+00 0.000000000000e+00 0.000000000000e+00 0.000000000000e+00 0.000000000000e+00 
9.175000000000e+00 2.170861735242e-03 1.945487601293e-02 -1.627502577776e-03 1.450652487236e+05 1.224543810117e+05 1.000000000000e+05 7.469082541650e+03 5.429274785368e+02 1.800000000000e+06 1.137347044017e+05 1.651616176000e+06 6.606464704000e+06 0.000000000000e+00 0.000000000000e+00 0.000000000000e+00 9.675172460577e-04 1.985641105547e-03 1.721398227307e-02 0.000000000000e+00 0.000000000000e+00 0.000000000000e+00 0.000000000000e+00 0.000000000000e+00 
9.180000000000e+00 2.178953086429e-03 1.949323452924e-02 -1.621356693947e-03 1.459917622321e+05 1.235916322440e+05 1.000000000000e+05 7.462079264899e+03 5.413767638349e+02 1.800000000000e+06 1.145991213944e+05 1.651616176000e+06 6.606464704000e+06 0.000000000000e+00 0.000000000000e+00 0.000000000000e+00 9.748706598871e-04 1.993042090603e-03 1.734492377281e-02 0.000000000000e+00 0.000000000000e+00 0.000000000000e+00 0.000000000000e+00 0.000000000000e+00 
9.185000000000e+00 2.187005184681e-03 1.953565406733e-02 -1.613358535947e-03 1.468794177046e+05 1.247127729305e+05 1.000000000000e+05 7.455144794949e+03 5.398415870508e+02 1.800000000000e+06 1.154158280177e+05 1.651616176000e+06 6.606464704000e+06 0.000000000000e+00 0.000000000000e+00 0.000000000000e+00 9.818182116231e-04 2.000407171049e-03 1.746863034604e-02 0.000000000000e+00 0.000000000000e+00 0.000000000000e+00 0.000000000000e+00 0.000000000000e+00 
9.190000000000e+00 2.195008696123e-03 1.957680649261e-02 -1.603271089439e-03 1.477244834026e+05 1.258168036890e+05 1.000000000000e+05 7.448286669526e+03 5.383235236486e+02 1.800000000000e+06 1.161900598403e+05 1.651616176000e+06 6.606464704000e+06 0.000000000000e+00 0.000000000000e+00 0.000000000000e+00 9.884044391485e-04 2.007727809160e-03 1.758590105255e-02 0.000000000000e+00 0.000000000000e+00 0.000000000000e+00 0.000000000000e+00 0.000000000000e+00 
9.195000000000e+00 2.202952022996e-03 1.961089090887e-02 -1.590575106543e-03 1.485192083031e+05 1.269024576952e+05 1.000000000000e+05 7.441514592144e+03 5.368245430551e+02 1.800000000000e+06 1.169235655549e+05 1.651616176000e+06 6.606464704000e+06 0.000000000000e+00 0.000000000000e+00 0.000000000000e+00 9.946442182265e-04 2.014993396442e-03 1.769700695813e-02 0.000000000000e+00 0.000000000000e+00 0.000000000000e+00 0.000000000000e+00 0.000000000000e+00 
9.200000000000e+00 2.210820288756e-03 1.963294300085e-02 -1.574636962509e-03 1.492540763266e+05 1.279680757827e+05 1.000000000000e+05 7.434841027646e+03 5.353471894160e+02 1.800000000000e+06 1.176149580445e+05 1.651616176000e+06 6.606464704000e+06 0.000000000000e+00 0.000000000000e+00 0.000000000000e+00 1.000525748943e-03 2.022190349462e-03 1.780174314512e-02 0.000000000000e+00 0.000000000000e+00 0.000000000000e+00 0.000000000000e+00 0.000000000000e+00 
9.205000000000e+00 2.218595871958e-03 1.964228759667e-02 -1.555128483648e-03 1.499235597330e+05 1.290116948346e+05 1.000000000000e+05 7.428280146076e+03 5.338944687693e+02 1.800000000000e+06 1.182613451439e+05 1.651616176000e+06 6.606464704000e+06 0.000000000000e+00 0.000000000000e+00 0.000000000000e+00 1.006024428257e-03 2.029302510226e-03 1.789967281565e-02 0.000000000000e+00 0.000000000000e+00 0.000000000000e+00 0.000000000000e+00 0.000000000000e+00 
9.210000000000e+00 2.226260665710e-03 1.963721092227e-02 -1.531919042242e-03 1.505248333939e+05 1.300313594305e+05 1.000000000000e+05 7.421846030824e+03 5.324694201428e+02 1.800000000000e+06 1.188596737511e+05 1.651616176000e+06 6.606464704000e+06 0.000000000000e+00 0.000000000000e+00 0.000000000000e+00 1.011114284069e-03 2.036313334233e-03 1.799033393244e-02 0.000000000000e+00 0.000000000000e+00 0.000000000000e+00 0.000000000000e+00 0.000000000000e+00 
9.215000000000e+00 2.233795547178e-03 1.961709565427e-02 -1.504747873613e-03 1.510532722290e+05 1.310250502419e+05 1.000000000000e+05 7.415553557735e+03 5.310752146285e+02 1.800000000000e+06 1.194067784878e+05 1.651616176000e+06 6.606464704000e+06 0.000000000000e+00 0.000000000000e+00 0.000000000000e+00 1.015768389172e-03 2.043205330233e-03 1.807324738399e-02 0.000000000000e+00 0.000000000000e+00 0.000000000000e+00 0.000000000000e+00 0.000000000000e+00 
9.220000000000e+00 2.241179953327e-03 1.958169675160e-02 -1.473401866236e-03 1.515047915265e+05 1.319906292934e+05 1.000000000000e+05 7.409418513833e+03 5.297152326245e+02 1.800000000000e+06 1.198996314665e+05 1.651616176000e+06 6.606464704000e+06 0.000000000000e+00 0.000000000000e+00 0.000000000000e+00 1.019960985963e-03 2.049959689658e-03 1.814795439328e-02 0.000000000000e+00 0.000000000000e+00 0.000000000000e+00 0.000000000000e+00 0.000000000000e+00 
9.225000000000e+00 2.248392547985e-03 1.953097123324e-02 -1.437765034287e-03 1.518765514939e+05 1.329259280911e+05 1.000000000000e+05 7.403456973599e+03 5.283929399814e+02 1.800000000000e+06 1.203354063570e+05 1.651616176000e+06 6.606464704000e+06 0.000000000000e+00 0.000000000000e+00 0.000000000000e+00 1.023668031444e-03 2.056556896760e-03 1.821402663031e-02 0.000000000000e+00 0.000000000000e+00 0.000000000000e+00 0.000000000000e+00 0.000000000000e+00 
9.230000000000e+00 2.255409756460e-03 1.946513849238e-02 -1.397512671783e-03 1.521627319067e+05 1.338285573568e+05 1.000000000000e+05 7.397686913230e+03 5.271121565557e+02 1.800000000000e+06 1.207119103236e+05 1.651616176000e+06 6.606464704000e+06 0.000000000000e+00 0.000000000000e+00 0.000000000000e+00 1.026870871622e-03 2.062975388272e-03 1.827113063728e-02 0.000000000000e+00 0.000000000000e+00 0.000000000000e+00 0.000000000000e+00 0.000000000000e+00 
9.235000000000e+00 2.262208248001e-03 1.938285337425e-02 -1.352799507554e-03 1.523638589248e+05 1.346962265620e+05 1.000000000000e+05 7.392125268204e+03 5.258766026993e+02 1.800000000000e+06 1.210266913579e+05 1.651616176000e+06 6.606464704000e+06 0.000000000000e+00 0.000000000000e+00 0.000000000000e+00 1.029548647776e-03 2.069193824051e-03 1.831889698529e-02 0.000000000000e+00 0.000000000000e+00 0.000000000000e+00 0.000000000000e+00 0.000000000000e+00 
9.240000000000e+00 2.268768135777e-03 1.928707432386e-02 -1.304264875211e-03 1.524870823752e+05 1.355271382565e+05 1.000000000000e+05 7.386785337661e+03 5.246893284533e+02 1.800000000000e+06 1.212774391679e+05 1.651616176000e+06 6.606464704000e+06 0.000000000000e+00 0.000000000000e+00 0.000000000000e+00 1.031681706739e-03 2.075194014036e-03 1.835697377441e-02 0.000000000000e+00 0.000000000000e+00 0.000000000000e+00 0.000000000000e+00 0.000000000000e+00 
9.245000000000e+00 2.275072836039e-03 1.918221011139e-02 -1.252224742828e-03 1.525355497759e+05 1.363199464242e+05 1.000000000000e+05 7.381678008068e+03 5.235527575067e+02 1.800000000000e+06 1.214641936650e+05 1.651616176000e+06 6.606464704000e+06 0.000000000000e+00 0.000000000000e+00 0.000000000000e+00 1.033270388027e-03 2.080960789423e-03 1.838536186680e-02 0.000000000000e+00 0.000000000000e+00 0.000000000000e+00 0.000000000000e+00 0.000000000000e+00 
9.250000000000e+00 2.281107079634e-03 1.907230516122e-02 -1.197341243217e-03 1.525168984682e+05 1.370734876984e+05 1.000000000000e+05 7.376812592285e+03 5.224690603200e+02 1.800000000000e+06 1.215891826089e+05 1.651616176000e+06 6.606464704000e+06 0.000000000000e+00 0.000000000000e+00 0.000000000000e+00 1.034333642725e-03 2.086480183842e-03 1.840439461340e-02 0.000000000000e+00 0.000000000000e+00 0.000000000000e+00 0.000000000000e+00 0.000000000000e+00 
9.255000000000e+00 2.286859392794e-03 1.896096843097e-02 -1.140423202332e-03 1.524408897275e+05 1.377870769121e+05 1.000000000000e+05 7.372195103701e+03 5.214397198453e+02 1.800000000000e+06 1.216564037618e+05 1.651616176000e+06 6.606464704000e+06 0.000000000000e+00 0.000000000000e+00 0.000000000000e+00 1.034905478956e-03 2.091741702483e-03 1.841467426177e-02 0.000000000000e+00 0.000000000000e+00 0.000000000000e+00 0.000000000000e+00 0.000000000000e+00 
9.260000000000e+00 2.292323034905e-03 1.885054779394e-02 -1.082211304110e-03 1.523167382902e+05 1.384606026017e+05 1.000000000000e+05 7.367827829478e+03 5.204653802269e+02 1.800000000000e+06 1.216710166368e+05 1.651616176000e+06 6.606464704000e+06 0.000000000000e+00 0.000000000000e+00 0.000000000000e+00 1.035029787616e-03 2.096739179847e-03 1.841698056737e-02 0.000000000000e+00 0.000000000000e+00 0.000000000000e+00 0.000000000000e+00 0.000000000000e+00 
9.265000000000e+00 2.297493013020e-03 1.873901244125e-02 -1.022947049808e-03 1.521473012389e+05 1.390941417453e+05 1.000000000000e+05 7.363712348595e+03 5.195463929775e+02 1.800000000000e+06 1.216380647292e+05 1.651616176000e+06 6.606464704000e+06 0.000000000000e+00 0.000000000000e+00 0.000000000000e+00 1.034749472657e-03 2.101468048992e-03 1.841208073925e-02 0.000000000000e+00 0.000000000000e+00 0.000000000000e+00 0.000000000000e+00 0.000000000000e+00 
9.270000000000e+00 2.302373150953e-03 1.864006007233e-02 -9.649155553126e-04 1.519623426326e+05 1.396888114903e+05 1.000000000000e+05 7.359840671778e+03 5.186815721357e+02 1.800000000000e+06 1.215630337065e+05 1.651616176000e+06 6.606464704000e+06 0.000000000000e+00 0.000000000000e+00 0.000000000000e+00 1.034111199504e-03 2.105931807482e-03 1.840079286741e-02 0.000000000000e+00 0.000000000000e+00 0.000000000000e+00 0.000000000000e+00 0.000000000000e+00 
9.275000000000e+00 2.306969394613e-03 1.855103604801e-02 -9.077393777367e-04 1.517577045898e+05 1.402459316358e+05 1.000000000000e+05 7.356206604950e+03 5.178693981020e+02 1.800000000000e+06 1.214558116848e+05 1.651616176000e+06 6.606464704000e+06 0.000000000000e+00 0.000000000000e+00 0.000000000000e+00 1.033199084282e-03 2.110135893911e-03 1.838461677972e-02 0.000000000000e+00 0.000000000000e+00 0.000000000000e+00 0.000000000000e+00 0.000000000000e+00 
9.280000000000e+00 2.311286110137e-03 1.847165666635e-02 -8.518169132909e-04 1.515389019801e+05 1.407665760686e+05 1.000000000000e+05 7.352804426428e+03 5.171086719670e+02 1.800000000000e+06 1.213238251239e+05 1.651616176000e+06 6.606464704000e+06 0.000000000000e+00 0.000000000000e+00 0.000000000000e+00 1.032076302326e-03 2.114084301893e-03 1.836467866121e-02 0.000000000000e+00 0.000000000000e+00 0.000000000000e+00 0.000000000000e+00 0.000000000000e+00 
9.285000000000e+00 2.315327968425e-03 1.839749362906e-02 -7.970688411519e-04 1.513053889001e+05 1.412518064352e+05 1.000000000000e+05 7.349628915122e+03 5.163981786322e+02 1.800000000000e+06 1.211739485728e+05 1.651616176000e+06 6.606464704000e+06 0.000000000000e+00 0.000000000000e+00 0.000000000000e+00 1.030801333979e-03 2.117781303800e-03 1.834202162963e-02 0.000000000000e+00 0.000000000000e+00 0.000000000000e+00 0.000000000000e+00 0.000000000000e+00 
9.290000000000e+00 2.319101413599e-03 1.832790644185e-02 -7.440336667873e-04 1.510645934754e+05 1.417028493715e+05 1.000000000000e+05 7.346672810550e+03 5.157364281789e+02 1.800000000000e+06 1.210102021575e+05 1.651616176000e+06 6.606464704000e+06 0.000000000000e+00 0.000000000000e+00 0.000000000000e+00 1.029408377611e-03 2.121232793934e-03 1.831725871339e-02 0.000000000000e+00 0.000000000000e+00 0.000000000000e+00 0.000000000000e+00 0.000000000000e+00 
9.295000000000e+00 2.322616048612e-03 1.826284533766e-02 -6.928914760303e-04 1.508197298905e+05 1.421212598057e+05 1.000000000000e+05 7.343926922679e+03 5.151214149407e+02 1.800000000000e+06 1.208359301225e+05 1.651616176000e+06 6.606464704000e+06 0.000000000000e+00 0.000000000000e+00 0.000000000000e+00 1.027925882007e-03 2.124447555912e-03 1.829089690045e-02 0.000000000000e+00 0.000000000000e+00 0.000000000000e+00 0.000000000000e+00 0.000000000000e+00 
9.300000000000e+00 2.325880972562e-03 1.820005864534e-02 -6.434536011686e-04 1.505693144662e+05 1.425084838299e+05 1.000000000000e+05 7.341383071635e+03 5.145512594972e+02 1.800000000000e+06 1.206534070357e+05 1.651616176000e+06 6.606464704000e+06 0.000000000000e+00 0.000000000000e+00 0.000000000000e+00 1.026373196437e-03 2.127433912486e-03 1.826328319412e-02 0.000000000000e+00 0.000000000000e+00 0.000000000000e+00 0.000000000000e+00 0.000000000000e+00 
9.305000000000e+00 2.328904082650e-03 1.813761038349e-02 -5.954870709507e-04 1.503111932631e+05 1.428657814723e+05 1.000000000000e+05 7.339034225048e+03 5.140243263264e+02 1.800000000000e+06 1.204635968739e+05 1.651616176000e+06 6.606464704000e+06 0.000000000000e+00 0.000000000000e+00 0.000000000000e+00 1.024758521251e-03 2.130199087058e-03 1.823456566508e-02 0.000000000000e+00 0.000000000000e+00 0.000000000000e+00 0.000000000000e+00 0.000000000000e+00 
9.310000000000e+00 2.331692028753e-03 1.807400925070e-02 -5.487507858130e-04 1.500429906345e+05 1.431942272443e+05 1.000000000000e+05 7.336874471528e+03 5.135392271562e+02 1.800000000000e+06 1.202665156950e+05 1.651616176000e+06 6.606464704000e+06 0.000000000000e+00 0.000000000000e+00 0.000000000000e+00 1.023081993049e-03 2.132749162128e-03 1.820474822688e-02 0.000000000000e+00 0.000000000000e+00 0.000000000000e+00 0.000000000000e+00 0.000000000000e+00 
9.315000000000e+00 2.334250157092e-03 1.800803204971e-02 -5.029978139766e-04 1.497621286040e+05 1.434947087078e+05 1.000000000000e+05 7.334899046842e+03 5.130948267387e+02 1.800000000000e+06 1.200614799400e+05 1.651616176000e+06 6.606464704000e+06 0.000000000000e+00 0.000000000000e+00 0.000000000000e+00 1.021337796939e-03 2.135089027773e-03 1.817372850182e-02 0.000000000000e+00 0.000000000000e+00 0.000000000000e+00 0.000000000000e+00 0.000000000000e+00 
9.320000000000e+00 2.336582502529e-03 1.793854896737e-02 -4.579809795317e-04 1.494658921170e+05 1.437679300880e+05 1.000000000000e+05 7.333104319525e+03 5.126902406840e+02 1.800000000000e+06 1.198472764971e+05 1.651616176000e+06 6.606464704000e+06 0.000000000000e+00 0.000000000000e+00 0.000000000000e+00 1.019515613233e-03 2.137222374594e-03 1.814132394680e-02 0.000000000000e+00 0.000000000000e+00 0.000000000000e+00 0.000000000000e+00 0.000000000000e+00 
9.325000000000e+00 2.338692759441e-03 1.786739032712e-02 -4.138272438211e-04 1.491561865224e+05 1.440145294063e+05 1.000000000000e+05 7.331486553158e+03 5.123246644132e+02 1.800000000000e+06 1.196229041808e+05 1.651616176000e+06 6.606464704000e+06 0.000000000000e+00 0.000000000000e+00 0.000000000000e+00 1.017606925056e-03 2.139152581759e-03 1.810738077128e-02 0.000000000000e+00 0.000000000000e+00 0.000000000000e+00 0.000000000000e+00 0.000000000000e+00 
9.330000000000e+00 2.340585031210e-03 1.779458260597e-02 -3.704868167167e-04 1.488327542831e+05 1.442351677364e+05 1.000000000000e+05 7.330041982850e+03 5.119972420540e+02 1.800000000000e+06 1.193881770992e+05 1.651616176000e+06 6.606464704000e+06 0.000000000000e+00 0.000000000000e+00 0.000000000000e+00 1.015610151065e-03 2.140883402545e-03 1.807187067675e-02 0.000000000000e+00 0.000000000000e+00 0.000000000000e+00 0.000000000000e+00 0.000000000000e+00 
9.335000000000e+00 2.342264292238e-03 1.772226205286e-02 -3.281998670205e-04 1.484990278609e+05 1.444305838503e+05 1.000000000000e+05 7.328765876918e+03 5.117069859409e+02 1.800000000000e+06 1.191435832971e+05 1.651616176000e+06 6.606464704000e+06 0.000000000000e+00 0.000000000000e+00 0.000000000000e+00 1.013529442956e-03 2.142419386932e-03 1.803486516215e-02 0.000000000000e+00 0.000000000000e+00 0.000000000000e+00 0.000000000000e+00 0.000000000000e+00 
9.340000000000e+00 2.343735582019e-03 1.764983489253e-02 -2.869623073530e-04 1.481554055336e+05 1.446015012660e+05 1.000000000000e+05 7.327653824197e+03 5.114529153044e+02 1.800000000000e+06 1.188894963450e+05 1.651616176000e+06 6.606464704000e+06 0.000000000000e+00 0.000000000000e+00 0.000000000000e+00 1.011367978613e-03 2.143765144436e-03 1.799642202770e-02 0.000000000000e+00 0.000000000000e+00 0.000000000000e+00 0.000000000000e+00 0.000000000000e+00 
9.345000000000e+00 2.345004734498e-03 1.757848756635e-02 -2.469127924331e-04 1.478041404887e+05 1.447487143145e+05 1.000000000000e+05 7.326700680977e+03 5.112339292943e+02 1.800000000000e+06 1.186268299369e+05 1.651616176000e+06 6.606464704000e+06 0.000000000000e+00 0.000000000000e+00 0.000000000000e+00 1.009133530639e-03 2.144926011246e-03 1.795667821303e-02 0.000000000000e+00 0.000000000000e+00 0.000000000000e+00 0.000000000000e+00 0.000000000000e+00 
9.350000000000e+00 2.346078074440e-03 1.750883483847e-02 -2.081774557829e-04 1.474473814545e+05 1.448730539619e+05 1.000000000000e+05 7.325900996952e+03 5.110488585731e+02 1.800000000000e+06 1.183567696635e+05 1.651616176000e+06 6.606464704000e+06 0.000000000000e+00 0.000000000000e+00 0.000000000000e+00 1.006836184606e-03 2.145907772488e-03 1.791581276755e-02 0.000000000000e+00 0.000000000000e+00 0.000000000000e+00 0.000000000000e+00 0.000000000000e+00 
9.355000000000e+00 2.346962520818e-03 1.744134891155e-02 -1.708557752523e-04 1.470870136187e+05 1.449754011328e+05 1.000000000000e+05 7.325248946337e+03 5.108964464387e+02 1.800000000000e+06 1.180807140080e+05 1.651616176000e+06 6.606464704000e+06 0.000000000000e+00 0.000000000000e+00 0.000000000000e+00 1.004487837116e-03 2.146716756800e-03 1.787403700734e-02 0.000000000000e+00 0.000000000000e+00 0.000000000000e+00 0.000000000000e+00 0.000000000000e+00 
9.360000000000e+00 2.347666648214e-03 1.737674966101e-02 -1.356268740206e-04 1.467322740028e+05 1.450568107924e+05 1.000000000000e+05 7.324736749159e+03 5.107751649347e+02 1.800000000000e+06 1.178001657569e+05 1.651616176000e+06 6.606464704000e+06 0.000000000000e+00 0.000000000000e+00 0.000000000000e+00 1.002101272059e-03 2.147360807169e-03 1.783157851395e-02 0.000000000000e+00 0.000000000000e+00 0.000000000000e+00 0.000000000000e+00 0.000000000000e+00 
9.365000000000e+00 2.348211139200e-03 1.731640356250e-02 -1.030695784027e-04 1.463925450506e+05 1.451197204131e+05 1.000000000000e+05 7.324347259156e+03 5.106814145227e+02 1.800000000000e+06 1.175167754159e+05 1.651616176000e+06 6.606464704000e+06 0.000000000000e+00 0.000000000000e+00 0.000000000000e+00 9.996905299402e-04 2.147858841507e-03 1.778868630349e-02 0.000000000000e+00 0.000000000000e+00 0.000000000000e+00 0.000000000000e+00 0.000000000000e+00 
9.370000000000e+00 2.348607132323e-03 1.725956345471e-02 -7.211802878215e-05 1.460558223538e+05 1.451654491652e+05 1.000000000000e+05 7.324072899975e+03 5.106132514723e+02 1.800000000000e+06 1.172323914582e+05 1.651616176000e+06 6.606464704000e+06 0.000000000000e+00 0.000000000000e+00 0.000000000000e+00 9.972713353327e-04 2.148221048004e-03 1.774564015719e-02 0.000000000000e+00 0.000000000000e+00 0.000000000000e+00 0.000000000000e+00 0.000000000000e+00 
9.375000000000e+00 2.348862206888e-03 1.720571838101e-02 -4.277869037291e-05 1.457229563450e+05 1.451948942868e+05 1.000000000000e+05 7.323907629218e+03 5.105693534759e+02 1.800000000000e+06 1.169486617804e+05 1.651616176000e+06 6.606464704000e+06 0.000000000000e+00 0.000000000000e+00 0.000000000000e+00 9.948577065468e-04 2.148454359290e-03 1.770269042479e-02 0.000000000000e+00 0.000000000000e+00 0.000000000000e+00 0.000000000000e+00 0.000000000000e+00 
9.380000000000e+00 2.348983079931e-03 1.715361056240e-02 -1.462016274124e-05 1.453893026711e+05 1.452088446612e+05 1.000000000000e+05 7.323846643723e+03 5.105485537028e+02 1.800000000000e+06 1.166666635287e+05 1.651616176000e+06 6.606464704000e+06 0.000000000000e+00 0.000000000000e+00 0.000000000000e+00 9.924588066391e-04 2.148564919294e-03 1.766000132251e-02 0.000000000000e+00 0.000000000000e+00 0.000000000000e+00 0.000000000000e+00 0.000000000000e+00 
9.385000000000e+00 2.348965919783e-03 1.710132776891e-02 1.323115195787e-05 1.450435491504e+05 1.452068642624e+05 1.000000000000e+05 7.323894010520e+03 5.105515065217e+02 1.800000000000e+06 1.163866991233e+05 1.651616176000e+06 6.606464704000e+06 0.000000000000e+00 0.000000000000e+00 0.000000000000e+00 9.900772082355e-04 2.148549223271e-03 1.761762048935e-02 0.000000000000e+00 0.000000000000e+00 0.000000000000e+00 0.000000000000e+00 0.000000000000e+00 
9.390000000000e+00 2.348813037655e-03 1.704766323960e-02 3.999385129780e-05 1.446955175828e+05 1.451892189655e+05 1.000000000000e+05 7.324046969544e+03 5.105778149197e+02 1.800000000000e+06 1.161080206189e+05 1.651616176000e+06 6.606464704000e+06 0.000000000000e+00 0.000000000000e+00 0.000000000000e+00 9.877065487208e-04 2.148409385236e-03 1.757543691271e-02 0.000000000000e+00 0.000000000000e+00 0.000000000000e+00 0.000000000000e+00 0.000000000000e+00 
9.395000000000e+00 2.348527750507e-03 1.698807455894e-02 6.644459592134e-05 1.443359135930e+05 1.451562838563e+05 1.000000000000e+05 7.324303884462e+03 5.106269143328e+02 1.800000000000e+06 1.158282365702e+05 1.651616176000e+06 6.606464704000e+06 0.000000000000e+00 0.000000000000e+00 0.000000000000e+00 9.853264845730e-04 2.148148439143e-03 1.753309271271e-02 0.000000000000e+00 0.000000000000e+00 0.000000000000e+00 0.000000000000e+00 0.000000000000e+00 
9.400000000000e+00 2.348107973013e-03 1.691520259519e-02 9.388529142954e-05 1.439483210027e+05 1.451078036497e+05 1.000000000000e+05 7.324668036200e+03 5.106991753434e+02 1.800000000000e+06 1.155421779931e+05 1.651616176000e+06 6.606464704000e+06 0.000000000000e+00 0.000000000000e+00 0.000000000000e+00 9.828930443299e-04 2.147764477587e-03 1.748981199039e-02 0.000000000000e+00 0.000000000000e+00 0.000000000000e+00 0.000000000000e+00 0.000000000000e+00 
9.405000000000e+00 2.347543072062e-03 1.681813387509e-02 1.243109469513e-04 1.435067343060e+05 1.450425277529e+05 1.000000000000e+05 7.325150313486e+03 5.107964464822e+02 1.800000000000e+06 1.152404810704e+05 1.651616176000e+06 6.606464704000e+06 0.000000000000e+00 0.000000000000e+00 0.000000000000e+00 9.803265719646e-04 2.147247774689e-03 1.744418677432e-02 0.000000000000e+00 0.000000000000e+00 0.000000000000e+00 0.000000000000e+00 0.000000000000e+00 
9.410000000000e+00 2.346810106540e-03 1.668253086133e-02 1.604667739616e-04 1.429743633626e+05 1.449577710230e+05 1.000000000000e+05 7.325772265807e+03 5.109227055090e+02 1.800000000000e+06 1.149080819242e+05 1.651616176000e+06 6.606464704000e+06 0.000000000000e+00 0.000000000000e+00 0.000000000000e+00 9.774989222322e-04 2.146577346697e-03 1.739394874467e-02 0.000000000000e+00 0.000000000000e+00 0.000000000000e+00 0.000000000000e+00 0.000000000000e+00 
9.415000000000e+00 2.345870699204e-03 1.649269420422e-02 2.056017051403e-04 1.423062294646e+05 1.448490423021e+05 1.000000000000e+05 7.326568308561e+03 5.110846060716e+02 1.800000000000e+06 1.145234714973e+05 1.651616176000e+06 6.606464704000e+06 0.000000000000e+00 0.000000000000e+00 0.000000000000e+00 9.742271220987e-04 2.145718090765e-03 1.733585416241e-02 0.000000000000e+00 0.000000000000e+00 0.000000000000e+00 0.000000000000e+00 0.000000000000e+00 
9.420000000000e+00 2.344670591289e-03 1.623689215778e-02 2.626824807980e-04 1.414587126130e+05 1.447099759314e+05 1.000000000000e+05 7.327585182216e+03 5.112915680466e+02 1.800000000000e+06 1.140598545752e+05 1.651616176000e+06 6.606464704000e+06 0.000000000000e+00 0.000000000000e+00 0.000000000000e+00 9.702832303015e-04 2.144620377552e-03 1.726585400988e-02 0.000000000000e+00 0.000000000000e+00 0.000000000000e+00 0.000000000000e+00 0.000000000000e+00 
9.425000000000e+00 2.343144820371e-03 1.591503528712e-02 3.331114989074e-04 1.404059043503e+05 1.445329067074e+05 1.000000000000e+05 7.328876394179e+03 5.115549046635e+02 1.800000000000e+06 1.134897640762e+05 1.651616176000e+06 6.606464704000e+06 0.000000000000e+00 0.000000000000e+00 0.000000000000e+00 9.654335901454e-04 2.143224787308e-03 1.717978537887e-02 0.000000000000e+00 0.000000000000e+00 0.000000000000e+00 0.000000000000e+00 0.000000000000e+00 
9.430000000000e+00 2.341229203431e-03 1.554412727875e-02 4.155606457535e-04 1.391553672956e+05 1.443101730286e+05 1.000000000000e+05 7.330491824190e+03 5.118858641905e+02 1.800000000000e+06 1.127927796803e+05 1.651616176000e+06 6.606464704000e+06 0.000000000000e+00 0.000000000000e+00 0.000000000000e+00 9.595044902562e-04 2.141472613190e-03 1.707453571149e-02 0.000000000000e+00 0.000000000000e+00 0.000000000000e+00 0.000000000000e+00 0.000000000000e+00 
9.435000000000e+00 2.338877437679e-03 1.516310460533e-02 5.048174048923e-04 1.377646483061e+05 1.440360831225e+05 1.000000000000e+05 7.332462850655e+03 5.122926930346e+02 1.800000000000e+06 1.119649581161e+05 1.651616176000e+06 6.606464704000e+06 0.000000000000e+00 0.000000000000e+00 0.000000000000e+00 9.524623860522e-04 2.139321503019e-03 1.694946709072e-02 0.000000000000e+00 0.000000000000e+00 0.000000000000e+00 0.000000000000e+00 0.000000000000e+00 
9.440000000000e+00 2.336082082172e-03 1.483039492450e-02 5.916225604759e-04 1.363463413175e+05 1.437093679020e+05 1.000000000000e+05 7.334785471841e+03 5.127769998999e+02 1.800000000000e+06 1.110287114546e+05 1.651616176000e+06 6.606464704000e+06 0.000000000000e+00 0.000000000000e+00 0.000000000000e+00 9.444979323147e-04 2.136764650724e-03 1.680791592531e-02 0.000000000000e+00 0.000000000000e+00 0.000000000000e+00 0.000000000000e+00 0.000000000000e+00 
9.445000000000e+00 2.332887649658e-03 1.460331244164e-02 6.652951131955e-04 1.350378431293e+05 1.433347723814e+05 1.000000000000e+05 7.337412869989e+03 5.133314382479e+02 1.800000000000e+06 1.100351835915e+05 1.651616176000e+06 6.606464704000e+06 0.000000000000e+00 0.000000000000e+00 0.000000000000e+00 9.360461994245e-04 2.133842771170e-03 1.665757457295e-02 0.000000000000e+00 0.000000000000e+00 0.000000000000e+00 0.000000000000e+00 0.000000000000e+00 
9.450000000000e+00 2.329389960867e-03 1.452417188370e-02 7.161784574215e-04 1.339714731631e+05 1.429230953407e+05 1.000000000000e+05 7.340258492242e+03 5.139397258856e+02 1.800000000000e+06 1.090562579127e+05 1.651616176000e+06 6.606464704000e+06 0.000000000000e+00 0.000000000000e+00 0.000000000000e+00 9.277186842492e-04 2.130643509541e-03 1.650929546742e-02 0.000000000000e+00 0.000000000000e+00 0.000000000000e+00 0.000000000000e+00 0.000000000000e+00 
9.455000000000e+00 2.325722497019e-03 1.460197487046e-02 7.387469322125e-04 1.332341620880e+05 1.424897207764e+05 1.000000000000e+05 7.343210265795e+03 5.145789083908e+02 1.800000000000e+06 1.081704563962e+05 1.651616176000e+06 6.606464704000e+06 0.000000000000e+00 0.000000000000e+00 0.000000000000e+00 9.201833567666e-04 2.127288958274e-03 1.637497065921e-02 0.000000000000e+00 0.000000000000e+00 0.000000000000e+00 0.000000000000e+00 0.000000000000e+00 
9.460000000000e+00 2.322027263201e-03 1.480545897476e-02 7.338257784877e-04 1.328354216453e+05 1.420512797967e+05 1.000000000000e+05 7.346156273836e+03 5.152243538214e+02 1.800000000000e+06 1.074414289521e+05 1.651616176000e+06 6.606464704000e+06 0.000000000000e+00 0.000000000000e+00 0.000000000000e+00 9.139816733955e-04 2.123909006405e-03 1.626428087668e-02 0.000000000000e+00 0.000000000000e+00 0.000000000000e+00 0.000000000000e+00 0.000000000000e+00 
9.465000000000e+00 2.318427910775e-03 1.508149182595e-02 7.064350625356e-04 1.327299474244e+05 1.416224836108e+05 1.000000000000e+05 7.349003594001e+03 5.158544304451e+02 1.800000000000e+06 1.069040892270e+05 1.651616176000e+06 6.606464704000e+06 0.000000000000e+00 0.000000000000e+00 0.000000000000e+00 9.094106371953e-04 2.120616755209e-03 1.618256927031e-02 0.000000000000e+00 0.000000000000e+00 0.000000000000e+00 0.000000000000e+00 0.000000000000e+00 
9.470000000000e+00 2.315015858931e-03 1.537634343245e-02 6.637710297045e-04 1.328404502338e+05 1.412144149637e+05 1.000000000000e+05 7.351687163016e+03 5.164529807572e+02 1.800000000000e+06 1.065631403708e+05 1.651616176000e+06 6.606464704000e+06 0.000000000000e+00 0.000000000000e+00 0.000000000000e+00 9.065102568746e-04 2.117495823877e-03 1.613060142296e-02 0.000000000000e+00 0.000000000000e+00 0.000000000000e+00 0.000000000000e+00 0.000000000000e+00 
9.475000000000e+00 2.311845198022e-03 1.564982679484e-02 6.131234037250e-04 1.330829000141e+05 1.408338254344e+05 1.000000000000e+05 7.354171618879e+03 5.170102900694e+02 1.800000000000e+06 1.063974704901e+05 1.651616176000e+06 6.606464704000e+06 0.000000000000e+00 0.000000000000e+00 0.000000000000e+00 9.051009379906e-04 2.114595687704e-03 1.610522556078e-02 0.000000000000e+00 0.000000000000e+00 0.000000000000e+00 0.000000000000e+00 0.000000000000e+00 
9.480000000000e+00 2.308935074713e-03 1.587393715812e-02 5.608452108145e-04 1.333798770059e+05 1.404833252975e+05 1.000000000000e+05 7.356448414118e+03 5.175227440845e+02 1.800000000000e+06 1.063690767715e+05 1.651616176000e+06 6.606464704000e+06 0.000000000000e+00 0.000000000000e+00 0.000000000000e+00 9.048593985889e-04 2.111933859738e-03 1.610070847602e-02 0.000000000000e+00 0.000000000000e+00 0.000000000000e+00 0.000000000000e+00 0.000000000000e+00 
9.485000000000e+00 2.306277051469e-03 1.603190396699e-02 5.119117423742e-04 1.336673059600e+05 1.401621939343e+05 1.000000000000e+05 7.358529569911e+03 5.179915932430e+02 1.800000000000e+06 1.064342894558e+05 1.651616176000e+06 6.606464704000e+06 0.000000000000e+00 0.000000000000e+00 0.000000000000e+00 9.054141491999e-04 2.109502622346e-03 1.611044269528e-02 0.000000000000e+00 0.000000000000e+00 0.000000000000e+00 0.000000000000e+00 0.000000000000e+00 
9.490000000000e+00 2.303850502353e-03 1.613065330877e-02 4.682642606395e-04 1.339176973613e+05 1.398681960049e+05 1.000000000000e+05 7.360433324614e+03 5.184202717512e+02 1.800000000000e+06 1.065548020445e+05 1.651616176000e+06 6.606464704000e+06 0.000000000000e+00 0.000000000000e+00 0.000000000000e+00 9.064393244842e-04 2.107283109422e-03 1.612861341476e-02 0.000000000000e+00 0.000000000000e+00 0.000000000000e+00 0.000000000000e+00 0.000000000000e+00 
9.495000000000e+00 2.301616796702e-03 1.616519621579e-02 4.330447095814e-04 1.340859013541e+05 1.395968580604e+05 1.000000000000e+05 7.362194134034e+03 5.188154397727e+02 1.800000000000e+06 1.066920108308e+05 1.651616176000e+06 6.606464704000e+06 0.000000000000e+00 0.000000000000e+00 0.000000000000e+00 9.076065308155e-04 2.105239986317e-03 1.614938194123e-02 0.000000000000e+00 0.000000000000e+00 0.000000000000e+00 0.000000000000e+00 0.000000000000e+00 
9.500000000000e+00 2.299535103872e-03 1.615384336419e-02 4.058684229133e-04 1.341712509347e+05 1.393433756413e+05 1.000000000000e+05 7.363844048801e+03 5.191841973647e+02 1.800000000000e+06 1.068161555557e+05 1.651616176000e+06 6.606464704000e+06 0.000000000000e+00 0.000000000000e+00 0.000000000000e+00 9.086626039194e-04 2.103335906111e-03 1.616821931434e-02 0.000000000000e+00 0.000000000000e+00 0.000000000000e+00 0.000000000000e+00 0.000000000000e+00 
9.505000000000e+00 2.297565213687e-03 1.610721384176e-02 3.865080157451e-04 1.341712194416e+05 1.391029634289e+05 1.000000000000e+05 7.365414988108e+03 5.195335794339e+02 1.800000000000e+06 1.069072125729e+05 1.651616176000e+06 6.606464704000e+06 0.000000000000e+00 0.000000000000e+00 0.000000000000e+00 9.094372068428e-04 2.101534089409e-03 1.618207882156e-02 0.000000000000e+00 0.000000000000e+00 0.000000000000e+00 0.000000000000e+00 0.000000000000e+00 
9.510000000000e+00 2.295671613216e-03 1.604073246290e-02 3.735595184327e-04 1.340989388270e+05 1.388713620481e+05 1.000000000000e+05 7.366933743358e+03 5.198698252705e+02 1.800000000000e+06 1.069539346168e+05 1.651616176000e+06 6.606464704000e+06 0.000000000000e+00 0.000000000000e+00 0.000000000000e+00 9.098346614591e-04 2.099802053288e-03 1.618924004617e-02 0.000000000000e+00 0.000000000000e+00 0.000000000000e+00 0.000000000000e+00 0.000000000000e+00 
9.515000000000e+00 2.293825153975e-03 1.596276790656e-02 3.659341426527e-04 1.339644023243e+05 1.386450532699e+05 1.000000000000e+05 7.368422452086e+03 5.201980735248e+02 1.800000000000e+06 1.069526845333e+05 1.651616176000e+06 6.606464704000e+06 0.000000000000e+00 0.000000000000e+00 0.000000000000e+00 9.098240272608e-04 2.098113136248e-03 1.618914074849e-02 0.000000000000e+00 0.000000000000e+00 0.000000000000e+00 0.000000000000e+00 0.000000000000e+00 
9.520000000000e+00 2.292004267581e-03 1.588018033098e-02 3.623955875238e-04 1.337805056691e+05 1.384214200642e+05 1.000000000000e+05 7.369896999563e+03 5.205221373269e+02 1.800000000000e+06 1.069059877992e+05 1.651616176000e+06 6.606464704000e+06 0.000000000000e+00 0.000000000000e+00 0.000000000000e+00 9.094267879501e-04 2.096447610148e-03 1.618215579303e-02 0.000000000000e+00 0.000000000000e+00 0.000000000000e+00 0.000000000000e+00 0.000000000000e+00 
9.525000000000e+00 2.290191469045e-03 1.579882781012e-02 3.618213194663e-04 1.335592636509e+05 1.381983264708e+05 1.000000000000e+05 7.371370156533e+03 5.208451192146e+02 1.800000000000e+06 1.068175221180e+05 1.651616176000e+06 6.606464704000e+06 0.000000000000e+00 0.000000000000e+00 0.000000000000e+00 9.086742289779e-04 2.094789481839e-03 1.616883865801e-02 0.000000000000e+00 0.000000000000e+00 0.000000000000e+00 0.000000000000e+00 0.000000000000e+00 
9.530000000000e+00 2.288375631642e-03 1.572375206211e-02 3.630514229105e-04 1.333140278227e+05 1.379744038648e+05 1.000000000000e+05 7.372849520619e+03 5.211690008328e+02 1.800000000000e+06 1.066936473728e+05 1.651616176000e+06 6.606464704000e+06 0.000000000000e+00 0.000000000000e+00 0.000000000000e+00 9.076204525343e-04 2.093128573944e-03 1.615014843872e-02 0.000000000000e+00 0.000000000000e+00 0.000000000000e+00 0.000000000000e+00 0.000000000000e+00 
9.535000000000e+00 2.286550779910e-03 1.565854291719e-02 3.650507393568e-04 1.330572581089e+05 1.377489096186e+05 1.000000000000e+05 7.374338678040e+03 5.214948522938e+02 1.800000000000e+06 1.065418609610e+05 1.651616176000e+06 6.606464704000e+06 0.000000000000e+00 0.000000000000e+00 0.000000000000e+00 9.063292374046e-04 2.091459420833e-03 1.612721801244e-02 0.000000000000e+00 0.000000000000e+00 0.000000000000e+00 0.000000000000e+00 0.000000000000e+00 
9.540000000000e+00 2.284715603905e-03 1.560421137363e-02 3.670538695746e-04 1.327985925024e+05 1.375216732941e+05 1.000000000000e+05 7.375837762378e+03 5.218229140136e+02 1.800000000000e+06 1.063704125048e+05 1.651616176000e+06 6.606464704000e+06 0.000000000000e+00 0.000000000000e+00 0.000000000000e+00 9.048707613913e-04 2.089780824330e-03 1.610129622002e-02 0.000000000000e+00 0.000000000000e+00 0.000000000000e+00 0.000000000000e+00 0.000000000000e+00 
9.545000000000e+00 2.282871784837e-03 1.556064746440e-02 3.685322856729e-04 1.325450439021e+05 1.372928945544e+05 1.000000000000e+05 7.377344763263e+03 5.221528919057e+02 1.800000000000e+06 1.061868968287e+05 1.651616176000e+06 6.606464704000e+06 0.000000000000e+00 0.000000000000e+00 0.000000000000e+00 9.033096320738e-04 2.088094322200e-03 1.607353433686e-02 0.000000000000e+00 0.000000000000e+00 0.000000000000e+00 0.000000000000e+00 0.000000000000e+00 
9.550000000000e+00 2.281023082849e-03 1.552700012076e-02 3.691446738319e-04 1.323015105871e+05 1.370630334699e+05 1.000000000000e+05 7.378856198590e+03 5.224841178903e+02 1.800000000000e+06 1.059978828060e+05 1.651616176000e+06 6.606464704000e+06 0.000000000000e+00 0.000000000000e+00 0.000000000000e+00 9.017017294752e-04 2.086403353768e-03 1.604492890971e-02 0.000000000000e+00 0.000000000000e+00 0.000000000000e+00 0.000000000000e+00 0.000000000000e+00 
9.555000000000e+00 2.279174417610e-03 1.550189624763e-02 3.687199219823e-04 1.320708667800e+05 1.368326985726e+05 1.000000000000e+05 7.380367837899e+03 5.228157127653e+02 1.800000000000e+06 1.058086557519e+05 1.651616176000e+06 6.606464704000e+06 0.000000000000e+00 0.000000000000e+00 0.000000000000e+00 9.000920146637e-04 2.084712418948e-03 1.601628248461e-02 0.000000000000e+00 0.000000000000e+00 0.000000000000e+00 0.000000000000e+00 0.000000000000e+00 
9.560000000000e+00 2.277331103443e-03 1.548351351783e-02 3.672368466396e-04 1.318541147983e+05 1.366025528044e+05 1.000000000000e+05 7.381875299526e+03 5.231467224266e+02 1.800000000000e+06 1.056231607535e+05 1.651616176000e+06 6.606464704000e+06 0.000000000000e+00 0.000000000000e+00 0.000000000000e+00 8.985140476664e-04 2.083026378641e-03 1.598819477325e-02 0.000000000000e+00 0.000000000000e+00 0.000000000000e+00 0.000000000000e+00 0.000000000000e+00 
9.565000000000e+00 2.275498240878e-03 1.546999384379e-02 3.647764847659e-04 1.316509129031e+05 1.363732378411e+05 1.000000000000e+05 7.383374488582e+03 5.234762269083e+02 1.800000000000e+06 1.054440200694e+05 1.651616176000e+06 6.606464704000e+06 0.000000000000e+00 0.000000000000e+00 0.000000000000e+00 8.969901354862e-04 2.081349898191e-03 1.596106509779e-02 0.000000000000e+00 0.000000000000e+00 0.000000000000e+00 0.000000000000e+00 0.000000000000e+00 
9.570000000000e+00 2.273680258856e-03 1.545949983318e-02 3.615019336972e-04 1.314597690295e+05 1.361453163416e+05 1.000000000000e+05 7.384861948902e+03 5.238034230612e+02 1.800000000000e+06 1.052726387273e+05 1.651616176000e+06 6.606464704000e+06 0.000000000000e+00 0.000000000000e+00 0.000000000000e+00 8.955322303992e-04 2.079687028659e-03 1.593510832691e-02 0.000000000000e+00 0.000000000000e+00 0.000000000000e+00 0.000000000000e+00 0.000000000000e+00 
9.575000000000e+00 2.271880602417e-03 1.545033209578e-02 3.576262245575e-04 1.312784099644e+05 1.359192317590e+05 1.000000000000e+05 7.386335082476e+03 5.241276815785e+02 1.800000000000e+06 1.051093642864e+05 1.651616176000e+06 6.606464704000e+06 0.000000000000e+00 0.000000000000e+00 0.000000000000e+00 8.941432890179e-04 2.078040921147e-03 1.591037887864e-02 0.000000000000e+00 0.000000000000e+00 0.000000000000e+00 0.000000000000e+00 0.000000000000e+00 
9.580000000000e+00 2.270101553096e-03 1.544097771699e-02 3.533908521652e-04 1.311040320370e+05 1.356952843896e+05 1.000000000000e+05 7.387792274511e+03 5.244485804470e+02 1.800000000000e+06 1.049536853296e+05 1.651616176000e+06 6.606464704000e+06 0.000000000000e+00 0.000000000000e+00 0.000000000000e+00 8.928189608250e-04 2.076413662529e-03 1.588680078638e-02 0.000000000000e+00 0.000000000000e+00 0.000000000000e+00 0.000000000000e+00 0.000000000000e+00 
9.585000000000e+00 2.268344171081e-03 1.543022021364e-02 3.490371147614e-04 1.309336630812e+05 1.354736225399e+05 1.000000000000e+05 7.389232909734e+03 5.247659165982e+02 1.800000000000e+06 1.048044383120e+05 1.651616176000e+06 6.606464704000e+06 0.000000000000e+00 0.000000000000e+00 0.000000000000e+00 8.915493477878e-04 2.074806222536e-03 1.586419894363e-02 0.000000000000e+00 0.000000000000e+00 0.000000000000e+00 0.000000000000e+00 0.000000000000e+00 
9.590000000000e+00 2.266608344670e-03 1.541711060771e-02 3.447940181113e-04 1.307643253102e+05 1.352542472129e+05 1.000000000000e+05 7.390657321267e+03 5.250796981921e+02 1.800000000000e+06 1.046600252191e+05 1.651616176000e+06 6.606464704000e+06 0.000000000000e+00 0.000000000000e+00 0.000000000000e+00 8.903208559340e-04 2.073218498995e-03 1.584233211776e-02 0.000000000000e+00 0.000000000000e+00 0.000000000000e+00 0.000000000000e+00 0.000000000000e+00 
9.595000000000e+00 2.264892888297e-03 1.540098284595e-02 3.408644748884e-04 1.305932279417e+05 1.350370230686e+05 1.000000000000e+05 7.392066696775e+03 5.253901280129e+02 1.800000000000e+06 1.045185917748e+05 1.651616176000e+06 6.606464704000e+06 0.000000000000e+00 0.000000000000e+00 0.000000000000e+00 8.891177113239e-04 2.071649407496e-03 1.582091995083e-02 0.000000000000e+00 0.000000000000e+00 0.000000000000e+00 0.000000000000e+00 0.000000000000e+00 
9.600000000000e+00 2.263195705270e-03 1.538143686440e-02 3.374165961321e-04 1.304179030900e+05 1.348216977840e+05 1.000000000000e+05 7.393462936995e+03 5.256975749927e+02 1.800000000000e+06 1.043781966578e+05 1.651616176000e+06 6.606464704000e+06 0.000000000000e+00 0.000000000000e+00 0.000000000000e+00 8.879233995470e-04 2.070097030237e-03 1.579966861659e-02 0.000000000000e+00 0.000000000000e+00 0.000000000000e+00 0.000000000000e+00 0.000000000000e+00 
9.605000000000e+00 2.261513975603e-03 1.535831416605e-02 3.345792997603e-04 1.302362893821e+05 1.346079248760e+05 1.000000000000e+05 7.394848498101e+03 5.260025409690e+02 1.800000000000e+06 1.042369465495e+05 1.651616176000e+06 6.606464704000e+06 0.000000000000e+00 0.000000000000e+00 0.000000000000e+00 8.867218145376e-04 2.068558787839e-03 1.577829133465e-02 0.000000000000e+00 0.000000000000e+00 0.000000000000e+00 0.000000000000e+00 0.000000000000e+00 
9.610000000000e+00 2.259844355812e-03 1.533165336374e-02 3.324412629284e-04 1.300467738644e+05 1.343952883382e+05 1.000000000000e+05 7.396226227499e+03 5.263056250440e+02 1.800000000000e+06 1.040931008710e+05 1.651616176000e+06 6.606464704000e+06 0.000000000000e+00 0.000000000000e+00 0.000000000000e+00 8.854981495586e-04 2.067031622086e-03 1.575652426689e-02 0.000000000000e+00 0.000000000000e+00 0.000000000000e+00 0.000000000000e+00 0.000000000000e+00 
9.615000000000e+00 2.258183178253e-03 1.530164145426e-02 3.310530630734e-04 1.298481922942e+05 1.341833275111e+05 1.000000000000e+05 7.397599203133e+03 5.266074877975e+02 1.800000000000e+06 1.039451497905e+05 1.651616176000e+06 6.606464704000e+06 0.000000000000e+00 0.000000000000e+00 0.000000000000e+00 8.842395607867e-04 2.065512178265e-03 1.573413838731e-02 0.000000000000e+00 0.000000000000e+00 0.000000000000e+00 0.000000000000e+00 0.000000000000e+00 
9.620000000000e+00 2.256526628653e-03 1.526857643450e-02 3.304307955797e-04 1.296398071748e+05 1.339715594393e+05 1.000000000000e+05 7.398970591905e+03 5.269088192527e+02 1.800000000000e+06 1.037918555379e+05 1.651616176000e+06 6.606464704000e+06 0.000000000000e+00 0.000000000000e+00 0.000000000000e+00 8.829355187713e-04 2.063996967540e-03 1.571094580071e-02 0.000000000000e+00 0.000000000000e+00 0.000000000000e+00 0.000000000000e+00 0.000000000000e+00 
9.625000000000e+00 2.254870908493e-03 1.523283919701e-02 3.305597178250e-04 1.294212833108e+05 1.337594995249e+05 1.000000000000e+05 7.400343519952e+03 5.272103094165e+02 1.800000000000e+06 1.036322724492e+05 1.651616176000e+06 6.606464704000e+06 0.000000000000e+00 0.000000000000e+00 0.000000000000e+00 8.815779789483e-04 2.062482515485e-03 1.568680280337e-02 0.000000000000e+00 0.000000000000e+00 0.000000000000e+00 0.000000000000e+00 0.000000000000e+00 
9.630000000000e+00 2.253212370235e-03 1.519484190661e-02 3.314014584993e-04 1.291926128425e+05 1.335466789088e+05 1.000000000000e+05 7.401720969376e+03 5.275126236028e+02 1.800000000000e+06 1.034657491596e+05 1.651616176000e+06 6.606464704000e+06 0.000000000000e+00 0.000000000000e+00 0.000000000000e+00 8.801614002931e-04 2.060965485776e-03 1.566161026165e-02 0.000000000000e+00 0.000000000000e+00 0.000000000000e+00 0.000000000000e+00 0.000000000000e+00 
9.635000000000e+00 2.251547610284e-03 1.515499395973e-02 3.329006587870e-04 1.289540417761e+05 1.333326565873e+05 1.000000000000e+05 7.403105708869e+03 5.278163853382e+02 1.800000000000e+06 1.032919021122e+05 1.651616176000e+06 6.606464704000e+06 0.000000000000e+00 0.000000000000e+00 0.000000000000e+00 8.786825199690e-04 2.059442765216e-03 1.563530963596e-02 0.000000000000e+00 0.000000000000e+00 0.000000000000e+00 0.000000000000e+00 0.000000000000e+00 
9.640000000000e+00 2.249873540266e-03 1.511368326790e-02 3.349903677393e-04 1.287060096700e+05 1.331170288551e+05 1.000000000000e+05 7.404500240427e+03 5.281221631345e+02 1.800000000000e+06 1.031105854756e+05 1.651616176000e+06 6.606464704000e+06 0.000000000000e+00 0.000000000000e+00 0.000000000000e+00 8.771400974176e-04 2.057911528936e-03 1.560787843854e-02 0.000000000000e+00 0.000000000000e+00 0.000000000000e+00 0.000000000000e+00 0.000000000000e+00 
9.645000000000e+00 2.248187429880e-03 1.507125603418e-02 3.375977508237e-04 1.284490811378e+05 1.328994351697e+05 1.000000000000e+05 7.405906769875e+03 5.284304623908e+02 1.800000000000e+06 1.029218531125e+05 1.651616176000e+06 6.606464704000e+06 0.000000000000e+00 0.000000000000e+00 0.000000000000e+00 8.755345908388e-04 2.056369279587e-03 1.557932448938e-02 0.000000000000e+00 0.000000000000e+00 0.000000000000e+00 0.000000000000e+00 0.000000000000e+00 
9.650000000000e+00 2.246486915660e-03 1.502800617419e-02 3.406486403695e-04 1.281838877573e+05 1.326795596652e+05 1.000000000000e+05 7.407327204152e+03 5.287417234901e+02 1.800000000000e+06 1.027259092198e+05 1.651616176000e+06 6.606464704000e+06 0.000000000000e+00 0.000000000000e+00 0.000000000000e+00 8.738677372919e-04 2.054813855358e-03 1.554967844777e-02 0.000000000000e+00 0.000000000000e+00 0.000000000000e+00 0.000000000000e+00 0.000000000000e+00 
9.655000000000e+00 2.244770003913e-03 1.498417702190e-02 3.440703011268e-04 1.279110924632e+05 1.324571319255e+05 1.000000000000e+05 7.408763151146e+03 5.290563209534e+02 1.800000000000e+06 1.025230719671e+05 1.651616176000e+06 6.606464704000e+06 0.000000000000e+00 0.000000000000e+00 0.000000000000e+00 8.721422433791e-04 2.053243432658e-03 1.551898829706e-02 0.000000000000e+00 0.000000000000e+00 0.000000000000e+00 0.000000000000e+00 0.000000000000e+00 
9.660000000000e+00 2.243035060215e-03 1.494010358921e-02 3.477965997434e-04 1.276313201647e+05 1.322319260241e+05 1.000000000000e+05 7.410215933827e+03 5.293745650513e+02 1.800000000000e+06 1.023137272810e+05 1.651616176000e+06 6.606464704000e+06 0.000000000000e+00 0.000000000000e+00 0.000000000000e+00 8.703613920968e-04 2.051656516516e-03 1.548731242577e-02 0.000000000000e+00 0.000000000000e+00 0.000000000000e+00 0.000000000000e+00 0.000000000000e+00 
9.665000000000e+00 2.241280776350e-03 1.489575842388e-02 3.517620143838e-04 1.273452327000e+05 1.320037566198e+05 1.000000000000e+05 7.411686608904e+03 5.296967075654e+02 1.800000000000e+06 1.020983079586e+05 1.651616176000e+06 6.606464704000e+06 0.000000000000e+00 0.000000000000e+00 0.000000000000e+00 8.685288651595e-04 2.050051910334e-03 1.545471615032e-02 0.000000000000e+00 0.000000000000e+00 0.000000000000e+00 0.000000000000e+00 0.000000000000e+00 
9.670000000000e+00 2.239506088576e-03 1.485115941664e-02 3.559180668436e-04 1.270533005163e+05 1.317724686656e+05 1.000000000000e+05 7.413176055215e+03 5.300229565327e+02 1.800000000000e+06 1.018772552218e+05 1.651616176000e+06 6.606464704000e+06 0.000000000000e+00 0.000000000000e+00 0.000000000000e+00 8.666484159482e-04 2.048428641131e-03 1.542126634085e-02 0.000000000000e+00 0.000000000000e+00 0.000000000000e+00 0.000000000000e+00 0.000000000000e+00 
9.675000000000e+00 2.237710179238e-03 1.480637489328e-02 3.602190646343e-04 1.267559912383e+05 1.315379378970e+05 1.000000000000e+05 7.414684953178e+03 5.303534757317e+02 1.800000000000e+06 1.016509917852e+05 1.651616176000e+06 6.606464704000e+06 0.000000000000e+00 0.000000000000e+00 0.000000000000e+00 8.647236404084e-04 2.046785961013e-03 1.538702703007e-02 0.000000000000e+00 0.000000000000e+00 0.000000000000e+00 0.000000000000e+00 0.000000000000e+00 
9.680000000000e+00 2.235892437056e-03 1.476143203758e-02 3.646276575040e-04 1.264536906890e+05 1.313000659198e+05 1.000000000000e+05 7.416213824341e+03 5.306883917772e+02 1.800000000000e+06 1.014199078043e+05 1.651616176000e+06 6.606464704000e+06 0.000000000000e+00 0.000000000000e+00 0.000000000000e+00 8.627578575107e-04 2.045123310857e-03 1.535205734800e-02 0.000000000000e+00 0.000000000000e+00 0.000000000000e+00 0.000000000000e+00 0.000000000000e+00 
9.685000000000e+00 2.234052416808e-03 1.471633025534e-02 3.691139215448e-04 1.261467093546e+05 1.310587751670e+05 1.000000000000e+05 7.417763063291e+03 5.310278013674e+02 1.800000000000e+06 1.011843510028e+05 1.651616176000e+06 6.606464704000e+06 0.000000000000e+00 0.000000000000e+00 0.000000000000e+00 8.607540252671e-04 2.043440283427e-03 1.531641001442e-02 0.000000000000e+00 0.000000000000e+00 0.000000000000e+00 0.000000000000e+00 0.000000000000e+00 
9.690000000000e+00 2.232189802328e-03 1.467104617216e-02 3.736549374356e-04 1.258352827145e+05 1.308140042347e+05 1.000000000000e+05 7.419332967579e+03 5.313717779624e+02 1.800000000000e+06 1.009446206881e+05 1.651616176000e+06 6.606464704000e+06 0.000000000000e+00 0.000000000000e+00 0.000000000000e+00 8.587146898236e-04 2.041736589534e-03 1.528013042936e-02 0.000000000000e+00 0.000000000000e+00 0.000000000000e+00 0.000000000000e+00 0.000000000000e+00 
9.695000000000e+00 2.230304378346e-03 1.462555222640e-02 3.782324121539e-04 1.255195988284e+05 1.305657043309e+05 1.000000000000e+05 7.420923757849e+03 5.317203768683e+02 1.800000000000e+06 1.007009684018e+05 1.651616176000e+06 6.606464704000e+06 0.000000000000e+00 0.000000000000e+00 0.000000000000e+00 8.566419909905e-04 2.040012032273e-03 1.524325675365e-02 0.000000000000e+00 0.000000000000e+00 0.000000000000e+00 0.000000000000e+00 0.000000000000e+00 
9.700000000000e+00 2.228396008155e-03 1.457981659976e-02 3.828322711474e-04 1.251998005643e+05 1.303138364538e+05 1.000000000000e+05 7.422535595727e+03 5.320736392730e+02 1.800000000000e+06 1.004536020199e+05 1.651616176000e+06 6.606464704000e+06 0.000000000000e+00 0.000000000000e+00 0.000000000000e+00 8.545376971269e-04 2.038266486602e-03 1.520582053177e-02 0.000000000000e+00 0.000000000000e+00 0.000000000000e+00 0.000000000000e+00 0.000000000000e+00 
9.705000000000e+00 2.226464616038e-03 1.453380964823e-02 3.874434162341e-04 1.248759996202e+05 1.300583691655e+05 1.000000000000e+05 7.424168596716e+03 5.324315954263e+02 1.800000000000e+06 1.002026907422e+05 1.651616176000e+06 6.606464704000e+06 0.000000000000e+00 0.000000000000e+00 0.000000000000e+00 8.524032475786e-04 2.036499883264e-03 1.516784744210e-02 0.000000000000e+00 0.000000000000e+00 0.000000000000e+00 0.000000000000e+00 0.000000000000e+00 
9.710000000000e+00 2.224510175363e-03 1.448750771472e-02 3.920567324611e-04 1.245482880699e+05 1.297992770935e+05 1.000000000000e+05 7.425822838712e+03 5.327942667867e+02 1.800000000000e+06 9.994837190109e+04 1.651616176000e+06 6.606464704000e+06 0.000000000000e+00 0.000000000000e+00 0.000000000000e+00 8.502398106044e-04 2.034712197902e-03 1.512935832564e-02 0.000000000000e+00 0.000000000000e+00 0.000000000000e+00 0.000000000000e+00 0.000000000000e+00 
9.715000000000e+00 2.222532701169e-03 1.444089528886e-02 3.966642502695e-04 1.242167485135e+05 1.295365400101e+05 1.000000000000e+05 7.427498366975e+03 5.331616673488e+02 1.800000000000e+06 9.969075841384e+04 1.651616176000e+06 6.606464704000e+06 0.000000000000e+00 0.000000000000e+00 0.000000000000e+00 8.480483467673e-04 2.032903444267e-03 1.509037031356e-02 0.000000000000e+00 0.000000000000e+00 0.000000000000e+00 0.000000000000e+00 0.000000000000e+00 
9.720000000000e+00 2.220532246235e-03 1.439396540157e-02 4.012585835774e-04 1.238814610727e+05 1.292701423677e+05 1.000000000000e+05 7.429195196531e+03 5.335338043277e+02 1.800000000000e+06 9.942994595609e+04 1.651616176000e+06 6.606464704000e+06 0.000000000000e+00 0.000000000000e+00 0.000000000000e+00 8.458296699598e-04 2.031073670639e-03 1.505089791443e-02 0.000000000000e+00 0.000000000000e+00 0.000000000000e+00 0.000000000000e+00 0.000000000000e+00 
9.725000000000e+00 2.218508899299e-03 1.434671883589e-02 4.058325804384e-04 1.235425078730e+05 1.290000731142e+05 1.000000000000e+05 7.430913313063e+03 5.339106784496e+02 1.800000000000e+06 9.916601918031e+04 1.651616176000e+06 6.606464704000e+06 0.000000000000e+00 0.000000000000e+00 0.000000000000e+00 8.435845003029e-04 2.029222958182e-03 1.501095395766e-02 0.000000000000e+00 0.000000000000e+00 0.000000000000e+00 0.000000000000e+00 0.000000000000e+00 
9.730000000000e+00 2.216462785607e-03 1.429916636404e-02 4.103786728519e-04 1.231999819354e+05 1.287263258224e+05 1.000000000000e+05 7.432652671409e+03 5.342922838056e+02 1.800000000000e+06 9.889905736780e+04 1.651616176000e+06 6.606464704000e+06 0.000000000000e+00 0.000000000000e+00 0.000000000000e+00 8.413135122258e-04 2.027351421457e-03 1.497055044796e-02 0.000000000000e+00 0.000000000000e+00 0.000000000000e+00 0.000000000000e+00 0.000000000000e+00 
9.735000000000e+00 2.214394068442e-03 1.425132300597e-02 4.148892632905e-04 1.228539822986e+05 1.284488989519e+05 1.000000000000e+05 7.434413194587e+03 5.346786075216e+02 1.800000000000e+06 9.862913918919e+04 1.651616176000e+06 6.606464704000e+06 0.000000000000e+00 0.000000000000e+00 0.000000000000e+00 8.390173749632e-04 2.025459209817e-03 1.492969929296e-02 0.000000000000e+00 0.000000000000e+00 0.000000000000e+00 0.000000000000e+00 0.000000000000e+00 
9.740000000000e+00 2.212302950450e-03 1.420321092052e-02 4.193561881223e-04 1.225046215417e+05 1.281677960906e+05 1.000000000000e+05 7.436194771767e+03 5.350696294614e+02 1.800000000000e+06 9.835634538769e+04 1.651616176000e+06 6.606464704000e+06 0.000000000000e+00 0.000000000000e+00 0.000000000000e+00 8.366967753806e-04 2.023546508615e-03 1.488841270688e-02 0.000000000000e+00 0.000000000000e+00 0.000000000000e+00 0.000000000000e+00 0.000000000000e+00 
9.745000000000e+00 2.210189677514e-03 1.415485950816e-02 4.237705047541e-04 1.221520293522e+05 1.278830265448e+05 1.000000000000e+05 7.437997254467e+03 5.354653214484e+02 1.800000000000e+06 9.808076272050e+04 1.651616176000e+06 6.606464704000e+06 0.000000000000e+00 0.000000000000e+00 0.000000000000e+00 8.343524515032e-04 2.021613542756e-03 1.484670380783e-02 0.000000000000e+00 0.000000000000e+00 0.000000000000e+00 0.000000000000e+00 0.000000000000e+00 
9.750000000000e+00 2.208054537003e-03 1.410628915754e-02 4.281244880385e-04 1.217963254270e+05 1.275946051785e+05 1.000000000000e+05 7.439820460424e+03 5.358656475353e+02 1.800000000000e+06 9.780248297766e+04 1.651616176000e+06 6.606464704000e+06 0.000000000000e+00 0.000000000000e+00 0.000000000000e+00 8.319851841695e-04 2.019660575092e-03 1.480458648570e-02 0.000000000000e+00 0.000000000000e+00 0.000000000000e+00 0.000000000000e+00 0.000000000000e+00 
9.755000000000e+00 2.205897854611e-03 1.405752248022e-02 4.324103555317e-04 1.214376363086e+05 1.273025520608e+05 1.000000000000e+05 7.441664174381e+03 5.362705645399e+02 1.800000000000e+06 9.752160008122e+04 1.651616176000e+06 6.606464704000e+06 0.000000000000e+00 0.000000000000e+00 0.000000000000e+00 8.295957723549e-04 2.017687903527e-03 1.476207495178e-02 0.000000000000e+00 0.000000000000e+00 0.000000000000e+00 0.000000000000e+00 0.000000000000e+00 
9.760000000000e+00 2.203720013744e-03 1.400858594315e-02 4.366206418637e-04 1.210760931208e+05 1.270068951756e+05 1.000000000000e+05 7.443528131789e+03 5.366800183397e+02 1.800000000000e+06 9.723821091481e+04 1.651616176000e+06 6.606464704000e+06 0.000000000000e+00 0.000000000000e+00 0.000000000000e+00 8.271850402280e-04 2.015695860692e-03 1.471918386570e-02 0.000000000000e+00 0.000000000000e+00 0.000000000000e+00 0.000000000000e+00 0.000000000000e+00 
9.765000000000e+00 2.201521377572e-03 1.395950912631e-02 4.407471595707e-04 1.207118348748e+05 1.267076599086e+05 1.000000000000e+05 7.445412083738e+03 5.370939584743e+02 1.800000000000e+06 9.695241595879e+04 1.651616176000e+06 6.606464704000e+06 0.000000000000e+00 0.000000000000e+00 0.000000000000e+00 8.247538425541e-04 2.013684816488e-03 1.467592842789e-02 0.000000000000e+00 0.000000000000e+00 0.000000000000e+00 0.000000000000e+00 0.000000000000e+00 
9.770000000000e+00 2.199302406512e-03 1.391030143731e-02 4.447834467675e-04 1.203449917208e+05 1.264048850749e+05 1.000000000000e+05 7.447315699682e+03 5.375123159972e+02 1.800000000000e+06 9.666431922677e+04 1.651616176000e+06 6.606464704000e+06 0.000000000000e+00 0.000000000000e+00 0.000000000000e+00 8.223030641551e-04 2.011655172285e-03 1.463232437992e-02 0.000000000000e+00 0.000000000000e+00 0.000000000000e+00 0.000000000000e+00 0.000000000000e+00 
9.775000000000e+00 2.197063571102e-03 1.386098383854e-02 4.487230669581e-04 1.199756958955e+05 1.260986111692e+05 1.000000000000e+05 7.449238639312e+03 5.379350197970e+02 1.800000000000e+06 9.637402535395e+04 1.651616176000e+06 6.606464704000e+06 0.000000000000e+00 0.000000000000e+00 0.000000000000e+00 8.198335951407e-04 2.009607358479e-03 1.458838755922e-02 0.000000000000e+00 0.000000000000e+00 0.000000000000e+00 0.000000000000e+00 0.000000000000e+00 
9.780000000000e+00 2.194805372848e-03 1.381157537813e-02 4.525600844759e-04 1.196040782224e+05 1.257888832626e+05 1.000000000000e+05 7.451180535189e+03 5.383619926272e+02 1.800000000000e+06 9.608163908627e+04 1.651616176000e+06 6.606464704000e+06 0.000000000000e+00 0.000000000000e+00 0.000000000000e+00 8.173463265626e-04 2.007541833791e-03 1.454413382167e-02 0.000000000000e+00 0.000000000000e+00 0.000000000000e+00 0.000000000000e+00 0.000000000000e+00 
9.785000000000e+00 2.192528340524e-03 1.376209174447e-02 4.562893595582e-04 1.192302635877e+05 1.254757505650e+05 1.000000000000e+05 7.453140996090e+03 5.387931517524e+02 1.800000000000e+06 9.578726401858e+04 1.651616176000e+06 6.606464704000e+06 0.000000000000e+00 0.000000000000e+00 0.000000000000e+00 8.148421396806e-04 2.005459081885e-03 1.449957885126e-02 0.000000000000e+00 0.000000000000e+00 0.000000000000e+00 0.000000000000e+00 0.000000000000e+00 
9.790000000000e+00 2.190233027091e-03 1.371254743809e-02 4.599062963292e-04 1.188543739553e+05 1.251592660674e+05 1.000000000000e+05 7.455119609131e+03 5.392284094822e+02 1.800000000000e+06 9.549100198910e+04 1.651616176000e+06 6.606464704000e+06 0.000000000000e+00 0.000000000000e+00 0.000000000000e+00 8.123219008109e-04 2.003359608545e-03 1.445473806661e-02 0.000000000000e+00 0.000000000000e+00 0.000000000000e+00 0.000000000000e+00 0.000000000000e+00 
9.795000000000e+00 2.187920006359e-03 1.366295462721e-02 4.634070015521e-04 1.184765257295e+05 1.248394861433e+05 1.000000000000e+05 7.457115942659e+03 5.396676737574e+02 1.800000000000e+06 9.519295239402e+04 1.651616176000e+06 6.606464704000e+06 0.000000000000e+00 0.000000000000e+00 0.000000000000e+00 8.097864554959e-04 2.001243938630e-03 1.440962651833e-02 0.000000000000e+00 0.000000000000e+00 0.000000000000e+00 0.000000000000e+00 0.000000000000e+00 
9.800000000000e+00 2.185589870420e-03 1.361332641046e-02 4.667878851477e-04 1.180968348737e+05 1.245164702499e+05 1.000000000000e+05 7.459129547767e+03 5.401108485959e+02 1.800000000000e+06 9.489321206203e+04 1.651616176000e+06 6.606464704000e+06 0.000000000000e+00 0.000000000000e+00 0.000000000000e+00 8.072366274372e-04 1.999112613715e-03 1.436425886667e-02 0.000000000000e+00 0.000000000000e+00 0.000000000000e+00 0.000000000000e+00 0.000000000000e+00 
9.805000000000e+00 2.183243229084e-03 1.356367784328e-02 4.700454620042e-04 1.177154195907e+05 1.241902809051e+05 1.000000000000e+05 7.461159958352e+03 5.405578341576e+02 1.800000000000e+06 9.459187673661e+04 1.651616176000e+06 6.606464704000e+06 0.000000000000e+00 0.000000000000e+00 0.000000000000e+00 8.046732311042e-04 1.996966191589e-03 1.431864960511e-02 0.000000000000e+00 0.000000000000e+00 0.000000000000e+00 0.000000000000e+00 0.000000000000e+00 
9.810000000000e+00 2.180880709296e-03 1.351402563544e-02 4.731763118531e-04 1.173324008412e+05 1.238609836595e+05 1.000000000000e+05 7.463206691408e+03 5.410085268173e+02 1.800000000000e+06 9.428904206489e+04 1.651616176000e+06 6.606464704000e+06 0.000000000000e+00 0.000000000000e+00 0.000000000000e+00 8.020970801472e-04 1.994805245708e-03 1.427281321063e-02 0.000000000000e+00 0.000000000000e+00 0.000000000000e+00 0.000000000000e+00 0.000000000000e+00 
9.815000000000e+00 2.178502954722e-03 1.346438704538e-02 4.761771587611e-04 1.169479012398e+05 1.235286470931e+05 1.000000000000e+05 7.465269247324e+03 5.414628192025e+02 1.800000000000e+06 9.398480435686e+04 1.651616176000e+06 6.606464704000e+06 0.000000000000e+00 0.000000000000e+00 0.000000000000e+00 7.995089938549e-04 1.992630364822e-03 1.422676425995e-02 0.000000000000e+00 0.000000000000e+00 0.000000000000e+00 0.000000000000e+00 0.000000000000e+00 
9.820000000000e+00 2.176110624943e-03 1.341477999002e-02 4.790448351585e-04 1.165620454803e+05 1.231933427561e+05 1.000000000000e+05 7.467347110376e+03 5.419206003075e+02 1.800000000000e+06 9.367926077405e+04 1.651616176000e+06 6.606464704000e+06 0.000000000000e+00 0.000000000000e+00 0.000000000000e+00 7.969097987601e-04 1.990442152242e-03 1.418051745808e-02 0.000000000000e+00 0.000000000000e+00 0.000000000000e+00 0.000000000000e+00 0.000000000000e+00 
9.825000000000e+00 2.173704396090e-03 1.336522578121e-02 4.817759037324e-04 1.161749657152e+05 1.228551453112e+05 1.000000000000e+05 7.469439747517e+03 5.423817553332e+02 1.800000000000e+06 9.337251038715e+04 1.651616176000e+06 6.606464704000e+06 0.000000000000e+00 0.000000000000e+00 0.000000000000e+00 7.943003376363e-04 1.988241226417e-03 1.413408779569e-02 0.000000000000e+00 0.000000000000e+00 0.000000000000e+00 0.000000000000e+00 0.000000000000e+00 
9.830000000000e+00 2.171284961814e-03 1.331574779786e-02 4.843667504869e-04 1.157868004952e+05 1.225141327250e+05 1.000000000000e+05 7.471546607489e+03 5.428461654609e+02 1.800000000000e+06 9.306465540034e+04 1.651616176000e+06 6.606464704000e+06 0.000000000000e+00 0.000000000000e+00 0.000000000000e+00 7.916814799130e-04 1.986028221814e-03 1.408749073609e-02 0.000000000000e+00 0.000000000000e+00 0.000000000000e+00 0.000000000000e+00 0.000000000000e+00 
9.835000000000e+00 2.168853035843e-03 1.326637273462e-02 4.868133594780e-04 1.153976983599e+05 1.221703866881e+05 1.000000000000e+05 7.473667118123e+03 5.433137073166e+02 1.800000000000e+06 9.275580320963e+04 1.651616176000e+06 6.606464704000e+06 0.000000000000e+00 0.000000000000e+00 0.000000000000e+00 7.890541391857e-04 1.983803791273e-03 1.404074252587e-02 0.000000000000e+00 0.000000000000e+00 0.000000000000e+00 0.000000000000e+00 0.000000000000e+00 
9.840000000000e+00 2.166409348869e-03 1.321712164946e-02 4.891124291376e-04 1.150078019382e+05 1.218239922355e+05 1.000000000000e+05 7.475800690365e+03 5.437842535260e+02 1.800000000000e+06 9.244606362616e+04 1.651616176000e+06 6.606464704000e+06 0.000000000000e+00 0.000000000000e+00 0.000000000000e+00 7.864192495944e-04 1.981568603144e-03 1.399385978355e-02 0.000000000000e+00 0.000000000000e+00 0.000000000000e+00 0.000000000000e+00 0.000000000000e+00 
9.845000000000e+00 2.163954651092e-03 1.316802372802e-02 4.912597640428e-04 1.146172707493e+05 1.214750381665e+05 1.000000000000e+05 7.477946713731e+03 5.442576721814e+02 1.800000000000e+06 9.213555067198e+04 1.651616176000e+06 6.606464704000e+06 0.000000000000e+00 0.000000000000e+00 0.000000000000e+00 7.837777811009e-04 1.979323343623e-03 1.394685975718e-02 0.000000000000e+00 0.000000000000e+00 0.000000000000e+00 0.000000000000e+00 0.000000000000e+00 
9.850000000000e+00 2.161489714409e-03 1.311911026625e-02 4.932508435490e-04 1.142262737452e+05 1.211236174197e+05 1.000000000000e+05 7.480104554965e+03 5.447338263724e+02 1.800000000000e+06 9.182438434414e+04 1.651616176000e+06 6.606464704000e+06 0.000000000000e+00 0.000000000000e+00 0.000000000000e+00 7.811307544949e-04 1.977068718752e-03 1.389976059807e-02 0.000000000000e+00 0.000000000000e+00 0.000000000000e+00 0.000000000000e+00 0.000000000000e+00 
9.855000000000e+00 2.159015337371e-03 1.307042108652e-02 4.950799881978e-04 1.138350018317e+05 1.207698278519e+05 1.000000000000e+05 7.482273552364e+03 5.452125731764e+02 1.800000000000e+06 9.151269368628e+04 1.651616176000e+06 6.606464704000e+06 0.000000000000e+00 0.000000000000e+00 0.000000000000e+00 7.784792675235e-04 1.974805458952e-03 1.385258181953e-02 0.000000000000e+00 0.000000000000e+00 0.000000000000e+00 0.000000000000e+00 0.000000000000e+00 
9.860000000000e+00 2.156532341263e-03 1.302197671599e-02 4.967437366094e-04 1.134436201228e+05 1.204137717514e+05 1.000000000000e+05 7.484453023554e+03 5.456937643631e+02 1.800000000000e+06 9.120061320929e+04 1.651616176000e+06 6.606464704000e+06 0.000000000000e+00 0.000000000000e+00 0.000000000000e+00 7.758244644427e-04 1.972534315436e-03 1.380534378364e-02 0.000000000000e+00 0.000000000000e+00 0.000000000000e+00 0.000000000000e+00 0.000000000000e+00 
9.865000000000e+00 2.154041559067e-03 1.297379263662e-02 4.982396374180e-04 1.130522830832e+05 1.200555543224e+05 1.000000000000e+05 7.486642273354e+03 5.461772484847e+02 1.800000000000e+06 9.088827283694e+04 1.651616176000e+06 6.606464704000e+06 0.000000000000e+00 0.000000000000e+00 0.000000000000e+00 7.731674504866e-04 1.970256050121e-03 1.375806616242e-02 0.000000000000e+00 0.000000000000e+00 0.000000000000e+00 0.000000000000e+00 0.000000000000e+00 
9.870000000000e+00 2.151543840095e-03 1.292589663527e-02 4.995640800582e-04 1.126611656832e+05 1.196952843993e+05 1.000000000000e+05 7.488840586651e+03 5.466628699432e+02 1.800000000000e+06 9.057580364620e+04 1.651616176000e+06 6.606464704000e+06 0.000000000000e+00 0.000000000000e+00 0.000000000000e+00 7.705093406995e-04 1.967971439855e-03 1.371076878970e-02 0.000000000000e+00 0.000000000000e+00 0.000000000000e+00 0.000000000000e+00 0.000000000000e+00 
9.875000000000e+00 2.149040068183e-03 1.287835806962e-02 5.007081814289e-04 1.122705243392e+05 1.193330771419e+05 1.000000000000e+05 7.491047206592e+03 5.471504654013e+02 1.800000000000e+06 9.026335222353e+04 1.651616176000e+06 6.606464704000e+06 0.000000000000e+00 0.000000000000e+00 0.000000000000e+00 7.678513820616e-04 1.965681293069e-03 1.366347380597e-02 0.000000000000e+00 0.000000000000e+00 0.000000000000e+00 0.000000000000e+00 0.000000000000e+00 
9.880000000000e+00 2.146531162361e-03 1.283121276464e-02 5.016664332401e-04 1.118805755736e+05 1.189690542279e+05 1.000000000000e+05 7.493261345427e+03 5.476398635833e+02 1.800000000000e+06 8.995108091060e+04 1.651616176000e+06 6.606464704000e+06 0.000000000000e+00 0.000000000000e+00 0.000000000000e+00 7.651949555795e-04 1.963386450382e-03 1.361620577468e-02 0.000000000000e+00 0.000000000000e+00 0.000000000000e+00 0.000000000000e+00 0.000000000000e+00 
9.885000000000e+00 2.144018063879e-03 1.278448290318e-02 5.024351077612e-04 1.114915163064e+05 1.186033420603e+05 1.000000000000e+05 7.495482193560e+03 5.481308877408e+02 1.800000000000e+06 8.963915303181e+04 1.651616176000e+06 6.606464704000e+06 0.000000000000e+00 0.000000000000e+00 0.000000000000e+00 7.625414506195e-04 1.961087772735e-03 1.356898942253e-02 0.000000000000e+00 0.000000000000e+00 0.000000000000e+00 0.000000000000e+00 0.000000000000e+00 
9.890000000000e+00 2.141501735918e-03 1.273820661773e-02 5.030090928470e-04 1.111035685321e+05 1.182360717958e+05 1.000000000000e+05 7.497708915300e+03 5.486233556588e+02 1.800000000000e+06 8.932773258766e+04 1.651616176000e+06 6.606464704000e+06 0.000000000000e+00 0.000000000000e+00 0.000000000000e+00 7.598922622994e-04 1.958786141134e-03 1.352184956179e-02 0.000000000000e+00 0.000000000000e+00 0.000000000000e+00 0.000000000000e+00 0.000000000000e+00 
9.895000000000e+00 2.138983141488e-03 1.269234841692e-02 5.033922752506e-04 1.107168287091e+05 1.178673761727e+05 1.000000000000e+05 7.499940682439e+03 5.491170839444e+02 1.800000000000e+06 8.901697104593e+04 1.651616176000e+06 6.606464704000e+06 0.000000000000e+00 0.000000000000e+00 0.000000000000e+00 7.572486791238e-04 1.956482436427e-03 1.347480918121e-02 0.000000000000e+00 0.000000000000e+00 0.000000000000e+00 0.000000000000e+00 0.000000000000e+00 
9.900000000000e+00 2.136463235747e-03 1.264692552524e-02 5.035838969008e-04 1.103314596172e+05 1.174973884016e+05 1.000000000000e+05 7.502176662455e+03 5.496118895234e+02 1.800000000000e+06 8.870700144965e+04 1.651616176000e+06 6.606464704000e+06 0.000000000000e+00 0.000000000000e+00 0.000000000000e+00 7.546118328618e-04 1.954177532275e-03 1.342788842257e-02 0.000000000000e+00 0.000000000000e+00 0.000000000000e+00 0.000000000000e+00 0.000000000000e+00 
9.905000000000e+00 2.133942980457e-03 1.260196490874e-02 5.035822962376e-04 1.099476397966e+05 1.171262442995e+05 1.000000000000e+05 7.504416010743e+03 5.501075867966e+02 1.800000000000e+06 8.839795809490e+04 1.651616176000e+06 6.606464704000e+06 0.000000000000e+00 0.000000000000e+00 0.000000000000e+00 7.519828659421e-04 1.951872308386e-03 1.338110760738e-02 0.000000000000e+00 0.000000000000e+00 0.000000000000e+00 0.000000000000e+00 0.000000000000e+00 
9.910000000000e+00 2.131423343641e-03 1.255748419539e-02 5.033869681039e-04 1.095655342102e+05 1.167540822710e+05 1.000000000000e+05 7.506657873658e+03 5.506039876855e+02 1.800000000000e+06 8.808997746698e+04 1.651616176000e+06 6.606464704000e+06 0.000000000000e+00 0.000000000000e+00 0.000000000000e+00 7.493629394163e-04 1.949567650190e-03 1.333448739855e-02 0.000000000000e+00 0.000000000000e+00 0.000000000000e+00 0.000000000000e+00 0.000000000000e+00 
9.915000000000e+00 2.128905293464e-03 1.251349795664e-02 5.029980461124e-04 1.091853005765e+05 1.163810424301e+05 1.000000000000e+05 7.508901393206e+03 5.511009028228e+02 1.800000000000e+06 8.778319295513e+04 1.651616176000e+06 6.606464704000e+06 0.000000000000e+00 0.000000000000e+00 0.000000000000e+00 7.467531879988e-04 1.947264443249e-03 1.328804799289e-02 0.000000000000e+00 0.000000000000e+00 0.000000000000e+00 0.000000000000e+00 0.000000000000e+00 
9.920000000000e+00 2.126389794940e-03 1.247001662871e-02 5.024164805065e-04 1.088070862310e+05 1.160072661258e+05 1.000000000000e+05 7.511145710201e+03 5.515981421946e+02 1.800000000000e+06 8.747773378463e+04 1.651616176000e+06 6.606464704000e+06 0.000000000000e+00 0.000000000000e+00 0.000000000000e+00 7.441547109818e-04 1.944963570241e-03 1.324180896040e-02 0.000000000000e+00 0.000000000000e+00 0.000000000000e+00 0.000000000000e+00 0.000000000000e+00 
9.925000000000e+00 2.123877806277e-03 1.242704783533e-02 5.016439360171e-04 1.084310289121e+05 1.156328954023e+05 1.000000000000e+05 7.513389967404e+03 5.520955158632e+02 1.800000000000e+06 8.717372376306e+04 1.651616176000e+06 6.606464704000e+06 0.000000000000e+00 0.000000000000e+00 0.000000000000e+00 7.415685615704e-04 1.942665907621e-03 1.319578905279e-02 0.000000000000e+00 0.000000000000e+00 0.000000000000e+00 0.000000000000e+00 0.000000000000e+00 
9.930000000000e+00 2.121370274565e-03 1.238459479714e-02 5.006830053182e-04 1.080572529101e+05 1.152580723507e+05 1.000000000000e+05 7.515633313715e+03 5.525928348288e+02 1.800000000000e+06 8.687127985413e+04 1.651616176000e+06 6.606464704000e+06 0.000000000000e+00 0.000000000000e+00 0.000000000000e+00 7.389957347504e-04 1.940372321673e-03 1.315000598911e-02 0.000000000000e+00 0.000000000000e+00 0.000000000000e+00 0.000000000000e+00 0.000000000000e+00 
9.935000000000e+00 2.118868131121e-03 1.234265676956e-02 4.995372063507e-04 1.076858682303e+05 1.148829383940e+05 1.000000000000e+05 7.517874908416e+03 5.530899119689e+02 1.800000000000e+06 8.657051062232e+04 1.651616176000e+06 6.606464704000e+06 0.000000000000e+00 0.000000000000e+00 0.000000000000e+00 7.364371540568e-04 1.938083664253e-03 1.310447621952e-02 0.000000000000e+00 0.000000000000e+00 0.000000000000e+00 0.000000000000e+00 0.000000000000e+00 
9.940000000000e+00 2.116372287046e-03 1.230122978966e-02 4.982109092122e-04 1.073169707925e+05 1.145076335921e+05 1.000000000000e+05 7.520113925173e+03 5.535865629463e+02 1.800000000000e+06 8.627151517130e+04 1.651616176000e+06 6.606464704000e+06 0.000000000000e+00 0.000000000000e+00 0.000000000000e+00 7.338936625441e-04 1.935800768727e-03 1.305921476366e-02 0.000000000000e+00 0.000000000000e+00 0.000000000000e+00 0.000000000000e+00 0.000000000000e+00 
9.945000000000e+00 2.113883629173e-03 1.226030722331e-02 4.967092709648e-04 1.069506425752e+05 1.141322959906e+05 1.000000000000e+05 7.522349555725e+03 5.540826070484e+02 1.800000000000e+06 8.597438254246e+04 1.651616176000e+06 6.606464704000e+06 0.000000000000e+00 0.000000000000e+00 0.000000000000e+00 7.313660176684e-04 1.933524446263e-03 1.301423511893e-02 0.000000000000e+00 0.000000000000e+00 0.000000000000e+00 0.000000000000e+00 0.000000000000e+00 
9.950000000000e+00 2.111403016296e-03 1.221987996478e-02 4.950381851755e-04 1.065869515881e+05 1.137570610001e+05 1.000000000000e+05 7.524581013390e+03 5.545778679806e+02 1.800000000000e+06 8.567919133186e+04 1.651616176000e+06 6.606464704000e+06 0.000000000000e+00 0.000000000000e+00 0.000000000000e+00 7.288548880299e-04 1.931255482382e-03 1.296954920223e-02 0.000000000000e+00 0.000000000000e+00 0.000000000000e+00 0.000000000000e+00 0.000000000000e+00 
9.955000000000e+00 2.108931275589e-03 1.217993657344e-02 4.932042396986e-04 1.062259517523e+05 1.133820607919e+05 1.000000000000e+05 7.526807536436e+03 5.550721746299e+02 1.800000000000e+06 8.538600939283e+04 1.651616176000e+06 6.606464704000e+06 0.000000000000e+00 0.000000000000e+00 0.000000000000e+00 7.263608508429e-04 1.928994633683e-03 1.292516730483e-02 0.000000000000e+00 0.000000000000e+00 0.000000000000e+00 0.000000000000e+00 0.000000000000e+00 
9.960000000000e+00 2.106469199614e-03 1.214046436816e-02 4.912145502693e-04 1.058676846768e+05 1.130074237742e+05 1.000000000000e+05 7.529028390780e+03 5.555653617175e+02 1.800000000000e+06 8.509489392255e+04 1.651616176000e+06 6.606464704000e+06 0.000000000000e+00 0.000000000000e+00 0.000000000000e+00 7.238843926714e-04 1.926742625107e-03 1.288109810429e-02 0.000000000000e+00 0.000000000000e+00 0.000000000000e+00 0.000000000000e+00 0.000000000000e+00 
9.965000000000e+00 2.104017543607e-03 1.210144836230e-02 4.890768343494e-04 1.055121779966e+05 1.126332740991e+05 1.000000000000e+05 7.531242872796e+03 5.560572704041e+02 1.800000000000e+06 8.480589160309e+04 1.651616176000e+06 6.606464704000e+06 0.000000000000e+00 0.000000000000e+00 0.000000000000e+00 7.214259106302e-04 1.924500147453e-03 1.283734868704e-02 0.000000000000e+00 0.000000000000e+00 0.000000000000e+00 0.000000000000e+00 0.000000000000e+00 
9.970000000000e+00 2.101577022965e-03 1.206287322333e-02 4.867991470284e-04 1.051594486555e+05 1.122597311920e+05 1.000000000000e+05 7.533450311498e+03 5.565477488603e+02 1.800000000000e+06 8.451903862346e+04 1.651616176000e+06 6.606464704000e+06 0.000000000000e+00 0.000000000000e+00 0.000000000000e+00 7.189857125716e-04 1.922267855078e-03 1.279392454965e-02 0.000000000000e+00 0.000000000000e+00 0.000000000000e+00 0.000000000000e+00 0.000000000000e+00 
9.975000000000e+00 2.099148311260e-03 1.202472068930e-02 4.843901195488e-04 1.048094989640e+05 1.118869093571e+05 1.000000000000e+05 7.535650070954e+03 5.570366527346e+02 1.800000000000e+06 8.423436113719e+04 1.651616176000e+06 6.606464704000e+06 0.000000000000e+00 0.000000000000e+00 0.000000000000e+00 7.165640209782e-04 1.920046364085e-03 1.275082967095e-02 0.000000000000e+00 0.000000000000e+00 0.000000000000e+00 0.000000000000e+00 0.000000000000e+00 
9.980000000000e+00 2.096732037543e-03 1.198697162201e-02 4.818587286637e-04 1.044623193690e+05 1.115149172628e+05 1.000000000000e+05 7.537841552725e+03 5.575238457724e+02 1.800000000000e+06 8.395187467004e+04 1.651616176000e+06 6.606464704000e+06 0.000000000000e+00 0.000000000000e+00 0.000000000000e+00 7.141609679244e-04 1.917836249855e-03 1.270806642007e-02 0.000000000000e+00 0.000000000000e+00 0.000000000000e+00 0.000000000000e+00 0.000000000000e+00 
9.985000000000e+00 2.094328785586e-03 1.194960637234e-02 4.792141537034e-04 1.041178902794e+05 1.111438577226e+05 1.000000000000e+05 7.540024196668e+03 5.580092000458e+02 1.800000000000e+06 8.367158521312e+04 1.651616176000e+06 6.606464704000e+06 0.000000000000e+00 0.000000000000e+00 0.000000000000e+00 7.117766043751e-04 1.915638046350e-03 1.266563572182e-02 0.000000000000e+00 0.000000000000e+00 0.000000000000e+00 0.000000000000e+00 0.000000000000e+00 
9.990000000000e+00 2.091939092573e-03 1.191260511685e-02 4.764657262322e-04 1.037761824624e+05 1.107738273855e+05 1.000000000000e+05 7.542197482382e+03 5.584925962986e+02 1.800000000000e+06 8.339348947813e+04 1.651616176000e+06 6.606464704000e+06 0.000000000000e+00 0.000000000000e+00 0.000000000000e+00 7.094109023577e-04 1.913452244924e-03 1.262353709499e-02 0.000000000000e+00 0.000000000000e+00 0.000000000000e+00 0.000000000000e+00 0.000000000000e+00 
9.995000000000e+00 2.089563448581e-03 1.187594683836e-02 4.736229677955e-04 1.034371562785e+05 1.104049165469e+05 1.000000000000e+05 7.544360930068e+03 5.589739241326e+02 1.800000000000e+06 8.311757563023e+04 1.651616176000e+06 6.606464704000e+06 0.000000000000e+00 0.000000000000e+00 0.000000000000e+00 7.070637611955e-04 1.911279293836e-03 1.258176876447e-02 0.000000000000e+00 0.000000000000e+00 0.000000000000e+00 0.000000000000e+00 0.000000000000e+00 
1.000000000000e+01 2.087202295429e-03 1.183960915021e-02 4.706955987419e-04 1.031007612365e+05 1.100372088593e+05 1.000000000000e+05 7.546514101918e+03 5.594530823231e+02 1.800000000000e+06 8.284382315000e+04 1.651616176000e+06 6.606464704000e+06 0.000000000000e+00 0.000000000000e+00 0.000000000000e+00 7.047350063342e-04 1.909119597213e-03 1.254032764065e-02 0.000000000000e+00 0.000000000000e+00 0.000000000000e+00 0.000000000000e+00 0.000000000000e+00 
