9.000000000000e+00 2.800180899191e-01 6.697370210338e-01 6.006629641795e-02 1.027599328635e+05 1.028992905369e+05 1.004708355346e+05 2.205835484884e+03 5.579376307780e+02 3.400000000000e+06 0.000000000000e+00 -8.752000000000e-01 -8.752000000000e-01 0.000000000000e+00 0.000000000000e+00 0.000000000000e+00 -0.000000000000e+00 8.366010167503e-01 0.000000000000e+00 0.000000000000e+00 0.000000000000e+00 0.000000000000e+00 0.000000000000e+00 0.000000000000e+00 
9.005000000000e+00 2.797292569325e-01 6.879034775864e-01 5.922977885574e-02 1.024331542247e+05 1.025693171794e+05 1.004664645105e+05 2.206464710198e+03 5.583291007042e+02 3.400000000000e+06 0.000000000000e+00 -8.752000000000e-01 -8.752000000000e-01 0.000000000000e+00 0.000000000000e+00 0.000000000000e+00 -0.000000000000e+00 8.357263147700e-01 0.000000000000e+00 0.000000000000e+00 0.000000000000e+00 0.000000000000e+00 0.000000000000e+00 0.000000000000e+00 
9.010000000000e+00 2.794444014822e-01 7.069767737616e-01 5.841835135293e-02 1.021099619630e+05 1.022430512299e+05 1.004621914631e+05 2.207086261378e+03 5.587161784516e+02 3.400000000000e+06 0.000000000000e+00 -8.752000000000e-01 -8.752000000000e-01 0.000000000000e+00 0.000000000000e+00 0.000000000000e+00 -0.000000000000e+00 8.348636886054e-01 0.000000000000e+00 0.000000000000e+00 0.000000000000e+00 0.000000000000e+00 0.000000000000e+00 0.000000000000e+00 
9.015000000000e+00 2.791634008664e-01 7.268404756359e-01 5.763325005495e-02 1.017902288593e+05 1.019203836792e+05 1.004580126999e+05 2.207700374091e+03 5.590989879144e+02 3.400000000000e+06 0.000000000000e+00 -8.752000000000e-01 -8.752000000000e-01 0.000000000000e+00 0.000000000000e+00 0.000000000000e+00 -0.000000000000e+00 8.340127535888e-01 0.000000000000e+00 0.000000000000e+00 0.000000000000e+00 0.000000000000e+00 0.000000000000e+00 0.000000000000e+00 
9.020000000000e+00 2.788861250243e-01 7.473799795031e-01 5.687538391462e-02 1.014738208273e+05 1.016011953637e+05 1.004539245316e+05 2.208307301160e+03 5.594776654795e+02 3.400000000000e+06 0.000000000000e+00 -8.752000000000e-01 -8.752000000000e-01 0.000000000000e+00 0.000000000000e+00 0.000000000000e+00 -0.000000000000e+00 8.331731102405e-01 0.000000000000e+00 0.000000000000e+00 0.000000000000e+00 0.000000000000e+00 0.000000000000e+00 0.000000000000e+00 
9.025000000000e+00 2.786124415567e-01 7.684833735627e-01 5.614502929449e-02 1.011606058826e+05 1.012853626934e+05 1.004499233454e+05 2.208907300548e+03 5.598523531914e+02 3.400000000000e+06 0.000000000000e+00 -8.752000000000e-01 -8.752000000000e-01 0.000000000000e+00 0.000000000000e+00 0.000000000000e+00 -0.000000000000e+00 8.323443538862e-01 0.000000000000e+00 0.000000000000e+00 0.000000000000e+00 0.000000000000e+00 0.000000000000e+00 0.000000000000e+00 
9.030000000000e+00 2.783422258412e-01 7.900496599730e-01 5.543872579666e-02 1.008504978979e+05 1.009727693656e+05 1.004460057476e+05 2.209500602633e+03 5.602231848172e+02 3.400000000000e+06 0.000000000000e+00 -8.752000000000e-01 -8.752000000000e-01 0.000000000000e+00 0.000000000000e+00 0.000000000000e+00 -0.000000000000e+00 8.315261068652e-01 0.000000000000e+00 0.000000000000e+00 0.000000000000e+00 0.000000000000e+00 0.000000000000e+00 0.000000000000e+00 
9.035000000000e+00 2.780753855624e-01 8.120009010075e-01 5.474759773203e-02 1.005435031436e+05 1.006633349848e+05 1.004421689061e+05 2.210087350156e+03 5.605902518649e+02 3.400000000000e+06 0.000000000000e+00 -8.752000000000e-01 -8.752000000000e-01 0.000000000000e+00 0.000000000000e+00 0.000000000000e+00 -0.000000000000e+00 8.307180926879e-01 0.000000000000e+00 0.000000000000e+00 0.000000000000e+00 0.000000000000e+00 0.000000000000e+00 0.000000000000e+00 
9.040000000000e+00 2.778130527463e-01 8.363739025546e-01 5.270950953916e-02 1.002549845174e+05 1.003584027842e+05 1.004384274599e+05 2.210660440636e+03 5.609519575242e+02 3.400000000000e+06 0.000000000000e+00 -8.752000000000e-01 -8.752000000000e-01 0.000000000000e+00 0.000000000000e+00 0.000000000000e+00 -0.000000000000e+00 8.299252371377e-01 0.000000000000e+00 0.000000000000e+00 0.000000000000e+00 0.000000000000e+00 0.000000000000e+00 0.000000000000e+00 
9.045000000000e+00 2.776472284258e-01 9.479553018578e-01 1.403555531416e-02 1.004569444014e+05 1.001652790756e+05 1.004360779746e+05 2.210897642405e+03 5.611810253687e+02 3.400000000000e+06 0.000000000000e+00 -8.752000000000e-01 -8.752000000000e-01 0.000000000000e+00 0.000000000000e+00 0.000000000000e+00 -0.000000000000e+00 8.294495112591e-01 0.000000000000e+00 0.000000000000e+00 0.000000000000e+00 0.000000000000e+00 0.000000000000e+00 0.000000000000e+00 
9.050000000000e+00 2.778209030490e-01 1.256108635969e+00 -7.314274085063e-02 1.015579416710e+05 1.003675383242e+05 1.004385389847e+05 2.210221009226e+03 5.609411214294e+02 3.400000000000e+06 0.000000000000e+00 -8.752000000000e-01 -8.752000000000e-01 0.000000000000e+00 0.000000000000e+00 0.000000000000e+00 -0.000000000000e+00 8.300192803269e-01 0.000000000000e+00 0.000000000000e+00 0.000000000000e+00 0.000000000000e+00 0.000000000000e+00 0.000000000000e+00 
9.055000000000e+00 2.785050301139e-01 1.787766220845e+00 -1.879798002249e-01 1.035347653539e+05 1.011611968984e+05 1.004483621913e+05 2.208327653135e+03 5.599996537372e+02 3.400000000000e+06 0.000000000000e+00 -8.752000000000e-01 -8.752000000000e-01 0.000000000000e+00 0.000000000000e+00 0.000000000000e+00 -0.000000000000e+00 8.321472341207e-01 0.000000000000e+00 0.000000000000e+00 0.000000000000e+00 0.000000000000e+00 0.000000000000e+00 0.000000000000e+00 
9.060000000000e+00 2.797679742028e-01 2.524432877142e+00 -3.071801892675e-01 1.062053722818e+05 1.026135987200e+05 1.004670481884e+05 2.205161356960e+03 5.582765660034e+02 3.400000000000e+06 0.000000000000e+00 -8.752000000000e-01 -8.752000000000e-01 0.000000000000e+00 0.000000000000e+00 0.000000000000e+00 -0.000000000000e+00 8.360283585001e-01 0.000000000000e+00 0.000000000000e+00 0.000000000000e+00 0.000000000000e+00 0.000000000000e+00 0.000000000000e+00 
9.065000000000e+00 2.815705109149e-01 3.419653377090e+00 -4.115509504952e-01 1.092996025002e+05 1.046583200427e+05 1.004950036371e+05 2.200898859356e+03 5.558511156643e+02 3.400000000000e+06 0.000000000000e+00 -8.752000000000e-01 -8.752000000000e-01 0.000000000000e+00 0.000000000000e+00 0.000000000000e+00 -0.000000000000e+00 8.415369024337e-01 0.000000000000e+00 0.000000000000e+00 0.000000000000e+00 0.000000000000e+00 0.000000000000e+00 0.000000000000e+00 
9.070000000000e+00 2.838088352205e-01 4.422226052761e+00 -4.912906380183e-01 1.125752712098e+05 1.071521390764e+05 1.005319338503e+05 2.195828339801e+03 5.528953884902e+02 3.400000000000e+06 0.000000000000e+00 -8.752000000000e-01 -8.752000000000e-01 0.000000000000e+00 0.000000000000e+00 0.000000000000e+00 -0.000000000000e+00 8.483561640960e-01 0.000000000000e+00 0.000000000000e+00 0.000000000000e+00 0.000000000000e+00 0.000000000000e+00 0.000000000000e+00 
9.075000000000e+00 2.863501167296e-01 5.482104470451e+00 -5.425565884056e-01 1.158311582407e+05 1.099242778576e+05 1.005770346081e+05 2.190273771269e+03 5.496163359656e+02 3.400000000000e+06 0.000000000000e+00 -8.752000000000e-01 -8.752000000000e-01 0.000000000000e+00 0.000000000000e+00 0.000000000000e+00 -0.000000000000e+00 8.560839367166e-01 0.000000000000e+00 0.000000000000e+00 0.000000000000e+00 0.000000000000e+00 0.000000000000e+00 0.000000000000e+00 
9.080000000000e+00 2.890589481305e-01 6.556422767841e+00 -5.667587503142e-01 1.189304471688e+05 1.128118274942e+05 1.006291011545e+05 2.184534490885e+03 5.462130267105e+02 3.400000000000e+06 0.000000000000e+00 -8.752000000000e-01 -8.752000000000e-01 0.000000000000e+00 0.000000000000e+00 0.000000000000e+00 -0.000000000000e+00 8.643109884776e-01 0.000000000000e+00 0.000000000000e+00 0.000000000000e+00 0.000000000000e+00 0.000000000000e+00 0.000000000000e+00 
9.085000000000e+00 2.918176958062e-01 7.612120064731e+00 -5.688930245363e-01 1.218022418884e+05 1.156833036261e+05 1.006866998731e+05 2.178846745987e+03 5.428472131973e+02 3.400000000000e+06 0.000000000000e+00 -8.752000000000e-01 -8.752000000000e-01 0.000000000000e+00 0.000000000000e+00 0.000000000000e+00 -0.000000000000e+00 8.726832600065e-01 0.000000000000e+00 0.000000000000e+00 0.000000000000e+00 0.000000000000e+00 0.000000000000e+00 0.000000000000e+00 
9.090000000000e+00 2.945394768231e-01 8.626554720448e+00 -5.558610710572e-01 1.244326995553e+05 1.184498855778e+05 1.007484171889e+05 2.173365427362e+03 5.396287004371e+02 3.400000000000e+06 0.000000000000e+00 -8.752000000000e-01 -8.752000000000e-01 0.000000000000e+00 0.000000000000e+00 0.000000000000e+00 -0.000000000000e+00 8.809398883179e-01 0.000000000000e+00 0.000000000000e+00 0.000000000000e+00 0.000000000000e+00 0.000000000000e+00 0.000000000000e+00 
9.095000000000e+00 2.971718422505e-01 9.586884880052e+00 -5.344342113229e-01 1.268437195987e+05 1.210647159260e+05 1.008130985933e+05 2.168168308663e+03 5.366157512542e+02 3.400000000000e+06 0.000000000000e+00 -8.752000000000e-01 -8.752000000000e-01 0.000000000000e+00 0.000000000000e+00 0.000000000000e+00 -0.000000000000e+00 8.889234454823e-01 0.000000000000e+00 0.000000000000e+00 0.000000000000e+00 0.000000000000e+00 0.000000000000e+00 0.000000000000e+00 
9.100000000000e+00 2.996880204945e-01 1.048410929934e+01 -5.087459302285e-01 1.290574824944e+05 1.235098109606e+05 1.008798685111e+05 2.163286319417e+03 5.338307977503e+02 3.400000000000e+06 0.000000000000e+00 -8.752000000000e-01 -8.752000000000e-01 0.000000000000e+00 0.000000000000e+00 0.000000000000e+00 -0.000000000000e+00 8.965529879705e-01 0.000000000000e+00 0.000000000000e+00 0.000000000000e+00 0.000000000000e+00 0.000000000000e+00 0.000000000000e+00 
9.105000000000e+00 3.020732720627e-01 1.130800454216e+01 -4.806557926947e-01 1.310859003020e+05 1.257800047282e+05 1.009479542517e+05 2.158732245074e+03 5.312796064658e+02 3.400000000000e+06 0.000000000000e+00 -8.752000000000e-01 -8.752000000000e-01 0.000000000000e+00 0.000000000000e+00 0.000000000000e+00 -0.000000000000e+00 9.037831726986e-01 0.000000000000e+00 0.000000000000e+00 0.000000000000e+00 0.000000000000e+00 0.000000000000e+00 0.000000000000e+00 
9.110000000000e+00 3.043230192789e-01 1.205303261953e+01 -4.525142216854e-01 1.329539357738e+05 1.278798141216e+05 1.010167417438e+05 2.154497392991e+03 5.289554763504e+02 3.400000000000e+06 0.000000000000e+00 -8.752000000000e-01 -8.752000000000e-01 0.000000000000e+00 0.000000000000e+00 0.000000000000e+00 -0.000000000000e+00 9.106006390325e-01 0.000000000000e+00 0.000000000000e+00 0.000000000000e+00 0.000000000000e+00 0.000000000000e+00 0.000000000000e+00 
9.115000000000e+00 3.064425726497e-01 1.271813610983e+01 -4.257843079861e-01 1.346862640794e+05 1.298222206289e+05 1.010858721061e+05 2.150557563126e+03 5.268414145661e+02 3.400000000000e+06 0.000000000000e+00 -8.752000000000e-01 -8.752000000000e-01 0.000000000000e+00 0.000000000000e+00 0.000000000000e+00 -0.000000000000e+00 9.170213951751e-01 0.000000000000e+00 0.000000000000e+00 0.000000000000e+00 0.000000000000e+00 0.000000000000e+00 0.000000000000e+00 
9.120000000000e+00 3.084385153517e-01 1.330169923342e+01 -4.000556486807e-01 1.362907531611e+05 1.316202444126e+05 1.011550407536e+05 2.146892952547e+03 5.249200424666e+02 3.400000000000e+06 0.000000000000e+00 -8.752000000000e-01 -8.752000000000e-01 0.000000000000e+00 0.000000000000e+00 0.000000000000e+00 -0.000000000000e+00 9.230651315262e-01 0.000000000000e+00 0.000000000000e+00 0.000000000000e+00 0.000000000000e+00 0.000000000000e+00 0.000000000000e+00 
9.125000000000e+00 3.103122986244e-01 1.380001594169e+01 -3.741701892333e-01 1.377633926241e+05 1.332813533198e+05 1.012237747146e+05 2.143496458919e+03 5.231796364104e+02 3.400000000000e+06 0.000000000000e+00 -8.752000000000e-01 -8.752000000000e-01 0.000000000000e+00 0.000000000000e+00 0.000000000000e+00 -0.000000000000e+00 9.287359689525e-01 0.000000000000e+00 0.000000000000e+00 0.000000000000e+00 0.000000000000e+00 0.000000000000e+00 0.000000000000e+00 
9.130000000000e+00 3.120636340912e-01 1.421318184361e+01 -3.485511118505e-01 1.391120370784e+05 1.348108562107e+05 1.012915212757e+05 2.140360055097e+03 5.216102940637e+02 3.400000000000e+06 0.000000000000e+00 -8.752000000000e-01 -8.752000000000e-01 0.000000000000e+00 0.000000000000e+00 0.000000000000e+00 -0.000000000000e+00 9.340337253057e-01 0.000000000000e+00 0.000000000000e+00 0.000000000000e+00 0.000000000000e+00 0.000000000000e+00 0.000000000000e+00 
9.135000000000e+00 3.136966966979e-01 1.454584089561e+01 -3.241858250053e-01 1.403527047894e+05 1.362173688942e+05 1.013578954800e+05 2.137466505010e+03 5.201984365005e+02 3.400000000000e+06 0.000000000000e+00 -8.752000000000e-01 -8.752000000000e-01 0.000000000000e+00 0.000000000000e+00 0.000000000000e+00 -0.000000000000e+00 9.389720581273e-01 0.000000000000e+00 0.000000000000e+00 0.000000000000e+00 0.000000000000e+00 0.000000000000e+00 0.000000000000e+00 
9.140000000000e+00 3.152191773938e-01 1.480427881044e+01 -3.015595929807e-01 1.414993981141e+05 1.375118133696e+05 1.014226882206e+05 2.134794529961e+03 5.189283113094e+02 3.400000000000e+06 0.000000000000e+00 -8.752000000000e-01 -8.752000000000e-01 0.000000000000e+00 0.000000000000e+00 0.000000000000e+00 -0.000000000000e+00 9.435750233450e-01 0.000000000000e+00 0.000000000000e+00 0.000000000000e+00 0.000000000000e+00 0.000000000000e+00 0.000000000000e+00 
9.145000000000e+00 3.166388614792e-01 1.499442408379e+01 -2.804978398932e-01 1.425599406010e+05 1.387044628264e+05 1.014857478886e+05 2.132325494005e+03 5.177852070764e+02 3.400000000000e+06 0.000000000000e+00 -8.752000000000e-01 -8.752000000000e-01 0.000000000000e+00 0.000000000000e+00 0.000000000000e+00 -0.000000000000e+00 9.478666563421e-01 0.000000000000e+00 0.000000000000e+00 0.000000000000e+00 0.000000000000e+00 0.000000000000e+00 0.000000000000e+00 
9.150000000000e+00 3.179621604218e-01 1.512192548697e+01 -2.606460385622e-01 1.435390151565e+05 1.398038177773e+05 1.015469137193e+05 2.130044488712e+03 5.167565475429e+02 3.400000000000e+06 0.000000000000e+00 -8.752000000000e-01 -8.752000000000e-01 0.000000000000e+00 0.000000000000e+00 0.000000000000e+00 -0.000000000000e+00 9.518664145632e-01 0.000000000000e+00 0.000000000000e+00 0.000000000000e+00 0.000000000000e+00 0.000000000000e+00 0.000000000000e+00 
9.155000000000e+00 3.191936018943e-01 1.519227731173e+01 -2.417210179304e-01 1.444399708855e+05 1.408163273993e+05 1.016059797160e+05 2.127940328786e+03 5.158320432313e+02 3.400000000000e+06 0.000000000000e+00 -8.752000000000e-01 -8.752000000000e-01 0.000000000000e+00 0.000000000000e+00 0.000000000000e+00 -0.000000000000e+00 9.555881105233e-01 0.000000000000e+00 0.000000000000e+00 0.000000000000e+00 0.000000000000e+00 0.000000000000e+00 0.000000000000e+00 
9.160000000000e+00 3.203373215772e-01 1.521105959316e+01 -2.238382056434e-01 1.452688846995e+05 1.417477324686e+05 1.016627549847e+05 2.126001872850e+03 5.150023607787e+02 3.400000000000e+06 0.000000000000e+00 -8.752000000000e-01 -8.752000000000e-01 0.000000000000e+00 0.000000000000e+00 0.000000000000e+00 -0.000000000000e+00 9.590450948475e-01 0.000000000000e+00 0.000000000000e+00 0.000000000000e+00 0.000000000000e+00 0.000000000000e+00 0.000000000000e+00 
9.165000000000e+00 3.213977102516e-01 1.518551988487e+01 -2.070051650331e-01 1.460308820725e+05 1.426036427535e+05 1.017170953949e+05 2.124218292908e+03 5.142586154274e+02 3.400000000000e+06 0.000000000000e+00 -8.752000000000e-01 -8.752000000000e-01 0.000000000000e+00 0.000000000000e+00 0.000000000000e+00 -0.000000000000e+00 9.622516852865e-01 0.000000000000e+00 0.000000000000e+00 0.000000000000e+00 0.000000000000e+00 0.000000000000e+00 0.000000000000e+00 
9.170000000000e+00 3.223791852215e-01 1.512159411192e+01 -1.909177955454e-01 1.467283206717e+05 1.433893835964e+05 1.017688939967e+05 2.122580007306e+03 5.135925369373e+02 3.400000000000e+06 0.000000000000e+00 -8.752000000000e-01 -8.752000000000e-01 0.000000000000e+00 0.000000000000e+00 0.000000000000e+00 -0.000000000000e+00 9.652208345072e-01 0.000000000000e+00 0.000000000000e+00 0.000000000000e+00 0.000000000000e+00 0.000000000000e+00 0.000000000000e+00 
9.175000000000e+00 3.232815220723e-01 1.502163661559e+01 -1.742530937468e-01 1.473511615091e+05 1.441063339692e+05 1.018178247516e+05 2.121088533753e+03 5.129994694182e+02 3.400000000000e+06 0.000000000000e+00 -8.752000000000e-01 -8.752000000000e-01 0.000000000000e+00 0.000000000000e+00 0.000000000000e+00 -0.000000000000e+00 9.679509354116e-01 0.000000000000e+00 0.000000000000e+00 0.000000000000e+00 0.000000000000e+00 0.000000000000e+00 0.000000000000e+00 
9.180000000000e+00 3.240980603232e-01 1.488562644288e+01 -1.558841690396e-01 1.478856315202e+05 1.447506674009e+05 1.018632104129e+05 2.119755854898e+03 5.124790229063e+02 3.400000000000e+06 0.000000000000e+00 -8.752000000000e-01 -8.752000000000e-01 0.000000000000e+00 0.000000000000e+00 0.000000000000e+00 -0.000000000000e+00 9.704210193863e-01 0.000000000000e+00 0.000000000000e+00 0.000000000000e+00 0.000000000000e+00 0.000000000000e+00 0.000000000000e+00 
9.185000000000e+00 3.248195913557e-01 1.471406547349e+01 -1.356822848453e-01 1.483240088781e+05 1.453165443947e+05 1.019042105807e+05 2.118595417386e+03 5.120321768392e+02 3.400000000000e+06 0.000000000000e+00 -8.752000000000e-01 -8.752000000000e-01 0.000000000000e+00 0.000000000000e+00 0.000000000000e+00 -0.000000000000e+00 9.726029128202e-01 0.000000000000e+00 0.000000000000e+00 0.000000000000e+00 0.000000000000e+00 0.000000000000e+00 0.000000000000e+00 
9.190000000000e+00 3.254379273444e-01 1.450965231132e+01 -1.143826834629e-01 1.486663476291e+05 1.457989051803e+05 1.019400283783e+05 2.117616551830e+03 5.116591208420e+02 3.400000000000e+06 0.000000000000e+00 -8.752000000000e-01 -8.752000000000e-01 0.000000000000e+00 0.000000000000e+00 0.000000000000e+00 -0.000000000000e+00 9.744751310643e-01 0.000000000000e+00 0.000000000000e+00 0.000000000000e+00 0.000000000000e+00 0.000000000000e+00 0.000000000000e+00 
9.195000000000e+00 3.259470230984e-01 1.427767719491e+01 -9.354638650045e-02 1.489209656003e+05 1.461942699142e+05 1.019699984714e+05 2.116822870813e+03 5.113589037500e+02 3.400000000000e+06 0.000000000000e+00 -8.752000000000e-01 -8.752000000000e-01 0.000000000000e+00 0.000000000000e+00 0.000000000000e+00 -0.000000000000e+00 9.760296881774e-01 0.000000000000e+00 0.000000000000e+00 0.000000000000e+00 0.000000000000e+00 0.000000000000e+00 0.000000000000e+00 
9.200000000000e+00 3.263518286461e-01 1.402255701704e+01 -7.398389078817e-02 1.490989882954e+05 1.465075024695e+05 1.019941428809e+05 2.116202034826e+03 5.111247019034e+02 3.400000000000e+06 0.000000000000e+00 -8.752000000000e-01 -8.752000000000e-01 0.000000000000e+00 0.000000000000e+00 0.000000000000e+00 -0.000000000000e+00 9.772780623579e-01 0.000000000000e+00 0.000000000000e+00 0.000000000000e+00 0.000000000000e+00 0.000000000000e+00 0.000000000000e+00 
9.205000000000e+00 3.266578679025e-01 1.374649973611e+01 -5.542238299286e-02 1.492030758124e+05 1.467436434311e+05 1.020125830030e+05 2.115744211810e+03 5.109503185963e+02 3.400000000000e+06 0.000000000000e+00 -8.752000000000e-01 -8.752000000000e-01 0.000000000000e+00 0.000000000000e+00 0.000000000000e+00 -0.000000000000e+00 9.782332425915e-01 0.000000000000e+00 0.000000000000e+00 0.000000000000e+00 0.000000000000e+00 0.000000000000e+00 0.000000000000e+00 
9.210000000000e+00 3.268693797737e-01 1.345076843615e+01 -3.755622376796e-02 1.492344414797e+05 1.469065118064e+05 1.020254221310e+05 2.115442208538e+03 5.108311531580e+02 3.400000000000e+06 0.000000000000e+00 -8.752000000000e-01 -8.752000000000e-01 0.000000000000e+00 0.000000000000e+00 0.000000000000e+00 -0.000000000000e+00 9.789048703498e-01 0.000000000000e+00 0.000000000000e+00 0.000000000000e+00 0.000000000000e+00 0.000000000000e+00 0.000000000000e+00 
9.215000000000e+00 3.269897840143e-01 1.313610513192e+01 -2.016115681509e-02 1.491941733307e+05 1.469991034753e+05 1.020327656329e+05 2.115290321081e+03 5.107638146280e+02 3.400000000000e+06 0.000000000000e+00 -8.752000000000e-01 -8.752000000000e-01 0.000000000000e+00 0.000000000000e+00 0.000000000000e+00 -0.000000000000e+00 9.793007182946e-01 0.000000000000e+00 0.000000000000e+00 0.000000000000e+00 0.000000000000e+00 0.000000000000e+00 0.000000000000e+00 
9.220000000000e+00 3.270277962986e-01 1.280180677629e+01 -3.249875371291e-03 1.490895641378e+05 1.470283168163e+05 1.020350892723e+05 2.115273732417e+03 5.107426305620e+02 3.400000000000e+06 0.000000000000e+00 -8.752000000000e-01 -8.752000000000e-01 0.000000000000e+00 0.000000000000e+00 0.000000000000e+00 -0.000000000000e+00 9.794305387473e-01 0.000000000000e+00 0.000000000000e+00 0.000000000000e+00 0.000000000000e+00 0.000000000000e+00 0.000000000000e+00 
9.225000000000e+00 3.269985837804e-01 1.244854452986e+01 1.373403710260e-02 1.489286111706e+05 1.470058670875e+05 1.020333033261e+05 2.115368758390e+03 5.107589073521e+02 3.400000000000e+06 0.000000000000e+00 -8.752000000000e-01 -8.752000000000e-01 0.000000000000e+00 0.000000000000e+00 0.000000000000e+00 -0.000000000000e+00 9.793144873318e-01 0.000000000000e+00 0.000000000000e+00 0.000000000000e+00 0.000000000000e+00 0.000000000000e+00 0.000000000000e+00 
9.230000000000e+00 3.268980325336e-01 1.207952138141e+01 3.086137493018e-02 1.487071721222e+05 1.469285539904e+05 1.020271673825e+05 2.115582524276e+03 5.108150957682e+02 3.400000000000e+06 0.000000000000e+00 -8.752000000000e-01 -8.752000000000e-01 0.000000000000e+00 0.000000000000e+00 0.000000000000e+00 -0.000000000000e+00 9.789648530434e-01 0.000000000000e+00 0.000000000000e+00 0.000000000000e+00 0.000000000000e+00 0.000000000000e+00 0.000000000000e+00 
9.235000000000e+00 3.267199847132e-01 1.170060498031e+01 4.600395792416e-02 1.484370420592e+05 1.467915029758e+05 1.020163455463e+05 2.115919707695e+03 5.109152068890e+02 3.400000000000e+06 0.000000000000e+00 -8.752000000000e-01 -8.752000000000e-01 0.000000000000e+00 0.000000000000e+00 0.000000000000e+00 -0.000000000000e+00 9.783903337233e-01 0.000000000000e+00 0.000000000000e+00 0.000000000000e+00 0.000000000000e+00 0.000000000000e+00 0.000000000000e+00 
9.240000000000e+00 3.264763036076e-01 1.131586167259e+01 5.802072898301e-02 1.481370514225e+05 1.466036170250e+05 1.020016235330e+05 2.116357941353e+03 5.110534961005e+02 3.400000000000e+06 0.000000000000e+00 -8.752000000000e-01 -8.752000000000e-01 0.000000000000e+00 0.000000000000e+00 0.000000000000e+00 -0.000000000000e+00 9.776291686219e-01 0.000000000000e+00 0.000000000000e+00 0.000000000000e+00 0.000000000000e+00 0.000000000000e+00 0.000000000000e+00 
9.245000000000e+00 3.261820911019e-01 1.092907905736e+01 6.699083799618e-02 1.478189660610e+05 1.463762847243e+05 1.019839849038e+05 2.116872820757e+03 5.112224148513e+02 3.400000000000e+06 0.000000000000e+00 -8.752000000000e-01 -8.752000000000e-01 0.000000000000e+00 0.000000000000e+00 0.000000000000e+00 -0.000000000000e+00 9.767230958335e-01 0.000000000000e+00 0.000000000000e+00 0.000000000000e+00 0.000000000000e+00 0.000000000000e+00 0.000000000000e+00 
9.250000000000e+00 3.258523930309e-01 1.054411933731e+01 7.285098641151e-02 1.474957469254e+05 1.461209011098e+05 1.019643945508e+05 2.117439526625e+03 5.114142307208e+02 3.400000000000e+06 0.000000000000e+00 -8.752000000000e-01 -8.752000000000e-01 0.000000000000e+00 0.000000000000e+00 0.000000000000e+00 -0.000000000000e+00 9.757150809195e-01 0.000000000000e+00 0.000000000000e+00 0.000000000000e+00 0.000000000000e+00 0.000000000000e+00 0.000000000000e+00 
9.255000000000e+00 3.255025155827e-01 1.016519612816e+01 7.554965702638e-02 1.471805859188e+05 1.458491532716e+05 1.019438064744e+05 2.118032647509e+03 5.116206843994e+02 3.400000000000e+06 0.000000000000e+00 -8.752000000000e-01 -8.752000000000e-01 0.000000000000e+00 0.000000000000e+00 0.000000000000e+00 -0.000000000000e+00 9.746499908988e-01 0.000000000000e+00 0.000000000000e+00 0.000000000000e+00 0.000000000000e+00 0.000000000000e+00 0.000000000000e+00 
9.260000000000e+00 3.251477735098e-01 9.796519628590e+00 7.519418217482e-02 1.468855050613e+05 1.455728534696e+05 1.019231418118e+05 2.118626960065e+03 5.118330333903e+02 3.400000000000e+06 0.000000000000e+00 -8.752000000000e-01 -8.752000000000e-01 0.000000000000e+00 0.000000000000e+00 0.000000000000e+00 -0.000000000000e+00 9.735731527077e-01 0.000000000000e+00 0.000000000000e+00 0.000000000000e+00 0.000000000000e+00 0.000000000000e+00 0.000000000000e+00 
9.265000000000e+00 3.248012192032e-01 9.440816532983e+00 7.245383026856e-02 1.466161485994e+05 1.453021759865e+05 1.019031560380e+05 2.119202355602e+03 5.120434013500e+02 3.400000000000e+06 0.000000000000e+00 -8.752000000000e-01 -8.752000000000e-01 0.000000000000e+00 0.000000000000e+00 0.000000000000e+00 -0.000000000000e+00 9.725231188619e-01 0.000000000000e+00 0.000000000000e+00 0.000000000000e+00 0.000000000000e+00 0.000000000000e+00 0.000000000000e+00 
9.270000000000e+00 3.244721518798e-01 9.099213415638e+00 6.812237954017e-02 1.463740218264e+05 1.450444637393e+05 1.018843617423e+05 2.119745207538e+03 5.122458069678e+02 3.400000000000e+06 0.000000000000e+00 -8.752000000000e-01 -8.752000000000e-01 0.000000000000e+00 0.000000000000e+00 0.000000000000e+00 -0.000000000000e+00 9.715272721541e-01 0.000000000000e+00 0.000000000000e+00 0.000000000000e+00 0.000000000000e+00 0.000000000000e+00 0.000000000000e+00 
9.275000000000e+00 3.241661151082e-01 8.771900983925e+00 6.293920416429e-02 1.461579047599e+05 1.448041801687e+05 1.018670413818e+05 2.120247970957e+03 5.124363505387e+02 3.400000000000e+06 0.000000000000e+00 -8.752000000000e-01 -8.752000000000e-01 0.000000000000e+00 0.000000000000e+00 0.000000000000e+00 -0.000000000000e+00 9.706018552334e-01 0.000000000000e+00 0.000000000000e+00 0.000000000000e+00 0.000000000000e+00 0.000000000000e+00 0.000000000000e+00 
9.280000000000e+00 3.238855388239e-01 8.458560170285e+00 5.746757931600e-02 1.459653648165e+05 1.445833703864e+05 1.018512951442e+05 2.120707838614e+03 5.126129808312e+02 3.400000000000e+06 0.000000000000e+00 -8.752000000000e-01 -8.752000000000e-01 0.000000000000e+00 0.000000000000e+00 0.000000000000e+00 -0.000000000000e+00 9.697538950505e-01 0.000000000000e+00 0.000000000000e+00 0.000000000000e+00 0.000000000000e+00 0.000000000000e+00 0.000000000000e+00 
9.285000000000e+00 3.236307183276e-01 8.158559797745e+00 5.207418981636e-02 1.457937459275e+05 1.443824007649e+05 1.018371038944e+05 2.121125079110e+03 5.127749952063e+02 3.400000000000e+06 0.000000000000e+00 -8.752000000000e-01 -8.752000000000e-01 0.000000000000e+00 0.000000000000e+00 0.000000000000e+00 -0.000000000000e+00 9.689841153301e-01 0.000000000000e+00 0.000000000000e+00 0.000000000000e+00 0.000000000000e+00 0.000000000000e+00 0.000000000000e+00 
9.290000000000e+00 3.234005888496e-01 7.871060523501e+00 4.699926231751e-02 1.456402525056e+05 1.442005521443e+05 1.018243767050e+05 2.121501946101e+03 5.129226115807e+02 3.400000000000e+06 0.000000000000e+00 -8.752000000000e-01 -8.752000000000e-01 0.000000000000e+00 0.000000000000e+00 0.000000000000e+00 -0.000000000000e+00 9.682891537547e-01 0.000000000000e+00 0.000000000000e+00 0.000000000000e+00 0.000000000000e+00 0.000000000000e+00 0.000000000000e+00 
9.295000000000e+00 3.231931241217e-01 7.595042585981e+00 4.240348862989e-02 1.455019056436e+05 1.440363261319e+05 1.018129749145e+05 2.121842144506e+03 5.130567426898e+02 3.400000000000e+06 0.000000000000e+00 -8.752000000000e-01 -8.752000000000e-01 0.000000000000e+00 0.000000000000e+00 0.000000000000e+00 -0.000000000000e+00 9.676627754253e-01 0.000000000000e+00 0.000000000000e+00 0.000000000000e+00 0.000000000000e+00 0.000000000000e+00 0.000000000000e+00 
9.300000000000e+00 3.230058107125e-01 7.329438651075e+00 3.835512166786e-02 1.453760540313e+05 1.438878172447e+05 1.018027388575e+05 2.122149991539e+03 5.131786995969e+02 3.400000000000e+06 0.000000000000e+00 -8.752000000000e-01 -8.752000000000e-01 0.000000000000e+00 0.000000000000e+00 0.000000000000e+00 -0.000000000000e+00 9.670973131632e-01 0.000000000000e+00 0.000000000000e+00 0.000000000000e+00 0.000000000000e+00 0.000000000000e+00 0.000000000000e+00 
9.305000000000e+00 3.228359898481e-01 7.073189062676e+00 3.485559022141e-02 1.452604583834e+05 1.437529844949e+05 1.017935062507e+05 2.122429903089e+03 5.132899652534e+02 3.400000000000e+06 0.000000000000e+00 -8.752000000000e-01 -8.752000000000e-01 0.000000000000e+00 0.000000000000e+00 0.000000000000e+00 -0.000000000000e+00 9.665847001850e-01 0.000000000000e+00 0.000000000000e+00 0.000000000000e+00 0.000000000000e+00 0.000000000000e+00 0.000000000000e+00 
9.310000000000e+00 3.226813731231e-01 6.825561585024e+00 3.177754634582e-02 1.451542424579e+05 1.436300638088e+05 1.017851393823e+05 2.122685334917e+03 5.133918444959e+02 3.400000000000e+06 0.000000000000e+00 -8.752000000000e-01 -8.752000000000e-01 0.000000000000e+00 0.000000000000e+00 0.000000000000e+00 -0.000000000000e+00 9.661180717806e-01 0.000000000000e+00 0.000000000000e+00 0.000000000000e+00 0.000000000000e+00 0.000000000000e+00 0.000000000000e+00 
9.315000000000e+00 3.225402903774e-01 6.586050997745e+00 2.901316199318e-02 1.450568914015e+05 1.435177697486e+05 1.017775372983e+05 2.122918763847e+03 5.134852829164e+02 3.400000000000e+06 0.000000000000e+00 -8.752000000000e-01 -8.752000000000e-01 0.000000000000e+00 0.000000000000e+00 0.000000000000e+00 -0.000000000000e+00 9.656923998381e-01 0.000000000000e+00 0.000000000000e+00 0.000000000000e+00 0.000000000000e+00 0.000000000000e+00 0.000000000000e+00 
9.320000000000e+00 3.224113639434e-01 6.354160895348e+00 2.654103670987e-02 1.449674257550e+05 1.434150403619e+05 1.017706171852e+05 2.123132424231e+03 5.135710671024e+02 3.400000000000e+06 0.000000000000e+00 -8.752000000000e-01 -8.752000000000e-01 0.000000000000e+00 0.000000000000e+00 0.000000000000e+00 -0.000000000000e+00 9.653034933602e-01 0.000000000000e+00 0.000000000000e+00 0.000000000000e+00 0.000000000000e+00 0.000000000000e+00 0.000000000000e+00 
9.325000000000e+00 3.222930155478e-01 6.129251429034e+00 2.443093205631e-02 1.448839412698e+05 1.433206461178e+05 1.017642874162e+05 2.123329162064e+03 5.136501456839e+02 3.400000000000e+06 0.000000000000e+00 -8.752000000000e-01 -8.752000000000e-01 0.000000000000e+00 0.000000000000e+00 0.000000000000e+00 -0.000000000000e+00 9.649465199988e-01 0.000000000000e+00 0.000000000000e+00 0.000000000000e+00 0.000000000000e+00 0.000000000000e+00 0.000000000000e+00 
9.330000000000e+00 3.221832549633e-01 5.910635628421e+00 2.276690843706e-02 1.448040594556e+05 1.432330213835e+05 1.017584362057e+05 2.123512582386e+03 5.137237700198e+02 3.400000000000e+06 0.000000000000e+00 -8.752000000000e-01 -8.752000000000e-01 0.000000000000e+00 0.000000000000e+00 0.000000000000e+00 -0.000000000000e+00 9.646154067682e-01 0.000000000000e+00 0.000000000000e+00 0.000000000000e+00 0.000000000000e+00 0.000000000000e+00 0.000000000000e+00 
9.335000000000e+00 3.220797632375e-01 5.697710749237e+00 2.159999425582e-02 1.447253878802e+05 1.431503305585e+05 1.017529360950e+05 2.123686774843e+03 5.137934391650e+02 3.400000000000e+06 0.000000000000e+00 -8.752000000000e-01 -8.752000000000e-01 0.000000000000e+00 0.000000000000e+00 0.000000000000e+00 -0.000000000000e+00 9.643031112601e-01 0.000000000000e+00 0.000000000000e+00 0.000000000000e+00 0.000000000000e+00 0.000000000000e+00 0.000000000000e+00 
9.340000000000e+00 3.219801132289e-01 5.490053985586e+00 2.093449376519e-02 1.446458216907e+05 1.430706443965e+05 1.017476556239e+05 2.123855896809e+03 5.138607507540e+02 3.400000000000e+06 0.000000000000e+00 -8.752000000000e-01 -8.752000000000e-01 0.000000000000e+00 0.000000000000e+00 0.000000000000e+00 -0.000000000000e+00 9.640022856078e-01 0.000000000000e+00 0.000000000000e+00 0.000000000000e+00 0.000000000000e+00 0.000000000000e+00 0.000000000000e+00 
9.345000000000e+00 3.218819609496e-01 5.287460577640e+00 2.073147498156e-02 1.445636791110e+05 1.429920935966e+05 1.017424693139e+05 2.124023853598e+03 5.139272694949e+02 3.400000000000e+06 0.000000000000e+00 -8.752000000000e-01 -8.752000000000e-01 0.000000000000e+00 0.000000000000e+00 0.000000000000e+00 -0.000000000000e+00 9.637058618896e-01 0.000000000000e+00 0.000000000000e+00 0.000000000000e+00 0.000000000000e+00 0.000000000000e+00 0.000000000000e+00 
9.350000000000e+00 3.217835658715e-01 5.090309744607e+00 2.082447351866e-02 1.444788421281e+05 1.429132863520e+05 1.017372848738e+05 2.124193166890e+03 5.139941703413e+02 3.400000000000e+06 0.000000000000e+00 -8.752000000000e-01 -8.752000000000e-01 0.000000000000e+00 0.000000000000e+00 0.000000000000e+00 -0.000000000000e+00 9.634086145227e-01 0.000000000000e+00 0.000000000000e+00 0.000000000000e+00 0.000000000000e+00 0.000000000000e+00 0.000000000000e+00 
9.355000000000e+00 3.216840175945e-01 4.899064825494e+00 2.110483430445e-02 1.443914248260e+05 1.428334921061e+05 1.017320546081e+05 2.124365099804e+03 5.140620765074e+02 3.400000000000e+06 0.000000000000e+00 -8.752000000000e-01 -8.752000000000e-01 0.000000000000e+00 0.000000000000e+00 0.000000000000e+00 -0.000000000000e+00 9.631075877814e-01 0.000000000000e+00 0.000000000000e+00 0.000000000000e+00 0.000000000000e+00 0.000000000000e+00 0.000000000000e+00 
9.360000000000e+00 3.215820339026e-01 4.713621482188e+00 2.175571575353e-02 1.442988142073e+05 1.427516795512e+05 1.017267119228e+05 2.124542376716e+03 5.141318742732e+02 3.400000000000e+06 0.000000000000e+00 -8.752000000000e-01 -8.752000000000e-01 0.000000000000e+00 0.000000000000e+00 0.000000000000e+00 -0.000000000000e+00 9.627988666589e-01 0.000000000000e+00 0.000000000000e+00 0.000000000000e+00 0.000000000000e+00 0.000000000000e+00 0.000000000000e+00 
9.365000000000e+00 3.214743443297e-01 4.532738834790e+00 2.331096728251e-02 1.441937928330e+05 1.426652168971e+05 1.017210873408e+05 2.124732136262e+03 5.142058296396e+02 3.400000000000e+06 0.000000000000e+00 -8.752000000000e-01 -8.752000000000e-01 0.000000000000e+00 0.000000000000e+00 0.000000000000e+00 -0.000000000000e+00 9.624723029369e-01 0.000000000000e+00 0.000000000000e+00 0.000000000000e+00 0.000000000000e+00 0.000000000000e+00 0.000000000000e+00 
9.370000000000e+00 3.213552445543e-01 4.354570430125e+00 2.614245681567e-02 1.440683780621e+05 1.425695059777e+05 1.017148871089e+05 2.124945277848e+03 5.142879222931e+02 3.400000000000e+06 0.000000000000e+00 -8.752000000000e-01 -8.752000000000e-01 0.000000000000e+00 0.000000000000e+00 0.000000000000e+00 -0.000000000000e+00 9.621104670823e-01 0.000000000000e+00 0.000000000000e+00 0.000000000000e+00 0.000000000000e+00 0.000000000000e+00 0.000000000000e+00 
9.375000000000e+00 3.212185631354e-01 4.177784464279e+00 3.025901528335e-02 1.439171612050e+05 1.424595531591e+05 1.017077977801e+05 2.125192526066e+03 5.143825227008e+02 3.400000000000e+06 0.000000000000e+00 -8.752000000000e-01 -8.752000000000e-01 0.000000000000e+00 0.000000000000e+00 0.000000000000e+00 -0.000000000000e+00 9.616946574374e-01 0.000000000000e+00 0.000000000000e+00 0.000000000000e+00 0.000000000000e+00 0.000000000000e+00 0.000000000000e+00 
9.380000000000e+00 3.210568009768e-01 3.999912365220e+00 3.620427956758e-02 1.437291385960e+05 1.423292680486e+05 1.016994436010e+05 2.125488449709e+03 5.144950179596e+02 3.400000000000e+06 0.000000000000e+00 -8.752000000000e-01 -8.752000000000e-01 0.000000000000e+00 0.000000000000e+00 0.000000000000e+00 -0.000000000000e+00 9.612017587006e-01 0.000000000000e+00 0.000000000000e+00 0.000000000000e+00 0.000000000000e+00 0.000000000000e+00 0.000000000000e+00 
9.385000000000e+00 3.208571664398e-01 3.815170874996e+00 4.552351320980e-02 1.434803965152e+05 1.421682462643e+05 1.016891871045e+05 2.125859666962e+03 5.146346492586e+02 3.400000000000e+06 0.000000000000e+00 -8.752000000000e-01 -8.752000000000e-01 0.000000000000e+00 0.000000000000e+00 0.000000000000e+00 -0.000000000000e+00 9.605919678950e-01 0.000000000000e+00 0.000000000000e+00 0.000000000000e+00 0.000000000000e+00 0.000000000000e+00 0.000000000000e+00 
9.390000000000e+00 3.205941263028e-01 3.610757999145e+00 6.155256085705e-02 1.431210294056e+05 1.419556873329e+05 1.016757629526e+05 2.126360090332e+03 5.148199695653e+02 3.400000000000e+06 0.000000000000e+00 -8.752000000000e-01 -8.752000000000e-01 0.000000000000e+00 0.000000000000e+00 0.000000000000e+00 -0.000000000000e+00 9.597858307684e-01 0.000000000000e+00 0.000000000000e+00 0.000000000000e+00 0.000000000000e+00 0.000000000000e+00 0.000000000000e+00 
9.395000000000e+00 3.202268844432e-01 3.369673568850e+00 8.686127448606e-02 1.425938298539e+05 1.416581705414e+05 1.016571905865e+05 2.127068480315e+03 5.150812397963e+02 3.400000000000e+06 0.000000000000e+00 -8.752000000000e-01 -8.752000000000e-01 0.000000000000e+00 0.000000000000e+00 0.000000000000e+00 -0.000000000000e+00 9.586580553704e-01 0.000000000000e+00 0.000000000000e+00 0.000000000000e+00 0.000000000000e+00 0.000000000000e+00 0.000000000000e+00 
9.400000000000e+00 3.197039442941e-01 3.071945297156e+00 1.239083332882e-01 1.418322792125e+05 1.412329941619e+05 1.016310818379e+05 2.128083053055e+03 5.154583425047e+02 3.400000000000e+06 0.000000000000e+00 -8.752000000000e-01 -8.752000000000e-01 0.000000000000e+00 0.000000000000e+00 0.000000000000e+00 -0.000000000000e+00 9.570505148954e-01 0.000000000000e+00 0.000000000000e+00 0.000000000000e+00 0.000000000000e+00 0.000000000000e+00 0.000000000000e+00 
9.405000000000e+00 3.189617527779e-01 2.695112762936e+00 1.743734017130e-01 1.407640694900e+05 1.406264672310e+05 1.015946976137e+05 2.129523087219e+03 5.160036549199e+02 3.400000000000e+06 0.000000000000e+00 -8.752000000000e-01 -8.752000000000e-01 0.000000000000e+00 0.000000000000e+00 0.000000000000e+00 -0.000000000000e+00 9.547694961152e-01 0.000000000000e+00 0.000000000000e+00 0.000000000000e+00 0.000000000000e+00 0.000000000000e+00 0.000000000000e+00 
9.410000000000e+00 3.179457219391e-01 2.228595619306e+00 2.337735044086e-01 1.393735484179e+05 1.397902334448e+05 1.015461394092e+05 2.131478393549e+03 5.167691040722e+02 3.400000000000e+06 0.000000000000e+00 -8.752000000000e-01 -8.752000000000e-01 0.000000000000e+00 0.000000000000e+00 0.000000000000e+00 -0.000000000000e+00 9.516519666884e-01 0.000000000000e+00 0.000000000000e+00 0.000000000000e+00 0.000000000000e+00 0.000000000000e+00 0.000000000000e+00 
9.415000000000e+00 3.166416860830e-01 1.684598769392e+00 2.914698783896e-01 1.377303059711e+05 1.387068220176e+05 1.014858759628e+05 2.133954077810e+03 5.177829731903e+02 3.400000000000e+06 0.000000000000e+00 -8.752000000000e-01 -8.752000000000e-01 0.000000000000e+00 0.000000000000e+00 0.000000000000e+00 -0.000000000000e+00 9.476608990821e-01 0.000000000000e+00 0.000000000000e+00 0.000000000000e+00 0.000000000000e+00 0.000000000000e+00 0.000000000000e+00 
9.420000000000e+00 3.150975900280e-01 1.100154733559e+00 3.337716152160e-01 1.359859178677e+05 1.374090274949e+05 1.014174075875e+05 2.136837725405e+03 5.190280788163e+02 3.400000000000e+06 0.000000000000e+00 -8.752000000000e-01 -8.752000000000e-01 0.000000000000e+00 0.000000000000e+00 0.000000000000e+00 -0.000000000000e+00 9.429492980097e-01 0.000000000000e+00 0.000000000000e+00 0.000000000000e+00 0.000000000000e+00 0.000000000000e+00 0.000000000000e+00 
9.425000000000e+00 3.134324522560e-01 5.374814444993e-01 3.446371329474e-01 1.343816066652e+05 1.359910571895e+05 1.013469398216e+05 2.139878568591e+03 5.204234531705e+02 3.400000000000e+06 0.000000000000e+00 -8.752000000000e-01 -8.752000000000e-01 0.000000000000e+00 0.000000000000e+00 0.000000000000e+00 -0.000000000000e+00 9.378876769392e-01 0.000000000000e+00 0.000000000000e+00 0.000000000000e+00 0.000000000000e+00 0.000000000000e+00 0.000000000000e+00 
9.430000000000e+00 3.118556352104e-01 9.149752577059e-02 3.060709008686e-01 1.332681503820e+05 1.346303550754e+05 1.012832924392e+05 2.142644918974e+03 5.217937202856e+02 3.400000000000e+06 0.000000000000e+00 -8.752000000000e-01 -8.752000000000e-01 0.000000000000e+00 0.000000000000e+00 0.000000000000e+00 -0.000000000000e+00 9.331205119231e-01 0.000000000000e+00 0.000000000000e+00 0.000000000000e+00 0.000000000000e+00 0.000000000000e+00 0.000000000000e+00 
9.435000000000e+00 3.106026151980e-01 -1.654802392237e-01 2.224887503559e-01 1.328364808581e+05 1.335364254472e+05 1.012347661494e+05 2.144707146191e+03 5.229156092238e+02 3.400000000000e+06 0.000000000000e+00 -8.752000000000e-01 -8.752000000000e-01 0.000000000000e+00 0.000000000000e+00 0.000000000000e+00 -0.000000000000e+00 9.293597300866e-01 0.000000000000e+00 0.000000000000e+00 0.000000000000e+00 0.000000000000e+00 0.000000000000e+00 0.000000000000e+00 
9.440000000000e+00 3.098224549692e-01 -2.272489060438e-01 1.207051502926e-01 1.330014372998e+05 1.328495885550e+05 1.012054398909e+05 2.145852778185e+03 5.236285715909e+02 3.400000000000e+06 0.000000000000e+00 -8.752000000000e-01 -8.752000000000e-01 0.000000000000e+00 0.000000000000e+00 0.000000000000e+00 -0.000000000000e+00 9.270424703730e-01 0.000000000000e+00 0.000000000000e+00 0.000000000000e+00 0.000000000000e+00 0.000000000000e+00 0.000000000000e+00 
9.445000000000e+00 3.095015130711e-01 -1.555429956262e-01 3.420519203090e-02 1.334602905156e+05 1.325657505695e+05 1.011935690888e+05 2.146194380952e+03 5.239250438036e+02 3.400000000000e+06 0.000000000000e+00 -8.752000000000e-01 -8.752000000000e-01 0.000000000000e+00 0.000000000000e+00 0.000000000000e+00 -0.000000000000e+00 9.261206246267e-01 0.000000000000e+00 0.000000000000e+00 0.000000000000e+00 0.000000000000e+00 0.000000000000e+00 0.000000000000e+00 
9.450000000000e+00 3.095201232706e-01 -1.984229385577e-02 -2.260511125480e-02 1.339740851334e+05 1.325822298308e+05 1.011942543828e+05 2.145992951953e+03 5.239078022920e+02 3.400000000000e+06 0.000000000000e+00 -8.752000000000e-01 -8.752000000000e-01 0.000000000000e+00 0.000000000000e+00 0.000000000000e+00 -0.000000000000e+00 9.261987787504e-01 0.000000000000e+00 0.000000000000e+00 0.000000000000e+00 0.000000000000e+00 0.000000000000e+00 0.000000000000e+00 
9.455000000000e+00 3.097201497626e-01 1.430680541525e-01 -5.061403588460e-02 1.344028466211e+05 1.327591925384e+05 1.012016437464e+05 2.145539722990e+03 5.237228768409e+02 3.400000000000e+06 0.000000000000e+00 -8.752000000000e-01 -8.752000000000e-01 0.000000000000e+00 0.000000000000e+00 0.000000000000e+00 -0.000000000000e+00 9.268163635036e-01 0.000000000000e+00 0.000000000000e+00 0.000000000000e+00 0.000000000000e+00 0.000000000000e+00 0.000000000000e+00 
9.460000000000e+00 3.099879352672e-01 3.192321060415e-01 -5.658922275427e-02 1.347007994416e+05 1.329956438883e+05 1.012116043792e+05 2.145026284483e+03 5.234764284391e+02 3.400000000000e+06 0.000000000000e+00 -8.752000000000e-01 -8.752000000000e-01 0.000000000000e+00 0.000000000000e+00 0.000000000000e+00 -0.000000000000e+00 9.276328107038e-01 0.000000000000e+00 0.000000000000e+00 0.000000000000e+00 0.000000000000e+00 0.000000000000e+00 0.000000000000e+00 
9.465000000000e+00 3.102387552332e-01 4.972599300826e-01 -4.803751224542e-02 1.348561044050e+05 1.332166410429e+05 1.012210051628e+05 2.144587571498e+03 5.232467622337e+02 3.400000000000e+06 0.000000000000e+00 -8.752000000000e-01 -8.752000000000e-01 0.000000000000e+00 0.000000000000e+00 0.000000000000e+00 -0.000000000000e+00 9.283947137247e-01 0.000000000000e+00 0.000000000000e+00 0.000000000000e+00 0.000000000000e+00 0.000000000000e+00 0.000000000000e+00 
9.470000000000e+00 3.104243953828e-01 6.726624687679e-01 -3.237389872581e-02 1.348896799851e+05 1.333799139381e+05 1.012280076385e+05 2.144290602604e+03 5.230775095449e+02 3.400000000000e+06 0.000000000000e+00 -8.752000000000e-01 -8.752000000000e-01 0.000000000000e+00 0.000000000000e+00 0.000000000000e+00 -0.000000000000e+00 9.289580381737e-01 0.000000000000e+00 0.000000000000e+00 0.000000000000e+00 0.000000000000e+00 0.000000000000e+00 0.000000000000e+00 
9.475000000000e+00 3.105267028828e-01 8.436183027950e-01 -1.474944216896e-02 1.348299756988e+05 1.334697878630e+05 1.012318830622e+05 2.144153383708e+03 5.229844998587e+02 3.400000000000e+06 0.000000000000e+00 -8.752000000000e-01 -8.752000000000e-01 0.000000000000e+00 0.000000000000e+00 0.000000000000e+00 -0.000000000000e+00 9.292685493585e-01 0.000000000000e+00 0.000000000000e+00 0.000000000000e+00 0.000000000000e+00 0.000000000000e+00 0.000000000000e+00 
9.480000000000e+00 3.105475739406e-01 1.008581872306e+00 1.316090265342e-03 1.347093407479e+05 1.334881131186e+05 1.012326750888e+05 2.144161880555e+03 5.229655488910e+02 3.400000000000e+06 0.000000000000e+00 -8.752000000000e-01 -8.752000000000e-01 0.000000000000e+00 0.000000000000e+00 0.000000000000e+00 -0.000000000000e+00 9.293316811600e-01 0.000000000000e+00 0.000000000000e+00 0.000000000000e+00 0.000000000000e+00 0.000000000000e+00 0.000000000000e+00 
9.485000000000e+00 3.105012344961e-01 1.167264843795e+00 1.383379036258e-02 1.345579846415e+05 1.334474217757e+05 1.012309172295e+05 2.144284008658e+03 5.230076359153e+02 3.400000000000e+06 0.000000000000e+00 -8.752000000000e-01 -8.752000000000e-01 0.000000000000e+00 0.000000000000e+00 0.000000000000e+00 -0.000000000000e+00 9.291914519867e-01 0.000000000000e+00 0.000000000000e+00 0.000000000000e+00 0.000000000000e+00 0.000000000000e+00 0.000000000000e+00 
9.490000000000e+00 3.104036152849e-01 1.318191119094e+00 2.313590442239e-02 1.343874939318e+05 1.333616500045e+05 1.012272219039e+05 2.144491447284e+03 5.230964242934e+02 3.400000000000e+06 0.000000000000e+00 -8.752000000000e-01 -8.752000000000e-01 0.000000000000e+00 0.000000000000e+00 0.000000000000e+00 -0.000000000000e+00 9.288951548920e-01 0.000000000000e+00 0.000000000000e+00 0.000000000000e+00 0.000000000000e+00 0.000000000000e+00 0.000000000000e+00 
9.495000000000e+00 3.102703822382e-01 1.460278714663e+00 2.937325642875e-02 1.342108371333e+05 1.332444750809e+05 1.012221954645e+05 2.144755854390e+03 5.232178831048e+02 3.400000000000e+06 0.000000000000e+00 -8.752000000000e-01 -8.752000000000e-01 0.000000000000e+00 0.000000000000e+00 0.000000000000e+00 -0.000000000000e+00 9.284899167872e-01 0.000000000000e+00 0.000000000000e+00 0.000000000000e+00 0.000000000000e+00 0.000000000000e+00 0.000000000000e+00 
9.500000000000e+00 3.101156907993e-01 1.592428714603e+00 3.285966049315e-02 1.340382371083e+05 1.331082663160e+05 1.012163840445e+05 2.145052112047e+03 5.233593060473e+02 3.400000000000e+06 0.000000000000e+00 -8.752000000000e-01 -8.752000000000e-01 0.000000000000e+00 0.000000000000e+00 0.000000000000e+00 -0.000000000000e+00 9.280186815458e-01 0.000000000000e+00 0.000000000000e+00 0.000000000000e+00 0.000000000000e+00 0.000000000000e+00 0.000000000000e+00 
9.505000000000e+00 3.099508615779e-01 1.714136075004e+00 3.427589631426e-02 1.338741642905e+05 1.329629394600e+05 1.012102207050e+05 2.145361349814e+03 5.235104713993e+02 3.400000000000e+06 0.000000000000e+00 -8.752000000000e-01 -8.752000000000e-01 0.000000000000e+00 0.000000000000e+00 0.000000000000e+00 -0.000000000000e+00 9.275158815303e-01 0.000000000000e+00 0.000000000000e+00 0.000000000000e+00 0.000000000000e+00 0.000000000000e+00 0.000000000000e+00 
9.510000000000e+00 3.097838834650e-01 1.825437926451e+00 3.428662947390e-02 1.337201920350e+05 1.328155160745e+05 1.012040073158e+05 2.145670752711e+03 5.236641049181e+02 3.400000000000e+06 0.000000000000e+00 -8.752000000000e-01 -8.752000000000e-01 0.000000000000e+00 0.000000000000e+00 0.000000000000e+00 -0.000000000000e+00 9.270059144799e-01 0.000000000000e+00 0.000000000000e+00 0.000000000000e+00 0.000000000000e+00 0.000000000000e+00 0.000000000000e+00 
9.515000000000e+00 3.096197700880e-01 1.926714230950e+00 3.346877491453e-02 1.335759300799e+05 1.326704235848e+05 1.011979301074e+05 2.145972715382e+03 5.238155890509e+02 3.400000000000e+06 0.000000000000e+00 -8.752000000000e-01 -8.752000000000e-01 0.000000000000e+00 0.000000000000e+00 0.000000000000e+00 -0.000000000000e+00 9.265041753398e-01 0.000000000000e+00 0.000000000000e+00 0.000000000000e+00 0.000000000000e+00 0.000000000000e+00 0.000000000000e+00 
9.520000000000e+00 3.094610371157e-01 2.018518162481e+00 3.229176055825e-02 1.334396235166e+05 1.325299005062e+05 1.011920799110e+05 2.146263924436e+03 5.239625642527e+02 3.400000000000e+06 0.000000000000e+00 -8.752000000000e-01 -8.752000000000e-01 0.000000000000e+00 0.000000000000e+00 0.000000000000e+00 -0.000000000000e+00 9.260184734778e-01 0.000000000000e+00 0.000000000000e+00 0.000000000000e+00 0.000000000000e+00 0.000000000000e+00 0.000000000000e+00 
9.525000000000e+00 3.093082982762e-01 2.101510607890e+00 3.110293331573e-02 1.333088225972e+05 1.323945096448e+05 1.011864763007e+05 2.146544229973e+03 5.241044127911e+02 3.400000000000e+06 0.000000000000e+00 -8.752000000000e-01 -8.752000000000e-01 0.000000000000e+00 0.000000000000e+00 0.000000000000e+00 -0.000000000000e+00 9.255508268804e-01 0.000000000000e+00 0.000000000000e+00 0.000000000000e+00 0.000000000000e+00 0.000000000000e+00 0.000000000000e+00 
9.530000000000e+00 3.091608464934e-01 2.176419073902e+00 3.013029019304e-02 1.331808924045e+05 1.322636429311e+05 1.011810904406e+05 2.146815587958e+03 5.242417441908e+02 3.400000000000e+06 0.000000000000e+00 -8.752000000000e-01 -8.752000000000e-01 0.000000000000e+00 0.000000000000e+00 0.000000000000e+00 -0.000000000000e+00 9.250992185086e-01 0.000000000000e+00 0.000000000000e+00 0.000000000000e+00 0.000000000000e+00 0.000000000000e+00 0.000000000000e+00 
9.535000000000e+00 3.090171988268e-01 2.244016126896e+00 2.949800115958e-02 1.330533803346e+05 1.321359987834e+05 1.011758659041e+05 2.147081100640e+03 5.243759028317e+02 3.400000000000e+06 0.000000000000e+00 -8.752000000000e-01 -8.752000000000e-01 0.000000000000e+00 0.000000000000e+00 0.000000000000e+00 -0.000000000000e+00 9.246592505600e-01 0.000000000000e+00 0.000000000000e+00 0.000000000000e+00 0.000000000000e+00 0.000000000000e+00 0.000000000000e+00 
9.540000000000e+00 3.088754971847e-01 2.305080947022e+00 2.926056957615e-02 1.329240884666e+05 1.320099350312e+05 1.011707336932e+05 2.147344375017e+03 5.245086011299e+02 3.400000000000e+06 0.000000000000e+00 -8.752000000000e-01 -8.752000000000e-01 0.000000000000e+00 0.000000000000e+00 0.000000000000e+00 -0.000000000000e+00 9.242253558141e-01 0.000000000000e+00 0.000000000000e+00 0.000000000000e+00 0.000000000000e+00 0.000000000000e+00 0.000000000000e+00 
9.545000000000e+00 3.087337953904e-01 2.360365702378e+00 2.941521483072e-02 1.327912319853e+05 1.318837231054e+05 1.011656227926e+05 2.147609025748e+03 5.246416533909e+02 3.400000000000e+06 0.000000000000e+00 -8.752000000000e-01 -8.752000000000e-01 0.000000000000e+00 0.000000000000e+00 0.000000000000e+00 -0.000000000000e+00 9.237916774738e-01 0.000000000000e+00 0.000000000000e+00 0.000000000000e+00 0.000000000000e+00 0.000000000000e+00 0.000000000000e+00 
9.550000000000e+00 3.085902896132e-01 2.410590791517e+00 2.992436681245e-02 1.326534569236e+05 1.317557532870e+05 1.011604684648e+05 2.147878311385e+03 5.247767592358e+02 3.400000000000e+06 0.000000000000e+00 -8.752000000000e-01 -8.752000000000e-01 0.000000000000e+00 0.000000000000e+00 0.000000000000e+00 -0.000000000000e+00 9.233527649720e-01 0.000000000000e+00 0.000000000000e+00 0.000000000000e+00 0.000000000000e+00 0.000000000000e+00 0.000000000000e+00 
9.555000000000e+00 3.084433993433e-01 2.456420462409e+00 3.073669949148e-02 1.325097319709e+05 1.316246076508e+05 1.011552150369e+05 2.148155043955e+03 5.249154254318e+02 3.400000000000e+06 0.000000000000e+00 -8.752000000000e-01 -8.752000000000e-01 0.000000000000e+00 0.000000000000e+00 0.000000000000e+00 -0.000000000000e+00 9.229038269101e-01 0.000000000000e+00 0.000000000000e+00 0.000000000000e+00 0.000000000000e+00 0.000000000000e+00 0.000000000000e+00 
9.560000000000e+00 3.082918548200e-01 2.498483614985e+00 3.178352941458e-02 1.323594625856e+05 1.314891391343e+05 1.011498188699e+05 2.148441413408e+03 5.250588807865e+02 3.400000000000e+06 0.000000000000e+00 -8.752000000000e-01 -8.752000000000e-01 0.000000000000e+00 0.000000000000e+00 0.000000000000e+00 -0.000000000000e+00 9.224410063480e-01 0.000000000000e+00 0.000000000000e+00 0.000000000000e+00 0.000000000000e+00 0.000000000000e+00 0.000000000000e+00 
9.565000000000e+00 3.081347353834e-01 2.537371512164e+00 3.298975686259e-02 1.322024321478e+05 1.313485071895e+05 1.011442495173e+05 2.148738946005e+03 5.252080364583e+02 3.400000000000e+06 0.000000000000e+00 -8.752000000000e-01 -8.752000000000e-01 0.000000000000e+00 0.000000000000e+00 0.000000000000e+00 -0.000000000000e+00 9.219615007636e-01 0.000000000000e+00 0.000000000000e+00 0.000000000000e+00 0.000000000000e+00 0.000000000000e+00 0.000000000000e+00 
9.570000000000e+00 3.079714963469e-01 2.573649849043e+00 3.428150887658e-02 1.320387614682e+05 1.312022034847e+05 1.011384904340e+05 2.149048474035e+03 5.253634564270e+02 3.400000000000e+06 0.000000000000e+00 -8.752000000000e-01 -8.752000000000e-01 0.000000000000e+00 0.000000000000e+00 0.000000000000e+00 -0.000000000000e+00 9.214636454040e-01 0.000000000000e+00 0.000000000000e+00 0.000000000000e+00 0.000000000000e+00 0.000000000000e+00 0.000000000000e+00 
9.575000000000e+00 3.078019068090e-01 2.607819621267e+00 3.559846510292e-02 1.318687438932e+05 1.310499979997e+05 1.011325365166e+05 2.149370285933e+03 5.255254123047e+02 3.400000000000e+06 0.000000000000e+00 -8.752000000000e-01 -8.752000000000e-01 0.000000000000e+00 0.000000000000e+00 0.000000000000e+00 -0.000000000000e+00 9.209467215192e-01 0.000000000000e+00 0.000000000000e+00 0.000000000000e+00 0.000000000000e+00 0.000000000000e+00 0.000000000000e+00 
9.580000000000e+00 3.076260020463e-01 2.640303957909e+00 3.689076450703e-02 1.316928293442e+05 1.308918979943e+05 1.011263921898e+05 2.149704203902e+03 5.256939247665e+02 3.400000000000e+06 0.000000000000e+00 -8.752000000000e-01 -8.752000000000e-01 0.000000000000e+00 0.000000000000e+00 0.000000000000e+00 -0.000000000000e+00 9.204108204149e-01 0.000000000000e+00 0.000000000000e+00 0.000000000000e+00 0.000000000000e+00 0.000000000000e+00 0.000000000000e+00 
9.585000000000e+00 3.074440254513e-01 2.671469893102e+00 3.811912267428e-02 1.315115701600e+05 1.307280973963e+05 1.011200691565e+05 2.150049690922e+03 5.258688154714e+02 3.400000000000e+06 0.000000000000e+00 -8.752000000000e-01 -8.752000000000e-01 0.000000000000e+00 0.000000000000e+00 0.000000000000e+00 -0.000000000000e+00 9.198566788902e-01 0.000000000000e+00 0.000000000000e+00 0.000000000000e+00 0.000000000000e+00 0.000000000000e+00 0.000000000000e+00 
9.590000000000e+00 3.072563741393e-01 2.701615578605e+00 3.925672021391e-02 1.313255544012e+05 1.305589292026e+05 1.011135843193e+05 2.150405956588e+03 5.260497561772e+02 3.400000000000e+06 0.000000000000e+00 -8.752000000000e-01 -8.752000000000e-01 0.000000000000e+00 0.000000000000e+00 0.000000000000e+00 -0.000000000000e+00 9.192854687147e-01 0.000000000000e+00 0.000000000000e+00 0.000000000000e+00 0.000000000000e+00 0.000000000000e+00 0.000000000000e+00 
9.595000000000e+00 3.070635411408e-01 2.730962387742e+00 4.028876448606e-02 1.311353560783e+05 1.303848144632e+05 1.011069576347e+05 2.150772063011e+03 5.262363219741e+02 3.400000000000e+06 0.000000000000e+00 -8.752000000000e-01 -8.752000000000e-01 0.000000000000e+00 0.000000000000e+00 0.000000000000e+00 -0.000000000000e+00 9.186986527489e-01 0.000000000000e+00 0.000000000000e+00 0.000000000000e+00 0.000000000000e+00 0.000000000000e+00 0.000000000000e+00 
9.600000000000e+00 3.068660605948e-01 2.759648909709e+00 4.120961749678e-02 1.309415093317e+05 1.302062135528e+05 1.011002101304e+05 2.151147018502e+03 5.264280426157e+02 3.400000000000e+06 0.000000000000e+00 -8.752000000000e-01 -8.752000000000e-01 0.000000000000e+00 0.000000000000e+00 0.000000000000e+00 -0.000000000000e+00 9.180978208941e-01 0.000000000000e+00 0.000000000000e+00 0.000000000000e+00 0.000000000000e+00 0.000000000000e+00 0.000000000000e+00 
9.605000000000e+00 3.066644729830e-01 2.787736273563e+00 4.202100719599e-02 1.307444915868e+05 1.300235951547e+05 1.010933626648e+05 2.151529837281e+03 5.266244353627e+02 3.400000000000e+06 0.000000000000e+00 -8.752000000000e-01 -8.752000000000e-01 0.000000000000e+00 0.000000000000e+00 0.000000000000e+00 -0.000000000000e+00 9.174845839338e-01 0.000000000000e+00 0.000000000000e+00 0.000000000000e+00 0.000000000000e+00 0.000000000000e+00 0.000000000000e+00 
9.610000000000e+00 3.064592852417e-01 2.815205633087e+00 4.273296339683e-02 1.305446774777e+05 1.298374002711e+05 1.010864345589e+05 2.151919617436e+03 5.268250435879e+02 3.400000000000e+06 0.000000000000e+00 -8.752000000000e-01 -8.752000000000e-01 0.000000000000e+00 0.000000000000e+00 0.000000000000e+00 -0.000000000000e+00 9.168604514052e-01 0.000000000000e+00 0.000000000000e+00 0.000000000000e+00 0.000000000000e+00 0.000000000000e+00 0.000000000000e+00 
9.615000000000e+00 3.062509377267e-01 2.841961988705e+00 4.336137498772e-02 1.303423288377e+05 1.296480120732e+05 1.010794425100e+05 2.152315596449e+03 5.270294695372e+02 3.400000000000e+06 0.000000000000e+00 -8.752000000000e-01 -8.752000000000e-01 0.000000000000e+00 0.000000000000e+00 0.000000000000e+00 -0.000000000000e+00 9.162267339838e-01 0.000000000000e+00 0.000000000000e+00 0.000000000000e+00 0.000000000000e+00 0.000000000000e+00 0.000000000000e+00 
9.620000000000e+00 3.060397774969e-01 2.867835773806e+00 4.392747036196e-02 1.301375733837e+05 1.294557311619e+05 1.010723997609e+05 2.152717200953e+03 5.272374016325e+02 3.400000000000e+06 0.000000000000e+00 -8.752000000000e-01 -8.752000000000e-01 0.000000000000e+00 0.000000000000e+00 0.000000000000e+00 -0.000000000000e+00 9.155844601928e-01 0.000000000000e+00 0.000000000000e+00 0.000000000000e+00 0.000000000000e+00 0.000000000000e+00 0.000000000000e+00 
9.625000000000e+00 3.058260412503e-01 2.892592093084e+00 4.445457574146e-02 1.299304165365e+05 1.292607593408e+05 1.010653156253e+05 2.153124070483e+03 5.274486328659e+02 3.400000000000e+06 0.000000000000e+00 -8.752000000000e-01 -8.752000000000e-01 0.000000000000e+00 0.000000000000e+00 0.000000000000e+00 -0.000000000000e+00 9.149343256951e-01 0.000000000000e+00 0.000000000000e+00 0.000000000000e+00 0.000000000000e+00 0.000000000000e+00 0.000000000000e+00 
9.630000000000e+00 3.056098469157e-01 2.915939810593e+00 4.496756030075e-02 1.297207375150e+05 1.290631910961e+05 1.010581953221e+05 2.153536073050e+03 5.276630710308e+02 3.400000000000e+06 0.000000000000e+00 -8.752000000000e-01 -8.752000000000e-01 0.000000000000e+00 0.000000000000e+00 0.000000000000e+00 -0.000000000000e+00 9.142766662741e-01 0.000000000000e+00 0.000000000000e+00 0.000000000000e+00 0.000000000000e+00 0.000000000000e+00 0.000000000000e+00 
9.635000000000e+00 3.053911932900e-01 2.937546292362e+00 4.549041107835e-02 1.295083096823e+05 1.288630123244e+05 1.010510400865e+05 2.153953299981e+03 5.278807411711e+02 3.400000000000e+06 0.000000000000e+00 -8.752000000000e-01 -8.752000000000e-01 0.000000000000e+00 0.000000000000e+00 0.000000000000e+00 -0.000000000000e+00 9.136114605855e-01 0.000000000000e+00 0.000000000000e+00 0.000000000000e+00 0.000000000000e+00 0.000000000000e+00 0.000000000000e+00 
9.640000000000e+00 3.051699681759e-01 2.957048590005e+00 4.604503850572e-02 1.292928180982e+05 1.286601068181e+05 1.010438475576e+05 2.154376048267e+03 5.281017795845e+02 3.400000000000e+06 0.000000000000e+00 -8.752000000000e-01 -8.752000000000e-01 0.000000000000e+00 0.000000000000e+00 0.000000000000e+00 -0.000000000000e+00 9.129383547851e-01 0.000000000000e+00 0.000000000000e+00 0.000000000000e+00 0.000000000000e+00 0.000000000000e+00 0.000000000000e+00 
9.645000000000e+00 3.049459607278e-01 2.974069351268e+00 4.665084260794e-02 1.290738743910e+05 1.284542666640e+05 1.010366122948e+05 2.154804797078e+03 5.283264234672e+02 3.400000000000e+06 0.000000000000e+00 -8.752000000000e-01 -8.752000000000e-01 0.000000000000e+00 0.000000000000e+00 0.000000000000e+00 -0.000000000000e+00 9.122566994552e-01 0.000000000000e+00 0.000000000000e+00 0.000000000000e+00 0.000000000000e+00 0.000000000000e+00 0.000000000000e+00 
9.650000000000e+00 3.047188745511e-01 2.988226532708e+00 4.732386283616e-02 1.288510361761e+05 1.282452034236e+05 1.010293263033e+05 2.155240181433e+03 5.285549995772e+02 3.400000000000e+06 0.000000000000e+00 -8.752000000000e-01 -8.752000000000e-01 0.000000000000e+00 0.000000000000e+00 0.000000000000e+00 -0.000000000000e+00 9.115655892362e-01 0.000000000000e+00 0.000000000000e+00 0.000000000000e+00 0.000000000000e+00 0.000000000000e+00 0.000000000000e+00 
9.655000000000e+00 3.044883462178e-01 2.999146026245e+00 4.807718151526e-02 1.286238205594e+05 1.280325644083e+05 1.010219797173e+05 2.155682959129e+03 5.287879071766e+02 3.400000000000e+06 0.000000000000e+00 -8.752000000000e-01 -8.752000000000e-01 0.000000000000e+00 0.000000000000e+00 0.000000000000e+00 -0.000000000000e+00 9.108639127875e-01 0.000000000000e+00 0.000000000000e+00 0.000000000000e+00 0.000000000000e+00 0.000000000000e+00 0.000000000000e+00 
9.660000000000e+00 3.042539538678e-01 3.006474661105e+00 4.891963442329e-02 1.283917234319e+05 1.278159399391e+05 1.010145611494e+05 2.156133991340e+03 5.290256106856e+02 3.400000000000e+06 0.000000000000e+00 -8.752000000000e-01 -8.752000000000e-01 0.000000000000e+00 0.000000000000e+00 0.000000000000e+00 -0.000000000000e+00 9.101504050414e-01 0.000000000000e+00 0.000000000000e+00 0.000000000000e+00 0.000000000000e+00 0.000000000000e+00 0.000000000000e+00 
9.665000000000e+00 3.040152442740e-01 3.009886863861e+00 4.985851805988e-02 1.281542207339e+05 1.275948877707e+05 1.010070586093e+05 2.156594199715e+03 5.292686133694e+02 3.400000000000e+06 0.000000000000e+00 -8.752000000000e-01 -8.752000000000e-01 0.000000000000e+00 0.000000000000e+00 0.000000000000e+00 -0.000000000000e+00 9.094236863973e-01 0.000000000000e+00 0.000000000000e+00 0.000000000000e+00 0.000000000000e+00 0.000000000000e+00 0.000000000000e+00 
9.670000000000e+00 3.037717438256e-01 3.009100690853e+00 5.089353317208e-02 1.279108331020e+05 1.273689428388e+05 1.009994598894e+05 2.157064527684e+03 5.295174469209e+02 3.400000000000e+06 0.000000000000e+00 -8.752000000000e-01 -8.752000000000e-01 0.000000000000e+00 0.000000000000e+00 0.000000000000e+00 -0.000000000000e+00 9.086823297159e-01 0.000000000000e+00 0.000000000000e+00 0.000000000000e+00 0.000000000000e+00 0.000000000000e+00 0.000000000000e+00 
9.675000000000e+00 3.035229911905e-01 3.003884730332e+00 5.202356506325e-02 1.276610963423e+05 1.271376472746e+05 1.009917536069e+05 2.157545898454e+03 5.297726385508e+02 3.400000000000e+06 0.000000000000e+00 -8.752000000000e-01 -8.752000000000e-01 0.000000000000e+00 0.000000000000e+00 0.000000000000e+00 -0.000000000000e+00 9.079249458845e-01 0.000000000000e+00 0.000000000000e+00 0.000000000000e+00 0.000000000000e+00 0.000000000000e+00 0.000000000000e+00 
9.680000000000e+00 3.032685255865e-01 2.994031034004e+00 5.324313073775e-02 1.274045820553e+05 1.269005393688e+05 1.009839288434e+05 2.158039226983e+03 5.300347231360e+02 3.400000000000e+06 0.000000000000e+00 -8.752000000000e-01 -8.752000000000e-01 0.000000000000e+00 0.000000000000e+00 0.000000000000e+00 -0.000000000000e+00 9.071501555654e-01 0.000000000000e+00 0.000000000000e+00 0.000000000000e+00 0.000000000000e+00 0.000000000000e+00 0.000000000000e+00 
9.685000000000e+00 3.030078997664e-01 2.979408416845e+00 5.454544612374e-02 1.271408825416e+05 1.266571654837e+05 1.009759755522e+05 2.158545404386e+03 5.303042300664e+02 3.400000000000e+06 0.000000000000e+00 -8.752000000000e-01 -8.752000000000e-01 0.000000000000e+00 0.000000000000e+00 0.000000000000e+00 -0.000000000000e+00 9.063566762443e-01 0.000000000000e+00 0.000000000000e+00 0.000000000000e+00 0.000000000000e+00 0.000000000000e+00 0.000000000000e+00 
9.690000000000e+00 3.027407123272e-01 2.959964038913e+00 5.592564636300e-02 1.268696129918e+05 1.264071102142e+05 1.009678855307e+05 2.159065245338e+03 5.305816496810e+02 3.400000000000e+06 0.000000000000e+00 -8.752000000000e-01 -8.752000000000e-01 0.000000000000e+00 0.000000000000e+00 0.000000000000e+00 -0.000000000000e+00 9.055432963634e-01 0.000000000000e+00 0.000000000000e+00 0.000000000000e+00 0.000000000000e+00 0.000000000000e+00 0.000000000000e+00 
9.695000000000e+00 3.024666072747e-01 2.935679663526e+00 5.737469045433e-02 1.265904663099e+05 1.261499962101e+05 1.009596523670e+05 2.159599470148e+03 5.308674330733e+02 3.400000000000e+06 0.000000000000e+00 -8.752000000000e-01 -8.752000000000e-01 0.000000000000e+00 0.000000000000e+00 0.000000000000e+00 -0.000000000000e+00 9.047089339366e-01 0.000000000000e+00 0.000000000000e+00 0.000000000000e+00 0.000000000000e+00 0.000000000000e+00 0.000000000000e+00 
9.700000000000e+00 3.021852767810e-01 2.906592555878e+00 5.888179452109e-02 1.263031942350e+05 1.258854870209e+05 1.009512714774e+05 2.160148706307e+03 5.311619885151e+02 3.400000000000e+06 0.000000000000e+00 -8.752000000000e-01 -8.752000000000e-01 0.000000000000e+00 0.000000000000e+00 0.000000000000e+00 -0.000000000000e+00 9.038526608872e-01 0.000000000000e+00 0.000000000000e+00 0.000000000000e+00 0.000000000000e+00 0.000000000000e+00 0.000000000000e+00 
9.705000000000e+00 3.018964667118e-01 2.872792343508e+00 6.043654510931e-02 1.260075939677e+05 1.256132926228e+05 1.009427402207e+05 2.160713483627e+03 5.314656748314e+02 3.400000000000e+06 0.000000000000e+00 -8.752000000000e-01 -8.752000000000e-01 0.000000000000e+00 0.000000000000e+00 0.000000000000e+00 -0.000000000000e+00 9.029737160560e-01 0.000000000000e+00 0.000000000000e+00 0.000000000000e+00 0.000000000000e+00 0.000000000000e+00 0.000000000000e+00 
9.710000000000e+00 3.015999702765e-01 2.834413212042e+00 6.202882545346e-02 1.257035030053e+05 1.253331638219e+05 1.009340576522e+05 2.161294245747e+03 5.317788071311e+02 3.400000000000e+06 0.000000000000e+00 -8.752000000000e-01 -8.752000000000e-01 0.000000000000e+00 0.000000000000e+00 0.000000000000e+00 -0.000000000000e+00 9.020714828476e-01 0.000000000000e+00 0.000000000000e+00 0.000000000000e+00 0.000000000000e+00 0.000000000000e+00 0.000000000000e+00 
9.715000000000e+00 3.012956350656e-01 2.791634539721e+00 6.364709673681e-02 1.253908220383e+05 1.250448993097e+05 1.009252246723e+05 2.161891330619e+03 5.321016484072e+02 3.400000000000e+06 0.000000000000e+00 -8.752000000000e-01 -8.752000000000e-01 0.000000000000e+00 0.000000000000e+00 0.000000000000e+00 -0.000000000000e+00 9.011455111280e-01 0.000000000000e+00 0.000000000000e+00 0.000000000000e+00 0.000000000000e+00 0.000000000000e+00 0.000000000000e+00 
9.720000000000e+00 3.009833659090e-01 2.744674620232e+00 6.527954856667e-02 1.250695078689e+05 1.247483488905e+05 1.009162440396e+05 2.162504967644e+03 5.324344053265e+02 3.400000000000e+06 0.000000000000e+00 -8.752000000000e-01 -8.752000000000e-01 0.000000000000e+00 0.000000000000e+00 0.000000000000e+00 -0.000000000000e+00 9.001955246914e-01 0.000000000000e+00 0.000000000000e+00 0.000000000000e+00 0.000000000000e+00 0.000000000000e+00 0.000000000000e+00 
9.725000000000e+00 3.006631253666e-01 2.693786045688e+00 6.691469401764e-02 1.247395690711e+05 1.244434145513e+05 1.009071203086e+05 2.163135277626e+03 5.327772263908e+02 3.400000000000e+06 0.000000000000e+00 -8.752000000000e-01 -8.752000000000e-01 0.000000000000e+00 0.000000000000e+00 0.000000000000e+00 -0.000000000000e+00 8.992214217404e-01 0.000000000000e+00 0.000000000000e+00 0.000000000000e+00 0.000000000000e+00 0.000000000000e+00 0.000000000000e+00 
9.730000000000e+00 3.003349225418e-01 2.639231403670e+00 6.853752860627e-02 1.244010907047e+05 1.241300404323e+05 1.008978594348e+05 2.163782282014e+03 5.331302125849e+02 3.400000000000e+06 0.000000000000e+00 -8.752000000000e-01 -8.752000000000e-01 0.000000000000e+00 0.000000000000e+00 0.000000000000e+00 -0.000000000000e+00 8.982232693429e-01 0.000000000000e+00 0.000000000000e+00 0.000000000000e+00 0.000000000000e+00 0.000000000000e+00 0.000000000000e+00 
9.735000000000e+00 2.999987809203e-01 2.581312223979e+00 7.014306620913e-02 1.240540793204e+05 1.238081825650e+05 1.008884678114e+05 2.164446006396e+03 5.334934510027e+02 3.400000000000e+06 0.000000000000e+00 -8.752000000000e-01 -8.752000000000e-01 0.000000000000e+00 0.000000000000e+00 0.000000000000e+00 -0.000000000000e+00 8.972011873008e-01 0.000000000000e+00 0.000000000000e+00 0.000000000000e+00 0.000000000000e+00 0.000000000000e+00 0.000000000000e+00 
9.740000000000e+00 2.996548216319e-01 2.520367798899e+00 7.171621487560e-02 1.236987296941e+05 1.234778891187e+05 1.008789545337e+05 2.165126255255e+03 5.338669237894e+02 3.400000000000e+06 0.000000000000e+00 -8.752000000000e-01 -8.752000000000e-01 0.000000000000e+00 0.000000000000e+00 0.000000000000e+00 -0.000000000000e+00 8.961555155286e-01 0.000000000000e+00 0.000000000000e+00 0.000000000000e+00 0.000000000000e+00 0.000000000000e+00 0.000000000000e+00 
9.745000000000e+00 2.993032326963e-01 2.456731982406e+00 7.324789330446e-02 1.233352481845e+05 1.231392721256e+05 1.008693304158e+05 2.165822719735e+03 5.342505391056e+02 3.400000000000e+06 0.000000000000e+00 -8.752000000000e-01 -8.752000000000e-01 0.000000000000e+00 0.000000000000e+00 0.000000000000e+00 -0.000000000000e+00 8.950868156559e-01 0.000000000000e+00 0.000000000000e+00 0.000000000000e+00 0.000000000000e+00 0.000000000000e+00 0.000000000000e+00 
9.750000000000e+00 2.989442438934e-01 2.390743954228e+00 7.472978173149e-02 1.229638765209e+05 1.227924842100e+05 1.008596072061e+05 2.166535009835e+03 5.346441567836e+02 3.400000000000e+06 0.000000000000e+00 -8.752000000000e-01 -8.752000000000e-01 0.000000000000e+00 0.000000000000e+00 0.000000000000e+00 -0.000000000000e+00 8.939957817446e-01 0.000000000000e+00 0.000000000000e+00 0.000000000000e+00 0.000000000000e+00 0.000000000000e+00 0.000000000000e+00 
9.755000000000e+00 2.985781219893e-01 2.322746612018e+00 7.615430098359e-02 1.225848878683e+05 1.224377146907e+05 1.008497973885e+05 2.167262662804e+03 5.350475922498e+02 3.400000000000e+06 0.000000000000e+00 -8.752000000000e-01 -8.752000000000e-01 0.000000000000e+00 0.000000000000e+00 0.000000000000e+00 -0.000000000000e+00 8.928832234626e-01 0.000000000000e+00 0.000000000000e+00 0.000000000000e+00 0.000000000000e+00 0.000000000000e+00 0.000000000000e+00 
9.760000000000e+00 2.982051714663e-01 2.253084701015e+00 7.751396127220e-02 1.221985941949e+05 1.220751909952e+05 1.008399141353e+05 2.168005138764e+03 5.354606144617e+02 3.400000000000e+06 0.000000000000e+00 -8.752000000000e-01 -8.752000000000e-01 0.000000000000e+00 0.000000000000e+00 0.000000000000e+00 -0.000000000000e+00 8.917500668164e-01 0.000000000000e+00 0.000000000000e+00 0.000000000000e+00 0.000000000000e+00 0.000000000000e+00 0.000000000000e+00 
9.765000000000e+00 2.978257337780e-01 2.182098074398e+00 7.880129826825e-02 1.218053468295e+05 1.217051786843e+05 1.008299712212e+05 2.168761820991e+03 5.358829454426e+02 3.400000000000e+06 0.000000000000e+00 -8.752000000000e-01 -8.752000000000e-01 0.000000000000e+00 0.000000000000e+00 0.000000000000e+00 -0.000000000000e+00 8.905973504299e-01 0.000000000000e+00 0.000000000000e+00 0.000000000000e+00 0.000000000000e+00 0.000000000000e+00 0.000000000000e+00 
9.770000000000e+00 2.974401822727e-01 2.110121334586e+00 8.001026234200e-02 1.214055191855e+05 1.213279772510e+05 1.008199828270e+05 2.169532029299e+03 5.363142646825e+02 3.400000000000e+06 0.000000000000e+00 -8.752000000000e-01 -8.752000000000e-01 0.000000000000e+00 0.000000000000e+00 0.000000000000e+00 -0.000000000000e+00 8.894262084368e-01 0.000000000000e+00 0.000000000000e+00 0.000000000000e+00 0.000000000000e+00 0.000000000000e+00 0.000000000000e+00 
9.775000000000e+00 2.970489138603e-01 2.037490021546e+00 8.113748410348e-02 1.209994871201e+05 1.209439126485e+05 1.008099632707e+05 2.170315039672e+03 5.367542173773e+02 3.400000000000e+06 0.000000000000e+00 -8.752000000000e-01 -8.752000000000e-01 0.000000000000e+00 0.000000000000e+00 0.000000000000e+00 -0.000000000000e+00 8.882378502993e-01 0.000000000000e+00 0.000000000000e+00 0.000000000000e+00 0.000000000000e+00 0.000000000000e+00 0.000000000000e+00 
9.780000000000e+00 2.966523630942e-01 1.964514800624e+00 8.217177738421e-02 1.205877413595e+05 1.205533517885e+05 1.007999273188e+05 2.171110022940e+03 5.372023975614e+02 3.400000000000e+06 0.000000000000e+00 -8.752000000000e-01 -8.752000000000e-01 0.000000000000e+00 0.000000000000e+00 0.000000000000e+00 -0.000000000000e+00 8.870336108320e-01 0.000000000000e+00 0.000000000000e+00 0.000000000000e+00 0.000000000000e+00 0.000000000000e+00 0.000000000000e+00 
9.785000000000e+00 2.962509956155e-01 1.891476540544e+00 8.311370727122e-02 1.201706996933e+05 1.201566969085e+05 1.007898899612e+05 2.171916117292e+03 5.376583542663e+02 3.400000000000e+06 0.000000000000e+00 -8.752000000000e-01 -8.752000000000e-01 0.000000000000e+00 0.000000000000e+00 0.000000000000e+00 -0.000000000000e+00 8.858148924297e-01 0.000000000000e+00 0.000000000000e+00 0.000000000000e+00 0.000000000000e+00 0.000000000000e+00 0.000000000000e+00 
9.790000000000e+00 2.958452645401e-01 1.818680402565e+00 8.396010663328e-02 1.197488068581e+05 1.197543430130e+05 1.007798652899e+05 2.172732467121e+03 5.381216403436e+02 3.400000000000e+06 0.000000000000e+00 -8.752000000000e-01 -8.752000000000e-01 0.000000000000e+00 0.000000000000e+00 0.000000000000e+00 -0.000000000000e+00 8.845830671365e-01 0.000000000000e+00 0.000000000000e+00 0.000000000000e+00 0.000000000000e+00 0.000000000000e+00 0.000000000000e+00 
9.795000000000e+00 2.954356534735e-01 1.746399370216e+00 8.470684164712e-02 1.193225530877e+05 1.193467207704e+05 1.007698675601e+05 2.173558145022e+03 5.385917631713e+02 3.400000000000e+06 0.000000000000e+00 -8.752000000000e-01 -8.752000000000e-01 0.000000000000e+00 0.000000000000e+00 0.000000000000e+00 -0.000000000000e+00 8.833395991476e-01 0.000000000000e+00 0.000000000000e+00 0.000000000000e+00 0.000000000000e+00 0.000000000000e+00 0.000000000000e+00 
9.800000000000e+00 2.950226594661e-01 1.674890586260e+00 8.535153783351e-02 1.188924317805e+05 1.189342802167e+05 1.007599107371e+05 2.174392193723e+03 5.390682033401e+02 3.400000000000e+06 0.000000000000e+00 -8.752000000000e-01 -8.752000000000e-01 0.000000000000e+00 0.000000000000e+00 0.000000000000e+00 -0.000000000000e+00 8.820859926489e-01 0.000000000000e+00 0.000000000000e+00 0.000000000000e+00 0.000000000000e+00 0.000000000000e+00 0.000000000000e+00 
9.805000000000e+00 2.946067862537e-01 1.604394846526e+00 8.589290691917e-02 1.184589391204e+05 1.185174844256e+05 1.007500083201e+05 2.175233637189e+03 5.395504220162e+02 3.400000000000e+06 0.000000000000e+00 -8.752000000000e-01 -8.752000000000e-01 0.000000000000e+00 0.000000000000e+00 0.000000000000e+00 -0.000000000000e+00 8.808237714791e-01 0.000000000000e+00 0.000000000000e+00 0.000000000000e+00 0.000000000000e+00 0.000000000000e+00 0.000000000000e+00 
9.810000000000e+00 2.941885399542e-01 1.535137639916e+00 8.633176401755e-02 1.180225602253e+05 1.180968054985e+05 1.007401732377e+05 2.176081492218e+03 5.400378657111e+02 3.400000000000e+06 0.000000000000e+00 -8.752000000000e-01 -8.752000000000e-01 0.000000000000e+00 0.000000000000e+00 0.000000000000e+00 -0.000000000000e+00 8.795544666345e-01 0.000000000000e+00 0.000000000000e+00 0.000000000000e+00 0.000000000000e+00 0.000000000000e+00 0.000000000000e+00 
9.815000000000e+00 2.937684224837e-01 1.467335546692e+00 8.666774794057e-02 1.175837933239e+05 1.176727181415e+05 1.007304177009e+05 2.176934771385e+03 5.405299739176e+02 3.400000000000e+06 0.000000000000e+00 -8.752000000000e-01 -8.752000000000e-01 0.000000000000e+00 0.000000000000e+00 0.000000000000e+00 -0.000000000000e+00 8.782795975704e-01 0.000000000000e+00 0.000000000000e+00 0.000000000000e+00 0.000000000000e+00 0.000000000000e+00 0.000000000000e+00 
9.820000000000e+00 2.933469363027e-01 1.401184551060e+00 8.690174349783e-02 1.171431319591e+05 1.172457045784e+05 1.007207533271e+05 2.177792480922e+03 5.410261736460e+02 3.400000000000e+06 0.000000000000e+00 -8.752000000000e-01 -8.752000000000e-01 0.000000000000e+00 0.000000000000e+00 0.000000000000e+00 -0.000000000000e+00 8.770006844518e-01 0.000000000000e+00 0.000000000000e+00 0.000000000000e+00 0.000000000000e+00 0.000000000000e+00 0.000000000000e+00 
9.825000000000e+00 2.929245772172e-01 1.336864257810e+00 8.703505722912e-02 1.167010653145e+05 1.168162473815e+05 1.007111909901e+05 2.178653632732e+03 5.415258879919e+02 3.400000000000e+06 0.000000000000e+00 -8.752000000000e-01 -8.752000000000e-01 0.000000000000e+00 0.000000000000e+00 0.000000000000e+00 -0.000000000000e+00 8.757192276097e-01 0.000000000000e+00 0.000000000000e+00 0.000000000000e+00 0.000000000000e+00 0.000000000000e+00 0.000000000000e+00 
9.830000000000e+00 2.925018327146e-01 1.274537044093e+00 8.706990911438e-02 1.162580717563e+05 1.163848277808e+05 1.007017408060e+05 2.179517249433e+03 5.420285383945e+02 3.400000000000e+06 0.000000000000e+00 -8.752000000000e-01 -8.752000000000e-01 0.000000000000e+00 0.000000000000e+00 0.000000000000e+00 -0.000000000000e+00 8.744367019607e-01 0.000000000000e+00 0.000000000000e+00 0.000000000000e+00 0.000000000000e+00 0.000000000000e+00 0.000000000000e+00 
9.835000000000e+00 2.920791757823e-01 1.214349084145e+00 8.700944090425e-02 1.158146121145e+05 1.159519192787e+05 1.006924120243e+05 2.180382377231e+03 5.425335523920e+02 3.400000000000e+06 0.000000000000e+00 -8.752000000000e-01 -8.752000000000e-01 0.000000000000e+00 0.000000000000e+00 0.000000000000e+00 -0.000000000000e+00 8.731545387072e-01 0.000000000000e+00 0.000000000000e+00 0.000000000000e+00 0.000000000000e+00 0.000000000000e+00 0.000000000000e+00 
9.840000000000e+00 2.916570633238e-01 1.156434125020e+00 8.685702104891e-02 1.153711343895e+05 1.155179858389e+05 1.006832130302e+05 2.181248087315e+03 5.430403660822e+02 3.400000000000e+06 0.000000000000e+00 -8.752000000000e-01 -8.752000000000e-01 0.000000000000e+00 0.000000000000e+00 0.000000000000e+00 -0.000000000000e+00 8.718741228478e-01 0.000000000000e+00 0.000000000000e+00 0.000000000000e+00 0.000000000000e+00 0.000000000000e+00 0.000000000000e+00 
9.845000000000e+00 2.912359374343e-01 1.100907042855e+00 8.661598939425e-02 1.149280773086e+05 1.150834829736e+05 1.006741514103e+05 2.182113472811e+03 5.435484231985e+02 3.400000000000e+06 0.000000000000e+00 -8.752000000000e-01 -8.752000000000e-01 0.000000000000e+00 0.000000000000e+00 0.000000000000e+00 -0.000000000000e+00 8.705967907792e-01 0.000000000000e+00 0.000000000000e+00 0.000000000000e+00 0.000000000000e+00 0.000000000000e+00 0.000000000000e+00 
9.850000000000e+00 2.908162169479e-01 1.047873549602e+00 8.629102932374e-02 1.144858479626e+05 1.146488487452e+05 1.006652338109e+05 2.182977670941e+03 5.440571859758e+02 3.400000000000e+06 0.000000000000e+00 -8.752000000000e-01 -8.752000000000e-01 0.000000000000e+00 0.000000000000e+00 0.000000000000e+00 -0.000000000000e+00 8.693238087273e-01 0.000000000000e+00 0.000000000000e+00 0.000000000000e+00 0.000000000000e+00 0.000000000000e+00 0.000000000000e+00 
9.855000000000e+00 2.903983029188e-01 9.974281370542e-01 8.588540987836e-02 1.140448536602e+05 1.142145090672e+05 1.006564661010e+05 2.183839843549e+03 5.445661293036e+02 3.400000000000e+06 0.000000000000e+00 -8.752000000000e-01 -8.752000000000e-01 0.000000000000e+00 0.000000000000e+00 0.000000000000e+00 -0.000000000000e+00 8.680563904671e-01 0.000000000000e+00 0.000000000000e+00 0.000000000000e+00 0.000000000000e+00 0.000000000000e+00 0.000000000000e+00 
9.860000000000e+00 2.899825751730e-01 9.496488751707e-01 8.540464631105e-02 1.136054628022e+05 1.137808737798e+05 1.006478533405e+05 2.184699196325e+03 5.450747456456e+02 3.400000000000e+06 0.000000000000e+00 -8.752000000000e-01 -8.752000000000e-01 0.000000000000e+00 0.000000000000e+00 0.000000000000e+00 -0.000000000000e+00 8.667956843155e-01 0.000000000000e+00 0.000000000000e+00 0.000000000000e+00 0.000000000000e+00 0.000000000000e+00 0.000000000000e+00 
9.865000000000e+00 2.895693848060e-01 9.045981482503e-01 8.485428917399e-02 1.131680175830e+05 1.133483283812e+05 1.006393996714e+05 2.185554987971e+03 5.455825550680e+02 3.400000000000e+06 0.000000000000e+00 -8.752000000000e-01 -8.752000000000e-01 0.000000000000e+00 0.000000000000e+00 0.000000000000e+00 -0.000000000000e+00 8.655427517995e-01 0.000000000000e+00 0.000000000000e+00 0.000000000000e+00 0.000000000000e+00 0.000000000000e+00 0.000000000000e+00 
9.870000000000e+00 2.891590588883e-01 8.623275884927e-01 8.423897801871e-02 1.127328477006e+05 1.129172384242e+05 1.006311084645e+05 2.186406518122e+03 5.460891004039e+02 3.400000000000e+06 0.000000000000e+00 -8.752000000000e-01 -8.752000000000e-01 0.000000000000e+00 0.000000000000e+00 0.000000000000e+00 -0.000000000000e+00 8.642985821892e-01 0.000000000000e+00 0.000000000000e+00 0.000000000000e+00 0.000000000000e+00 0.000000000000e+00 0.000000000000e+00 
9.875000000000e+00 2.887519046134e-01 8.228742527661e-01 8.356294501687e-02 1.123002696064e+05 1.124879534222e+05 1.006229824455e+05 2.187253120912e+03 5.465939429421e+02 3.400000000000e+06 0.000000000000e+00 -8.752000000000e-01 -8.752000000000e-01 0.000000000000e+00 0.000000000000e+00 0.000000000000e+00 -0.000000000000e+00 8.630641070597e-01 0.000000000000e+00 0.000000000000e+00 0.000000000000e+00 0.000000000000e+00 0.000000000000e+00 0.000000000000e+00 
9.880000000000e+00 2.883481994495e-01 7.862774784113e-01 8.283452781589e-02 1.118705316253e+05 1.120607960029e+05 1.006150235394e+05 2.188094200560e+03 5.470966754354e+02 3.400000000000e+06 0.000000000000e+00 -8.752000000000e-01 -8.752000000000e-01 0.000000000000e+00 0.000000000000e+00 0.000000000000e+00 -0.000000000000e+00 8.618401846362e-01 0.000000000000e+00 0.000000000000e+00 0.000000000000e+00 0.000000000000e+00 0.000000000000e+00 0.000000000000e+00 
9.885000000000e+00 2.879482006109e-01 7.525490663571e-01 8.205463814662e-02 1.114439356237e+05 1.116360713865e+05 1.006072331021e+05 2.188929175385e+03 5.475969111937e+02 3.400000000000e+06 0.000000000000e+00 -8.752000000000e-01 -8.752000000000e-01 0.000000000000e+00 0.000000000000e+00 0.000000000000e+00 -0.000000000000e+00 8.606275973845e-01 0.000000000000e+00 0.000000000000e+00 0.000000000000e+00 0.000000000000e+00 0.000000000000e+00 0.000000000000e+00 
9.890000000000e+00 2.875521396669e-01 7.216858283321e-01 8.123042200418e-02 1.110206981405e+05 1.112140612090e+05 1.005996118514e+05 2.189757533391e+03 5.480942915603e+02 3.400000000000e+06 0.000000000000e+00 -8.752000000000e-01 -8.752000000000e-01 0.000000000000e+00 0.000000000000e+00 0.000000000000e+00 -0.000000000000e+00 8.594270359754e-01 0.000000000000e+00 0.000000000000e+00 0.000000000000e+00 0.000000000000e+00 0.000000000000e+00 0.000000000000e+00 
9.895000000000e+00 2.871602175024e-01 6.936820496615e-01 8.036708468265e-02 1.106010237302e+05 1.107950175993e+05 1.005921598109e+05 2.190578817379e+03 5.485884930918e+02 3.400000000000e+06 0.000000000000e+00 -8.752000000000e-01 -8.752000000000e-01 0.000000000000e+00 0.000000000000e+00 0.000000000000e+00 -0.000000000000e+00 8.582391012613e-01 0.000000000000e+00 0.000000000000e+00 0.000000000000e+00 0.000000000000e+00 0.000000000000e+00 0.000000000000e+00 
9.900000000000e+00 2.867726120663e-01 6.685236439653e-01 7.946904177467e-02 1.101851018130e+05 1.103791708931e+05 1.005848764971e+05 2.191392613021e+03 5.490792186414e+02 3.400000000000e+06 0.000000000000e+00 -8.752000000000e-01 -8.752000000000e-01 0.000000000000e+00 0.000000000000e+00 0.000000000000e+00 -0.000000000000e+00 8.570643261498e-01 0.000000000000e+00 0.000000000000e+00 0.000000000000e+00 0.000000000000e+00 0.000000000000e+00 0.000000000000e+00 
9.905000000000e+00 2.863894902982e-01 6.461678655184e-01 7.853773310413e-02 1.097731409202e+05 1.099667420224e+05 1.005777611719e+05 2.192198517152e+03 5.495661828596e+02 3.400000000000e+06 0.000000000000e+00 -8.752000000000e-01 -8.752000000000e-01 0.000000000000e+00 0.000000000000e+00 0.000000000000e+00 -0.000000000000e+00 8.559032005447e-01 0.000000000000e+00 0.000000000000e+00 0.000000000000e+00 0.000000000000e+00 0.000000000000e+00 0.000000000000e+00 
9.910000000000e+00 2.860109718913e-01 6.265944231992e-01 7.758562653137e-02 1.093651909325e+05 1.095579030607e+05 1.005708121981e+05 2.192996260060e+03 5.500491588921e+02 3.400000000000e+06 0.000000000000e+00 -8.752000000000e-01 -8.752000000000e-01 0.000000000000e+00 0.000000000000e+00 0.000000000000e+00 -0.000000000000e+00 8.547560769232e-01 0.000000000000e+00 0.000000000000e+00 0.000000000000e+00 0.000000000000e+00 0.000000000000e+00 0.000000000000e+00 
9.915000000000e+00 2.856371615692e-01 6.097713620570e-01 7.661270003407e-02 1.089614088198e+05 1.091528113612e+05 1.005640276760e+05 2.193785562134e+03 5.505279381946e+02 3.400000000000e+06 0.000000000000e+00 -8.752000000000e-01 -8.752000000000e-01 0.000000000000e+00 0.000000000000e+00 0.000000000000e+00 -0.000000000000e+00 8.536232753143e-01 0.000000000000e+00 0.000000000000e+00 0.000000000000e+00 0.000000000000e+00 0.000000000000e+00 0.000000000000e+00 
9.920000000000e+00 2.852681485651e-01 5.956535232128e-01 7.562281044696e-02 1.085618972760e+05 1.087516086821e+05 1.005574054515e+05 2.194566188145e+03 5.510023316177e+02 3.400000000000e+06 0.000000000000e+00 -8.752000000000e-01 -8.752000000000e-01 0.000000000000e+00 0.000000000000e+00 0.000000000000e+00 -0.000000000000e+00 8.525050653196e-01 0.000000000000e+00 0.000000000000e+00 0.000000000000e+00 0.000000000000e+00 0.000000000000e+00 0.000000000000e+00 
9.925000000000e+00 2.849040099506e-01 5.841773938840e-01 7.461898325992e-02 1.081667543880e+05 1.083544245096e+05 1.005509431926e+05 2.195337925316e+03 5.514721655144e+02 3.400000000000e+06 0.000000000000e+00 -8.752000000000e-01 -8.752000000000e-01 0.000000000000e+00 0.000000000000e+00 0.000000000000e+00 -0.000000000000e+00 8.514016771288e-01 0.000000000000e+00 0.000000000000e+00 0.000000000000e+00 0.000000000000e+00 0.000000000000e+00 0.000000000000e+00 
9.930000000000e+00 2.845448011234e-01 5.752736020106e-01 7.360563779090e-02 1.077760407910e+05 1.079613653839e+05 1.005446382353e+05 2.196100611140e+03 5.519372943949e+02 3.400000000000e+06 0.000000000000e+00 -8.752000000000e-01 -8.752000000000e-01 0.000000000000e+00 0.000000000000e+00 0.000000000000e+00 -0.000000000000e+00 8.503132752515e-01 0.000000000000e+00 0.000000000000e+00 0.000000000000e+00 0.000000000000e+00 0.000000000000e+00 0.000000000000e+00 
9.935000000000e+00 2.841905575506e-01 5.688671920578e-01 7.258666406405e-02 1.073898002213e+05 1.075725164071e+05 1.005384876352e+05 2.196854123886e+03 5.523975991739e+02 3.400000000000e+06 0.000000000000e+00 -8.752000000000e-01 -8.752000000000e-01 0.000000000000e+00 0.000000000000e+00 0.000000000000e+00 -0.000000000000e+00 8.492399639387e-01 0.000000000000e+00 0.000000000000e+00 0.000000000000e+00 0.000000000000e+00 0.000000000000e+00 0.000000000000e+00 
9.940000000000e+00 2.838412968699e-01 5.648786437574e-01 7.156542920683e-02 1.070080615245e+05 1.071879431926e+05 1.005324882210e+05 2.197598378534e+03 5.528529848794e+02 3.400000000000e+06 0.000000000000e+00 -8.752000000000e-01 -8.752000000000e-01 0.000000000000e+00 0.000000000000e+00 0.000000000000e+00 -0.000000000000e+00 8.481817936020e-01 0.000000000000e+00 0.000000000000e+00 0.000000000000e+00 0.000000000000e+00 0.000000000000e+00 0.000000000000e+00 
9.945000000000e+00 2.834970205497e-01 5.632213690012e-01 7.054528020954e-02 1.066308352613e+05 1.068076933766e+05 1.005266366366e+05 2.198333325207e+03 5.533033788627e+02 3.400000000000e+06 0.000000000000e+00 -8.752000000000e-01 -8.752000000000e-01 0.000000000000e+00 0.000000000000e+00 0.000000000000e+00 -0.000000000000e+00 8.471387653441e-01 0.000000000000e+00 0.000000000000e+00 0.000000000000e+00 0.000000000000e+00 0.000000000000e+00 0.000000000000e+00 
9.950000000000e+00 2.831577148143e-01 5.638035020539e-01 6.952913151688e-02 1.062581186115e+05 1.064317973595e+05 1.005209293691e+05 2.199058946154e+03 5.537487299117e+02 3.400000000000e+06 0.000000000000e+00 -8.752000000000e-01 -8.752000000000e-01 0.000000000000e+00 0.000000000000e+00 0.000000000000e+00 -0.000000000000e+00 8.461108342573e-01 0.000000000000e+00 0.000000000000e+00 0.000000000000e+00 0.000000000000e+00 0.000000000000e+00 0.000000000000e+00 
9.955000000000e+00 2.828233512242e-01 5.665285931856e-01 6.852005594167e-02 1.058898899123e+05 1.060602686872e+05 1.005153627683e+05 2.199775256719e+03 5.541890077802e+02 3.400000000000e+06 0.000000000000e+00 -8.752000000000e-01 -8.752000000000e-01 0.000000000000e+00 0.000000000000e+00 0.000000000000e+00 -0.000000000000e+00 8.450979111054e-01 0.000000000000e+00 0.000000000000e+00 0.000000000000e+00 0.000000000000e+00 0.000000000000e+00 0.000000000000e+00 
9.960000000000e+00 2.824938891822e-01 5.712963200445e-01 6.751985809863e-02 1.055261255673e+05 1.056931066037e+05 1.005099330969e+05 2.200482295523e+03 5.546242001382e+02 3.400000000000e+06 0.000000000000e+00 -8.752000000000e-01 -8.752000000000e-01 0.000000000000e+00 0.000000000000e+00 0.000000000000e+00 -0.000000000000e+00 8.440998698886e-01 0.000000000000e+00 0.000000000000e+00 0.000000000000e+00 0.000000000000e+00 0.000000000000e+00 0.000000000000e+00 
9.965000000000e+00 2.821692750625e-01 5.779951377124e-01 6.652942679903e-02 1.051667954430e+05 1.053302948793e+05 1.005046365221e+05 2.201180127684e+03 5.550543139284e+02 3.400000000000e+06 0.000000000000e+00 -8.752000000000e-01 -8.752000000000e-01 0.000000000000e+00 0.000000000000e+00 0.000000000000e+00 -0.000000000000e+00 8.431165591894e-01 0.000000000000e+00 0.000000000000e+00 0.000000000000e+00 0.000000000000e+00 0.000000000000e+00 0.000000000000e+00 
9.970000000000e+00 2.818494450056e-01 5.865281852439e-01 6.555222775182e-02 1.048118308129e+05 1.049718047439e+05 1.004994691670e+05 2.201868850474e+03 5.554793718532e+02 3.400000000000e+06 0.000000000000e+00 -8.752000000000e-01 -8.752000000000e-01 0.000000000000e+00 0.000000000000e+00 0.000000000000e+00 -0.000000000000e+00 8.421477853300e-01 0.000000000000e+00 0.000000000000e+00 0.000000000000e+00 0.000000000000e+00 0.000000000000e+00 0.000000000000e+00 
9.975000000000e+00 2.815343231341e-01 5.967878086835e-01 6.459100563995e-02 1.044611551833e+05 1.046175927258e+05 1.004944270855e+05 2.202548586528e+03 5.558994148975e+02 3.400000000000e+06 0.000000000000e+00 -8.752000000000e-01 -8.752000000000e-01 0.000000000000e+00 0.000000000000e+00 0.000000000000e+00 -0.000000000000e+00 8.411932959639e-01 0.000000000000e+00 0.000000000000e+00 0.000000000000e+00 0.000000000000e+00 0.000000000000e+00 0.000000000000e+00 
9.980000000000e+00 2.812238297685e-01 6.086609069505e-01 6.364720737299e-02 1.041146994460e+05 1.042676097512e+05 1.004895063964e+05 2.203219464253e+03 5.563144914954e+02 3.400000000000e+06 0.000000000000e+00 -8.752000000000e-01 -8.752000000000e-01 0.000000000000e+00 0.000000000000e+00 0.000000000000e+00 -0.000000000000e+00 8.402528416424e-01 0.000000000000e+00 0.000000000000e+00 0.000000000000e+00 0.000000000000e+00 0.000000000000e+00 0.000000000000e+00 
9.985000000000e+00 2.809178818893e-01 6.220313217259e-01 6.272154212466e-02 1.037723968175e+05 1.039218016242e+05 1.004847032884e+05 2.203881618680e+03 5.567246569129e+02 3.400000000000e+06 0.000000000000e+00 -8.752000000000e-01 -8.752000000000e-01 0.000000000000e+00 0.000000000000e+00 0.000000000000e+00 -0.000000000000e+00 8.393261624828e-01 0.000000000000e+00 0.000000000000e+00 0.000000000000e+00 0.000000000000e+00 0.000000000000e+00 0.000000000000e+00 
9.990000000000e+00 2.806163749552e-01 6.367743480341e-01 6.181625443139e-02 1.034341388736e+05 1.035800883620e+05 1.004800137363e+05 2.204535238625e+03 5.571299977152e+02 3.400000000000e+06 0.000000000000e+00 -8.752000000000e-01 -8.752000000000e-01 0.000000000000e+00 0.000000000000e+00 0.000000000000e+00 -0.000000000000e+00 8.384129667077e-01 0.000000000000e+00 0.000000000000e+00 0.000000000000e+00 0.000000000000e+00 0.000000000000e+00 0.000000000000e+00 
9.995000000000e+00 2.803191969769e-01 6.527732044619e-01 6.093258105664e-02 1.030998172066e+05 1.032423799029e+05 1.004754337274e+05 2.205180527898e+03 5.575306130934e+02 3.400000000000e+06 0.000000000000e+00 -8.752000000000e-01 -8.752000000000e-01 0.000000000000e+00 0.000000000000e+00 0.000000000000e+00 -0.000000000000e+00 8.375129257691e-01 0.000000000000e+00 0.000000000000e+00 0.000000000000e+00 0.000000000000e+00 0.000000000000e+00 0.000000000000e+00 
1.000000000000e+01 2.800262348496e-01 6.699125249990e-01 6.007190266148e-02 1.027693190695e+05 1.029085832472e+05 1.004709593574e+05 2.205817695342e+03 5.579266063463e+02 3.400000000000e+06 0.000000000000e+00 -8.752000000000e-01 -8.752000000000e-01 0.000000000000e+00 0.000000000000e+00 0.000000000000e+00 -0.000000000000e+00 8.366256911426e-01 0.000000000000e+00 0.000000000000e+00 0.000000000000e+00 0.000000000000e+00 0.000000000000e+00 0.000000000000e+00 
