9.000000000000e+00 3.548682415748e-02 -1.104925468060e-02 6.516570120858e-03 1.020955059547e+05 1.005887540818e+05 1.027233622131e+05 4.366918442294e+03 6.253611996399e+02 2.600000000000e+06 0.000000000000e+00 -8.752000000000e-01 -8.752000000000e-01 0.000000000000e+00 0.000000000000e+00 0.000000000000e+00 -0.000000000000e+00 7.870339027367e-02 0.000000000000e+00 0.000000000000e+00 0.000000000000e+00 0.000000000000e+00 0.000000000000e+00 0.000000000000e+00 
9.005000000000e+00 3.545473569684e-02 -1.091073305466e-02 6.419586656571e-03 1.017439086749e+05 1.002427629993e+05 1.027012771335e+05 4.367917043280e+03 6.255981211680e+02 2.600000000000e+06 0.000000000000e+00 -8.752000000000e-01 -8.752000000000e-01 0.000000000000e+00 0.000000000000e+00 0.000000000000e+00 -0.000000000000e+00 7.863210881296e-02 0.000000000000e+00 0.000000000000e+00 0.000000000000e+00 0.000000000000e+00 0.000000000000e+00 0.000000000000e+00 
9.010000000000e+00 3.542312661795e-02 -1.077194196346e-02 6.323433248309e-03 1.013971244908e+05 9.990117446054e+04 1.026796884227e+05 4.368902055568e+03 6.258334746772e+02 2.600000000000e+06 0.000000000000e+00 -8.752000000000e-01 -8.752000000000e-01 0.000000000000e+00 0.000000000000e+00 0.000000000000e+00 -0.000000000000e+00 7.856188903874e-02 0.000000000000e+00 0.000000000000e+00 0.000000000000e+00 0.000000000000e+00 0.000000000000e+00 0.000000000000e+00 
9.015000000000e+00 3.539199212806e-02 -1.063326726782e-02 6.228349374599e-03 1.010550754015e+05 9.956396891396e+04 1.026585841644e+05 4.369873576496e+03 6.260671976121e+02 2.600000000000e+06 0.000000000000e+00 -8.752000000000e-01 -8.752000000000e-01 0.000000000000e+00 0.000000000000e+00 0.000000000000e+00 -0.000000000000e+00 7.849272068674e-02 0.000000000000e+00 0.000000000000e+00 0.000000000000e+00 0.000000000000e+00 0.000000000000e+00 0.000000000000e+00 
9.020000000000e+00 3.536132631445e-02 -1.049508695968e-02 6.134553029435e-03 1.007176737864e+05 9.923111385377e+04 1.026379520142e+05 4.370831739552e+03 6.262992393606e+02 2.600000000000e+06 0.000000000000e+00 -8.752000000000e-01 -8.752000000000e-01 0.000000000000e+00 0.000000000000e+00 0.000000000000e+00 -0.000000000000e+00 7.842459109569e-02 0.000000000000e+00 0.000000000000e+00 0.000000000000e+00 0.000000000000e+00 0.000000000000e+00 0.000000000000e+00 
9.025000000000e+00 3.533112217710e-02 -1.035775025953e-02 6.042260173886e-03 1.003848190614e+05 9.890256405464e+04 1.026177792389e+05 4.371776714144e+03 6.265295612264e+02 2.600000000000e+06 0.000000000000e+00 -8.752000000000e-01 -8.752000000000e-01 0.000000000000e+00 0.000000000000e+00 0.000000000000e+00 -0.000000000000e+00 7.835748507703e-02 0.000000000000e+00 0.000000000000e+00 0.000000000000e+00 0.000000000000e+00 0.000000000000e+00 0.000000000000e+00 
9.030000000000e+00 3.530137169567e-02 -1.022158868656e-02 5.951668632609e-03 1.000564013997e+05 9.857826218792e+04 1.025980527742e+05 4.372708703178e+03 6.267581361122e+02 2.600000000000e+06 0.000000000000e+00 -8.752000000000e-01 -8.752000000000e-01 0.000000000000e+00 0.000000000000e+00 0.000000000000e+00 -0.000000000000e+00 7.829138517922e-02 0.000000000000e+00 0.000000000000e+00 0.000000000000e+00 0.000000000000e+00 0.000000000000e+00 0.000000000000e+00 
9.035000000000e+00 3.527206592363e-02 -1.008690986260e-02 5.862955739571e-03 9.973230321357e+04 9.825813975042e+04 1.025787592989e+05 4.373627940175e+03 6.269849479522e+02 2.600000000000e+06 0.000000000000e+00 -8.752000000000e-01 -8.752000000000e-01 0.000000000000e+00 0.000000000000e+00 0.000000000000e+00 -0.000000000000e+00 7.822627188318e-02 0.000000000000e+00 0.000000000000e+00 0.000000000000e+00 0.000000000000e+00 0.000000000000e+00 0.000000000000e+00 
9.040000000000e+00 3.524319518248e-02 -9.953949436888e-03 5.776231130442e-03 9.941241027616e+04 9.794211910562e+04 1.025598853696e+05 4.374534681814e+03 6.272099903207e+02 2.600000000000e+06 0.000000000000e+00 -8.752000000000e-01 -8.752000000000e-01 0.000000000000e+00 0.000000000000e+00 0.000000000000e+00 -0.000000000000e+00 7.816212402498e-02 0.000000000000e+00 0.000000000000e+00 0.000000000000e+00 0.000000000000e+00 0.000000000000e+00 0.000000000000e+00 
9.045000000000e+00 3.521474933389e-02 -9.822679730218e-03 5.691406581269e-03 9.909663950748e+04 9.763011641060e+04 1.025414176001e+05 4.375429195370e+03 6.274332643522e+02 2.600000000000e+06 0.000000000000e+00 -8.752000000000e-01 -8.752000000000e-01 0.000000000000e+00 0.000000000000e+00 0.000000000000e+00 -0.000000000000e+00 7.809891944063e-02 0.000000000000e+00 0.000000000000e+00 0.000000000000e+00 0.000000000000e+00 0.000000000000e+00 0.000000000000e+00 
9.050000000000e+00 3.518683297959e-02 -9.626261897422e-03 5.539047349897e-03 9.879936089019e+04 9.732330892073e+04 1.025234166890e+05 4.376305964267e+03 6.276538653592e+02 2.600000000000e+06 0.000000000000e+00 -8.752000000000e-01 -8.752000000000e-01 0.000000000000e+00 0.000000000000e+00 0.000000000000e+00 -0.000000000000e+00 7.803689044915e-02 0.000000000000e+00 0.000000000000e+00 0.000000000000e+00 0.000000000000e+00 0.000000000000e+00 0.000000000000e+00 
9.055000000000e+00 3.516079370776e-02 -8.960613776420e-03 4.893025512270e-03 9.861708008624e+04 9.703658273646e+04 1.025067353771e+05 4.377109006609e+03 6.278609518036e+02 2.600000000000e+06 0.000000000000e+00 -8.752000000000e-01 -8.752000000000e-01 0.000000000000e+00 0.000000000000e+00 0.000000000000e+00 -0.000000000000e+00 7.797898844171e-02 0.000000000000e+00 0.000000000000e+00 0.000000000000e+00 0.000000000000e+00 0.000000000000e+00 0.000000000000e+00 
9.060000000000e+00 3.514071435585e-02 -7.269215135053e-03 3.208950076167e-03 9.870109719948e+04 9.681512078758e+04 1.024939437023e+05 4.377691836048e+03 6.280215056132e+02 2.600000000000e+06 0.000000000000e+00 -8.752000000000e-01 -8.752000000000e-01 0.000000000000e+00 0.000000000000e+00 0.000000000000e+00 -0.000000000000e+00 7.793410113977e-02 0.000000000000e+00 0.000000000000e+00 0.000000000000e+00 0.000000000000e+00 0.000000000000e+00 0.000000000000e+00 
9.065000000000e+00 3.513257635467e-02 -4.177398816633e-03 2.324393094926e-04 9.916999784304e+04 9.672527405213e+04 1.024887770163e+05 4.377856568913e+03 6.280867908624e+02 2.600000000000e+06 0.000000000000e+00 -8.752000000000e-01 -8.752000000000e-01 0.000000000000e+00 0.000000000000e+00 0.000000000000e+00 -0.000000000000e+00 7.791505659686e-02 0.000000000000e+00 0.000000000000e+00 0.000000000000e+00 0.000000000000e+00 0.000000000000e+00 0.000000000000e+00 
9.070000000000e+00 3.514220753060e-02 1.420494335800e-04 -3.831786491650e-03 1.000524167198e+05 9.683160038635e+04 1.024948928004e+05 4.377424831669e+03 6.280095403545e+02 2.600000000000e+06 0.000000000000e+00 -8.752000000000e-01 -8.752000000000e-01 0.000000000000e+00 0.000000000000e+00 0.000000000000e+00 -0.000000000000e+00 7.793454717426e-02 0.000000000000e+00 0.000000000000e+00 0.000000000000e+00 0.000000000000e+00 0.000000000000e+00 0.000000000000e+00 
9.075000000000e+00 3.517515228699e-02 5.807330577083e-03 -8.981876292949e-03 1.014098823942e+05 9.719475486519e+04 1.025159207892e+05 4.376222449621e+03 6.277466030887e+02 2.600000000000e+06 0.000000000000e+00 -8.752000000000e-01 -8.752000000000e-01 0.000000000000e+00 0.000000000000e+00 0.000000000000e+00 -0.000000000000e+00 7.800503148825e-02 0.000000000000e+00 0.000000000000e+00 0.000000000000e+00 0.000000000000e+00 0.000000000000e+00 0.000000000000e+00 
9.080000000000e+00 3.523565035364e-02 1.245325064973e-02 -1.477262074260e-02 1.032019163056e+05 9.785942642292e+04 1.025549746911e+05 4.374133310022e+03 6.272690613482e+02 2.600000000000e+06 0.000000000000e+00 -8.752000000000e-01 -8.752000000000e-01 0.000000000000e+00 0.000000000000e+00 0.000000000000e+00 -0.000000000000e+00 7.813562380352e-02 0.000000000000e+00 0.000000000000e+00 0.000000000000e+00 0.000000000000e+00 0.000000000000e+00 0.000000000000e+00 
9.085000000000e+00 3.532574376882e-02 1.960082707662e-02 -2.078549027194e-02 1.053653056812e+05 9.884398602312e+04 1.026142025073e+05 4.371113715258e+03 6.265707582813e+02 2.600000000000e+06 0.000000000000e+00 -8.752000000000e-01 -8.752000000000e-01 0.000000000000e+00 0.000000000000e+00 0.000000000000e+00 -0.000000000000e+00 7.833091098003e-02 0.000000000000e+00 0.000000000000e+00 0.000000000000e+00 0.000000000000e+00 0.000000000000e+00 0.000000000000e+00 
9.090000000000e+00 3.544538225448e-02 2.685142219556e-02 -2.663684559079e-02 1.078183214418e+05 1.001417628711e+05 1.026948716654e+05 4.367188494432e+03 6.256675612482e+02 2.600000000000e+06 0.000000000000e+00 -8.752000000000e-01 -8.752000000000e-01 0.000000000000e+00 0.000000000000e+00 0.000000000000e+00 -0.000000000000e+00 7.859111916274e-02 0.000000000000e+00 0.000000000000e+00 0.000000000000e+00 0.000000000000e+00 0.000000000000e+00 0.000000000000e+00 
9.095000000000e+00 3.559287277773e-02 3.382194393096e-02 -3.201431022021e-02 1.104744610723e+05 1.017266677044e+05 1.027975775542e+05 4.362434452407e+03 6.245926766770e+02 2.600000000000e+06 0.000000000000e+00 -8.752000000000e-01 -8.752000000000e-01 0.000000000000e+00 0.000000000000e+00 0.000000000000e+00 -0.000000000000e+00 7.891268624876e-02 0.000000000000e+00 0.000000000000e+00 0.000000000000e+00 0.000000000000e+00 0.000000000000e+00 0.000000000000e+00 
9.100000000000e+00 3.576515232670e-02 4.019503987409e-02 -3.667945268244e-02 1.132476053126e+05 1.035572648165e+05 1.029222546239e+05 4.356969819964e+03 6.233923671030e+02 2.600000000000e+06 0.000000000000e+00 -8.752000000000e-01 -8.752000000000e-01 0.000000000000e+00 0.000000000000e+00 0.000000000000e+00 -0.000000000000e+00 7.928904026979e-02 0.000000000000e+00 0.000000000000e+00 0.000000000000e+00 0.000000000000e+00 0.000000000000e+00 0.000000000000e+00 
9.105000000000e+00 3.595831775175e-02 4.578589384632e-02 -4.051646133138e-02 1.160679498900e+05 1.055836990480e+05 1.030683213672e+05 4.350934174963e+03 6.221193198548e+02 2.600000000000e+06 0.000000000000e+00 -8.752000000000e-01 -8.752000000000e-01 0.000000000000e+00 0.000000000000e+00 0.000000000000e+00 -0.000000000000e+00 7.971173034739e-02 0.000000000000e+00 0.000000000000e+00 0.000000000000e+00 0.000000000000e+00 0.000000000000e+00 0.000000000000e+00 
9.110000000000e+00 3.616815898467e-02 5.048587641897e-02 -4.349545430835e-02 1.188812211083e+05 1.077543642588e+05 1.032348509893e+05 4.344471409313e+03 6.208263668185e+02 2.600000000000e+06 0.000000000000e+00 -8.752000000000e-01 -8.752000000000e-01 0.000000000000e+00 0.000000000000e+00 0.000000000000e+00 -0.000000000000e+00 8.017162879239e-02 0.000000000000e+00 0.000000000000e+00 0.000000000000e+00 0.000000000000e+00 0.000000000000e+00 0.000000000000e+00 
9.115000000000e+00 3.639039905163e-02 5.423795914797e-02 -4.561434886164e-02 1.216404116324e+05 1.100190760054e+05 1.034205702871e+05 4.337722994657e+03 6.195628301514e+02 2.600000000000e+06 0.000000000000e+00 -8.752000000000e-01 -8.752000000000e-01 0.000000000000e+00 0.000000000000e+00 0.000000000000e+00 -0.000000000000e+00 8.065941748915e-02 0.000000000000e+00 0.000000000000e+00 0.000000000000e+00 0.000000000000e+00 0.000000000000e+00 0.000000000000e+00 
9.120000000000e+00 3.662086398231e-02 5.704141745666e-02 -4.691246955806e-02 1.243096712436e+05 1.123311721496e+05 1.036238435587e+05 4.330821742625e+03 6.183718700006e+02 2.600000000000e+06 0.000000000000e+00 -8.752000000000e-01 -8.752000000000e-01 0.000000000000e+00 0.000000000000e+00 0.000000000000e+00 -0.000000000000e+00 8.116597662065e-02 0.000000000000e+00 0.000000000000e+00 0.000000000000e+00 0.000000000000e+00 0.000000000000e+00 0.000000000000e+00 
9.125000000000e+00 3.685566897890e-02 5.893859539770e-02 -4.746027586390e-02 1.268637408858e+05 1.146494465679e+05 1.038427237480e+05 4.323886358794e+03 6.172884262087e+02 2.600000000000e+06 0.000000000000e+00 -8.752000000000e-01 -8.752000000000e-01 0.000000000000e+00 0.000000000000e+00 0.000000000000e+00 -0.000000000000e+00 8.168278994313e-02 0.000000000000e+00 0.000000000000e+00 0.000000000000e+00 0.000000000000e+00 0.000000000000e+00 0.000000000000e+00 
9.130000000000e+00 3.709131228836e-02 5.999344653102e-02 -4.733737416930e-02 1.292843058906e+05 1.169388739024e+05 1.040749847078e+05 4.317019574289e+03 6.163383815705e+02 2.600000000000e+06 0.000000000000e+00 -8.752000000000e-01 -8.752000000000e-01 0.000000000000e+00 0.000000000000e+00 0.000000000000e+00 -0.000000000000e+00 8.220215385977e-02 0.000000000000e+00 0.000000000000e+00 0.000000000000e+00 0.000000000000e+00 0.000000000000e+00 0.000000000000e+00 
9.135000000000e+00 3.732466113280e-02 6.027240306056e-02 -4.661457845590e-02 1.315561289566e+05 1.191701221992e+05 1.043180960456e+05 4.310309583679e+03 6.155387147288e+02 2.600000000000e+06 0.000000000000e+00 -8.752000000000e-01 -8.752000000000e-01 0.000000000000e+00 0.000000000000e+00 0.000000000000e+00 -0.000000000000e+00 8.271714371992e-02 0.000000000000e+00 0.000000000000e+00 0.000000000000e+00 0.000000000000e+00 0.000000000000e+00 0.000000000000e+00 
9.140000000000e+00 3.755294227889e-02 5.985046537827e-02 -4.536781055149e-02 1.336689284806e+05 1.213190652282e+05 1.045692290411e+05 4.303830511798e+03 6.148979157612e+02 2.600000000000e+06 0.000000000000e+00 -8.752000000000e-01 -8.752000000000e-01 0.000000000000e+00 0.000000000000e+00 0.000000000000e+00 -0.000000000000e+00 8.322161007310e-02 0.000000000000e+00 0.000000000000e+00 0.000000000000e+00 0.000000000000e+00 0.000000000000e+00 0.000000000000e+00 
9.145000000000e+00 3.777379465350e-02 5.881882272656e-02 -4.368598113422e-02 1.356188022280e+05 1.233668514657e+05 1.048253632405e+05 4.297641388983e+03 6.144165524011e+02 2.600000000000e+06 0.000000000000e+00 -8.752000000000e-01 -8.752000000000e-01 0.000000000000e+00 0.000000000000e+00 0.000000000000e+00 -0.000000000000e+00 8.371031249529e-02 0.000000000000e+00 0.000000000000e+00 0.000000000000e+00 0.000000000000e+00 0.000000000000e+00 0.000000000000e+00 
9.150000000000e+00 3.798531694731e-02 5.727565504314e-02 -4.166212389389e-02 1.374067810974e+05 1.252998898176e+05 1.050834346234e+05 4.291785877161e+03 6.140883109504e+02 2.600000000000e+06 0.000000000000e+00 -8.752000000000e-01 -8.752000000000e-01 0.000000000000e+00 0.000000000000e+00 0.000000000000e+00 -0.000000000000e+00 8.417899736882e-02 0.000000000000e+00 0.000000000000e+00 0.000000000000e+00 0.000000000000e+00 0.000000000000e+00 0.000000000000e+00 
9.155000000000e+00 3.818605085388e-02 5.532002230268e-02 -3.938245872019e-02 1.390365620045e+05 1.271092538154e+05 1.053404420315e+05 4.286293887563e+03 6.139014726029e+02 2.600000000000e+06 0.000000000000e+00 -8.752000000000e-01 -8.752000000000e-01 0.000000000000e+00 0.000000000000e+00 0.000000000000e+00 -0.000000000000e+00 8.462437824870e-02 0.000000000000e+00 0.000000000000e+00 0.000000000000e+00 0.000000000000e+00 0.000000000000e+00 0.000000000000e+00 
9.160000000000e+00 3.837494498153e-02 5.304261165121e-02 -3.692504043672e-02 1.405138258886e+05 1.287899756885e+05 1.055935398268e+05 4.281183375552e+03 6.138404680481e+02 2.600000000000e+06 0.000000000000e+00 -8.752000000000e-01 -8.752000000000e-01 0.000000000000e+00 0.000000000000e+00 0.000000000000e+00 -0.000000000000e+00 8.504406158751e-02 0.000000000000e+00 0.000000000000e+00 0.000000000000e+00 0.000000000000e+00 0.000000000000e+00 0.000000000000e+00 
9.165000000000e+00 3.855130969441e-02 5.052615031881e-02 -3.435877096169e-02 1.418456129194e+05 1.303403389119e+05 1.058401157375e+05 4.276462253321e+03 6.138873574563e+02 2.600000000000e+06 0.000000000000e+00 -8.752000000000e-01 -8.752000000000e-01 0.000000000000e+00 0.000000000000e+00 0.000000000000e+00 -0.000000000000e+00 8.543644640715e-02 0.000000000000e+00 0.000000000000e+00 0.000000000000e+00 0.000000000000e+00 0.000000000000e+00 0.000000000000e+00 
9.170000000000e+00 3.871477724371e-02 4.784700659435e-02 -3.174574848855e-02 1.430403604658e+05 1.317612958380e+05 1.060778645992e+05 4.272129933751e+03 6.140231512682e+02 2.600000000000e+06 0.000000000000e+00 -8.752000000000e-01 -8.752000000000e-01 0.000000000000e+00 0.000000000000e+00 0.000000000000e+00 -0.000000000000e+00 8.580064052977e-02 0.000000000000e+00 0.000000000000e+00 0.000000000000e+00 0.000000000000e+00 0.000000000000e+00 0.000000000000e+00 
9.175000000000e+00 3.886526938032e-02 4.507391095145e-02 -2.914094296194e-02 1.441076020302e+05 1.330560176726e+05 1.063048578484e+05 4.268178627326e+03 6.142289490568e+02 2.600000000000e+06 0.000000000000e+00 -8.752000000000e-01 -8.752000000000e-01 0.000000000000e+00 0.000000000000e+00 0.000000000000e+00 -0.000000000000e+00 8.613639428608e-02 0.000000000000e+00 0.000000000000e+00 0.000000000000e+00 0.000000000000e+00 0.000000000000e+00 0.000000000000e+00 
9.180000000000e+00 3.900295158225e-02 4.226431063957e-02 -2.658721103155e-02 1.450568023179e+05 1.342293867179e+05 1.065195742150e+05 4.264595012287e+03 6.144868467967e+02 2.600000000000e+06 0.000000000000e+00 -8.752000000000e-01 -8.752000000000e-01 0.000000000000e+00 0.000000000000e+00 0.000000000000e+00 -0.000000000000e+00 8.644399761479e-02 0.000000000000e+00 0.000000000000e+00 0.000000000000e+00 0.000000000000e+00 0.000000000000e+00 0.000000000000e+00 
9.185000000000e+00 3.912814230741e-02 3.945328734366e-02 -2.410503728422e-02 1.458949293586e+05 1.352871631170e+05 1.067208328730e+05 4.261363113195e+03 6.147804696866e+02 2.600000000000e+06 0.000000000000e+00 -8.752000000000e-01 -8.752000000000e-01 0.000000000000e+00 0.000000000000e+00 0.000000000000e+00 -0.000000000000e+00 8.672408276456e-02 0.000000000000e+00 0.000000000000e+00 0.000000000000e+00 0.000000000000e+00 0.000000000000e+00 0.000000000000e+00 
9.190000000000e+00 3.924120827000e-02 3.665696952122e-02 -2.169768800986e-02 1.466263991667e+05 1.362350939464e+05 1.069076670887e+05 4.258466979648e+03 6.150950980743e+02 2.600000000000e+06 0.000000000000e+00 -8.752000000000e-01 -8.752000000000e-01 0.000000000000e+00 0.000000000000e+00 0.000000000000e+00 -0.000000000000e+00 8.697740041142e-02 0.000000000000e+00 0.000000000000e+00 0.000000000000e+00 0.000000000000e+00 0.000000000000e+00 0.000000000000e+00 
9.195000000000e+00 3.934251377512e-02 3.388344884678e-02 -1.936336075903e-02 1.472546278998e+05 1.370785183537e+05 1.070792556913e+05 4.255891655020e+03 6.154176336053e+02 2.600000000000e+06 0.000000000000e+00 -8.752000000000e-01 -8.752000000000e-01 0.000000000000e+00 0.000000000000e+00 0.000000000000e+00 -0.000000000000e+00 8.720470969441e-02 0.000000000000e+00 0.000000000000e+00 0.000000000000e+00 0.000000000000e+00 0.000000000000e+00 0.000000000000e+00 
9.200000000000e+00 3.943243499509e-02 3.114532307999e-02 -1.710839980128e-02 1.477843318686e+05 1.378225242147e+05 1.072349521279e+05 4.253622398205e+03 6.157366535242e+02 2.600000000000e+06 0.000000000000e+00 -8.752000000000e-01 -8.752000000000e-01 0.000000000000e+00 0.000000000000e+00 0.000000000000e+00 -0.000000000000e+00 8.740681437440e-02 0.000000000000e+00 0.000000000000e+00 0.000000000000e+00 0.000000000000e+00 0.000000000000e+00 0.000000000000e+00 
9.205000000000e+00 3.951139638407e-02 2.845868500747e-02 -1.494425424533e-02 1.482214147442e+05 1.384722791000e+05 1.073743532963e+05 4.251643790718e+03 6.160425607119e+02 2.600000000000e+06 0.000000000000e+00 -8.752000000000e-01 -8.752000000000e-01 0.000000000000e+00 0.000000000000e+00 0.000000000000e+00 -0.000000000000e+00 8.758462255358e-02 0.000000000000e+00 0.000000000000e+00 0.000000000000e+00 0.000000000000e+00 0.000000000000e+00 0.000000000000e+00 
9.210000000000e+00 3.957988561662e-02 2.584131287842e-02 -1.288388604002e-02 1.485725669381e+05 1.390331757470e+05 1.074973325715e+05 4.249939425963e+03 6.163276740790e+02 2.600000000000e+06 0.000000000000e+00 -8.752000000000e-01 -8.752000000000e-01 0.000000000000e+00 0.000000000000e+00 0.000000000000e+00 -0.000000000000e+00 8.773918582597e-02 0.000000000000e+00 0.000000000000e+00 0.000000000000e+00 0.000000000000e+00 0.000000000000e+00 0.000000000000e+00 
9.215000000000e+00 3.963844165111e-02 2.330599231701e-02 -1.093443191790e-02 1.488440147541e+05 1.395107571512e+05 1.076040206854e+05 4.248492382148e+03 6.165861734193e+02 2.600000000000e+06 0.000000000000e+00 -8.752000000000e-01 -8.752000000000e-01 0.000000000000e+00 0.000000000000e+00 0.000000000000e+00 -0.000000000000e+00 8.787167005665e-02 0.000000000000e+00 0.000000000000e+00 0.000000000000e+00 0.000000000000e+00 0.000000000000e+00 0.000000000000e+00 
9.220000000000e+00 3.968761760529e-02 2.085856485267e-02 -9.095911901904e-03 1.490409835274e+05 1.399104411866e+05 1.076947328052e+05 4.247286156838e+03 6.168138618096e+02 2.600000000000e+06 0.000000000000e+00 -8.752000000000e-01 -8.752000000000e-01 0.000000000000e+00 0.000000000000e+00 0.000000000000e+00 -0.000000000000e+00 8.798327806561e-02 0.000000000000e+00 0.000000000000e+00 0.000000000000e+00 0.000000000000e+00 0.000000000000e+00 0.000000000000e+00 
9.225000000000e+00 3.972795187813e-02 1.849589065394e-02 -7.361402411134e-03 1.491674644943e+05 1.402373174558e+05 1.077699027823e+05 4.246305332558e+03 6.170078943329e+02 2.600000000000e+06 0.000000000000e+00 -8.752000000000e-01 -8.752000000000e-01 0.000000000000e+00 0.000000000000e+00 0.000000000000e+00 -0.000000000000e+00 8.807519511819e-02 0.000000000000e+00 0.000000000000e+00 0.000000000000e+00 0.000000000000e+00 0.000000000000e+00 0.000000000000e+00 
9.230000000000e+00 3.975990923841e-02 1.620731035979e-02 -5.713840948660e-03 1.492251424759e+05 1.404957025146e+05 1.078299564577e+05 4.245537088290e+03 6.171663198017e+02 2.600000000000e+06 0.000000000000e+00 -8.752000000000e-01 -8.752000000000e-01 0.000000000000e+00 0.000000000000e+00 0.000000000000e+00 -0.000000000000e+00 8.814844685694e-02 0.000000000000e+00 0.000000000000e+00 0.000000000000e+00 0.000000000000e+00 0.000000000000e+00 0.000000000000e+00 
9.235000000000e+00 3.978390014562e-02 1.398922459189e-02 -4.146532104085e-03 1.492168209580e+05 1.406893268461e+05 1.078753296486e+05 4.244970087247e+03 6.172879923565e+02 2.600000000000e+06 0.000000000000e+00 -8.752000000000e-01 -8.752000000000e-01 0.000000000000e+00 0.000000000000e+00 0.000000000000e+00 -0.000000000000e+00 8.820394156695e-02 0.000000000000e+00 0.000000000000e+00 0.000000000000e+00 0.000000000000e+00 0.000000000000e+00 0.000000000000e+00 
9.240000000000e+00 3.980037517215e-02 1.186174417746e-02 -2.679683576223e-03 1.491499499039e+05 1.408221192254e+05 1.079066330689e+05 4.244591587297e+03 6.173729136467e+02 2.600000000000e+06 0.000000000000e+00 -8.752000000000e-01 -8.752000000000e-01 0.000000000000e+00 0.000000000000e+00 0.000000000000e+00 -0.000000000000e+00 8.824267612925e-02 0.000000000000e+00 0.000000000000e+00 0.000000000000e+00 0.000000000000e+00 0.000000000000e+00 0.000000000000e+00 
9.245000000000e+00 3.980987578263e-02 9.861842664797e-03 -1.327229623261e-03 1.490319124554e+05 1.408986322181e+05 1.079247385107e+05 4.244387001024e+03 6.174223921649e+02 2.600000000000e+06 0.000000000000e+00 -8.752000000000e-01 -8.752000000000e-01 0.000000000000e+00 0.000000000000e+00 0.000000000000e+00 -0.000000000000e+00 8.826586755846e-02 0.000000000000e+00 0.000000000000e+00 0.000000000000e+00 0.000000000000e+00 0.000000000000e+00 0.000000000000e+00 
9.250000000000e+00 3.981297456195e-02 8.037199071074e-03 -1.047035776020e-04 1.488706801696e+05 1.409235780570e+05 1.079306524227e+05 4.244341153933e+03 6.174386107592e+02 2.600000000000e+06 0.000000000000e+00 -8.752000000000e-01 -8.752000000000e-01 0.000000000000e+00 0.000000000000e+00 0.000000000000e+00 -0.000000000000e+00 8.827510837425e-02 0.000000000000e+00 0.000000000000e+00 0.000000000000e+00 0.000000000000e+00 0.000000000000e+00 0.000000000000e+00 
9.255000000000e+00 3.981052108802e-02 6.265930388533e-03 9.474271626950e-04 1.486809357583e+05 1.409038274754e+05 1.079259697075e+05 4.244431381007e+03 6.174257663457e+02 2.600000000000e+06 0.000000000000e+00 -8.752000000000e-01 -8.752000000000e-01 0.000000000000e+00 0.000000000000e+00 0.000000000000e+00 -0.000000000000e+00 8.827199685913e-02 0.000000000000e+00 0.000000000000e+00 0.000000000000e+00 0.000000000000e+00 0.000000000000e+00 0.000000000000e+00 
9.260000000000e+00 3.980321044498e-02 4.632811286808e-03 1.874051073000e-03 1.484624547746e+05 1.408449579447e+05 1.079120321625e+05 4.244641338978e+03 6.173876406706e+02 2.600000000000e+06 0.000000000000e+00 -8.752000000000e-01 -8.752000000000e-01 0.000000000000e+00 0.000000000000e+00 0.000000000000e+00 -0.000000000000e+00 8.825764160627e-02 0.000000000000e+00 0.000000000000e+00 0.000000000000e+00 0.000000000000e+00 0.000000000000e+00 0.000000000000e+00 
9.265000000000e+00 3.979168408375e-02 3.207602746710e-03 2.651534567063e-03 1.482252798545e+05 1.407520846838e+05 1.078901048187e+05 4.244954292385e+03 6.173279761337e+02 2.600000000000e+06 0.000000000000e+00 -8.752000000000e-01 -8.752000000000e-01 0.000000000000e+00 0.000000000000e+00 0.000000000000e+00 -0.000000000000e+00 8.823359143475e-02 0.000000000000e+00 0.000000000000e+00 0.000000000000e+00 0.000000000000e+00 0.000000000000e+00 0.000000000000e+00 
9.270000000000e+00 3.977677599321e-02 1.993082284555e-03 3.258545178721e-03 1.479810508338e+05 1.406318609234e+05 1.078618299335e+05 4.245348717137e+03 6.172516154735e+02 2.600000000000e+06 0.000000000000e+00 -8.752000000000e-01 -8.752000000000e-01 0.000000000000e+00 0.000000000000e+00 0.000000000000e+00 -0.000000000000e+00 8.820189959191e-02 0.000000000000e+00 0.000000000000e+00 0.000000000000e+00 0.000000000000e+00 0.000000000000e+00 0.000000000000e+00 
9.275000000000e+00 3.975930594523e-02 9.710747008870e-04 3.702016650078e-03 1.477368566820e+05 1.404908296330e+05 1.078288186820e+05 4.245804187016e+03 6.171632904741e+02 2.600000000000e+06 0.000000000000e+00 -8.752000000000e-01 -8.752000000000e-01 0.000000000000e+00 0.000000000000e+00 0.000000000000e+00 -0.000000000000e+00 8.816440963122e-02 0.000000000000e+00 0.000000000000e+00 0.000000000000e+00 0.000000000000e+00 0.000000000000e+00 0.000000000000e+00 
9.280000000000e+00 3.974006724287e-02 1.355833371705e-04 3.992588841069e-03 1.474989629888e+05 1.403353365683e+05 1.077926179898e+05 4.246300997676e+03 6.170674655224e+02 2.600000000000e+06 0.000000000000e+00 -8.752000000000e-01 -8.752000000000e-01 0.000000000000e+00 0.000000000000e+00 0.000000000000e+00 -0.000000000000e+00 8.812285128437e-02 0.000000000000e+00 0.000000000000e+00 0.000000000000e+00 0.000000000000e+00 0.000000000000e+00 0.000000000000e+00 
9.285000000000e+00 3.971977754088e-02 -5.168416915621e-04 4.143152816251e-03 1.472725405305e+05 1.401711398575e+05 1.077546122500e+05 4.246821360097e+03 6.169680381574e+02 2.600000000000e+06 0.000000000000e+00 -8.752000000000e-01 -8.752000000000e-01 0.000000000000e+00 0.000000000000e+00 0.000000000000e+00 -0.000000000000e+00 8.807883112946e-02 0.000000000000e+00 0.000000000000e+00 0.000000000000e+00 0.000000000000e+00 0.000000000000e+00 0.000000000000e+00 
9.290000000000e+00 3.969904842260e-02 -1.015107464733e-03 4.175753442633e-03 1.470602634741e+05 1.400031650146e+05 1.077159655789e+05 4.247350358077e+03 6.168681824216e+02 2.600000000000e+06 0.000000000000e+00 -8.752000000000e-01 -8.752000000000e-01 0.000000000000e+00 0.000000000000e+00 0.000000000000e+00 -0.000000000000e+00 8.803374355967e-02 0.000000000000e+00 0.000000000000e+00 0.000000000000e+00 0.000000000000e+00 0.000000000000e+00 0.000000000000e+00 
9.295000000000e+00 3.967842607867e-02 -1.368518472789e-03 4.112074724761e-03 1.468642065897e+05 1.398358322612e+05 1.076776998535e+05 4.247874665214e+03 6.167705651194e+02 2.600000000000e+06 0.000000000000e+00 -8.752000000000e-01 -8.752000000000e-01 0.000000000000e+00 0.000000000000e+00 0.000000000000e+00 -0.000000000000e+00 8.798874217046e-02 0.000000000000e+00 0.000000000000e+00 0.000000000000e+00 0.000000000000e+00 0.000000000000e+00 0.000000000000e+00 
9.300000000000e+00 3.965832536882e-02 -1.606923687402e-03 3.977267730200e-03 1.466845773274e+05 1.396725175673e+05 1.076405758522e+05 4.248384341147e+03 6.166770663240e+02 2.600000000000e+06 0.000000000000e+00 -8.752000000000e-01 -8.752000000000e-01 0.000000000000e+00 0.000000000000e+00 0.000000000000e+00 -0.000000000000e+00 8.794473759448e-02 0.000000000000e+00 0.000000000000e+00 0.000000000000e+00 0.000000000000e+00 0.000000000000e+00 0.000000000000e+00 
9.305000000000e+00 3.963903099298e-02 -1.754117033275e-03 3.795816101226e-03 1.465203765558e+05 1.395155546251e+05 1.076051017623e+05 4.248872712089e+03 6.165888446476e+02 2.600000000000e+06 0.000000000000e+00 -8.752000000000e-01 -8.752000000000e-01 0.000000000000e+00 0.000000000000e+00 0.000000000000e+00 -0.000000000000e+00 8.790237747604e-02 0.000000000000e+00 0.000000000000e+00 0.000000000000e+00 0.000000000000e+00 0.000000000000e+00 0.000000000000e+00 
9.310000000000e+00 3.962071416425e-02 -1.834341739927e-03 3.588791832565e-03 1.463699989097e+05 1.393663630194e+05 1.075715699975e+05 4.249335891298e+03 6.165064717768e+02 2.600000000000e+06 0.000000000000e+00 -8.752000000000e-01 -8.752000000000e-01 0.000000000000e+00 0.000000000000e+00 0.000000000000e+00 -0.000000000000e+00 8.786206318174e-02 0.000000000000e+00 0.000000000000e+00 0.000000000000e+00 0.000000000000e+00 0.000000000000e+00 0.000000000000e+00 
9.315000000000e+00 3.960345388549e-02 -1.869132370665e-03 3.373398376185e-03 1.462315198488e+05 1.392256153370e+05 1.075401011728e+05 4.249772238748e+03 6.164300758303e+02 2.600000000000e+06 0.000000000000e+00 -8.752000000000e-01 -8.752000000000e-01 0.000000000000e+00 0.000000000000e+00 0.000000000000e+00 -0.000000000000e+00 8.782399166012e-02 0.000000000000e+00 0.000000000000e+00 0.000000000000e+00 0.000000000000e+00 0.000000000000e+00 0.000000000000e+00 
9.320000000000e+00 3.958725019952e-02 -1.877708155600e-03 3.164374652075e-03 1.461026082674e+05 1.390933405392e+05 1.075106719951e+05 4.250182071601e+03 6.163594355188e+02 2.600000000000e+06 0.000000000000e+00 -8.752000000000e-01 -8.752000000000e-01 0.000000000000e+00 0.000000000000e+00 0.000000000000e+00 -0.000000000000e+00 8.778818422185e-02 0.000000000000e+00 0.000000000000e+00 0.000000000000e+00 0.000000000000e+00 0.000000000000e+00 0.000000000000e+00 
9.325000000000e+00 3.957203883443e-02 -1.875948709338e-03 2.972916626364e-03 1.459808458059e+05 1.389690400917e+05 1.074831445472e+05 4.250567268515e+03 6.162940696147e+02 2.600000000000e+06 0.000000000000e+00 -8.752000000000e-01 -8.752000000000e-01 0.000000000000e+00 0.000000000000e+00 0.000000000000e+00 -0.000000000000e+00 8.775451905365e-02 0.000000000000e+00 0.000000000000e+00 0.000000000000e+00 0.000000000000e+00 0.000000000000e+00 0.000000000000e+00 
9.330000000000e+00 3.955771146937e-02 -1.876087784712e-03 2.806658515314e-03 1.458639346799e+05 1.388518513711e+05 1.074573046464e+05 4.250930754544e+03 6.162333401770e+02 2.600000000000e+06 0.000000000000e+00 -8.752000000000e-01 -8.752000000000e-01 0.000000000000e+00 0.000000000000e+00 0.000000000000e+00 -0.000000000000e+00 8.772277354265e-02 0.000000000000e+00 0.000000000000e+00 0.000000000000e+00 0.000000000000e+00 0.000000000000e+00 0.000000000000e+00 
9.335000000000e+00 3.954412326563e-02 -1.889427864542e-03 2.672655744783e-03 1.457493014125e+05 1.387406080806e+05 1.074328763012e+05 4.251276390811e+03 6.161764929047e+02 2.600000000000e+06 0.000000000000e+00 -8.752000000000e-01 -8.752000000000e-01 0.000000000000e+00 0.000000000000e+00 0.000000000000e+00 -0.000000000000e+00 8.769264213026e-02 0.000000000000e+00 0.000000000000e+00 0.000000000000e+00 0.000000000000e+00 0.000000000000e+00 0.000000000000e+00 
9.340000000000e+00 3.953110040079e-02 -1.924782278941e-03 2.575777610954e-03 1.456344277160e+05 1.386339012139e+05 1.074095357622e+05 4.251608739343e+03 6.161226935769e+02 2.600000000000e+06 0.000000000000e+00 -8.752000000000e-01 -8.752000000000e-01 0.000000000000e+00 0.000000000000e+00 0.000000000000e+00 -0.000000000000e+00 8.766375287276e-02 0.000000000000e+00 0.000000000000e+00 0.000000000000e+00 0.000000000000e+00 0.000000000000e+00 0.000000000000e+00 
9.345000000000e+00 3.951844725380e-02 -1.989710556156e-03 2.519970073457e-03 1.455167224440e+05 1.385301375271e+05 1.073869246611e+05 4.251932913166e+03 6.160710603171e+02 2.600000000000e+06 0.000000000000e+00 -8.752000000000e-01 -8.752000000000e-01 0.000000000000e+00 0.000000000000e+00 0.000000000000e+00 -0.000000000000e+00 8.763568382185e-02 0.000000000000e+00 0.000000000000e+00 0.000000000000e+00 0.000000000000e+00 0.000000000000e+00 0.000000000000e+00 
9.350000000000e+00 3.950595541040e-02 -2.089092102731e-03 2.506611081783e-03 1.453938730655e+05 1.384276131827e+05 1.073646662163e+05 4.252254300652e+03 6.160207014962e+02 2.600000000000e+06 0.000000000000e+00 -8.752000000000e-01 -8.752000000000e-01 0.000000000000e+00 0.000000000000e+00 0.000000000000e+00 -0.000000000000e+00 8.760798317032e-02 0.000000000000e+00 0.000000000000e+00 0.000000000000e+00 0.000000000000e+00 0.000000000000e+00 0.000000000000e+00 
9.355000000000e+00 3.949341317430e-02 -2.226216418099e-03 2.535898887208e-03 1.452637205106e+05 1.383245917474e+05 1.073423821859e+05 4.252578358006e+03 6.159707542002e+02 2.600000000000e+06 0.000000000000e+00 -8.752000000000e-01 -8.752000000000e-01 0.000000000000e+00 0.000000000000e+00 0.000000000000e+00 -0.000000000000e+00 8.758018974468e-02 0.000000000000e+00 0.000000000000e+00 0.000000000000e+00 0.000000000000e+00 0.000000000000e+00 0.000000000000e+00 
9.360000000000e+00 3.948061609526e-02 -2.400683667885e-03 2.604826881247e-03 1.451246865914e+05 1.382193907123e+05 1.073197114984e+05 4.252910283117e+03 6.159204255068e+02 2.600000000000e+06 0.000000000000e+00 -8.752000000000e-01 -8.752000000000e-01 0.000000000000e+00 0.000000000000e+00 0.000000000000e+00 -0.000000000000e+00 8.755185679090e-02 0.000000000000e+00 0.000000000000e+00 0.000000000000e+00 0.000000000000e+00 0.000000000000e+00 0.000000000000e+00 
9.365000000000e+00 3.946737920888e-02 -2.610613141327e-03 2.709162050663e-03 1.449755823484e+05 1.381104823056e+05 1.072963317473e+05 4.253254752578e+03 6.158690388815e+02 2.600000000000e+06 0.000000000000e+00 -8.752000000000e-01 -8.752000000000e-01 0.000000000000e+00 0.000000000000e+00 0.000000000000e+00 -0.000000000000e+00 8.752257779100e-02 0.000000000000e+00 0.000000000000e+00 0.000000000000e+00 0.000000000000e+00 0.000000000000e+00 0.000000000000e+00 
9.370000000000e+00 3.945353555866e-02 -2.854754410395e-03 2.846266334796e-03 1.448151441465e+05 1.379964816334e+05 1.072719563106e+05 4.253616035119e+03 6.158160259124e+02 2.600000000000e+06 0.000000000000e+00 -8.752000000000e-01 -8.752000000000e-01 0.000000000000e+00 0.000000000000e+00 0.000000000000e+00 -0.000000000000e+00 8.749198400880e-02 0.000000000000e+00 0.000000000000e+00 0.000000000000e+00 0.000000000000e+00 0.000000000000e+00 0.000000000000e+00 
9.375000000000e+00 3.943891848478e-02 -3.135910823460e-03 3.018233463179e-03 1.446413555603e+05 1.378760007879e+05 1.072463031528e+05 4.253998534002e+03 6.157608584393e+02 2.600000000000e+06 0.000000000000e+00 -8.752000000000e-01 -8.752000000000e-01 0.000000000000e+00 0.000000000000e+00 0.000000000000e+00 -0.000000000000e+00 8.745970691766e-02 0.000000000000e+00 0.000000000000e+00 0.000000000000e+00 0.000000000000e+00 0.000000000000e+00 0.000000000000e+00 
9.380000000000e+00 3.942334157043e-02 -3.459608573172e-03 3.229908992927e-03 1.444515594783e+05 1.377474826882e+05 1.072190602358e+05 4.254407254461e+03 6.157029787555e+02 2.600000000000e+06 0.000000000000e+00 -8.752000000000e-01 -8.752000000000e-01 0.000000000000e+00 0.000000000000e+00 0.000000000000e+00 -0.000000000000e+00 8.742533482966e-02 0.000000000000e+00 0.000000000000e+00 0.000000000000e+00 0.000000000000e+00 0.000000000000e+00 0.000000000000e+00 
9.385000000000e+00 3.940659190617e-02 -3.833225242381e-03 3.487264262337e-03 1.442426474979e+05 1.376091437472e+05 1.071898749966e+05 4.254847938825e+03 6.156417867743e+02 2.600000000000e+06 0.000000000000e+00 -8.752000000000e-01 -8.752000000000e-01 0.000000000000e+00 0.000000000000e+00 0.000000000000e+00 -0.000000000000e+00 8.738839879047e-02 0.000000000000e+00 0.000000000000e+00 0.000000000000e+00 0.000000000000e+00 0.000000000000e+00 0.000000000000e+00 
9.390000000000e+00 3.938841277762e-02 -4.270542088087e-03 3.802533014281e-03 1.440100638638e+05 1.374588282679e+05 1.071583260511e+05 4.255327660786e+03 6.155765948961e+02 2.600000000000e+06 0.000000000000e+00 -8.752000000000e-01 -8.752000000000e-01 0.000000000000e+00 0.000000000000e+00 0.000000000000e+00 -0.000000000000e+00 8.734833415436e-02 0.000000000000e+00 0.000000000000e+00 0.000000000000e+00 0.000000000000e+00 0.000000000000e+00 0.000000000000e+00 
9.395000000000e+00 3.936844601277e-02 -4.801993221304e-03 4.204895932778e-03 1.437455133518e+05 1.372935269981e+05 1.071238265370e+05 4.255856622030e+03 6.155064541593e+02 2.600000000000e+06 0.000000000000e+00 -8.752000000000e-01 -8.752000000000e-01 0.000000000000e+00 0.000000000000e+00 0.000000000000e+00 -0.000000000000e+00 8.730435559847e-02 0.000000000000e+00 0.000000000000e+00 0.000000000000e+00 0.000000000000e+00 0.000000000000e+00 0.000000000000e+00 
9.400000000000e+00 3.934610665300e-02 -5.487871499445e-03 4.753214325564e-03 1.434336491875e+05 1.371083291464e+05 1.070854150529e+05 4.256451778235e+03 6.154297864565e+02 2.600000000000e+06 0.000000000000e+00 -8.752000000000e-01 -8.752000000000e-01 0.000000000000e+00 0.000000000000e+00 0.000000000000e+00 -0.000000000000e+00 8.725518469974e-02 0.000000000000e+00 0.000000000000e+00 0.000000000000e+00 0.000000000000e+00 0.000000000000e+00 0.000000000000e+00 
9.405000000000e+00 3.932044505626e-02 -6.416990236512e-03 5.531422888995e-03 1.430513857367e+05 1.368952572045e+05 1.070415343219e+05 4.257140357919e+03 6.153440640030e+02 2.600000000000e+06 0.000000000000e+00 -8.752000000000e-01 -8.752000000000e-01 0.000000000000e+00 0.000000000000e+00 0.000000000000e+00 -0.000000000000e+00 8.719874691961e-02 0.000000000000e+00 0.000000000000e+00 0.000000000000e+00 0.000000000000e+00 0.000000000000e+00 0.000000000000e+00 
9.410000000000e+00 3.929003650885e-02 -7.699687858243e-03 6.643705900998e-03 1.425674991659e+05 1.366423099858e+05 1.069898711093e+05 4.257962714001e+03 6.152457187820e+02 2.600000000000e+06 0.000000000000e+00 -8.752000000000e-01 -8.752000000000e-01 0.000000000000e+00 0.000000000000e+00 0.000000000000e+00 -0.000000000000e+00 8.713192717402e-02 0.000000000000e+00 0.000000000000e+00 0.000000000000e+00 0.000000000000e+00 0.000000000000e+00 0.000000000000e+00 
9.415000000000e+00 3.925292082933e-02 -9.460625670656e-03 8.195603963018e-03 1.419449498892e+05 1.363328919647e+05 1.069273013166e+05 4.258973569678e+03 6.151304111821e+02 2.600000000000e+06 0.000000000000e+00 -8.752000000000e-01 -8.752000000000e-01 0.000000000000e+00 0.000000000000e+00 0.000000000000e+00 -0.000000000000e+00 8.705043547230e-02 0.000000000000e+00 0.000000000000e+00 0.000000000000e+00 0.000000000000e+00 0.000000000000e+00 0.000000000000e+00 
9.420000000000e+00 3.920674149909e-02 -1.177808465360e-02 1.023646828371e-02 1.411513967195e+05 1.359468687115e+05 1.068501957396e+05 4.260237099886e+03 6.149941576235e+02 2.600000000000e+06 0.000000000000e+00 -8.752000000000e-01 -8.752000000000e-01 0.000000000000e+00 0.000000000000e+00 0.000000000000e+00 -0.000000000000e+00 8.694912417247e-02 0.000000000000e+00 0.000000000000e+00 0.000000000000e+00 0.000000000000e+00 0.000000000000e+00 0.000000000000e+00 
9.425000000000e+00 3.914918364827e-02 -1.463242528137e-02 1.270747290254e-02 1.401719087228e+05 1.354641007467e+05 1.067552341876e+05 4.261814377420e+03 6.148354379533e+02 2.600000000000e+06 0.000000000000e+00 -8.752000000000e-01 -8.752000000000e-01 0.000000000000e+00 0.000000000000e+00 0.000000000000e+00 -0.000000000000e+00 8.682293772872e-02 0.000000000000e+00 0.000000000000e+00 0.000000000000e+00 0.000000000000e+00 0.000000000000e+00 0.000000000000e+00 
9.430000000000e+00 3.907860363628e-02 -1.786056754518e-02 1.541051841020e-02 1.390204560818e+05 1.348696292455e+05 1.066404970609e+05 4.263746208057e+03 6.146574663747e+02 2.600000000000e+06 0.000000000000e+00 -8.752000000000e-01 -8.752000000000e-01 0.000000000000e+00 0.000000000000e+00 0.000000000000e+00 -0.000000000000e+00 8.666826581059e-02 0.000000000000e+00 0.000000000000e+00 0.000000000000e+00 0.000000000000e+00 0.000000000000e+00 0.000000000000e+00 
9.435000000000e+00 3.899475729916e-02 -2.112533470947e-02 1.799686719662e-02 1.377495567211e+05 1.341598482750e+05 1.065066028795e+05 4.266033458635e+03 6.144696060129e+02 2.600000000000e+06 0.000000000000e+00 -8.752000000000e-01 -8.752000000000e-01 0.000000000000e+00 0.000000000000e+00 0.000000000000e+00 -0.000000000000e+00 8.648451841030e-02 0.000000000000e+00 0.000000000000e+00 0.000000000000e+00 0.000000000000e+00 0.000000000000e+00 0.000000000000e+00 
9.440000000000e+00 3.889957503737e-02 -2.392366867672e-02 1.997122466441e-02 1.364583094899e+05 1.333493717696e+05 1.063577195257e+05 4.268615774883e+03 6.142869197146e+02 2.600000000000e+06 0.000000000000e+00 -8.752000000000e-01 -8.752000000000e-01 0.000000000000e+00 0.000000000000e+00 0.000000000000e+00 -0.000000000000e+00 8.627583079915e-02 0.000000000000e+00 0.000000000000e+00 0.000000000000e+00 0.000000000000e+00 0.000000000000e+00 0.000000000000e+00 
9.445000000000e+00 3.879732553086e-02 -2.578132793768e-02 2.091694926043e-02 1.352583729712e+05 1.324730643877e+05 1.062013945555e+05 4.271371721658e+03 6.141263104682e+02 2.600000000000e+06 0.000000000000e+00 -8.752000000000e-01 -8.752000000000e-01 0.000000000000e+00 0.000000000000e+00 0.000000000000e+00 -0.000000000000e+00 8.605142316279e-02 0.000000000000e+00 0.000000000000e+00 0.000000000000e+00 0.000000000000e+00 0.000000000000e+00 0.000000000000e+00 
9.450000000000e+00 3.869374917537e-02 -2.641110005029e-02 2.065410505045e-02 1.342394248186e+05 1.315793639030e+05 1.060467731428e+05 4.274144487871e+03 6.140006125012e+02 2.600000000000e+06 0.000000000000e+00 -8.752000000000e-01 -8.752000000000e-01 0.000000000000e+00 0.000000000000e+00 0.000000000000e+00 -0.000000000000e+00 8.582374929356e-02 0.000000000000e+00 0.000000000000e+00 0.000000000000e+00 0.000000000000e+00 0.000000000000e+00 0.000000000000e+00 
9.455000000000e+00 3.859449047557e-02 -2.585803833929e-02 1.934898590618e-02 1.334342696159e+05 1.307171814031e+05 1.059020437431e+05 4.276786183977e+03 6.139144852602e+02 2.600000000000e+06 0.000000000000e+00 -8.752000000000e-01 -8.752000000000e-01 0.000000000000e+00 0.000000000000e+00 0.000000000000e+00 -0.000000000000e+00 8.560507962203e-02 0.000000000000e+00 0.000000000000e+00 0.000000000000e+00 0.000000000000e+00 0.000000000000e+00 0.000000000000e+00 
9.460000000000e+00 3.850383251741e-02 -2.436848920962e-02 1.733594426372e-02 1.328338177851e+05 1.299247595815e+05 1.057727395784e+05 4.279187676327e+03 6.138646876975e+02 2.600000000000e+06 0.000000000000e+00 -8.752000000000e-01 -8.752000000000e-01 0.000000000000e+00 0.000000000000e+00 0.000000000000e+00 -0.000000000000e+00 8.540478431285e-02 0.000000000000e+00 0.000000000000e+00 0.000000000000e+00 0.000000000000e+00 0.000000000000e+00 0.000000000000e+00 
9.465000000000e+00 3.842424746235e-02 -2.227666811534e-02 1.498149720029e-02 1.324042053608e+05 1.292252003189e+05 1.056614538064e+05 4.281288414213e+03 6.138433374557e+02 2.600000000000e+06 0.000000000000e+00 -8.752000000000e-01 -8.752000000000e-01 0.000000000000e+00 0.000000000000e+00 0.000000000000e+00 -0.000000000000e+00 8.522833937609e-02 0.000000000000e+00 0.000000000000e+00 0.000000000000e+00 0.000000000000e+00 0.000000000000e+00 0.000000000000e+00 
9.470000000000e+00 3.835654402609e-02 -1.990151276597e-02 1.258568713280e-02 1.321045810860e+05 1.286271740726e+05 1.055683917327e+05 4.283071039017e+03 6.138414103531e+02 2.600000000000e+06 0.000000000000e+00 -8.752000000000e-01 -8.752000000000e-01 0.000000000000e+00 0.000000000000e+00 0.000000000000e+00 -0.000000000000e+00 8.507763041982e-02 0.000000000000e+00 0.000000000000e+00 0.000000000000e+00 0.000000000000e+00 0.000000000000e+00 0.000000000000e+00 
9.475000000000e+00 3.830037284755e-02 -1.748440892753e-02 1.033696156730e-02 1.319000983885e+05 1.281289719170e+05 1.054922876078e+05 4.284547198223e+03 6.138510076002e+02 2.600000000000e+06 0.000000000000e+00 -8.752000000000e-01 -8.752000000000e-01 0.000000000000e+00 0.000000000000e+00 0.000000000000e+00 -0.000000000000e+00 8.495202873384e-02 0.000000000000e+00 0.000000000000e+00 0.000000000000e+00 0.000000000000e+00 0.000000000000e+00 0.000000000000e+00 
9.480000000000e+00 3.825467891257e-02 -1.518395991824e-02 8.340610528141e-03 1.317621872246e+05 1.277223243888e+05 1.054311094888e+05 4.285746309639e+03 6.138662309695e+02 2.600000000000e+06 0.000000000000e+00 -8.752000000000e-01 -8.752000000000e-01 0.000000000000e+00 0.000000000000e+00 0.000000000000e+00 -0.000000000000e+00 8.484934109686e-02 0.000000000000e+00 0.000000000000e+00 0.000000000000e+00 0.000000000000e+00 0.000000000000e+00 0.000000000000e+00 
9.485000000000e+00 3.821807368212e-02 -1.309880765017e-02 6.639935497302e-03 1.316690783919e+05 1.273956692606e+05 1.053825681189e+05 4.286705978846e+03 6.138831878885e+02 2.600000000000e+06 0.000000000000e+00 -8.752000000000e-01 -8.752000000000e-01 0.000000000000e+00 0.000000000000e+00 0.000000000000e+00 -0.000000000000e+00 8.476662576173e-02 0.000000000000e+00 0.000000000000e+00 0.000000000000e+00 0.000000000000e+00 0.000000000000e+00 0.000000000000e+00 
9.490000000000e+00 3.818905991115e-02 -1.127993235141e-02 5.242899093006e-03 1.316037889662e+05 1.271361930984e+05 1.053443870631e+05 4.287466449067e+03 6.138996179076e+02 2.600000000000e+06 0.000000000000e+00 -8.752000000000e-01 -8.752000000000e-01 0.000000000000e+00 0.000000000000e+00 0.000000000000e+00 -0.000000000000e+00 8.470067588184e-02 0.000000000000e+00 0.000000000000e+00 0.000000000000e+00 0.000000000000e+00 0.000000000000e+00 0.000000000000e+00 
9.495000000000e+00 3.816618615674e-02 -9.740525003674e-03 4.129250446653e-03 1.315545708246e+05 1.269312751544e+05 1.053144677881e+05 4.288066388413e+03 6.139144251875e+02 2.600000000000e+06 0.000000000000e+00 -8.752000000000e-01 -8.752000000000e-01 0.000000000000e+00 0.000000000000e+00 0.000000000000e+00 -0.000000000000e+00 8.464836090515e-02 0.000000000000e+00 0.000000000000e+00 0.000000000000e+00 0.000000000000e+00 0.000000000000e+00 0.000000000000e+00 
9.500000000000e+00 3.814814841957e-02 -8.467683580052e-03 3.264228620511e-03 1.315136793321e+05 1.267694613265e+05 1.052909865292e+05 4.288540322932e+03 6.139272501153e+02 2.600000000000e+06 0.000000000000e+00 -8.752000000000e-01 -8.752000000000e-01 0.000000000000e+00 0.000000000000e+00 0.000000000000e+00 -0.000000000000e+00 8.460684106811e-02 0.000000000000e+00 0.000000000000e+00 0.000000000000e+00 0.000000000000e+00 0.000000000000e+00 0.000000000000e+00 
9.505000000000e+00 3.813381857935e-02 -7.436761478619e-03 2.609749316128e-03 1.314757868576e+05 1.266407719450e+05 1.052724025267e+05 4.288918048204e+03 6.139381580913e+02 2.600000000000e+06 0.000000000000e+00 -8.752000000000e-01 -8.752000000000e-01 0.000000000000e+00 0.000000000000e+00 0.000000000000e+00 -0.000000000000e+00 8.457366463332e-02 0.000000000000e+00 0.000000000000e+00 0.000000000000e+00 0.000000000000e+00 0.000000000000e+00 0.000000000000e+00 
9.510000000000e+00 3.812224679091e-02 -6.618470139927e-03 2.130627499831e-03 1.314369517861e+05 1.265367616558e+05 1.052574406980e+05 4.289224654702e+03 6.139474303074e+02 2.600000000000e+06 0.000000000000e+00 -8.752000000000e-01 -8.752000000000e-01 0.000000000000e+00 0.000000000000e+00 0.000000000000e+00 -0.000000000000e+00 8.454675518823e-02 0.000000000000e+00 0.000000000000e+00 0.000000000000e+00 0.000000000000e+00 0.000000000000e+00 0.000000000000e+00 
9.515000000000e+00 3.811264754881e-02 -5.982614097698e-03 1.795214737522e-03 1.313943558939e+05 1.264504202921e+05 1.052450599404e+05 4.289480875124e+03 6.139554357144e+02 2.600000000000e+06 0.000000000000e+00 -8.752000000000e-01 -8.752000000000e-01 0.000000000000e+00 0.000000000000e+00 0.000000000000e+00 -0.000000000000e+00 8.452438195039e-02 0.000000000000e+00 0.000000000000e+00 0.000000000000e+00 0.000000000000e+00 0.000000000000e+00 0.000000000000e+00 
9.520000000000e+00 3.810438009314e-02 -5.501994215737e-03 1.577218513204e-03 1.313457882990e+05 1.263760135576e+05 1.052344191042e+05 4.289703642001e+03 6.139625581156e+02 2.600000000000e+06 0.000000000000e+00 -8.752000000000e-01 -8.752000000000e-01 0.000000000000e+00 0.000000000000e+00 0.000000000000e+00 -0.000000000000e+00 8.450512533836e-02 0.000000000000e+00 0.000000000000e+00 0.000000000000e+00 0.000000000000e+00 0.000000000000e+00 0.000000000000e+00 
9.525000000000e+00 3.809692551718e-02 -5.150684724181e-03 1.453209911501e-03 1.312898213662e+05 1.263088875611e+05 1.052248421113e+05 4.289906628969e+03 6.139691605866e+02 2.600000000000e+06 0.000000000000e+00 -8.752000000000e-01 -8.752000000000e-01 0.000000000000e+00 0.000000000000e+00 0.000000000000e+00 -0.000000000000e+00 8.448782877739e-02 0.000000000000e+00 0.000000000000e+00 0.000000000000e+00 0.000000000000e+00 0.000000000000e+00 0.000000000000e+00 
9.530000000000e+00 3.808986714826e-02 -4.907354401150e-03 1.405332555592e-03 1.312251499483e+05 1.262452985413e+05 1.052157894933e+05 4.290100857213e+03 6.139755695755e+02 2.600000000000e+06 0.000000000000e+00 -8.752000000000e-01 -8.752000000000e-01 0.000000000000e+00 0.000000000000e+00 0.000000000000e+00 -0.000000000000e+00 8.447155693969e-02 0.000000000000e+00 0.000000000000e+00 0.000000000000e+00 0.000000000000e+00 0.000000000000e+00 0.000000000000e+00 
9.535000000000e+00 3.808287323601e-02 -4.753360899028e-03 1.418798642945e-03 1.311508304664e+05 1.261822607053e+05 1.052068342589e+05 4.290295096593e+03 6.139820708957e+02 2.600000000000e+06 0.000000000000e+00 -8.752000000000e-01 -8.752000000000e-01 0.000000000000e+00 0.000000000000e+00 0.000000000000e+00 -0.000000000000e+00 8.445555264135e-02 0.000000000000e+00 0.000000000000e+00 0.000000000000e+00 0.000000000000e+00 0.000000000000e+00 0.000000000000e+00 
9.540000000000e+00 3.807567487536e-02 -4.673680971691e-03 1.481632267180e-03 1.310660949876e+05 1.261173494342e+05 1.051976325146e+05 4.290496465769e+03 6.139889188854e+02 2.600000000000e+06 0.000000000000e+00 -8.752000000000e-01 -8.752000000000e-01 0.000000000000e+00 0.000000000000e+00 0.000000000000e+00 -0.000000000000e+00 8.443920404210e-02 0.000000000000e+00 0.000000000000e+00 0.000000000000e+00 0.000000000000e+00 0.000000000000e+00 0.000000000000e+00 
9.545000000000e+00 3.806805561832e-02 -4.655246922410e-03 1.583480904870e-03 1.309704428512e+05 1.260486087872e+05 1.051879095844e+05 4.290710684240e+03 6.139963401487e+02 2.600000000000e+06 0.000000000000e+00 -8.752000000000e-01 -8.752000000000e-01 0.000000000000e+00 0.000000000000e+00 0.000000000000e+00 -0.000000000000e+00 8.442201922463e-02 0.000000000000e+00 0.000000000000e+00 0.000000000000e+00 0.000000000000e+00 0.000000000000e+00 0.000000000000e+00 
9.550000000000e+00 3.805984658498e-02 -4.686772690381e-03 1.715399678296e-03 1.308636261545e+05 1.259745081140e+05 1.051774534012e+05 4.290942200327e+03 6.140045345438e+02 2.600000000000e+06 0.000000000000e+00 -8.752000000000e-01 -8.752000000000e-01 0.000000000000e+00 0.000000000000e+00 0.000000000000e+00 -0.000000000000e+00 8.440361188304e-02 0.000000000000e+00 0.000000000000e+00 0.000000000000e+00 0.000000000000e+00 0.000000000000e+00 0.000000000000e+00 
9.555000000000e+00 3.805091959765e-02 -4.758609677224e-03 1.869794412143e-03 1.307455884770e+05 1.258938806186e+05 1.051661054817e+05 4.291194378906e+03 6.140136791845e+02 2.600000000000e+06 0.000000000000e+00 -8.752000000000e-01 -8.752000000000e-01 0.000000000000e+00 0.000000000000e+00 0.000000000000e+00 -0.000000000000e+00 8.438368643068e-02 0.000000000000e+00 0.000000000000e+00 0.000000000000e+00 0.000000000000e+00 0.000000000000e+00 0.000000000000e+00 
9.560000000000e+00 3.804118164767e-02 -4.862003864666e-03 2.039858496916e-03 1.306165026437e+05 1.258058738459e+05 1.051537536511e+05 4.291469638049e+03 6.140239316502e+02 2.600000000000e+06 0.000000000000e+00 -8.752000000000e-01 -8.752000000000e-01 0.000000000000e+00 0.000000000000e+00 0.000000000000e+00 -0.000000000000e+00 8.436202594069e-02 0.000000000000e+00 0.000000000000e+00 0.000000000000e+00 0.000000000000e+00 0.000000000000e+00 0.000000000000e+00 
9.565000000000e+00 3.803057140586e-02 -4.989362574185e-03 2.219662096463e-03 1.304767200938e+05 1.257099186318e+05 1.051403273631e+05 4.291769547335e+03 6.140354310739e+02 2.600000000000e+06 0.000000000000e+00 -8.752000000000e-01 -8.752000000000e-01 0.000000000000e+00 0.000000000000e+00 0.000000000000e+00 -0.000000000000e+00 8.433848434364e-02 0.000000000000e+00 0.000000000000e+00 0.000000000000e+00 0.000000000000e+00 0.000000000000e+00 0.000000000000e+00 
9.570000000000e+00 3.801905510507e-02 -5.133914983079e-03 2.403800849597e-03 1.303267879568e+05 1.256056924410e+05 1.051257921925e+05 4.292094930994e+03 6.140482995746e+02 2.600000000000e+06 0.000000000000e+00 -8.752000000000e-01 -8.752000000000e-01 0.000000000000e+00 0.000000000000e+00 0.000000000000e+00 -0.000000000000e+00 8.431297733947e-02 0.000000000000e+00 0.000000000000e+00 0.000000000000e+00 0.000000000000e+00 0.000000000000e+00 0.000000000000e+00 
9.575000000000e+00 3.800662497793e-02 -5.289296908788e-03 2.587314070128e-03 1.301674473018e+05 1.254931059054e+05 1.051101475157e+05 4.292445907453e+03 6.140626404571e+02 2.600000000000e+06 0.000000000000e+00 -8.752000000000e-01 -8.752000000000e-01 0.000000000000e+00 0.000000000000e+00 0.000000000000e+00 -0.000000000000e+00 8.428547865458e-02 0.000000000000e+00 0.000000000000e+00 0.000000000000e+00 0.000000000000e+00 0.000000000000e+00 0.000000000000e+00 
9.580000000000e+00 3.799329649024e-02 -5.449656599413e-03 2.765681100271e-03 1.299996058536e+05 1.253722785877e+05 1.050934226145e+05 4.292821964303e+03 6.140785371568e+02 2.600000000000e+06 0.000000000000e+00 -8.752000000000e-01 -8.752000000000e-01 0.000000000000e+00 0.000000000000e+00 0.000000000000e+00 -0.000000000000e+00 8.425601485798e-02 0.000000000000e+00 0.000000000000e+00 0.000000000000e+00 0.000000000000e+00 0.000000000000e+00 0.000000000000e+00 
9.585000000000e+00 3.797910641073e-02 -5.609671728890e-03 2.934904028125e-03 1.298243047804e+05 1.252435224078e+05 1.050756737911e+05 4.293222012269e+03 6.140960508060e+02 2.600000000000e+06 0.000000000000e+00 -8.752000000000e-01 -8.752000000000e-01 0.000000000000e+00 0.000000000000e+00 0.000000000000e+00 -0.000000000000e+00 8.422466035064e-02 0.000000000000e+00 0.000000000000e+00 0.000000000000e+00 0.000000000000e+00 0.000000000000e+00 0.000000000000e+00 
9.590000000000e+00 3.796410913648e-02 -5.764749724158e-03 3.091759934016e-03 1.296426387422e+05 1.251073093004e+05 1.050569792804e+05 4.293644492455e+03 6.141152197137e+02 2.600000000000e+06 0.000000000000e+00 -8.752000000000e-01 -8.752000000000e-01 0.000000000000e+00 0.000000000000e+00 0.000000000000e+00 -0.000000000000e+00 8.419152922156e-02 0.000000000000e+00 0.000000000000e+00 0.000000000000e+00 0.000000000000e+00 0.000000000000e+00 0.000000000000e+00 
9.595000000000e+00 3.794837380279e-02 -5.910800928623e-03 3.233493163760e-03 1.294557783154e+05 1.249642459517e+05 1.050374351672e+05 4.294087446014e+03 6.141360581196e+02 2.600000000000e+06 0.000000000000e+00 -8.752000000000e-01 -8.752000000000e-01 0.000000000000e+00 0.000000000000e+00 0.000000000000e+00 -0.000000000000e+00 8.415676886748e-02 0.000000000000e+00 0.000000000000e+00 0.000000000000e+00 0.000000000000e+00 0.000000000000e+00 0.000000000000e+00 
9.600000000000e+00 3.793198140583e-02 -6.044431306080e-03 3.358027868448e-03 1.292649047138e+05 1.248150485896e+05 1.050171513580e+05 4.294548598343e+03 6.141585553141e+02 2.600000000000e+06 0.000000000000e+00 -8.752000000000e-01 -8.752000000000e-01 0.000000000000e+00 0.000000000000e+00 0.000000000000e+00 -0.000000000000e+00 8.412055359963e-02 0.000000000000e+00 0.000000000000e+00 0.000000000000e+00 0.000000000000e+00 0.000000000000e+00 0.000000000000e+00 
9.605000000000e+00 3.791502152518e-02 -6.162920805554e-03 3.463916782733e-03 1.290711846600e+05 1.246605140152e+05 1.049962471210e+05 4.295025447273e+03 6.141826759512e+02 2.600000000000e+06 0.000000000000e+00 -8.752000000000e-01 -8.752000000000e-01 0.000000000000e+00 0.000000000000e+00 0.000000000000e+00 -0.000000000000e+00 8.408307741371e-02 0.000000000000e+00 0.000000000000e+00 0.000000000000e+00 0.000000000000e+00 0.000000000000e+00 0.000000000000e+00 
9.610000000000e+00 3.789758871535e-02 -6.264422693817e-03 3.550546929768e-03 1.288756982123e+05 1.245014874330e+05 1.049748463139e+05 4.295515368237e+03 6.142083618059e+02 2.600000000000e+06 0.000000000000e+00 -8.752000000000e-01 -8.752000000000e-01 0.000000000000e+00 0.000000000000e+00 0.000000000000e+00 -0.000000000000e+00 8.404454602001e-02 0.000000000000e+00 0.000000000000e+00 0.000000000000e+00 0.000000000000e+00 0.000000000000e+00 0.000000000000e+00 
9.615000000000e+00 3.787977852070e-02 -6.347876261226e-03 3.617987159738e-03 1.286794229674e+05 1.243388265987e+05 1.049530722721e+05 4.296015720368e+03 6.142355353495e+02 2.600000000000e+06 0.000000000000e+00 -8.752000000000e-01 -8.752000000000e-01 0.000000000000e+00 0.000000000000e+00 0.000000000000e+00 -0.000000000000e+00 8.400516803858e-02 0.000000000000e+00 0.000000000000e+00 0.000000000000e+00 0.000000000000e+00 0.000000000000e+00 0.000000000000e+00 
9.620000000000e+00 3.786168460576e-02 -6.412977045560e-03 3.666919734165e-03 1.284832155129e+05 1.241733758772e+05 1.049310441969e+05 4.296523924387e+03 6.142641030211e+02 2.600000000000e+06 0.000000000000e+00 -8.752000000000e-01 -8.752000000000e-01 0.000000000000e+00 0.000000000000e+00 0.000000000000e+00 -0.000000000000e+00 8.396514864677e-02 0.000000000000e+00 0.000000000000e+00 0.000000000000e+00 0.000000000000e+00 0.000000000000e+00 0.000000000000e+00 
9.625000000000e+00 3.784339512998e-02 -6.460290145594e-03 3.698770658797e-03 1.282877512223e+05 1.240059331331e+05 1.049088727462e+05 4.297037567875e+03 6.142939609589e+02 2.600000000000e+06 0.000000000000e+00 -8.752000000000e-01 -8.752000000000e-01 0.000000000000e+00 0.000000000000e+00 0.000000000000e+00 -0.000000000000e+00 8.392468154572e-02 0.000000000000e+00 0.000000000000e+00 0.000000000000e+00 0.000000000000e+00 0.000000000000e+00 0.000000000000e+00 
9.630000000000e+00 3.782498972169e-02 -6.491071708612e-03 3.715474944858e-03 1.280935319570e+05 1.238372218166e+05 1.048866564887e+05 4.297554484003e+03 6.143250011664e+02 2.600000000000e+06 0.000000000000e+00 -8.752000000000e-01 -8.752000000000e-01 0.000000000000e+00 0.000000000000e+00 0.000000000000e+00 -0.000000000000e+00 8.388394234062e-02 0.000000000000e+00 0.000000000000e+00 0.000000000000e+00 0.000000000000e+00 0.000000000000e+00 0.000000000000e+00 
9.635000000000e+00 3.780653700051e-02 -6.507239814092e-03 3.719458310056e-03 1.279008627718e+05 1.236678678241e+05 1.048644791341e+05 4.298072821566e+03 6.143571179477e+02 2.600000000000e+06 0.000000000000e+00 -8.752000000000e-01 -8.752000000000e-01 0.000000000000e+00 0.000000000000e+00 0.000000000000e+00 -0.000000000000e+00 8.384308294207e-02 0.000000000000e+00 0.000000000000e+00 0.000000000000e+00 0.000000000000e+00 0.000000000000e+00 0.000000000000e+00 
9.640000000000e+00 3.778809258829e-02 -6.511256225570e-03 3.713494640243e-03 1.277098547383e+05 1.234983806367e+05 1.048424074421e+05 4.298591098191e+03 6.143902144467e+02 2.600000000000e+06 0.000000000000e+00 -8.752000000000e-01 -8.752000000000e-01 0.000000000000e+00 0.000000000000e+00 0.000000000000e+00 -0.000000000000e+00 8.380222710732e-02 0.000000000000e+00 0.000000000000e+00 0.000000000000e+00 0.000000000000e+00 0.000000000000e+00 0.000000000000e+00 
9.645000000000e+00 3.776969740765e-02 -6.506077323483e-03 3.700675204098e-03 1.275204118062e+05 1.233291369372e+05 1.048204895458e+05 4.299108248978e+03 6.144242094007e+02 2.600000000000e+06 0.000000000000e+00 -8.752000000000e-01 -8.752000000000e-01 0.000000000000e+00 0.000000000000e+00 0.000000000000e+00 -0.000000000000e+00 8.376146662708e-02 0.000000000000e+00 0.000000000000e+00 0.000000000000e+00 0.000000000000e+00 0.000000000000e+00 0.000000000000e+00 
9.650000000000e+00 3.775137689476e-02 -6.494894696764e-03 3.684114842798e-03 1.273322719267e+05 1.231603725214e+05 1.047987544103e+05 4.299623642150e+03 6.144590427083e+02 2.600000000000e+06 0.000000000000e+00 -8.752000000000e-01 -8.752000000000e-01 0.000000000000e+00 0.000000000000e+00 0.000000000000e+00 -0.000000000000e+00 8.372085950693e-02 0.000000000000e+00 0.000000000000e+00 0.000000000000e+00 0.000000000000e+00 0.000000000000e+00 0.000000000000e+00 
9.655000000000e+00 3.773314085155e-02 -6.481107775032e-03 3.666993410376e-03 1.271449979660e+05 1.229921800511e+05 1.047772120666e+05 4.300137086332e+03 6.144946799471e+02 2.600000000000e+06 0.000000000000e+00 -8.752000000000e-01 -8.752000000000e-01 0.000000000000e+00 0.000000000000e+00 0.000000000000e+00 -0.000000000000e+00 8.368042952466e-02 0.000000000000e+00 0.000000000000e+00 0.000000000000e+00 0.000000000000e+00 0.000000000000e+00 0.000000000000e+00 
9.660000000000e+00 3.771498344433e-02 -6.468190138894e-03 3.652418705460e-03 1.269580005374e+05 1.228245081542e+05 1.047558540117e+05 4.300648828607e+03 6.145311165629e+02 2.600000000000e+06 0.000000000000e+00 -8.752000000000e-01 -8.752000000000e-01 0.000000000000e+00 0.000000000000e+00 0.000000000000e+00 -0.000000000000e+00 8.364016615428e-02 0.000000000000e+00 0.000000000000e+00 0.000000000000e+00 0.000000000000e+00 0.000000000000e+00 0.000000000000e+00 
9.665000000000e+00 3.769688387584e-02 -6.459555343676e-03 3.643324828463e-03 1.267705619257e+05 1.226571667602e+05 1.047346543869e+05 4.301159534516e+03 6.145683805638e+02 2.600000000000e+06 0.000000000000e+00 -8.752000000000e-01 -8.752000000000e-01 0.000000000000e+00 0.000000000000e+00 0.000000000000e+00 -0.000000000000e+00 8.360002598927e-02 0.000000000000e+00 0.000000000000e+00 0.000000000000e+00 0.000000000000e+00 0.000000000000e+00 0.000000000000e+00 
9.670000000000e+00 3.767880745716e-02 -6.458448936122e-03 3.642382290014e-03 1.265818622719e+05 1.224898361910e+05 1.047135715927e+05 4.301670256973e+03 6.146065340715e+02 2.600000000000e+06 0.000000000000e+00 -8.752000000000e-01 -8.752000000000e-01 0.000000000000e+00 0.000000000000e+00 0.000000000000e+00 -0.000000000000e+00 8.355993491924e-02 0.000000000000e+00 0.000000000000e+00 0.000000000000e+00 0.000000000000e+00 0.000000000000e+00 0.000000000000e+00 
9.675000000000e+00 3.766070713637e-02 -6.467864283392e-03 3.651941013728e-03 1.263910049996e+05 1.223220805577e+05 1.046925503955e+05 4.302182393027e+03 6.146456734933e+02 2.600000000000e+06 0.000000000000e+00 -8.752000000000e-01 -8.752000000000e-01 0.000000000000e+00 0.000000000000e+00 0.000000000000e+00 -0.000000000000e+00 8.351979148096e-02 0.000000000000e+00 0.000000000000e+00 0.000000000000e+00 0.000000000000e+00 0.000000000000e+00 0.000000000000e+00 
9.680000000000e+00 3.764252524016e-02 -6.490433643941e-03 3.673950515462e-03 1.261970484325e+05 1.221533632258e+05 1.046715242351e+05 4.302697633733e+03 6.146859287515e+02 2.600000000000e+06 0.000000000000e+00 -8.752000000000e-01 -8.752000000000e-01 0.000000000000e+00 0.000000000000e+00 0.000000000000e+00 -0.000000000000e+00 8.347947062674e-02 0.000000000000e+00 0.000000000000e+00 0.000000000000e+00 0.000000000000e+00 0.000000000000e+00 0.000000000000e+00 
9.685000000000e+00 3.762419563850e-02 -6.528366850176e-03 3.709926443628e-03 1.259990339979e+05 1.219830663094e+05 1.046504179713e+05 4.303217903144e+03 6.147274610648e+02 2.600000000000e+06 0.000000000000e+00 -8.752000000000e-01 -8.752000000000e-01 0.000000000000e+00 0.000000000000e+00 0.000000000000e+00 -0.000000000000e+00 8.343882841894e-02 0.000000000000e+00 0.000000000000e+00 0.000000000000e+00 0.000000000000e+00 0.000000000000e+00 0.000000000000e+00 
9.690000000000e+00 3.760564591133e-02 -6.583416472349e-03 3.760943882348e-03 1.257960099387e+05 1.218105102976e+05 1.046291505796e+05 4.303745297766e+03 6.147704601681e+02 2.600000000000e+06 0.000000000000e+00 -8.752000000000e-01 -8.752000000000e-01 0.000000000000e+00 0.000000000000e+00 0.000000000000e+00 -0.000000000000e+00 8.339770675422e-02 0.000000000000e+00 0.000000000000e+00 0.000000000000e+00 0.000000000000e+00 0.000000000000e+00 0.000000000000e+00 
9.695000000000e+00 3.758679931880e-02 -6.656901895255e-03 3.827695511183e-03 1.255870419068e+05 1.216349719585e+05 1.046076375724e+05 4.304282033208e+03 6.148151414829e+02 2.600000000000e+06 0.000000000000e+00 -8.752000000000e-01 -8.752000000000e-01 0.000000000000e+00 0.000000000000e+00 0.000000000000e+00 -0.000000000000e+00 8.335593767250e-02 0.000000000000e+00 0.000000000000e+00 0.000000000000e+00 0.000000000000e+00 0.000000000000e+00 0.000000000000e+00 
9.700000000000e+00 3.756757697977e-02 -6.749668403321e-03 3.910430337183e-03 1.253712462153e+05 1.214557042767e+05 1.045857936141e+05 4.304830381301e+03 6.148617423350e+02 2.600000000000e+06 0.000000000000e+00 -8.752000000000e-01 -8.752000000000e-01 0.000000000000e+00 0.000000000000e+00 0.000000000000e+00 -0.000000000000e+00 8.331334813725e-02 0.000000000000e+00 0.000000000000e+00 0.000000000000e+00 0.000000000000e+00 0.000000000000e+00 0.000000000000e+00 
9.705000000000e+00 3.754789958850e-02 -6.862157360305e-03 4.009053480587e-03 1.251477907307e+05 1.212719521843e+05 1.045635345655e+05 4.305392624732e+03 6.149105188174e+02 2.600000000000e+06 0.000000000000e+00 -8.752000000000e-01 -8.752000000000e-01 0.000000000000e+00 0.000000000000e+00 0.000000000000e+00 -0.000000000000e+00 8.326976383187e-02 0.000000000000e+00 0.000000000000e+00 0.000000000000e+00 0.000000000000e+00 0.000000000000e+00 0.000000000000e+00 
9.710000000000e+00 3.752768976272e-02 -6.994239175731e-03 4.123015790667e-03 1.249159384635e+05 1.210829742803e+05 1.045407802000e+05 4.305970987486e+03 6.149617406460e+02 2.600000000000e+06 0.000000000000e+00 -8.752000000000e-01 -8.752000000000e-01 0.000000000000e+00 0.000000000000e+00 0.000000000000e+00 -0.000000000000e+00 8.322501430518e-02 0.000000000000e+00 0.000000000000e+00 0.000000000000e+00 0.000000000000e+00 0.000000000000e+00 0.000000000000e+00 
9.715000000000e+00 3.750687344574e-02 -7.145411667779e-03 4.251507392264e-03 1.246750291937e+05 1.208880558264e+05 1.045174558001e+05 4.306567600685e+03 6.150156878442e+02 2.600000000000e+06 0.000000000000e+00 -8.752000000000e-01 -8.752000000000e-01 0.000000000000e+00 0.000000000000e+00 0.000000000000e+00 -0.000000000000e+00 8.317893609155e-02 0.000000000000e+00 0.000000000000e+00 0.000000000000e+00 0.000000000000e+00 0.000000000000e+00 0.000000000000e+00 
9.720000000000e+00 3.748538143881e-02 -7.314822906468e-03 4.393446946135e-03 1.244244975182e+05 1.206865230514e+05 1.044934938606e+05 4.307184458641e+03 6.150726466794e+02 2.600000000000e+06 0.000000000000e+00 -8.752000000000e-01 -8.752000000000e-01 0.000000000000e+00 0.000000000000e+00 0.000000000000e+00 -0.000000000000e+00 8.313137611881e-02 0.000000000000e+00 0.000000000000e+00 0.000000000000e+00 0.000000000000e+00 0.000000000000e+00 0.000000000000e+00 
9.725000000000e+00 3.746315045467e-02 -7.501315602634e-03 4.547546037077e-03 1.241638730373e+05 1.204777530676e+05 1.044688352133e+05 4.307823390520e+03 6.151329063956e+02 2.600000000000e+06 0.000000000000e+00 -8.752000000000e-01 -8.752000000000e-01 0.000000000000e+00 0.000000000000e+00 0.000000000000e+00 -0.000000000000e+00 8.308219407208e-02 0.000000000000e+00 0.000000000000e+00 0.000000000000e+00 0.000000000000e+00 0.000000000000e+00 0.000000000000e+00 
9.730000000000e+00 3.744012412209e-02 -7.703461118896e-03 4.712336899963e-03 1.238927863771e+05 1.202611834207e+05 1.044434300562e+05 4.308486032134e+03 6.151967556585e+02 2.600000000000e+06 0.000000000000e+00 -8.752000000000e-01 -8.752000000000e-01 0.000000000000e+00 0.000000000000e+00 0.000000000000e+00 -0.000000000000e+00 8.303126460842e-02 0.000000000000e+00 0.000000000000e+00 0.000000000000e+00 0.000000000000e+00 0.000000000000e+00 0.000000000000e+00 
9.735000000000e+00 3.741625369339e-02 -7.919653406039e-03 4.886253078895e-03 1.236109630271e+05 1.200363189472e+05 1.044172386130e+05 4.309173807537e+03 6.152644793714e+02 2.600000000000e+06 0.000000000000e+00 -8.752000000000e-01 -8.752000000000e-01 0.000000000000e+00 0.000000000000e+00 0.000000000000e+00 -0.000000000000e+00 8.297847897849e-02 0.000000000000e+00 0.000000000000e+00 0.000000000000e+00 0.000000000000e+00 0.000000000000e+00 0.000000000000e+00 
9.740000000000e+00 3.739149821069e-02 -8.148163458708e-03 5.067698893660e-03 1.233182134067e+05 1.198027336211e+05 1.043902311620e+05 4.309887925601e+03 6.153363566432e+02 2.600000000000e+06 0.000000000000e+00 -8.752000000000e-01 -8.752000000000e-01 0.000000000000e+00 0.000000000000e+00 0.000000000000e+00 -0.000000000000e+00 8.292374544871e-02 0.000000000000e+00 0.000000000000e+00 0.000000000000e+00 0.000000000000e+00 0.000000000000e+00 0.000000000000e+00 
9.745000000000e+00 3.736582539362e-02 -8.386933850928e-03 5.254794717172e-03 1.230144865742e+05 1.195600792900e+05 1.043623888195e+05 4.310629346391e+03 6.154126563124e+02 2.600000000000e+06 0.000000000000e+00 -8.752000000000e-01 -8.752000000000e-01 0.000000000000e+00 0.000000000000e+00 0.000000000000e+00 -0.000000000000e+00 8.286699126996e-02 0.000000000000e+00 0.000000000000e+00 0.000000000000e+00 0.000000000000e+00 0.000000000000e+00 0.000000000000e+00 
9.750000000000e+00 3.733921191985e-02 -8.633992938803e-03 5.445853735472e-03 1.226997913735e+05 1.193080888050e+05 1.043337036120e+05 4.311398785801e+03 6.154936337227e+02 2.600000000000e+06 0.000000000000e+00 -8.752000000000e-01 -8.752000000000e-01 0.000000000000e+00 0.000000000000e+00 0.000000000000e+00 -0.000000000000e+00 8.280816334885e-02 0.000000000000e+00 0.000000000000e+00 0.000000000000e+00 0.000000000000e+00 0.000000000000e+00 0.000000000000e+00 
9.755000000000e+00 3.731164287358e-02 -8.887283977529e-03 5.639150150488e-03 1.223742310224e+05 1.190465713535e+05 1.043041776236e+05 4.312196723454e+03 6.155795297137e+02 2.600000000000e+06 0.000000000000e+00 -8.752000000000e-01 -8.752000000000e-01 0.000000000000e+00 0.000000000000e+00 0.000000000000e+00 -0.000000000000e+00 8.274722710188e-02 0.000000000000e+00 0.000000000000e+00 0.000000000000e+00 0.000000000000e+00 0.000000000000e+00 0.000000000000e+00 
9.760000000000e+00 3.728311174528e-02 -9.144756634197e-03 5.833023814878e-03 1.220379855023e+05 1.187754130552e+05 1.042738227228e+05 4.313023404411e+03 6.156705677810e+02 2.600000000000e+06 0.000000000000e+00 -8.752000000000e-01 -8.752000000000e-01 0.000000000000e+00 0.000000000000e+00 0.000000000000e+00 -0.000000000000e+00 8.268416646317e-02 0.000000000000e+00 0.000000000000e+00 0.000000000000e+00 0.000000000000e+00 0.000000000000e+00 0.000000000000e+00 
9.765000000000e+00 3.725362004851e-02 -9.404425686105e-03 6.025897642518e-03 1.216913049533e+05 1.184945739885e+05 1.042426598604e+05 4.313878849248e+03 6.157669522157e+02 2.600000000000e+06 0.000000000000e+00 -8.752000000000e-01 -8.752000000000e-01 0.000000000000e+00 0.000000000000e+00 0.000000000000e+00 -0.000000000000e+00 8.261898307888e-02 0.000000000000e+00 0.000000000000e+00 0.000000000000e+00 0.000000000000e+00 0.000000000000e+00 0.000000000000e+00 
9.770000000000e+00 3.722317685263e-02 -9.664368690316e-03 6.216297040648e-03 1.213345018231e+05 1.182040844503e+05 1.042107182715e+05 4.314762866568e+03 6.158688664314e+02 2.600000000000e+06 0.000000000000e+00 -8.752000000000e-01 -8.752000000000e-01 0.000000000000e+00 0.000000000000e+00 0.000000000000e+00 -0.000000000000e+00 8.255169530959e-02 0.000000000000e+00 0.000000000000e+00 0.000000000000e+00 0.000000000000e+00 0.000000000000e+00 0.000000000000e+00 
9.775000000000e+00 3.719179821777e-02 -9.922765655022e-03 6.402871513645e-03 1.209679415791e+05 1.179040403018e+05 1.041780345744e+05 4.315675068356e+03 6.159764716047e+02 2.600000000000e+06 0.000000000000e+00 -8.752000000000e-01 -8.752000000000e-01 0.000000000000e+00 0.000000000000e+00 0.000000000000e+00 -0.000000000000e+00 8.248233701109e-02 0.000000000000e+00 0.000000000000e+00 0.000000000000e+00 0.000000000000e+00 0.000000000000e+00 0.000000000000e+00 
9.780000000000e+00 3.715950639530e-02 -1.017795601967e-02 6.584449338165e-03 1.205920251197e+05 1.175945960688e+05 1.041446516355e+05 4.316614893125e+03 6.160899062080e+02 2.600000000000e+06 0.000000000000e+00 -8.752000000000e-01 -8.752000000000e-01 0.000000000000e+00 0.000000000000e+00 0.000000000000e+00 -0.000000000000e+00 8.241095580154e-02 0.000000000000e+00 0.000000000000e+00 0.000000000000e+00 0.000000000000e+00 0.000000000000e+00 0.000000000000e+00 
9.785000000000e+00 3.712632948534e-02 -1.042828348171e-02 6.759843763705e-03 1.202072193041e+05 1.172759623993e+05 1.041106179231e+05 4.317581608642e+03 6.162092841035e+02 2.600000000000e+06 0.000000000000e+00 -8.752000000000e-01 -8.752000000000e-01 0.000000000000e+00 0.000000000000e+00 0.000000000000e+00 -0.000000000000e+00 8.233761232064e-02 0.000000000000e+00 0.000000000000e+00 0.000000000000e+00 0.000000000000e+00 0.000000000000e+00 0.000000000000e+00 
9.790000000000e+00 3.709230099427e-02 -1.067227170465e-02 6.928062763507e-03 1.198140161814e+05 1.169484025708e+05 1.040759867653e+05 4.318574329310e+03 6.163346930450e+02 2.600000000000e+06 0.000000000000e+00 -8.752000000000e-01 -8.752000000000e-01 0.000000000000e+00 0.000000000000e+00 0.000000000000e+00 -0.000000000000e+00 8.226237925467e-02 0.000000000000e+00 0.000000000000e+00 0.000000000000e+00 0.000000000000e+00 0.000000000000e+00 0.000000000000e+00 
9.795000000000e+00 3.705745898861e-02 -1.090855595805e-02 7.088222767308e-03 1.194129393669e+05 1.166122250883e+05 1.040408152146e+05 4.319592036708e+03 6.164661948465e+02 2.600000000000e+06 0.000000000000e+00 -8.752000000000e-01 -8.752000000000e-01 0.000000000000e+00 0.000000000000e+00 0.000000000000e+00 -0.000000000000e+00 8.218533948495e-02 0.000000000000e+00 0.000000000000e+00 0.000000000000e+00 0.000000000000e+00 0.000000000000e+00 0.000000000000e+00 
9.800000000000e+00 3.702184565040e-02 -1.113591630979e-02 7.239570579248e-03 1.190045358355e+05 1.162677800975e+05 1.040051633508e+05 4.320633591764e+03 6.166038243631e+02 2.600000000000e+06 0.000000000000e+00 -8.752000000000e-01 -8.752000000000e-01 0.000000000000e+00 0.000000000000e+00 0.000000000000e+00 -0.000000000000e+00 8.210658509821e-02 0.000000000000e+00 0.000000000000e+00 0.000000000000e+00 0.000000000000e+00 0.000000000000e+00 0.000000000000e+00 
9.805000000000e+00 3.698550641038e-02 -1.135336947304e-02 7.381524155360e-03 1.185893598033e+05 1.159154516678e+05 1.039690931870e+05 4.321697759874e+03 6.167475903711e+02 2.600000000000e+06 0.000000000000e+00 -8.752000000000e-01 -8.752000000000e-01 0.000000000000e+00 0.000000000000e+00 0.000000000000e+00 -0.000000000000e+00 8.202621549612e-02 0.000000000000e+00 0.000000000000e+00 0.000000000000e+00 0.000000000000e+00 0.000000000000e+00 0.000000000000e+00 
9.810000000000e+00 3.694848902617e-02 -1.156005379087e-02 7.513691513681e-03 1.181679597155e+05 1.155556494398e+05 1.039326675673e+05 4.322783237235e+03 6.168974771489e+02 2.600000000000e+06 0.000000000000e+00 -8.752000000000e-01 -8.752000000000e-01 0.000000000000e+00 0.000000000000e+00 0.000000000000e+00 -0.000000000000e+00 8.194433537880e-02 0.000000000000e+00 0.000000000000e+00 0.000000000000e+00 0.000000000000e+00 0.000000000000e+00 0.000000000000e+00 
9.815000000000e+00 3.691084294805e-02 -1.175522450792e-02 7.635753005365e-03 1.177408922565e+05 1.151888029575e+05 1.038959493964e+05 4.323888665001e+03 6.170534453985e+02 2.600000000000e+06 0.000000000000e+00 -8.752000000000e-01 -8.752000000000e-01 0.000000000000e+00 0.000000000000e+00 0.000000000000e+00 -0.000000000000e+00 8.186105334402e-02 0.000000000000e+00 0.000000000000e+00 0.000000000000e+00 0.000000000000e+00 0.000000000000e+00 0.000000000000e+00 
9.820000000000e+00 3.687261948314e-02 -1.193808270442e-02 7.747288712390e-03 1.173087547740e+05 1.148153637192e+05 1.038590016753e+05 4.325012618568e+03 6.172154301574e+02 2.600000000000e+06 0.000000000000e+00 -8.752000000000e-01 -8.752000000000e-01 0.000000000000e+00 0.000000000000e+00 0.000000000000e+00 -0.000000000000e+00 8.177648218694e-02 0.000000000000e+00 0.000000000000e+00 0.000000000000e+00 0.000000000000e+00 0.000000000000e+00 0.000000000000e+00 
9.825000000000e+00 3.683387190609e-02 -1.210804255698e-02 7.848037021818e-03 1.168721413049e+05 1.144358067305e+05 1.038218874856e+05 4.326153611048e+03 6.173833389155e+02 2.600000000000e+06 0.000000000000e+00 -8.752000000000e-01 -8.752000000000e-01 0.000000000000e+00 0.000000000000e+00 0.000000000000e+00 -0.000000000000e+00 8.169073908746e-02 0.000000000000e+00 0.000000000000e+00 0.000000000000e+00 0.000000000000e+00 0.000000000000e+00 0.000000000000e+00 
9.830000000000e+00 3.679465341860e-02 -1.226480641419e-02 7.938024332036e-03 1.164315976599e+05 1.140506109168e+05 1.037846679431e+05 4.327310156327e+03 6.175570593710e+02 2.600000000000e+06 0.000000000000e+00 -8.752000000000e-01 -8.752000000000e-01 0.000000000000e+00 0.000000000000e+00 0.000000000000e+00 -0.000000000000e+00 8.160394135106e-02 0.000000000000e+00 0.000000000000e+00 0.000000000000e+00 0.000000000000e+00 0.000000000000e+00 0.000000000000e+00 
9.835000000000e+00 3.675501779269e-02 -1.240807546843e-02 8.017231887406e-03 1.159876871631e+05 1.136602656722e+05 1.037474027789e+05 4.328480739996e+03 6.177364561711e+02 2.600000000000e+06 0.000000000000e+00 -8.752000000000e-01 -8.752000000000e-01 0.000000000000e+00 0.000000000000e+00 0.000000000000e+00 -0.000000000000e+00 8.151620763543e-02 0.000000000000e+00 0.000000000000e+00 0.000000000000e+00 0.000000000000e+00 0.000000000000e+00 0.000000000000e+00 
9.840000000000e+00 3.671501817337e-02 -1.253768912541e-02 8.085767336555e-03 1.155409474639e+05 1.132652592953e+05 1.037101491898e+05 4.329663859338e+03 6.179213759672e+02 2.600000000000e+06 0.000000000000e+00 -8.752000000000e-01 -8.752000000000e-01 0.000000000000e+00 0.000000000000e+00 0.000000000000e+00 -0.000000000000e+00 8.142765533885e-02 0.000000000000e+00 0.000000000000e+00 0.000000000000e+00 0.000000000000e+00 0.000000000000e+00 0.000000000000e+00 
9.845000000000e+00 3.667470730507e-02 -1.265354859972e-02 8.143746092190e-03 1.150919139839e+05 1.128660813349e+05 1.036729620670e+05 4.330858013042e+03 6.181116464634e+02 2.600000000000e+06 0.000000000000e+00 -8.752000000000e-01 -8.752000000000e-01 0.000000000000e+00 0.000000000000e+00 0.000000000000e+00 -0.000000000000e+00 8.133840106231e-02 0.000000000000e+00 0.000000000000e+00 0.000000000000e+00 0.000000000000e+00 0.000000000000e+00 0.000000000000e+00 
9.850000000000e+00 3.663413712709e-02 -1.275563103521e-02 8.191336667156e-03 1.146411075117e+05 1.124632186791e+05 1.036358936475e+05 4.332061714422e+03 6.183070784880e+02 2.600000000000e+06 0.000000000000e+00 -8.752000000000e-01 -8.752000000000e-01 0.000000000000e+00 0.000000000000e+00 0.000000000000e+00 -0.000000000000e+00 8.124855971962e-02 0.000000000000e+00 0.000000000000e+00 0.000000000000e+00 0.000000000000e+00 0.000000000000e+00 0.000000000000e+00 
9.855000000000e+00 3.659335870413e-02 -1.284396866150e-02 8.228731190162e-03 1.141890386613e+05 1.120571548996e+05 1.035989934951e+05 4.333273492649e+03 6.185074667147e+02 2.600000000000e+06 0.000000000000e+00 -8.752000000000e-01 -8.752000000000e-01 0.000000000000e+00 0.000000000000e+00 0.000000000000e+00 -0.000000000000e+00 8.115824436382e-02 0.000000000000e+00 0.000000000000e+00 0.000000000000e+00 0.000000000000e+00 0.000000000000e+00 0.000000000000e+00 
9.860000000000e+00 3.655242198787e-02 -1.291866405368e-02 8.256167140442e-03 1.137362013654e+05 1.116483678771e+05 1.035623083419e+05 4.334491900577e+03 6.187125913505e+02 2.600000000000e+06 0.000000000000e+00 -8.752000000000e-01 -8.752000000000e-01 0.000000000000e+00 0.000000000000e+00 0.000000000000e+00 -0.000000000000e+00 8.106756565828e-02 0.000000000000e+00 0.000000000000e+00 0.000000000000e+00 0.000000000000e+00 0.000000000000e+00 0.000000000000e+00 
9.865000000000e+00 3.651137582075e-02 -1.297988158653e-02 8.273927534848e-03 1.132830728004e+05 1.112373297958e+05 1.035258821605e+05 4.335715514835e+03 6.189222187758e+02 2.600000000000e+06 0.000000000000e+00 -8.752000000000e-01 -8.752000000000e-01 0.000000000000e+00 0.000000000000e+00 0.000000000000e+00 -0.000000000000e+00 8.097663186336e-02 0.000000000000e+00 0.000000000000e+00 0.000000000000e+00 0.000000000000e+00 0.000000000000e+00 0.000000000000e+00 
9.870000000000e+00 3.647026711157e-02 -1.302790139591e-02 8.282399691284e-03 1.128300936987e+05 1.108244987906e+05 1.034897555173e+05 4.336942962432e+03 6.191361065857e+02 2.600000000000e+06 0.000000000000e+00 -8.752000000000e-01 -8.752000000000e-01 0.000000000000e+00 0.000000000000e+00 0.000000000000e+00 -0.000000000000e+00 8.088554704530e-02 0.000000000000e+00 0.000000000000e+00 0.000000000000e+00 0.000000000000e+00 0.000000000000e+00 0.000000000000e+00 
9.875000000000e+00 3.642914109518e-02 -1.306299089128e-02 8.281903704682e-03 1.123777017158e+05 1.104103213695e+05 1.034539659102e+05 4.338172908370e+03 6.193540033538e+02 2.600000000000e+06 0.000000000000e+00 -8.752000000000e-01 -8.752000000000e-01 0.000000000000e+00 0.000000000000e+00 0.000000000000e+00 -0.000000000000e+00 8.079441162424e-02 0.000000000000e+00 0.000000000000e+00 0.000000000000e+00 0.000000000000e+00 0.000000000000e+00 0.000000000000e+00 
9.880000000000e+00 3.638804137140e-02 -1.308545840316e-02 8.272786088622e-03 1.119263150161e+05 1.099952326292e+05 1.034185479067e+05 4.339404057686e+03 6.195756494818e+02 2.600000000000e+06 0.000000000000e+00 -8.752000000000e-01 -8.752000000000e-01 0.000000000000e+00 0.000000000000e+00 0.000000000000e+00 -0.000000000000e+00 8.070332244159e-02 0.000000000000e+00 0.000000000000e+00 0.000000000000e+00 0.000000000000e+00 0.000000000000e+00 0.000000000000e+00 
9.885000000000e+00 3.634700963149e-02 -1.309570599508e-02 8.255474864462e-03 1.114763191710e+05 1.095796532923e+05 1.033835330154e+05 4.340635165778e+03 6.198007797817e+02 2.600000000000e+06 0.000000000000e+00 -8.752000000000e-01 -8.752000000000e-01 0.000000000000e+00 0.000000000000e+00 0.000000000000e+00 -0.000000000000e+00 8.061237215526e-02 0.000000000000e+00 0.000000000000e+00 0.000000000000e+00 0.000000000000e+00 0.000000000000e+00 0.000000000000e+00 
9.890000000000e+00 3.630608532377e-02 -1.309416122499e-02 8.230400439391e-03 1.110280774526e+05 1.091639860639e+05 1.033489495218e+05 4.341865046657e+03 6.200291265705e+02 2.600000000000e+06 0.000000000000e+00 -8.752000000000e-01 -8.752000000000e-01 0.000000000000e+00 0.000000000000e+00 0.000000000000e+00 -0.000000000000e+00 8.052164851374e-02 0.000000000000e+00 0.000000000000e+00 0.000000000000e+00 0.000000000000e+00 0.000000000000e+00 0.000000000000e+00 
9.895000000000e+00 3.626530577074e-02 -1.308130485164e-02 8.198026603096e-03 1.105819263285e+05 1.087486165225e+05 1.033148227157e+05 4.343092570999e+03 6.202604203752e+02 2.600000000000e+06 0.000000000000e+00 -8.752000000000e-01 -8.752000000000e-01 0.000000000000e+00 0.000000000000e+00 0.000000000000e+00 -0.000000000000e+00 8.043123459390e-02 0.000000000000e+00 0.000000000000e+00 0.000000000000e+00 0.000000000000e+00 0.000000000000e+00 0.000000000000e+00 
9.900000000000e+00 3.622470659419e-02 -1.305743963092e-02 8.158582125990e-03 1.101382285269e+05 1.083339171699e+05 1.032811753664e+05 4.344316645884e+03 6.204943887808e+02 2.600000000000e+06 0.000000000000e+00 -8.752000000000e-01 -8.752000000000e-01 0.000000000000e+00 0.000000000000e+00 0.000000000000e+00 -0.000000000000e+00 8.034120972803e-02 0.000000000000e+00 0.000000000000e+00 0.000000000000e+00 0.000000000000e+00 0.000000000000e+00 0.000000000000e+00 
9.905000000000e+00 3.618432141192e-02 -1.302306721373e-02 8.112540603202e-03 1.096972828494e+05 1.079202440728e+05 1.032480275800e+05 4.345536238894e+03 6.207307593356e+02 2.600000000000e+06 0.000000000000e+00 -8.752000000000e-01 -8.752000000000e-01 0.000000000000e+00 0.000000000000e+00 0.000000000000e+00 -0.000000000000e+00 8.025164882245e-02 0.000000000000e+00 0.000000000000e+00 0.000000000000e+00 0.000000000000e+00 0.000000000000e+00 0.000000000000e+00 
9.910000000000e+00 3.614418226972e-02 -1.297862000642e-02 8.060276728830e-03 1.092593908495e+05 1.075079410062e+05 1.032153972653e+05 4.346750355335e+03 6.209692582079e+02 2.600000000000e+06 0.000000000000e+00 -8.752000000000e-01 -8.752000000000e-01 0.000000000000e+00 0.000000000000e+00 0.000000000000e+00 -0.000000000000e+00 8.016262329777e-02 0.000000000000e+00 0.000000000000e+00 0.000000000000e+00 0.000000000000e+00 0.000000000000e+00 0.000000000000e+00 
9.915000000000e+00 3.610431855328e-02 -1.292468507242e-02 8.002317950156e-03 1.088247988797e+05 1.070973279864e+05 1.031832993582e+05 4.347958079361e+03 6.212096178300e+02 2.600000000000e+06 0.000000000000e+00 -8.752000000000e-01 -8.752000000000e-01 0.000000000000e+00 0.000000000000e+00 0.000000000000e+00 -0.000000000000e+00 8.007419872916e-02 0.000000000000e+00 0.000000000000e+00 0.000000000000e+00 0.000000000000e+00 0.000000000000e+00 0.000000000000e+00 
9.920000000000e+00 3.606475696783e-02 -1.286185991535e-02 7.939173466761e-03 1.083937285165e+05 1.066887006531e+05 1.031517459419e+05 4.349158570270e+03 6.214515785118e+02 2.600000000000e+06 0.000000000000e+00 -8.752000000000e-01 -8.752000000000e-01 0.000000000000e+00 0.000000000000e+00 0.000000000000e+00 -0.000000000000e+00 7.998643479977e-02 0.000000000000e+00 0.000000000000e+00 0.000000000000e+00 0.000000000000e+00 0.000000000000e+00 0.000000000000e+00 
9.925000000000e+00 3.602552271303e-02 -1.279052844035e-02 7.871077794197e-03 1.079664362925e+05 1.062823420448e+05 1.031207473025e+05 4.350351019740e+03 6.216948825624e+02 2.600000000000e+06 0.000000000000e+00 -8.752000000000e-01 -8.752000000000e-01 0.000000000000e+00 0.000000000000e+00 0.000000000000e+00 -0.000000000000e+00 7.989938784165e-02 0.000000000000e+00 0.000000000000e+00 0.000000000000e+00 0.000000000000e+00 0.000000000000e+00 0.000000000000e+00 
9.930000000000e+00 3.598663917334e-02 -1.271124218014e-02 7.798488890569e-03 1.075431193920e+05 1.058785191303e+05 1.030903117727e+05 4.351534676812e+03 6.219392771732e+02 2.600000000000e+06 0.000000000000e+00 -8.752000000000e-01 -8.752000000000e-01 0.000000000000e+00 0.000000000000e+00 0.000000000000e+00 -0.000000000000e+00 7.981311014754e-02 0.000000000000e+00 0.000000000000e+00 0.000000000000e+00 0.000000000000e+00 0.000000000000e+00 0.000000000000e+00 
9.935000000000e+00 3.594812768421e-02 -1.262443701824e-02 7.721696389169e-03 1.071239842257e+05 1.054774800785e+05 1.030604456438e+05 4.352708843770e+03 6.221845169431e+02 2.600000000000e+06 0.000000000000e+00 -8.752000000000e-01 -8.752000000000e-01 0.000000000000e+00 0.000000000000e+00 0.000000000000e+00 -0.000000000000e+00 7.972764949260e-02 0.000000000000e+00 0.000000000000e+00 0.000000000000e+00 0.000000000000e+00 0.000000000000e+00 0.000000000000e+00 
9.940000000000e+00 3.591000818469e-02 -1.253064094242e-02 7.641114230313e-03 1.067092001421e+05 1.050794607554e+05 1.030311537628e+05 4.353872865637e+03 6.224303607327e+02 2.600000000000e+06 0.000000000000e+00 -8.752000000000e-01 -8.752000000000e-01 0.000000000000e+00 0.000000000000e+00 0.000000000000e+00 -0.000000000000e+00 7.964305051728e-02 0.000000000000e+00 0.000000000000e+00 0.000000000000e+00 0.000000000000e+00 0.000000000000e+00 0.000000000000e+00 
9.945000000000e+00 3.587229822193e-02 -1.243042055858e-02 7.557195105955e-03 1.062989035530e+05 1.046846740537e+05 1.030024388481e+05 4.355026158585e+03 6.226765789944e+02 2.600000000000e+06 0.000000000000e+00 -8.752000000000e-01 -8.752000000000e-01 0.000000000000e+00 0.000000000000e+00 0.000000000000e+00 -0.000000000000e+00 7.955935259430e-02 0.000000000000e+00 0.000000000000e+00 0.000000000000e+00 0.000000000000e+00 0.000000000000e+00 0.000000000000e+00 
9.950000000000e+00 3.583501292207e-02 -1.232439145322e-02 7.470441327859e-03 1.058931952893e+05 1.042933092165e+05 1.029743015699e+05 4.356168211865e+03 6.229229551185e+02 2.600000000000e+06 0.000000000000e+00 -8.752000000000e-01 -8.752000000000e-01 0.000000000000e+00 0.000000000000e+00 0.000000000000e+00 -0.000000000000e+00 7.947658975724e-02 0.000000000000e+00 0.000000000000e+00 0.000000000000e+00 0.000000000000e+00 0.000000000000e+00 0.000000000000e+00 
9.955000000000e+00 3.579816571238e-02 -1.221305593933e-02 7.381188278937e-03 1.054921883603e+05 1.039055390763e+05 1.029467411851e+05 4.357298559675e+03 6.231692816920e+02 2.600000000000e+06 0.000000000000e+00 -8.752000000000e-01 -8.752000000000e-01 0.000000000000e+00 0.000000000000e+00 0.000000000000e+00 -0.000000000000e+00 7.939479154704e-02 0.000000000000e+00 0.000000000000e+00 0.000000000000e+00 0.000000000000e+00 0.000000000000e+00 0.000000000000e+00 
9.960000000000e+00 3.576176741976e-02 -1.209689192843e-02 7.289746657212e-03 1.050959715122e+05 1.035215102640e+05 1.029197549411e+05 4.358416813747e+03 6.234153674212e+02 2.600000000000e+06 0.000000000000e+00 -8.752000000000e-01 -8.752000000000e-01 0.000000000000e+00 0.000000000000e+00 0.000000000000e+00 -0.000000000000e+00 7.931398359951e-02 0.000000000000e+00 0.000000000000e+00 0.000000000000e+00 0.000000000000e+00 0.000000000000e+00 0.000000000000e+00 
9.965000000000e+00 3.572582893128e-02 -1.197625790386e-02 7.196266496332e-03 1.047046643927e+05 1.031413710028e+05 1.028933401169e+05 4.359522577754e+03 6.236610199372e+02 2.600000000000e+06 0.000000000000e+00 -8.752000000000e-01 -8.752000000000e-01 0.000000000000e+00 0.000000000000e+00 0.000000000000e+00 -0.000000000000e+00 7.923419000828e-02 0.000000000000e+00 0.000000000000e+00 0.000000000000e+00 0.000000000000e+00 0.000000000000e+00 0.000000000000e+00 
9.970000000000e+00 3.569035924053e-02 -1.185171054647e-02 7.101202741391e-03 1.043183093129e+05 1.027652503406e+05 1.028674926120e+05 4.360615521978e+03 6.239060594360e+02 2.600000000000e+06 0.000000000000e+00 -8.752000000000e-01 -8.752000000000e-01 0.000000000000e+00 0.000000000000e+00 0.000000000000e+00 -0.000000000000e+00 7.915543130616e-02 0.000000000000e+00 0.000000000000e+00 0.000000000000e+00 0.000000000000e+00 0.000000000000e+00 0.000000000000e+00 
9.975000000000e+00 3.565536494330e-02 -1.172380063852e-02 7.004980446458e-03 1.039369269289e+05 1.023932525023e+05 1.028422066484e+05 4.361695389229e+03 6.241503229831e+02 2.600000000000e+06 0.000000000000e+00 -8.752000000000e-01 -8.752000000000e-01 0.000000000000e+00 0.000000000000e+00 0.000000000000e+00 -0.000000000000e+00 7.907772260351e-02 0.000000000000e+00 0.000000000000e+00 0.000000000000e+00 0.000000000000e+00 0.000000000000e+00 0.000000000000e+00 
9.980000000000e+00 3.562085090029e-02 -1.159300874763e-02 6.907914674956e-03 1.035605384870e+05 1.020254636188e+05 1.028174753206e+05 4.362761972438e+03 6.243936607208e+02 2.600000000000e+06 0.000000000000e+00 -8.752000000000e-01 -8.752000000000e-01 0.000000000000e+00 0.000000000000e+00 0.000000000000e+00 -0.000000000000e+00 7.900107510801e-02 0.000000000000e+00 0.000000000000e+00 0.000000000000e+00 0.000000000000e+00 0.000000000000e+00 0.000000000000e+00 
9.985000000000e+00 3.558682050922e-02 -1.145978051861e-02 6.810283382106e-03 1.031891553621e+05 1.016619543920e+05 1.027932908405e+05 4.363815108854e+03 6.246359345482e+02 2.600000000000e+06 0.000000000000e+00 -8.752000000000e-01 -8.752000000000e-01 0.000000000000e+00 0.000000000000e+00 0.000000000000e+00 -0.000000000000e+00 7.892549677986e-02 0.000000000000e+00 0.000000000000e+00 0.000000000000e+00 0.000000000000e+00 0.000000000000e+00 0.000000000000e+00 
9.990000000000e+00 3.555327581883e-02 -1.132455945456e-02 6.712378135853e-03 1.028227708218e+05 1.013027811113e+05 1.027696446589e+05 4.364854678411e+03 6.248770177989e+02 2.600000000000e+06 0.000000000000e+00 -8.752000000000e-01 -8.752000000000e-01 0.000000000000e+00 0.000000000000e+00 0.000000000000e+00 -0.000000000000e+00 7.885099255127e-02 0.000000000000e+00 0.000000000000e+00 0.000000000000e+00 0.000000000000e+00 0.000000000000e+00 0.000000000000e+00 
9.995000000000e+00 3.552021731930e-02 -1.118780567885e-02 6.614500930317e-03 1.024613580572e+05 1.009479832165e+05 1.027465273552e+05 4.365880610478e+03 6.251167972022e+02 2.600000000000e+06 0.000000000000e+00 -8.752000000000e-01 -8.752000000000e-01 0.000000000000e+00 0.000000000000e+00 0.000000000000e+00 -0.000000000000e+00 7.877756390786e-02 0.000000000000e+00 0.000000000000e+00 0.000000000000e+00 0.000000000000e+00 0.000000000000e+00 0.000000000000e+00 
1.000000000000e+01 3.548764406999e-02 -1.104996456964e-02 6.516942208503e-03 1.021048755915e+05 1.005975844690e+05 1.027239287643e+05 4.366892879552e+03 6.253551724191e+02 2.600000000000e+06 0.000000000000e+00 -8.752000000000e-01 -8.752000000000e-01 0.000000000000e+00 0.000000000000e+00 0.000000000000e+00 -0.000000000000e+00 7.870520917014e-02 0.000000000000e+00 0.000000000000e+00 0.000000000000e+00 0.000000000000e+00 0.000000000000e+00 0.000000000000e+00 
