9.000000000000e+00 3.968882469467e-03 5.346519018865e-04 9.067703259485e-04 1.076891993296e+05 1.144512951389e+05 1.000000000000e+05 6.801292761450e+03 5.445785844887e+02 1.800000000000e+06 0.000000000000e+00 -8.752000000000e-01 -8.752000000000e-01 0.000000000000e+00 0.000000000000e+00 0.000000000000e+00 -0.000000000000e+00 1.022910180237e-01 0.000000000000e+00 0.000000000000e+00 0.000000000000e+00 0.000000000000e+00 0.000000000000e+00 0.000000000000e+00 
9.005000000000e+00 3.964357954725e-03 5.374714173977e-04 9.040354561106e-04 1.073459355139e+05 1.140991811950e+05 1.000000000000e+05 6.803256625938e+03 5.450518505026e+02 1.800000000000e+06 0.000000000000e+00 -8.752000000000e-01 -8.752000000000e-01 0.000000000000e+00 0.000000000000e+00 0.000000000000e+00 -0.000000000000e+00 1.021728049647e-01 0.000000000000e+00 0.000000000000e+00 0.000000000000e+00 0.000000000000e+00 0.000000000000e+00 0.000000000000e+00 
9.010000000000e+00 3.959847944953e-03 5.404366781029e-04 9.010724150879e-04 1.070045715064e+05 1.137471856627e+05 1.000000000000e+05 6.805216816606e+03 5.455243579708e+02 1.800000000000e+06 0.000000000000e+00 -8.752000000000e-01 -8.752000000000e-01 0.000000000000e+00 0.000000000000e+00 0.000000000000e+00 -0.000000000000e+00 1.020551355860e-01 0.000000000000e+00 0.000000000000e+00 0.000000000000e+00 0.000000000000e+00 0.000000000000e+00 0.000000000000e+00 
9.015000000000e+00 3.955353538090e-03 5.435458550402e-04 8.978960470501e-04 1.066650997284e+05 1.133954005459e+05 1.000000000000e+05 6.807172845778e+03 5.459959864422e+02 1.800000000000e+06 0.000000000000e+00 -8.752000000000e-01 -8.752000000000e-01 0.000000000000e+00 0.000000000000e+00 0.000000000000e+00 -0.000000000000e+00 1.019380352280e-01 0.000000000000e+00 0.000000000000e+00 0.000000000000e+00 0.000000000000e+00 0.000000000000e+00 0.000000000000e+00 
9.020000000000e+00 3.950875757062e-03 5.467475652464e-04 8.945219877382e-04 1.063275008023e+05 1.130439129600e+05 1.000000000000e+05 6.809124256472e+03 5.464666226086e+02 1.800000000000e+06 0.000000000000e+00 -8.752000000000e-01 -8.752000000000e-01 0.000000000000e+00 0.000000000000e+00 0.000000000000e+00 -0.000000000000e+00 1.018215269377e-01 0.000000000000e+00 0.000000000000e+00 0.000000000000e+00 0.000000000000e+00 0.000000000000e+00 0.000000000000e+00 
9.025000000000e+00 3.946415545299e-03 5.500104435193e-04 8.909639691808e-04 1.059917633193e+05 1.126928046955e+05 1.000000000000e+05 6.811070622465e+03 5.469361608412e+02 1.800000000000e+06 0.000000000000e+00 -8.752000000000e-01 -8.752000000000e-01 0.000000000000e+00 0.000000000000e+00 0.000000000000e+00 -0.000000000000e+00 1.017056316392e-01 0.000000000000e+00 0.000000000000e+00 0.000000000000e+00 0.000000000000e+00 0.000000000000e+00 0.000000000000e+00 
9.030000000000e+00 3.941973775296e-03 5.533201344762e-04 8.872359939407e-04 1.056578681855e+05 1.123421528049e+05 1.000000000000e+05 6.813011546521e+03 5.474045023565e+02 1.800000000000e+06 0.000000000000e+00 -8.752000000000e-01 -8.752000000000e-01 0.000000000000e+00 0.000000000000e+00 0.000000000000e+00 -0.000000000000e+00 1.015903683503e-01 0.000000000000e+00 0.000000000000e+00 0.000000000000e+00 0.000000000000e+00 0.000000000000e+00 0.000000000000e+00 
9.035000000000e+00 3.937551260394e-03 5.566992341881e-04 8.833473948896e-04 1.053258267680e+05 1.119920304562e+05 1.000000000000e+05 6.814946651508e+03 5.478715540317e+02 1.800000000000e+06 0.000000000000e+00 -8.752000000000e-01 -8.752000000000e-01 0.000000000000e+00 0.000000000000e+00 0.000000000000e+00 -0.000000000000e+00 1.014757549760e-01 0.000000000000e+00 0.000000000000e+00 0.000000000000e+00 0.000000000000e+00 0.000000000000e+00 0.000000000000e+00 
9.040000000000e+00 3.933148713990e-03 5.599082520525e-04 8.793481868442e-04 1.049953349533e+05 1.116425036229e+05 1.000000000000e+05 6.816875634750e+03 5.483372327746e+02 1.800000000000e+06 0.000000000000e+00 -8.752000000000e-01 -8.752000000000e-01 0.000000000000e+00 0.000000000000e+00 0.000000000000e+00 -0.000000000000e+00 1.013618126003e-01 0.000000000000e+00 0.000000000000e+00 0.000000000000e+00 0.000000000000e+00 0.000000000000e+00 0.000000000000e+00 
9.045000000000e+00 3.928779960785e-03 6.067534514140e-04 8.688035833579e-04 1.047162669171e+05 1.112946842639e+05 1.000000000000e+05 6.818787232672e+03 5.488000648895e+02 1.800000000000e+06 0.000000000000e+00 -8.752000000000e-01 -8.752000000000e-01 0.000000000000e+00 0.000000000000e+00 0.000000000000e+00 -0.000000000000e+00 1.012493551822e-01 0.000000000000e+00 0.000000000000e+00 0.000000000000e+00 0.000000000000e+00 0.000000000000e+00 0.000000000000e+00 
9.050000000000e+00 3.924540693576e-03 8.672530551852e-04 8.317012985605e-04 1.046485493207e+05 1.109562416637e+05 1.000000000000e+05 6.820623177517e+03 5.492498741188e+02 1.800000000000e+06 0.000000000000e+00 -8.752000000000e-01 -8.752000000000e-01 0.000000000000e+00 0.000000000000e+00 0.000000000000e+00 -0.000000000000e+00 1.011420465114e-01 0.000000000000e+00 0.000000000000e+00 0.000000000000e+00 0.000000000000e+00 0.000000000000e+00 0.000000000000e+00 
9.055000000000e+00 3.920596201418e-03 1.398134549354e-03 7.605963172896e-04 1.048633710746e+05 1.106405048474e+05 1.000000000000e+05 6.822304299566e+03 5.496690226147e+02 1.800000000000e+06 0.000000000000e+00 -8.752000000000e-01 -8.752000000000e-01 0.000000000000e+00 0.000000000000e+00 0.000000000000e+00 -0.000000000000e+00 1.010451832473e-01 0.000000000000e+00 0.000000000000e+00 0.000000000000e+00 0.000000000000e+00 0.000000000000e+00 0.000000000000e+00 
9.060000000000e+00 3.917124844655e-03 2.134769596573e-03 6.532079162820e-04 1.053939195122e+05 1.103619779672e+05 1.000000000000e+05 6.823749459550e+03 5.500383878001e+02 1.800000000000e+06 0.000000000000e+00 -8.752000000000e-01 -8.752000000000e-01 0.000000000000e+00 0.000000000000e+00 0.000000000000e+00 -0.000000000000e+00 1.009643233492e-01 0.000000000000e+00 0.000000000000e+00 0.000000000000e+00 0.000000000000e+00 0.000000000000e+00 0.000000000000e+00 
9.065000000000e+00 3.914291470798e-03 2.967218273938e-03 5.159534403495e-04 1.062057662111e+05 1.101341792904e+05 1.000000000000e+05 6.824890240702e+03 5.503402120094e+02 1.800000000000e+06 0.000000000000e+00 -8.752000000000e-01 -8.752000000000e-01 0.000000000000e+00 0.000000000000e+00 0.000000000000e+00 -0.000000000000e+00 1.009041306216e-01 0.000000000000e+00 0.000000000000e+00 0.000000000000e+00 0.000000000000e+00 0.000000000000e+00 0.000000000000e+00 
9.070000000000e+00 3.912220644130e-03 3.799553283816e-03 3.565768549354e-04 1.072503324830e+05 1.099674255690e+05 1.000000000000e+05 6.825677049305e+03 5.505610013480e+02 1.800000000000e+06 0.000000000000e+00 -8.752000000000e-01 -8.752000000000e-01 0.000000000000e+00 0.000000000000e+00 0.000000000000e+00 -0.000000000000e+00 1.008680940549e-01 0.000000000000e+00 0.000000000000e+00 0.000000000000e+00 0.000000000000e+00 0.000000000000e+00 0.000000000000e+00 
9.075000000000e+00 3.910999261697e-03 4.550427815255e-03 1.827066525661e-04 1.084761039953e+05 1.098689693552e+05 1.000000000000e+05 6.826076991698e+03 5.506913012398e+02 1.800000000000e+06 0.000000000000e+00 -8.752000000000e-01 -8.752000000000e-01 0.000000000000e+00 0.000000000000e+00 0.000000000000e+00 -0.000000000000e+00 1.008585140154e-01 0.000000000000e+00 0.000000000000e+00 0.000000000000e+00 0.000000000000e+00 0.000000000000e+00 0.000000000000e+00 
9.080000000000e+00 3.910670146606e-03 5.158545533037e-03 2.768785359902e-06 1.098213154833e+05 1.098424260013e+05 1.000000000000e+05 6.826077577219e+03 5.507264218253e+02 1.800000000000e+06 0.000000000000e+00 -8.752000000000e-01 -8.752000000000e-01 0.000000000000e+00 0.000000000000e+00 0.000000000000e+00 -0.000000000000e+00 1.008763412548e-01 0.000000000000e+00 0.000000000000e+00 0.000000000000e+00 0.000000000000e+00 0.000000000000e+00 0.000000000000e+00 
9.085000000000e+00 3.911225318159e-03 5.608652948141e-03 -1.756682180328e-04 1.112262894133e+05 1.098871977063e+05 1.000000000000e+05 6.825688425330e+03 5.506671806821e+02 1.800000000000e+06 0.000000000000e+00 -8.752000000000e-01 -8.752000000000e-01 0.000000000000e+00 0.000000000000e+00 0.000000000000e+00 -0.000000000000e+00 1.009212691653e-01 0.000000000000e+00 0.000000000000e+00 0.000000000000e+00 0.000000000000e+00 0.000000000000e+00 0.000000000000e+00 
9.090000000000e+00 3.912657614628e-03 5.924216942646e-03 -3.484840394994e-04 1.126576127025e+05 1.100026311879e+05 1.000000000000e+05 6.824916347400e+03 5.505143982811e+02 1.800000000000e+06 0.000000000000e+00 -8.752000000000e-01 -8.752000000000e-01 0.000000000000e+00 0.000000000000e+00 0.000000000000e+00 -0.000000000000e+00 1.009924318539e-01 0.000000000000e+00 0.000000000000e+00 0.000000000000e+00 0.000000000000e+00 0.000000000000e+00 0.000000000000e+00 
9.095000000000e+00 3.914931430804e-03 6.117394650228e-03 -5.131262316188e-04 1.140915964017e+05 1.101856673089e+05 1.000000000000e+05 6.823779759515e+03 5.502720135158e+02 1.800000000000e+06 0.000000000000e+00 -8.752000000000e-01 -8.752000000000e-01 0.000000000000e+00 0.000000000000e+00 0.000000000000e+00 -0.000000000000e+00 1.010884445322e-01 0.000000000000e+00 0.000000000000e+00 0.000000000000e+00 0.000000000000e+00 0.000000000000e+00 0.000000000000e+00 
9.100000000000e+00 3.918000662006e-03 6.214706669376e-03 -6.681009882202e-04 1.155119343670e+05 1.104323084017e+05 1.000000000000e+05 6.822301097928e+03 5.499451540147e+02 1.800000000000e+06 0.000000000000e+00 -8.752000000000e-01 -8.752000000000e-01 0.000000000000e+00 0.000000000000e+00 0.000000000000e+00 -0.000000000000e+00 1.012076437195e-01 0.000000000000e+00 0.000000000000e+00 0.000000000000e+00 0.000000000000e+00 0.000000000000e+00 0.000000000000e+00 
9.105000000000e+00 3.921813275541e-03 6.235305049775e-03 -8.122802639701e-04 1.169048398673e+05 1.107380108006e+05 1.000000000000e+05 6.820505288878e+03 5.495396307432e+02 1.800000000000e+06 0.000000000000e+00 -8.752000000000e-01 -8.752000000000e-01 0.000000000000e+00 0.000000000000e+00 0.000000000000e+00 -0.000000000000e+00 1.013482111988e-01 0.000000000000e+00 0.000000000000e+00 0.000000000000e+00 0.000000000000e+00 0.000000000000e+00 0.000000000000e+00 
9.110000000000e+00 3.926313848348e-03 6.194775802318e-03 -9.453806361908e-04 1.182629032750e+05 1.110979137008e+05 1.000000000000e+05 6.818418177070e+03 5.490616493768e+02 1.800000000000e+06 0.000000000000e+00 -8.752000000000e-01 -8.752000000000e-01 0.000000000000e+00 0.000000000000e+00 0.000000000000e+00 -0.000000000000e+00 1.015082805174e-01 0.000000000000e+00 0.000000000000e+00 0.000000000000e+00 0.000000000000e+00 0.000000000000e+00 0.000000000000e+00 
9.115000000000e+00 3.931447616795e-03 6.109629008216e-03 -1.067759849747e-03 1.195838353365e+05 1.115071860641e+05 1.000000000000e+05 6.816064848543e+03 5.485173631978e+02 1.800000000000e+06 0.000000000000e+00 -8.752000000000e-01 -8.752000000000e-01 0.000000000000e+00 0.000000000000e+00 0.000000000000e+00 -0.000000000000e+00 1.016860422848e-01 0.000000000000e+00 0.000000000000e+00 0.000000000000e+00 0.000000000000e+00 0.000000000000e+00 0.000000000000e+00 
9.120000000000e+00 3.937162228335e-03 5.992889846939e-03 -1.179836580282e-03 1.208661706819e+05 1.119611840866e+05 1.000000000000e+05 6.813469282281e+03 5.479126742405e+02 1.800000000000e+06 0.000000000000e+00 -8.752000000000e-01 -8.752000000000e-01 0.000000000000e+00 0.000000000000e+00 0.000000000000e+00 -0.000000000000e+00 1.018797728853e-01 0.000000000000e+00 0.000000000000e+00 0.000000000000e+00 0.000000000000e+00 0.000000000000e+00 0.000000000000e+00 
9.125000000000e+00 3.943406429604e-03 5.849902044041e-03 -1.281694350892e-03 1.221061662115e+05 1.124553612736e+05 1.000000000000e+05 6.810655205273e+03 5.472533615499e+02 1.800000000000e+06 0.000000000000e+00 -8.752000000000e-01 -8.752000000000e-01 0.000000000000e+00 0.000000000000e+00 0.000000000000e+00 -0.000000000000e+00 1.020877742934e-01 0.000000000000e+00 0.000000000000e+00 0.000000000000e+00 0.000000000000e+00 0.000000000000e+00 0.000000000000e+00 
9.130000000000e+00 3.950128627343e-03 5.682071867647e-03 -1.373355468480e-03 1.232997706975e+05 1.129851685178e+05 1.000000000000e+05 6.807646465461e+03 5.465452227636e+02 1.800000000000e+06 0.000000000000e+00 -8.752000000000e-01 -8.752000000000e-01 0.000000000000e+00 0.000000000000e+00 0.000000000000e+00 -0.000000000000e+00 1.023083871362e-01 0.000000000000e+00 0.000000000000e+00 0.000000000000e+00 0.000000000000e+00 0.000000000000e+00 0.000000000000e+00 
9.135000000000e+00 3.957259432754e-03 5.496486823493e-03 -1.455490162497e-03 1.244466433296e+05 1.135447013123e+05 1.000000000000e+05 6.804474029050e+03 5.457958957790e+02 1.800000000000e+06 0.000000000000e+00 -8.752000000000e-01 -8.752000000000e-01 0.000000000000e+00 0.000000000000e+00 0.000000000000e+00 -0.000000000000e+00 1.025400600035e-01 0.000000000000e+00 0.000000000000e+00 0.000000000000e+00 0.000000000000e+00 0.000000000000e+00 0.000000000000e+00 
9.140000000000e+00 3.964763090415e-03 5.301525346630e-03 -1.528837645845e-03 1.255495888963e+05 1.141307516347e+05 1.000000000000e+05 6.801153991219e+03 5.450094421083e+02 1.800000000000e+06 0.000000000000e+00 -8.752000000000e-01 -8.752000000000e-01 0.000000000000e+00 0.000000000000e+00 0.000000000000e+00 -0.000000000000e+00 1.027813794212e-01 0.000000000000e+00 0.000000000000e+00 0.000000000000e+00 0.000000000000e+00 0.000000000000e+00 0.000000000000e+00 
9.145000000000e+00 3.972608795428e-03 5.103171215626e-03 -1.594085259984e-03 1.266114472414e+05 1.147405314508e+05 1.000000000000e+05 6.797700245625e+03 5.441893802626e+02 1.800000000000e+06 0.000000000000e+00 -8.752000000000e-01 -8.752000000000e-01 0.000000000000e+00 0.000000000000e+00 0.000000000000e+00 -0.000000000000e+00 1.030310539908e-01 0.000000000000e+00 0.000000000000e+00 0.000000000000e+00 0.000000000000e+00 0.000000000000e+00 0.000000000000e+00 
9.150000000000e+00 3.980757833819e-03 4.905079155441e-03 -1.652343259504e-03 1.276376670447e+05 1.153706769836e+05 1.000000000000e+05 6.794129676976e+03 5.433400270271e+02 1.800000000000e+06 0.000000000000e+00 -8.752000000000e-01 -8.752000000000e-01 0.000000000000e+00 0.000000000000e+00 0.000000000000e+00 -0.000000000000e+00 1.032878922389e-01 0.000000000000e+00 0.000000000000e+00 0.000000000000e+00 0.000000000000e+00 0.000000000000e+00 0.000000000000e+00 
9.155000000000e+00 3.989174100874e-03 4.708900918289e-03 -1.703921353785e-03 1.286279705782e+05 1.160180765359e+05 1.000000000000e+05 6.790458537819e+03 5.424653901990e+02 1.800000000000e+06 0.000000000000e+00 -8.752000000000e-01 -8.752000000000e-01 0.000000000000e+00 0.000000000000e+00 0.000000000000e+00 -0.000000000000e+00 1.035507931010e-01 0.000000000000e+00 0.000000000000e+00 0.000000000000e+00 0.000000000000e+00 0.000000000000e+00 0.000000000000e+00 
9.160000000000e+00 3.997824053644e-03 4.515708650861e-03 -1.748883208198e-03 1.295805184125e+05 1.166798660951e+05 1.000000000000e+05 6.786702028963e+03 5.415691739615e+02 1.800000000000e+06 0.000000000000e+00 -8.752000000000e-01 -8.752000000000e-01 0.000000000000e+00 0.000000000000e+00 0.000000000000e+00 -0.000000000000e+00 1.038187449961e-01 0.000000000000e+00 0.000000000000e+00 0.000000000000e+00 0.000000000000e+00 0.000000000000e+00 0.000000000000e+00 
9.165000000000e+00 4.006676280348e-03 4.327169946306e-03 -1.787693786982e-03 1.304966556451e+05 1.173533948282e+05 1.000000000000e+05 6.782873980733e+03 5.406548245424e+02 1.800000000000e+06 0.000000000000e+00 -8.752000000000e-01 -8.752000000000e-01 0.000000000000e+00 0.000000000000e+00 0.000000000000e+00 -0.000000000000e+00 1.040908172821e-01 0.000000000000e+00 0.000000000000e+00 0.000000000000e+00 0.000000000000e+00 0.000000000000e+00 0.000000000000e+00 
9.170000000000e+00 4.015700833817e-03 4.144978567839e-03 -1.820804795607e-03 1.313777675256e+05 1.180361729159e+05 1.000000000000e+05 6.778987470538e+03 5.397256000157e+02 1.800000000000e+06 0.000000000000e+00 -8.752000000000e-01 -8.752000000000e-01 0.000000000000e+00 0.000000000000e+00 0.000000000000e+00 -0.000000000000e+00 1.043661589666e-01 0.000000000000e+00 0.000000000000e+00 0.000000000000e+00 0.000000000000e+00 0.000000000000e+00 0.000000000000e+00 
9.175000000000e+00 4.024869964859e-03 3.968099669271e-03 -1.848358279221e-03 1.322231586467e+05 1.187259253579e+05 1.000000000000e+05 6.775054744119e+03 5.387844959133e+02 1.800000000000e+06 0.000000000000e+00 -8.752000000000e-01 -8.752000000000e-01 0.000000000000e+00 0.000000000000e+00 0.000000000000e+00 -0.000000000000e+00 1.046439512549e-01 0.000000000000e+00 0.000000000000e+00 0.000000000000e+00 0.000000000000e+00 0.000000000000e+00 0.000000000000e+00 
9.180000000000e+00 4.034155316393e-03 3.791137541287e-03 -1.870065404390e-03 1.330290044753e+05 1.194203793167e+05 1.000000000000e+05 6.771088507253e+03 5.378345342599e+02 1.800000000000e+06 0.000000000000e+00 -8.752000000000e-01 -8.752000000000e-01 0.000000000000e+00 0.000000000000e+00 0.000000000000e+00 -0.000000000000e+00 1.049233379478e-01 0.000000000000e+00 0.000000000000e+00 0.000000000000e+00 0.000000000000e+00 0.000000000000e+00 0.000000000000e+00 
9.185000000000e+00 4.043526572043e-03 3.608957113507e-03 -1.885142999584e-03 1.337878495197e+05 1.201171661236e+05 1.000000000000e+05 6.767102535707e+03 5.368788993311e+02 1.800000000000e+06 0.000000000000e+00 -8.752000000000e-01 -8.752000000000e-01 0.000000000000e+00 0.000000000000e+00 0.000000000000e+00 -0.000000000000e+00 1.052034040536e-01 0.000000000000e+00 0.000000000000e+00 0.000000000000e+00 0.000000000000e+00 0.000000000000e+00 0.000000000000e+00 
9.190000000000e+00 4.052952315872e-03 3.420417316629e-03 -1.893510011911e-03 1.344973750522e+05 1.208138893595e+05 1.000000000000e+05 6.763110370885e+03 5.359208466393e+02 1.800000000000e+06 0.000000000000e+00 -8.752000000000e-01 -8.752000000000e-01 0.000000000000e+00 0.000000000000e+00 0.000000000000e+00 -0.000000000000e+00 1.054832084393e-01 0.000000000000e+00 0.000000000000e+00 0.000000000000e+00 0.000000000000e+00 0.000000000000e+00 0.000000000000e+00 
9.195000000000e+00 4.062401332223e-03 3.228057947965e-03 -1.895663479108e-03 1.351595027095e+05 1.215082224666e+05 1.000000000000e+05 6.759124868538e+03 5.349635694578e+02 1.800000000000e+06 0.000000000000e+00 -8.752000000000e-01 -8.752000000000e-01 0.000000000000e+00 0.000000000000e+00 0.000000000000e+00 -0.000000000000e+00 1.057618314776e-01 0.000000000000e+00 0.000000000000e+00 0.000000000000e+00 0.000000000000e+00 0.000000000000e+00 0.000000000000e+00 
9.200000000000e+00 4.071843686781e-03 3.036081498151e-03 -1.891953111703e-03 1.357751829756e+05 1.221979865671e+05 1.000000000000e+05 6.755158309315e+03 5.340100903444e+02 1.800000000000e+06 0.000000000000e+00 -8.752000000000e-01 -8.752000000000e-01 0.000000000000e+00 0.000000000000e+00 0.000000000000e+00 -0.000000000000e+00 1.060384095333e-01 0.000000000000e+00 0.000000000000e+00 0.000000000000e+00 0.000000000000e+00 0.000000000000e+00 0.000000000000e+00 
9.205000000000e+00 4.081250910506e-03 2.846637859666e-03 -1.882597936837e-03 1.363445373135e+05 1.228811601269e+05 1.000000000000e+05 6.751222317329e+03 5.330632452711e+02 1.800000000000e+06 0.000000000000e+00 -8.752000000000e-01 -8.752000000000e-01 0.000000000000e+00 0.000000000000e+00 0.000000000000e+00 -0.000000000000e+00 1.063121229967e-01 0.000000000000e+00 0.000000000000e+00 0.000000000000e+00 0.000000000000e+00 0.000000000000e+00 0.000000000000e+00 
9.210000000000e+00 4.090595062580e-03 2.658930810726e-03 -1.867663980185e-03 1.368666447998e+05 1.235558071565e+05 1.000000000000e+05 6.747328278683e+03 5.321257806401e+02 1.800000000000e+06 0.000000000000e+00 -8.752000000000e-01 -8.752000000000e-01 0.000000000000e+00 0.000000000000e+00 0.000000000000e+00 -0.000000000000e+00 1.065821688579e-01 0.000000000000e+00 0.000000000000e+00 0.000000000000e+00 0.000000000000e+00 0.000000000000e+00 0.000000000000e+00 
9.215000000000e+00 4.099848401328e-03 2.471512679341e-03 -1.847188157344e-03 1.373404129920e+05 1.242200510403e+05 1.000000000000e+05 6.743487389657e+03 5.312003879915e+02 1.800000000000e+06 0.000000000000e+00 -8.752000000000e-01 -8.752000000000e-01 0.000000000000e+00 0.000000000000e+00 0.000000000000e+00 -0.000000000000e+00 1.068477547446e-01 0.000000000000e+00 0.000000000000e+00 0.000000000000e+00 0.000000000000e+00 0.000000000000e+00 0.000000000000e+00 
9.220000000000e+00 4.108983555755e-03 2.283659011572e-03 -1.821309192871e-03 1.377655141335e+05 1.248720845496e+05 1.000000000000e+05 6.739710491914e+03 5.302896884679e+02 1.800000000000e+06 0.000000000000e+00 -8.752000000000e-01 -8.752000000000e-01 0.000000000000e+00 0.000000000000e+00 0.000000000000e+00 -0.000000000000e+00 1.071081074922e-01 0.000000000000e+00 0.000000000000e+00 0.000000000000e+00 0.000000000000e+00 0.000000000000e+00 0.000000000000e+00 
9.225000000000e+00 4.117974256488e-03 2.096115689956e-03 -1.790252853459e-03 1.381423117071e+05 1.255102187886e+05 1.000000000000e+05 6.736007789822e+03 5.293961622969e+02 1.800000000000e+06 0.000000000000e+00 -8.752000000000e-01 -8.752000000000e-01 0.000000000000e+00 0.000000000000e+00 0.000000000000e+00 -0.000000000000e+00 1.073624936385e-01 0.000000000000e+00 0.000000000000e+00 0.000000000000e+00 0.000000000000e+00 0.000000000000e+00 0.000000000000e+00 
9.230000000000e+00 4.126795220290e-03 1.908477415894e-03 -1.754161547321e-03 1.384706382896e+05 1.261328706645e+05 1.000000000000e+05 6.732389039671e+03 5.285221634949e+02 1.800000000000e+06 0.000000000000e+00 -8.752000000000e-01 -8.752000000000e-01 0.000000000000e+00 0.000000000000e+00 0.000000000000e+00 -0.000000000000e+00 1.076102100460e-01 0.000000000000e+00 0.000000000000e+00 0.000000000000e+00 0.000000000000e+00 0.000000000000e+00 0.000000000000e+00 
9.235000000000e+00 4.135422862394e-03 1.724868809524e-03 -1.713657960159e-03 1.387537982784e+05 1.267386085233e+05 1.000000000000e+05 6.728862843925e+03 5.276698527820e+02 1.800000000000e+06 0.000000000000e+00 -8.752000000000e-01 -8.752000000000e-01 0.000000000000e+00 0.000000000000e+00 0.000000000000e+00 -0.000000000000e+00 1.078506283851e-01 0.000000000000e+00 0.000000000000e+00 0.000000000000e+00 0.000000000000e+00 0.000000000000e+00 0.000000000000e+00 
9.240000000000e+00 4.143837582058e-03 1.549703164943e-03 -1.669530082656e-03 1.389964585208e+05 1.273263058001e+05 1.000000000000e+05 6.725435969092e+03 5.268409769999e+02 1.800000000000e+06 0.000000000000e+00 -8.752000000000e-01 -8.752000000000e-01 0.000000000000e+00 0.000000000000e+00 0.000000000000e+00 -0.000000000000e+00 1.080832524418e-01 0.000000000000e+00 0.000000000000e+00 0.000000000000e+00 0.000000000000e+00 0.000000000000e+00 0.000000000000e+00 
9.245000000000e+00 4.152024685233e-03 1.389479784542e-03 -1.622805903047e-03 1.392052075707e+05 1.278951955531e+05 1.000000000000e+05 6.722112940152e+03 5.260367858678e+02 1.800000000000e+06 0.000000000000e+00 -8.752000000000e-01 -8.752000000000e-01 0.000000000000e+00 0.000000000000e+00 0.000000000000e+00 -0.000000000000e+00 1.083077533344e-01 0.000000000000e+00 0.000000000000e+00 0.000000000000e+00 0.000000000000e+00 0.000000000000e+00 0.000000000000e+00 
9.250000000000e+00 4.159972827301e-03 1.246215815000e-03 -1.574029876556e-03 1.393833997294e+05 1.284447527025e+05 1.000000000000e+05 6.718897248217e+03 5.252581923553e+02 1.800000000000e+06 0.000000000000e+00 -8.752000000000e-01 -8.752000000000e-01 0.000000000000e+00 0.000000000000e+00 0.000000000000e+00 -0.000000000000e+00 1.085238905231e-01 0.000000000000e+00 0.000000000000e+00 0.000000000000e+00 0.000000000000e+00 0.000000000000e+00 0.000000000000e+00 
9.255000000000e+00 4.167674567525e-03 1.121686247172e-03 -1.524162641140e-03 1.395374748798e+05 1.289747251315e+05 1.000000000000e+05 6.715790470319e+03 5.245057240087e+02 1.800000000000e+06 0.000000000000e+00 -8.752000000000e-01 -8.752000000000e-01 0.000000000000e+00 0.000000000000e+00 0.000000000000e+00 -0.000000000000e+00 1.087315533892e-01 0.000000000000e+00 0.000000000000e+00 0.000000000000e+00 0.000000000000e+00 0.000000000000e+00 0.000000000000e+00 
9.260000000000e+00 4.175127266336e-03 1.018624722584e-03 -1.473985517509e-03 1.396728612599e+05 1.294851877826e+05 1.000000000000e+05 6.712792370683e+03 5.237794412748e+02 1.800000000000e+06 0.000000000000e+00 -8.752000000000e-01 -8.752000000000e-01 0.000000000000e+00 0.000000000000e+00 0.000000000000e+00 -0.000000000000e+00 1.089307607717e-01 0.000000000000e+00 0.000000000000e+00 0.000000000000e+00 0.000000000000e+00 0.000000000000e+00 0.000000000000e+00 
9.265000000000e+00 4.182331336525e-03 9.352251674948e-04 -1.424231740717e-03 1.397947856070e+05 1.299764158306e+05 1.000000000000e+05 6.709901534351e+03 5.230791134721e+02 1.800000000000e+06 0.000000000000e+00 -8.752000000000e-01 -8.752000000000e-01 0.000000000000e+00 0.000000000000e+00 0.000000000000e+00 -0.000000000000e+00 1.091216479998e-01 0.000000000000e+00 0.000000000000e+00 0.000000000000e+00 0.000000000000e+00 0.000000000000e+00 0.000000000000e+00 
9.270000000000e+00 4.189290487724e-03 8.700214012964e-04 -1.375326337922e-03 1.399065072997e+05 1.304488967943e+05 1.000000000000e+05 6.707115472777e+03 5.224041986431e+02 1.800000000000e+06 0.000000000000e+00 -8.752000000000e-01 -8.752000000000e-01 0.000000000000e+00 0.000000000000e+00 0.000000000000e+00 -0.000000000000e+00 1.093044374287e-01 0.000000000000e+00 0.000000000000e+00 0.000000000000e+00 0.000000000000e+00 0.000000000000e+00 0.000000000000e+00 
9.275000000000e+00 4.196009731640e-03 8.211859829441e-04 -1.327518084266e-03 1.400101236896e+05 1.309031916896e+05 1.000000000000e+05 6.704431342919e+03 5.217540397472e+02 1.800000000000e+06 0.000000000000e+00 -8.752000000000e-01 -8.752000000000e-01 0.000000000000e+00 0.000000000000e+00 0.000000000000e+00 -0.000000000000e+00 1.094793912782e-01 0.000000000000e+00 0.000000000000e+00 0.000000000000e+00 0.000000000000e+00 0.000000000000e+00 0.000000000000e+00 
9.280000000000e+00 4.202494879010e-03 7.864023503887e-04 -1.280950646269e-03 1.401070410425e+05 1.313399001550e+05 1.000000000000e+05 6.701846099738e+03 5.211279140736e+02 1.800000000000e+06 0.000000000000e+00 -8.752000000000e-01 -8.752000000000e-01 0.000000000000e+00 0.000000000000e+00 0.000000000000e+00 -0.000000000000e+00 1.096467930234e-01 0.000000000000e+00 0.000000000000e+00 0.000000000000e+00 0.000000000000e+00 0.000000000000e+00 0.000000000000e+00 
9.285000000000e+00 4.208752808170e-03 7.622525423807e-04 -1.235882016723e-03 1.401994996987e+05 1.317596781884e+05 1.000000000000e+05 6.699356226854e+03 5.205250076432e+02 1.800000000000e+06 0.000000000000e+00 -8.752000000000e-01 -8.752000000000e-01 0.000000000000e+00 0.000000000000e+00 0.000000000000e+00 -0.000000000000e+00 1.098069309362e-01 0.000000000000e+00 0.000000000000e+00 0.000000000000e+00 0.000000000000e+00 0.000000000000e+00 0.000000000000e+00 
9.290000000000e+00 4.214790209622e-03 7.466091216252e-04 -1.192201011619e-03 1.402871914256e+05 1.321631539136e+05 1.000000000000e+05 6.696958598493e+03 5.199445362321e+02 1.800000000000e+06 0.000000000000e+00 -8.752000000000e-01 -8.752000000000e-01 0.000000000000e+00 0.000000000000e+00 0.000000000000e+00 -0.000000000000e+00 1.099600795736e-01 0.000000000000e+00 0.000000000000e+00 0.000000000000e+00 0.000000000000e+00 0.000000000000e+00 0.000000000000e+00 
9.295000000000e+00 4.220613087214e-03 7.380464852794e-04 -1.149684464804e-03 1.403690046711e+05 1.325508955286e+05 1.000000000000e+05 6.694650485870e+03 5.193857923699e+02 1.800000000000e+06 0.000000000000e+00 -8.752000000000e-01 -8.752000000000e-01 0.000000000000e+00 0.000000000000e+00 0.000000000000e+00 -0.000000000000e+00 1.101064924430e-01 0.000000000000e+00 0.000000000000e+00 0.000000000000e+00 0.000000000000e+00 0.000000000000e+00 0.000000000000e+00 
9.300000000000e+00 4.226227204083e-03 7.346973432747e-04 -1.108303729121e-03 1.404451407597e+05 1.329234424431e+05 1.000000000000e+05 6.692429149266e+03 5.188481014570e+02 1.800000000000e+06 0.000000000000e+00 -8.752000000000e-01 -8.752000000000e-01 0.000000000000e+00 0.000000000000e+00 0.000000000000e+00 -0.000000000000e+00 1.102464105615e-01 0.000000000000e+00 0.000000000000e+00 0.000000000000e+00 0.000000000000e+00 0.000000000000e+00 0.000000000000e+00 
9.305000000000e+00 4.231637855863e-03 7.350818797774e-04 -1.067936438600e-03 1.405151336772e+05 1.332812912803e+05 1.000000000000e+05 6.690292137803e+03 5.183308426951e+02 1.800000000000e+06 0.000000000000e+00 -8.752000000000e-01 -8.752000000000e-01 0.000000000000e+00 0.000000000000e+00 0.000000000000e+00 -0.000000000000e+00 1.103800534353e-01 0.000000000000e+00 0.000000000000e+00 0.000000000000e+00 0.000000000000e+00 0.000000000000e+00 0.000000000000e+00 
9.310000000000e+00 4.236849802879e-03 7.386424710359e-04 -1.028494176784e-03 1.405787152423e+05 1.336248925590e+05 1.000000000000e+05 6.688237219760e+03 5.178334546839e+02 1.800000000000e+06 0.000000000000e+00 -8.752000000000e-01 -8.752000000000e-01 0.000000000000e+00 0.000000000000e+00 0.000000000000e+00 -0.000000000000e+00 1.105076212781e-01 0.000000000000e+00 0.000000000000e+00 0.000000000000e+00 0.000000000000e+00 0.000000000000e+00 0.000000000000e+00 
9.315000000000e+00 4.241867610666e-03 7.452191044930e-04 -9.899690001056e-04 1.406361485530e+05 1.339546741611e+05 1.000000000000e+05 6.686262209975e+03 5.173554021505e+02 1.800000000000e+06 0.000000000000e+00 -8.752000000000e-01 -8.752000000000e-01 0.000000000000e+00 0.000000000000e+00 0.000000000000e+00 -0.000000000000e+00 1.106293072346e-01 0.000000000000e+00 0.000000000000e+00 0.000000000000e+00 0.000000000000e+00 0.000000000000e+00 0.000000000000e+00 
9.320000000000e+00 4.246695836495e-03 7.545581971428e-04 -9.523443835506e-04 1.406876350498e+05 1.342710542383e+05 1.000000000000e+05 6.684364958806e+03 5.168961576944e+02 1.800000000000e+06 0.000000000000e+00 -8.752000000000e-01 -8.752000000000e-01 0.000000000000e+00 0.000000000000e+00 0.000000000000e+00 -0.000000000000e+00 1.107452993548e-01 0.000000000000e+00 0.000000000000e+00 0.000000000000e+00 0.000000000000e+00 0.000000000000e+00 0.000000000000e+00 
9.325000000000e+00 4.251338823695e-03 7.662649109546e-04 -9.155695744578e-04 1.407331297289e+05 1.345744282774e+05 1.000000000000e+05 6.682543451225e+03 5.164552209472e+02 1.800000000000e+06 0.000000000000e+00 -8.752000000000e-01 -8.752000000000e-01 0.000000000000e+00 0.000000000000e+00 0.000000000000e+00 -0.000000000000e+00 1.108557753027e-01 0.000000000000e+00 0.000000000000e+00 0.000000000000e+00 0.000000000000e+00 0.000000000000e+00 0.000000000000e+00 
9.330000000000e+00 4.255800731280e-03 7.799441484527e-04 -8.796218227249e-04 1.407727630223e+05 1.348651716719e+05 1.000000000000e+05 6.680795747988e+03 5.160321152769e+02 1.800000000000e+06 0.000000000000e+00 -8.752000000000e-01 -8.752000000000e-01 0.000000000000e+00 0.000000000000e+00 0.000000000000e+00 -0.000000000000e+00 1.109609045732e-01 0.000000000000e+00 0.000000000000e+00 0.000000000000e+00 0.000000000000e+00 0.000000000000e+00 0.000000000000e+00 
9.335000000000e+00 4.260085457497e-03 7.946352024203e-04 -8.444125081713e-04 1.408062051419e+05 1.351436353342e+05 1.000000000000e+05 6.679120082496e+03 5.156263945885e+02 1.800000000000e+06 0.000000000000e+00 -8.752000000000e-01 -8.752000000000e-01 0.000000000000e+00 0.000000000000e+00 0.000000000000e+00 -0.000000000000e+00 1.110608423035e-01 0.000000000000e+00 0.000000000000e+00 0.000000000000e+00 0.000000000000e+00 0.000000000000e+00 0.000000000000e+00 
9.340000000000e+00 4.264196339101e-03 8.096076398812e-04 -8.098403210459e-04 1.408330067002e+05 1.354101268228e+05 1.000000000000e+05 6.677514939564e+03 5.152376712839e+02 1.800000000000e+06 0.000000000000e+00 -8.752000000000e-01 -8.752000000000e-01 0.000000000000e+00 0.000000000000e+00 0.000000000000e+00 -0.000000000000e+00 1.111557243671e-01 0.000000000000e+00 0.000000000000e+00 0.000000000000e+00 0.000000000000e+00 0.000000000000e+00 0.000000000000e+00 
9.345000000000e+00 4.268136358638e-03 8.245802974879e-04 -7.758457308036e-04 1.408529765567e+05 1.356649245151e+05 1.000000000000e+05 6.675978931763e+03 5.148655960940e+02 1.800000000000e+06 0.000000000000e+00 -8.752000000000e-01 -8.752000000000e-01 0.000000000000e+00 0.000000000000e+00 0.000000000000e+00 -0.000000000000e+00 1.112456733081e-01 0.000000000000e+00 0.000000000000e+00 0.000000000000e+00 0.000000000000e+00 0.000000000000e+00 0.000000000000e+00 
9.350000000000e+00 4.271908312966e-03 8.396398608954e-04 -7.424128632841e-04 1.408662029394e+05 1.359082890278e+05 1.000000000000e+05 6.674510730049e+03 5.145098417638e+02 1.800000000000e+06 0.000000000000e+00 -8.752000000000e-01 -8.752000000000e-01 0.000000000000e+00 0.000000000000e+00 0.000000000000e+00 -0.000000000000e+00 1.113308051753e-01 0.000000000000e+00 0.000000000000e+00 0.000000000000e+00 0.000000000000e+00 0.000000000000e+00 0.000000000000e+00 
9.355000000000e+00 4.275515097964e-03 8.554995260434e-04 -7.095712564589e-04 1.408730811201e+05 1.361404819201e+05 1.000000000000e+05 6.673108949115e+03 5.141700759472e+02 1.800000000000e+06 0.000000000000e+00 -8.752000000000e-01 -8.752000000000e-01 0.000000000000e+00 0.000000000000e+00 0.000000000000e+00 -0.000000000000e+00 1.114112375668e-01 0.000000000000e+00 0.000000000000e+00 0.000000000000e+00 0.000000000000e+00 0.000000000000e+00 0.000000000000e+00 
9.360000000000e+00 4.278959667112e-03 8.723489602836e-04 -6.773158434110e-04 1.408737760135e+05 1.363617632130e+05 1.000000000000e+05 6.671772221060e+03 5.138459649732e+02 1.800000000000e+06 0.000000000000e+00 -8.752000000000e-01 -8.752000000000e-01 0.000000000000e+00 0.000000000000e+00 0.000000000000e+00 -0.000000000000e+00 1.114870860942e-01 0.000000000000e+00 0.000000000000e+00 0.000000000000e+00 0.000000000000e+00 0.000000000000e+00 0.000000000000e+00 
9.365000000000e+00 4.282244530354e-03 8.888066976114e-04 -6.454873058613e-04 1.408673962920e+05 1.365723594964e+05 1.000000000000e+05 6.670499478340e+03 5.135372207716e+02 1.800000000000e+06 0.000000000000e+00 -8.752000000000e-01 -8.752000000000e-01 0.000000000000e+00 0.000000000000e+00 0.000000000000e+00 -0.000000000000e+00 1.115584435469e-01 0.000000000000e+00 0.000000000000e+00 0.000000000000e+00 0.000000000000e+00 0.000000000000e+00 0.000000000000e+00 
9.370000000000e+00 4.285370867217e-03 9.019391955221e-04 -6.137597556123e-04 1.408518629224e+05 1.367724077346e+05 1.000000000000e+05 6.669290310012e+03 5.132436837104e+02 1.800000000000e+06 0.000000000000e+00 -8.752000000000e-01 -8.752000000000e-01 0.000000000000e+00 0.000000000000e+00 0.000000000000e+00 -0.000000000000e+00 1.116253520254e-01 0.000000000000e+00 0.000000000000e+00 0.000000000000e+00 0.000000000000e+00 0.000000000000e+00 0.000000000000e+00 
9.375000000000e+00 4.288338301771e-03 9.095277893785e-04 -5.818356487228e-04 1.408251948210e+05 1.369619418603e+05 1.000000000000e+05 6.668144907073e+03 5.129653429402e+02 1.800000000000e+06 0.000000000000e+00 -8.752000000000e-01 -8.752000000000e-01 0.000000000000e+00 0.000000000000e+00 0.000000000000e+00 -0.000000000000e+00 1.116878036405e-01 0.000000000000e+00 0.000000000000e+00 0.000000000000e+00 0.000000000000e+00 0.000000000000e+00 0.000000000000e+00 
9.380000000000e+00 4.291144740891e-03 9.096499366518e-04 -5.493384421217e-04 1.407847848764e+05 1.371408834164e+05 1.000000000000e+05 6.667064200512e+03 5.127023507961e+02 1.800000000000e+06 0.000000000000e+00 -8.752000000000e-01 -8.752000000000e-01 0.000000000000e+00 0.000000000000e+00 0.000000000000e+00 -0.000000000000e+00 1.117457327604e-01 0.000000000000e+00 0.000000000000e+00 0.000000000000e+00 0.000000000000e+00 0.000000000000e+00 0.000000000000e+00 
9.385000000000e+00 4.293785137622e-03 8.977686874770e-04 -5.155217775804e-04 1.407253969571e+05 1.373089637732e+05 1.000000000000e+05 6.666050553052e+03 5.124551378355e+02 1.800000000000e+06 0.000000000000e+00 -8.752000000000e-01 -8.752000000000e-01 0.000000000000e+00 0.000000000000e+00 0.000000000000e+00 -0.000000000000e+00 1.117989628953e-01 0.000000000000e+00 0.000000000000e+00 0.000000000000e+00 0.000000000000e+00 0.000000000000e+00 0.000000000000e+00 
9.390000000000e+00 4.296248194783e-03 8.627193385037e-04 -4.787355326703e-04 1.406354338225e+05 1.374655160502e+05 1.000000000000e+05 6.665109431465e+03 5.122247200667e+02 1.800000000000e+06 0.000000000000e+00 -8.752000000000e-01 -8.752000000000e-01 0.000000000000e+00 0.000000000000e+00 0.000000000000e+00 -0.000000000000e+00 1.118470853844e-01 0.000000000000e+00 0.000000000000e+00 0.000000000000e+00 0.000000000000e+00 0.000000000000e+00 0.000000000000e+00 
9.395000000000e+00 4.298510702417e-03 7.852241488454e-04 -4.363339401881e-04 1.404959958564e+05 1.376091183597e+05 1.000000000000e+05 6.664251685519e+03 5.120132261549e+02 1.800000000000e+06 0.000000000000e+00 -8.752000000000e-01 -8.752000000000e-01 0.000000000000e+00 0.000000000000e+00 0.000000000000e+00 -0.000000000000e+00 1.118893147006e-01 0.000000000000e+00 0.000000000000e+00 0.000000000000e+00 0.000000000000e+00 0.000000000000e+00 0.000000000000e+00 
9.400000000000e+00 4.300535548244e-03 6.472147093890e-04 -3.853832158617e-04 1.402854477922e+05 1.377374716248e+05 1.000000000000e+05 6.663493809430e+03 5.118240801214e+02 1.800000000000e+06 0.000000000000e+00 -8.752000000000e-01 -8.752000000000e-01 0.000000000000e+00 0.000000000000e+00 0.000000000000e+00 -0.000000000000e+00 1.119243963609e-01 0.000000000000e+00 0.000000000000e+00 0.000000000000e+00 0.000000000000e+00 0.000000000000e+00 0.000000000000e+00 
9.405000000000e+00 4.302267954683e-03 4.271818459011e-04 -3.219597556598e-04 1.399745281099e+05 1.378471642187e+05 1.000000000000e+05 6.662859912279e+03 5.116623503127e+02 1.800000000000e+06 0.000000000000e+00 -8.752000000000e-01 -8.752000000000e-01 0.000000000000e+00 0.000000000000e+00 0.000000000000e+00 -0.000000000000e+00 1.119504931574e-01 0.000000000000e+00 0.000000000000e+00 0.000000000000e+00 0.000000000000e+00 0.000000000000e+00 0.000000000000e+00 
9.410000000000e+00 4.303634944063e-03 1.134879628935e-04 -2.429896606939e-04 1.395384396807e+05 1.379336392408e+05 1.000000000000e+05 6.662380611504e+03 5.115347984145e+02 1.800000000000e+06 0.000000000000e+00 -8.752000000000e-01 -8.752000000000e-01 0.000000000000e+00 0.000000000000e+00 0.000000000000e+00 -0.000000000000e+00 1.119652893509e-01 0.000000000000e+00 0.000000000000e+00 0.000000000000e+00 0.000000000000e+00 0.000000000000e+00 0.000000000000e+00 
9.415000000000e+00 4.304556596155e-03 -2.769604394895e-04 -1.482712149678e-04 1.389708302768e+05 1.379919026372e+05 1.000000000000e+05 6.662087194116e+03 5.114488322574e+02 1.800000000000e+06 0.000000000000e+00 -8.752000000000e-01 -8.752000000000e-01 0.000000000000e+00 0.000000000000e+00 0.000000000000e+00 -0.000000000000e+00 1.119663758103e-01 0.000000000000e+00 0.000000000000e+00 0.000000000000e+00 0.000000000000e+00 0.000000000000e+00 0.000000000000e+00 
9.420000000000e+00 4.304964174198e-03 -6.931022930584e-04 -4.153461235981e-05 1.382918420495e+05 1.380176579743e+05 1.000000000000e+05 6.662003797678e+03 5.114108240291e+02 1.800000000000e+06 0.000000000000e+00 -8.752000000000e-01 -8.752000000000e-01 0.000000000000e+00 0.000000000000e+00 0.000000000000e+00 -0.000000000000e+00 1.119518591509e-01 0.000000000000e+00 0.000000000000e+00 0.000000000000e+00 0.000000000000e+00 0.000000000000e+00 0.000000000000e+00 
9.425000000000e+00 4.304828752146e-03 -1.045573100699e-03 6.850064059684e-05 1.375568838710e+05 1.380091011903e+05 1.000000000000e+05 6.662135482783e+03 5.114234521015e+02 1.800000000000e+06 0.000000000000e+00 -8.752000000000e-01 -8.752000000000e-01 0.000000000000e+00 0.000000000000e+00 0.000000000000e+00 -0.000000000000e+00 1.119210218038e-01 0.000000000000e+00 0.000000000000e+00 0.000000000000e+00 0.000000000000e+00 0.000000000000e+00 0.000000000000e+00 
9.430000000000e+00 4.304172177613e-03 -1.240524318871e-03 1.679879896937e-04 1.368583531948e+05 1.379676050329e+05 1.000000000000e+05 6.662463853570e+03 5.114846853788e+02 1.800000000000e+06 0.000000000000e+00 -8.752000000000e-01 -8.752000000000e-01 0.000000000000e+00 0.000000000000e+00 0.000000000000e+00 -0.000000000000e+00 1.118751952443e-01 0.000000000000e+00 0.000000000000e+00 0.000000000000e+00 0.000000000000e+00 0.000000000000e+00 0.000000000000e+00 
9.435000000000e+00 4.303088087533e-03 -1.171712256886e-03 2.434314102791e-04 1.362910294440e+05 1.378990538582e+05 1.000000000000e+05 6.662942698123e+03 5.115858180535e+02 1.800000000000e+06 0.000000000000e+00 -8.752000000000e-01 -8.752000000000e-01 0.000000000000e+00 0.000000000000e+00 0.000000000000e+00 -0.000000000000e+00 1.118179661801e-01 0.000000000000e+00 0.000000000000e+00 0.000000000000e+00 0.000000000000e+00 0.000000000000e+00 0.000000000000e+00 
9.440000000000e+00 4.301719876616e-03 -8.362676571713e-04 2.886482169543e-04 1.359048523781e+05 1.378124732597e+05 1.000000000000e+05 6.663511518740e+03 5.117135066210e+02 1.800000000000e+06 0.000000000000e+00 -8.752000000000e-01 -8.752000000000e-01 0.000000000000e+00 0.000000000000e+00 0.000000000000e+00 -0.000000000000e+00 1.117540656207e-01 0.000000000000e+00 0.000000000000e+00 0.000000000000e+00 0.000000000000e+00 0.000000000000e+00 0.000000000000e+00 
9.445000000000e+00 4.300206096511e-03 -3.436735222781e-04 3.099335139784e-04 1.356672255242e+05 1.377165985343e+05 1.000000000000e+05 6.664120572139e+03 5.118548465773e+02 1.800000000000e+06 0.000000000000e+00 -8.752000000000e-01 -8.752000000000e-01 0.000000000000e+00 0.000000000000e+00 0.000000000000e+00 -0.000000000000e+00 1.116876999412e-01 0.000000000000e+00 0.000000000000e+00 0.000000000000e+00 0.000000000000e+00 0.000000000000e+00 0.000000000000e+00 
9.450000000000e+00 4.298645667761e-03 1.611789703990e-04 3.155275221032e-04 1.355301801249e+05 1.376176785305e+05 1.000000000000e+05 6.664736981264e+03 5.120006148256e+02 1.800000000000e+06 0.000000000000e+00 -8.752000000000e-01 -8.752000000000e-01 0.000000000000e+00 0.000000000000e+00 0.000000000000e+00 -0.000000000000e+00 1.116216930555e-01 0.000000000000e+00 0.000000000000e+00 0.000000000000e+00 0.000000000000e+00 0.000000000000e+00 0.000000000000e+00 
9.455000000000e+00 4.297100936802e-03 5.900726892692e-04 3.093793346034e-04 1.354717363432e+05 1.375196627510e+05 1.000000000000e+05 6.665339099426e+03 5.121449894760e+02 1.800000000000e+06 0.000000000000e+00 -8.752000000000e-01 -8.752000000000e-01 0.000000000000e+00 0.000000000000e+00 0.000000000000e+00 -0.000000000000e+00 1.115577207411e-01 0.000000000000e+00 0.000000000000e+00 0.000000000000e+00 0.000000000000e+00 0.000000000000e+00 0.000000000000e+00 
9.460000000000e+00 4.295604550482e-03 9.144955317101e-04 2.982346690092e-04 1.354494418745e+05 1.374246281757e+05 1.000000000000e+05 6.665918913693e+03 5.122849148559e+02 1.800000000000e+06 0.000000000000e+00 -8.752000000000e-01 -8.752000000000e-01 0.000000000000e+00 0.000000000000e+00 0.000000000000e+00 -0.000000000000e+00 1.114965815405e-01 0.000000000000e+00 0.000000000000e+00 0.000000000000e+00 0.000000000000e+00 0.000000000000e+00 0.000000000000e+00 
9.465000000000e+00 4.294164639142e-03 1.132501840080e-03 2.870974123763e-04 1.354307184541e+05 1.373330999766e+05 1.000000000000e+05 6.666476786026e+03 5.124196236258e+02 1.800000000000e+06 0.000000000000e+00 -8.752000000000e-01 -8.752000000000e-01 0.000000000000e+00 0.000000000000e+00 0.000000000000e+00 -0.000000000000e+00 1.114383119739e-01 0.000000000000e+00 0.000000000000e+00 0.000000000000e+00 0.000000000000e+00 0.000000000000e+00 0.000000000000e+00 
9.470000000000e+00 4.292772617880e-03 1.260063891177e-03 2.783404000207e-04 1.353992884717e+05 1.372445409500e+05 1.000000000000e+05 6.667017766165e+03 5.125499121145e+02 1.800000000000e+06 0.000000000000e+00 -8.752000000000e-01 -8.752000000000e-01 0.000000000000e+00 0.000000000000e+00 0.000000000000e+00 -0.000000000000e+00 1.113825138796e-01 0.000000000000e+00 0.000000000000e+00 0.000000000000e+00 0.000000000000e+00 0.000000000000e+00 0.000000000000e+00 
9.475000000000e+00 4.291413915151e-03 1.324431169492e-03 2.727847497885e-04 1.353487501512e+05 1.371580304634e+05 1.000000000000e+05 6.667548154652e+03 5.126771390358e+02 1.800000000000e+06 0.000000000000e+00 -8.752000000000e-01 -8.752000000000e-01 0.000000000000e+00 0.000000000000e+00 0.000000000000e+00 -0.000000000000e+00 1.113286409760e-01 0.000000000000e+00 0.000000000000e+00 0.000000000000e+00 0.000000000000e+00 0.000000000000e+00 0.000000000000e+00 
9.480000000000e+00 4.290071641727e-03 1.348977366803e-03 2.706096521428e-04 1.352768008412e+05 1.370724969595e+05 1.000000000000e+05 6.668074713782e+03 5.128028828150e+02 1.800000000000e+06 0.000000000000e+00 -8.752000000000e-01 -8.752000000000e-01 0.000000000000e+00 0.000000000000e+00 0.000000000000e+00 -0.000000000000e+00 1.112761056847e-01 0.000000000000e+00 0.000000000000e+00 0.000000000000e+00 0.000000000000e+00 0.000000000000e+00 0.000000000000e+00 
9.485000000000e+00 4.288730579956e-03 1.353205004640e-03 2.712982142885e-04 1.351858623082e+05 1.369869720131e+05 1.000000000000e+05 6.668603058765e+03 5.129285679934e+02 1.800000000000e+06 0.000000000000e+00 -8.752000000000e-01 -8.752000000000e-01 0.000000000000e+00 0.000000000000e+00 0.000000000000e+00 -0.000000000000e+00 1.112243902173e-01 0.000000000000e+00 0.000000000000e+00 0.000000000000e+00 0.000000000000e+00 0.000000000000e+00 0.000000000000e+00 
9.490000000000e+00 4.287377969475e-03 1.348146064397e-03 2.743527002453e-04 1.350783909756e+05 1.369006409755e+05 1.000000000000e+05 6.669137859652e+03 5.130553911613e+02 1.800000000000e+06 0.000000000000e+00 -8.752000000000e-01 -8.752000000000e-01 0.000000000000e+00 0.000000000000e+00 0.000000000000e+00 -0.000000000000e+00 1.111730653107e-01 0.000000000000e+00 0.000000000000e+00 0.000000000000e+00 0.000000000000e+00 0.000000000000e+00 0.000000000000e+00 
9.495000000000e+00 4.286003701131e-03 1.339650136976e-03 2.792165346501e-04 1.349574083519e+05 1.368128559698e+05 1.000000000000e+05 6.669682707152e+03 5.131843022792e+02 1.800000000000e+06 0.000000000000e+00 -8.752000000000e-01 -8.752000000000e-01 0.000000000000e+00 0.000000000000e+00 0.000000000000e+00 -0.000000000000e+00 1.111217942252e-01 0.000000000000e+00 0.000000000000e+00 0.000000000000e+00 0.000000000000e+00 0.000000000000e+00 0.000000000000e+00 
9.500000000000e+00 4.284601000209e-03 1.331286927323e-03 2.851856715056e-04 1.348271358124e+05 1.367231802089e+05 1.000000000000e+05 6.670239777671e+03 5.133159400484e+02 1.800000000000e+06 0.000000000000e+00 -8.752000000000e-01 -8.752000000000e-01 0.000000000000e+00 0.000000000000e+00 0.000000000000e+00 -0.000000000000e+00 1.110703530996e-01 0.000000000000e+00 0.000000000000e+00 0.000000000000e+00 0.000000000000e+00 0.000000000000e+00 0.000000000000e+00 
9.505000000000e+00 4.283166133579e-03 1.324778514259e-03 2.917150152905e-04 1.346909409481e+05 1.366313700611e+05 1.000000000000e+05 6.670810166435e+03 5.134506587631e+02 1.800000000000e+06 0.000000000000e+00 -8.752000000000e-01 -8.752000000000e-01 0.000000000000e+00 0.000000000000e+00 0.000000000000e+00 -0.000000000000e+00 1.110186122045e-01 0.000000000000e+00 0.000000000000e+00 0.000000000000e+00 0.000000000000e+00 0.000000000000e+00 0.000000000000e+00 
9.510000000000e+00 4.281697571109e-03 1.320280934835e-03 2.984204537855e-04 1.345512684207e+05 1.365373220956e+05 1.000000000000e+05 6.671394217625e+03 5.135886064830e+02 1.800000000000e+06 0.000000000000e+00 -8.752000000000e-01 -8.752000000000e-01 0.000000000000e+00 0.000000000000e+00 0.000000000000e+00 -0.000000000000e+00 1.109665091664e-01 0.000000000000e+00 0.000000000000e+00 0.000000000000e+00 0.000000000000e+00 0.000000000000e+00 0.000000000000e+00 
9.515000000000e+00 4.280195344347e-03 1.317174495022e-03 3.050305395787e-04 1.344099184689e+05 1.364410325428e+05 1.000000000000e+05 6.671991741148e+03 5.137297848506e+02 1.800000000000e+06 0.000000000000e+00 -8.752000000000e-01 -8.752000000000e-01 0.000000000000e+00 0.000000000000e+00 0.000000000000e+00 -0.000000000000e+00 1.109140285174e-01 0.000000000000e+00 0.000000000000e+00 0.000000000000e+00 0.000000000000e+00 0.000000000000e+00 0.000000000000e+00 
9.520000000000e+00 4.278660464579e-03 1.314486126618e-03 3.113899760425e-04 1.342679847620e+05 1.363425603814e+05 1.000000000000e+05 6.672602243743e+03 5.138741034708e+02 1.800000000000e+06 0.000000000000e+00 -8.752000000000e-01 -8.752000000000e-01 0.000000000000e+00 0.000000000000e+00 0.000000000000e+00 -0.000000000000e+00 1.108611831242e-01 0.000000000000e+00 0.000000000000e+00 0.000000000000e+00 0.000000000000e+00 0.000000000000e+00 0.000000000000e+00 
9.525000000000e+00 4.277094453718e-03 1.311779105211e-03 3.174264781052e-04 1.341260432779e+05 1.362419974955e+05 1.000000000000e+05 6.673225089701e+03 5.140214238179e+02 1.800000000000e+06 0.000000000000e+00 -8.752000000000e-01 -8.752000000000e-01 0.000000000000e+00 0.000000000000e+00 0.000000000000e+00 -0.000000000000e+00 1.108080002936e-01 0.000000000000e+00 0.000000000000e+00 0.000000000000e+00 0.000000000000e+00 0.000000000000e+00 0.000000000000e+00 
9.530000000000e+00 4.275498931832e-03 1.308741501923e-03 3.231468773114e-04 1.339841502143e+05 1.361394423191e+05 1.000000000000e+05 6.673859660695e+03 5.141715979327e+02 1.800000000000e+06 0.000000000000e+00 -8.752000000000e-01 -8.752000000000e-01 0.000000000000e+00 0.000000000000e+00 0.000000000000e+00 -0.000000000000e+00 1.107545086128e-01 0.000000000000e+00 0.000000000000e+00 0.000000000000e+00 0.000000000000e+00 0.000000000000e+00 0.000000000000e+00 
9.535000000000e+00 4.273875393654e-03 1.305272172726e-03 3.285846944211e-04 1.338421758984e+05 1.360349854986e+05 1.000000000000e+05 6.674505406330e+03 5.143244894358e+02 1.800000000000e+06 0.000000000000e+00 -8.752000000000e-01 -8.752000000000e-01 0.000000000000e+00 0.000000000000e+00 0.000000000000e+00 -0.000000000000e+00 1.107007326506e-01 0.000000000000e+00 0.000000000000e+00 0.000000000000e+00 0.000000000000e+00 0.000000000000e+00 0.000000000000e+00 
9.540000000000e+00 4.272225112452e-03 1.301504956406e-03 3.337877795172e-04 1.336998804889e+05 1.359287036780e+05 1.000000000000e+05 6.675161873373e+03 5.144799826044e+02 1.800000000000e+06 0.000000000000e+00 -8.752000000000e-01 -8.752000000000e-01 0.000000000000e+00 0.000000000000e+00 0.000000000000e+00 -0.000000000000e+00 1.106466902642e-01 0.000000000000e+00 0.000000000000e+00 0.000000000000e+00 0.000000000000e+00 0.000000000000e+00 0.000000000000e+00 
9.545000000000e+00 4.270549121852e-03 1.297701435775e-03 3.388045460614e-04 1.335570043808e+05 1.358206582705e+05 1.000000000000e+05 6.675828703207e+03 5.146379841316e+02 1.800000000000e+06 0.000000000000e+00 -8.752000000000e-01 -8.752000000000e-01 0.000000000000e+00 0.000000000000e+00 0.000000000000e+00 -0.000000000000e+00 1.105923923693e-01 0.000000000000e+00 0.000000000000e+00 0.000000000000e+00 0.000000000000e+00 0.000000000000e+00 0.000000000000e+00 
9.550000000000e+00 4.268848231510e-03 1.294204673275e-03 3.436767052823e-04 1.334133176753e+05 1.357108964048e+05 1.000000000000e+05 6.676505620583e+03 5.147984216987e+02 1.800000000000e+06 0.000000000000e+00 -8.752000000000e-01 -8.752000000000e-01 0.000000000000e+00 0.000000000000e+00 0.000000000000e+00 -0.000000000000e+00 1.105378437617e-01 0.000000000000e+00 0.000000000000e+00 0.000000000000e+00 0.000000000000e+00 0.000000000000e+00 0.000000000000e+00 
9.555000000000e+00 4.267118903992e-03 1.291304356436e-03 3.484453850726e-04 1.332683094075e+05 1.355991843750e+05 1.000000000000e+05 6.677194071862e+03 5.149616332728e+02 1.800000000000e+06 0.000000000000e+00 -8.752000000000e-01 -8.752000000000e-01 0.000000000000e+00 0.000000000000e+00 0.000000000000e+00 -0.000000000000e+00 1.104830435706e-01 0.000000000000e+00 0.000000000000e+00 0.000000000000e+00 0.000000000000e+00 0.000000000000e+00 0.000000000000e+00 
9.560000000000e+00 4.265363010345e-03 1.289176152073e-03 3.531454688147e-04 1.331218629896e+05 1.354856373552e+05 1.000000000000e+05 6.677893358083e+03 5.151274467707e+02 1.800000000000e+06 0.000000000000e+00 -8.752000000000e-01 -8.752000000000e-01 0.000000000000e+00 0.000000000000e+00 0.000000000000e+00 -0.000000000000e+00 1.104279858244e-01 0.000000000000e+00 0.000000000000e+00 0.000000000000e+00 0.000000000000e+00 0.000000000000e+00 0.000000000000e+00 
9.565000000000e+00 4.263583718978e-03 1.287920672986e-03 3.578097126152e-04 1.329739611549e+05 1.353704549583e+05 1.000000000000e+05 6.678602262969e+03 5.152955671611e+02 1.800000000000e+06 0.000000000000e+00 -8.752000000000e-01 -8.752000000000e-01 0.000000000000e+00 0.000000000000e+00 0.000000000000e+00 -0.000000000000e+00 1.103726601051e-01 0.000000000000e+00 0.000000000000e+00 0.000000000000e+00 0.000000000000e+00 0.000000000000e+00 0.000000000000e+00 
9.570000000000e+00 4.261781153299e-03 1.287615857839e-03 3.624574097338e-04 1.328244772307e+05 1.352536401532e+05 1.000000000000e+05 6.679320766519e+03 5.154659867458e+02 1.800000000000e+06 0.000000000000e+00 -8.752000000000e-01 -8.752000000000e-01 0.000000000000e+00 0.000000000000e+00 0.000000000000e+00 -0.000000000000e+00 1.103170532521e-01 0.000000000000e+00 0.000000000000e+00 0.000000000000e+00 0.000000000000e+00 0.000000000000e+00 0.000000000000e+00 
9.575000000000e+00 4.259955321903e-03 1.288236074635e-03 3.671137412462e-04 1.326732371462e+05 1.351351884138e+05 1.000000000000e+05 6.680048898724e+03 5.156387087225e+02 1.800000000000e+06 0.000000000000e+00 -8.752000000000e-01 -8.752000000000e-01 0.000000000000e+00 0.000000000000e+00 0.000000000000e+00 -0.000000000000e+00 1.102611491918e-01 0.000000000000e+00 0.000000000000e+00 0.000000000000e+00 0.000000000000e+00 0.000000000000e+00 0.000000000000e+00 
9.580000000000e+00 4.258106107706e-03 1.289693319753e-03 3.718019741180e-04 1.325200708842e+05 1.350150869712e+05 1.000000000000e+05 6.680786738369e+03 5.158137482459e+02 1.800000000000e+06 0.000000000000e+00 -8.752000000000e-01 -8.752000000000e-01 0.000000000000e+00 0.000000000000e+00 0.000000000000e+00 -0.000000000000e+00 1.102049287599e-01 0.000000000000e+00 0.000000000000e+00 0.000000000000e+00 0.000000000000e+00 0.000000000000e+00 0.000000000000e+00 
9.585000000000e+00 4.256233292561e-03 1.291842273254e-03 3.765419888162e-04 1.323648239653e+05 1.348933163696e+05 1.000000000000e+05 6.681534402320e+03 5.159911301324e+02 1.800000000000e+06 0.000000000000e+00 -8.752000000000e-01 -8.752000000000e-01 0.000000000000e+00 0.000000000000e+00 0.000000000000e+00 -0.000000000000e+00 1.101483703656e-01 0.000000000000e+00 0.000000000000e+00 0.000000000000e+00 0.000000000000e+00 0.000000000000e+00 0.000000000000e+00 
9.590000000000e+00 4.254336555023e-03 1.294525345623e-03 3.813543049056e-04 1.322073302664e+05 1.347698502807e+05 1.000000000000e+05 6.682292049441e+03 5.161708891028e+02 1.800000000000e+06 0.000000000000e+00 -8.752000000000e-01 -8.752000000000e-01 0.000000000000e+00 0.000000000000e+00 0.000000000000e+00 -0.000000000000e+00 1.100914498767e-01 0.000000000000e+00 0.000000000000e+00 0.000000000000e+00 0.000000000000e+00 0.000000000000e+00 0.000000000000e+00 
9.595000000000e+00 4.252415477964e-03 1.297578276016e-03 3.862566583881e-04 1.320474354626e+05 1.346446559591e+05 1.000000000000e+05 6.683059875211e+03 5.163530690931e+02 1.800000000000e+06 0.000000000000e+00 -8.752000000000e-01 -8.752000000000e-01 0.000000000000e+00 0.000000000000e+00 0.000000000000e+00 -0.000000000000e+00 1.100341410358e-01 0.000000000000e+00 0.000000000000e+00 0.000000000000e+00 0.000000000000e+00 0.000000000000e+00 0.000000000000e+00 
9.600000000000e+00 4.250469561502e-03 1.300832315858e-03 3.912649666026e-04 1.318849913947e+05 1.345176950454e+05 1.000000000000e+05 6.683838107390e+03 5.165377220596e+02 1.800000000000e+06 0.000000000000e+00 -8.752000000000e-01 -8.752000000000e-01 0.000000000000e+00 0.000000000000e+00 0.000000000000e+00 -0.000000000000e+00 1.099764157212e-01 0.000000000000e+00 0.000000000000e+00 0.000000000000e+00 0.000000000000e+00 0.000000000000e+00 0.000000000000e+00 
9.605000000000e+00 4.248498235319e-03 1.304130720333e-03 3.963920442852e-04 1.317198655181e+05 1.343889243340e+05 1.000000000000e+05 6.684627000290e+03 5.167249068376e+02 1.800000000000e+06 0.000000000000e+00 -8.752000000000e-01 -8.752000000000e-01 0.000000000000e+00 0.000000000000e+00 0.000000000000e+00 -0.000000000000e+00 1.099182444488e-01 0.000000000000e+00 0.000000000000e+00 0.000000000000e+00 0.000000000000e+00 0.000000000000e+00 0.000000000000e+00 
9.610000000000e+00 4.246500874030e-03 1.307336610447e-03 4.016478363096e-04 1.315519403787e+05 1.342582967455e+05 1.000000000000e+05 6.685426828910e+03 5.169146877074e+02 1.800000000000e+06 0.000000000000e+00 -8.752000000000e-01 -8.752000000000e-01 0.000000000000e+00 0.000000000000e+00 0.000000000000e+00 -0.000000000000e+00 1.098595967768e-01 0.000000000000e+00 0.000000000000e+00 0.000000000000e+00 0.000000000000e+00 0.000000000000e+00 0.000000000000e+00 
9.615000000000e+00 4.244476809248e-03 1.310322767250e-03 4.070398225883e-04 1.313811117090e+05 1.341257620878e+05 1.000000000000e+05 6.686237884502e+03 5.171071332699e+02 1.800000000000e+06 0.000000000000e+00 -8.752000000000e-01 -8.752000000000e-01 0.000000000000e+00 0.000000000000e+00 0.000000000000e+00 -0.000000000000e+00 1.098004416703e-01 0.000000000000e+00 0.000000000000e+00 0.000000000000e+00 0.000000000000e+00 0.000000000000e+00 0.000000000000e+00 
9.620000000000e+00 4.242425341397e-03 1.312971607211e-03 4.125743428616e-04 1.312072802981e+05 1.339912678051e+05 1.000000000000e+05 6.687060470885e+03 5.173023153425e+02 1.800000000000e+06 0.000000000000e+00 -8.752000000000e-01 -8.752000000000e-01 0.000000000000e+00 0.000000000000e+00 0.000000000000e+00 -0.000000000000e+00 1.097407478137e-01 0.000000000000e+00 0.000000000000e+00 0.000000000000e+00 0.000000000000e+00 0.000000000000e+00 0.000000000000e+00 
9.625000000000e+00 4.240345738996e-03 1.315179815287e-03 4.182562511086e-04 1.310303542742e+05 1.338547589102e+05 1.000000000000e+05 6.687894904547e+03 5.175003090428e+02 1.800000000000e+06 0.000000000000e+00 -8.752000000000e-01 -8.752000000000e-01 0.000000000000e+00 0.000000000000e+00 0.000000000000e+00 -0.000000000000e+00 1.096804836813e-01 0.000000000000e+00 0.000000000000e+00 0.000000000000e+00 0.000000000000e+00 0.000000000000e+00 0.000000000000e+00 
9.630000000000e+00 4.238237258379e-03 1.316837506781e-03 4.240878686787e-04 1.308502574995e+05 1.337161792578e+05 1.000000000000e+05 6.688741506063e+03 5.177011909285e+02 1.800000000000e+06 0.000000000000e+00 -8.752000000000e-01 -8.752000000000e-01 0.000000000000e+00 0.000000000000e+00 0.000000000000e+00 -0.000000000000e+00 1.096196179349e-01 0.000000000000e+00 0.000000000000e+00 0.000000000000e+00 0.000000000000e+00 0.000000000000e+00 0.000000000000e+00 
9.635000000000e+00 4.236099140312e-03 1.317842916221e-03 4.300724544744e-04 1.306669059174e+05 1.335754713071e+05 1.000000000000e+05 6.689600604014e+03 5.179050393305e+02 1.800000000000e+06 0.000000000000e+00 -8.752000000000e-01 -8.752000000000e-01 0.000000000000e+00 0.000000000000e+00 0.000000000000e+00 -0.000000000000e+00 1.095581193244e-01 0.000000000000e+00 0.000000000000e+00 0.000000000000e+00 0.000000000000e+00 0.000000000000e+00 0.000000000000e+00 
9.640000000000e+00 4.233930606602e-03 1.318098910793e-03 4.362141348862e-04 1.304802077512e+05 1.334325758804e+05 1.000000000000e+05 6.690472536349e+03 5.181119346907e+02 1.800000000000e+06 0.000000000000e+00 -8.752000000000e-01 -8.752000000000e-01 0.000000000000e+00 0.000000000000e+00 0.000000000000e+00 -0.000000000000e+00 1.094959565490e-01 0.000000000000e+00 0.000000000000e+00 0.000000000000e+00 0.000000000000e+00 0.000000000000e+00 0.000000000000e+00 
9.645000000000e+00 4.231730860091e-03 1.317512235762e-03 4.425173712585e-04 1.302900670601e+05 1.332874321434e+05 1.000000000000e+05 6.691357650055e+03 5.183219595770e+02 1.800000000000e+06 0.000000000000e+00 -8.752000000000e-01 -8.752000000000e-01 0.000000000000e+00 0.000000000000e+00 0.000000000000e+00 -0.000000000000e+00 1.094330981950e-01 0.000000000000e+00 0.000000000000e+00 0.000000000000e+00 0.000000000000e+00 0.000000000000e+00 0.000000000000e+00 
9.650000000000e+00 4.229499091197e-03 1.315999967882e-03 4.489862965004e-04 1.300963886376e+05 1.331399780176e+05 1.000000000000e+05 6.692256298115e+03 5.185351980741e+02 1.800000000000e+06 0.000000000000e+00 -8.752000000000e-01 -8.752000000000e-01 0.000000000000e+00 0.000000000000e+00 0.000000000000e+00 -0.000000000000e+00 1.093695127183e-01 0.000000000000e+00 0.000000000000e+00 0.000000000000e+00 0.000000000000e+00 0.000000000000e+00 0.000000000000e+00 
9.655000000000e+00 4.227234455864e-03 1.313488110545e-03 4.556268023047e-04 1.298990623495e+05 1.329901487023e+05 1.000000000000e+05 6.693168849921e+03 5.187517379062e+02 1.800000000000e+06 0.000000000000e+00 -8.752000000000e-01 -8.752000000000e-01 0.000000000000e+00 0.000000000000e+00 0.000000000000e+00 -0.000000000000e+00 1.093051681977e-01 0.000000000000e+00 0.000000000000e+00 0.000000000000e+00 0.000000000000e+00 0.000000000000e+00 0.000000000000e+00 
9.660000000000e+00 4.224936075760e-03 1.309910856806e-03 4.624458536860e-04 1.296979677121e+05 1.328378766587e+05 1.000000000000e+05 6.694095690786e+03 5.189716704407e+02 1.800000000000e+06 0.000000000000e+00 -8.752000000000e-01 -8.752000000000e-01 0.000000000000e+00 0.000000000000e+00 0.000000000000e+00 -0.000000000000e+00 1.092400321307e-01 0.000000000000e+00 0.000000000000e+00 0.000000000000e+00 0.000000000000e+00 0.000000000000e+00 0.000000000000e+00 
9.665000000000e+00 4.222603035440e-03 1.305214651109e-03 4.694512032322e-04 1.294929755695e+05 1.326830913917e+05 1.000000000000e+05 6.695037222963e+03 5.191950909825e+02 1.800000000000e+06 0.000000000000e+00 -8.752000000000e-01 -8.752000000000e-01 0.000000000000e+00 0.000000000000e+00 0.000000000000e+00 -0.000000000000e+00 1.091740712977e-01 0.000000000000e+00 0.000000000000e+00 0.000000000000e+00 0.000000000000e+00 0.000000000000e+00 0.000000000000e+00 
9.670000000000e+00 4.220234378767e-03 1.299358788829e-03 4.766510896993e-04 1.292839498306e+05 1.325257191793e+05 1.000000000000e+05 6.695993866960e+03 5.194220991434e+02 1.800000000000e+06 0.000000000000e+00 -8.752000000000e-01 -8.752000000000e-01 0.000000000000e+00 0.000000000000e+00 0.000000000000e+00 -0.000000000000e+00 1.091072516576e-01 0.000000000000e+00 0.000000000000e+00 0.000000000000e+00 0.000000000000e+00 0.000000000000e+00 0.000000000000e+00 
9.675000000000e+00 4.217829108120e-03 1.292313431789e-03 4.840539069251e-04 1.290707496029e+05 1.323656829841e+05 1.000000000000e+05 6.696966061723e+03 5.196527989445e+02 1.800000000000e+06 0.000000000000e+00 -8.752000000000e-01 -8.752000000000e-01 0.000000000000e+00 0.000000000000e+00 0.000000000000e+00 -0.000000000000e+00 1.090395383052e-01 0.000000000000e+00 0.000000000000e+00 0.000000000000e+00 0.000000000000e+00 0.000000000000e+00 0.000000000000e+00 
9.680000000000e+00 4.215386179683e-03 1.284051433215e-03 4.916691266561e-04 1.288532225244e+05 1.322029021018e+05 1.000000000000e+05 6.697954267318e+03 5.198872992985e+02 1.800000000000e+06 0.000000000000e+00 -8.752000000000e-01 -8.752000000000e-01 0.000000000000e+00 0.000000000000e+00 0.000000000000e+00 -0.000000000000e+00 1.089708954540e-01 0.000000000000e+00 0.000000000000e+00 0.000000000000e+00 0.000000000000e+00 0.000000000000e+00 0.000000000000e+00 
9.685000000000e+00 4.212904509024e-03 1.274564954634e-03 4.995042583243e-04 1.286312257802e+05 1.320372924914e+05 1.000000000000e+05 6.698958960577e+03 5.201257135056e+02 1.800000000000e+06 0.000000000000e+00 -8.752000000000e-01 -8.752000000000e-01 0.000000000000e+00 0.000000000000e+00 0.000000000000e+00 -0.000000000000e+00 1.089012864651e-01 0.000000000000e+00 0.000000000000e+00 0.000000000000e+00 0.000000000000e+00 0.000000000000e+00 0.000000000000e+00 
9.690000000000e+00 4.210382983552e-03 1.263875061810e-03 5.075638548074e-04 1.284046337340e+05 1.318687675680e+05 1.000000000000e+05 6.699980629464e+03 5.203681580866e+02 1.800000000000e+06 0.000000000000e+00 -8.752000000000e-01 -8.752000000000e-01 0.000000000000e+00 0.000000000000e+00 0.000000000000e+00 -0.000000000000e+00 1.088306742398e-01 0.000000000000e+00 0.000000000000e+00 0.000000000000e+00 0.000000000000e+00 0.000000000000e+00 0.000000000000e+00 
9.695000000000e+00 4.207820460909e-03 1.252011205359e-03 5.158542845609e-04 1.281733052565e+05 1.316972380591e+05 1.000000000000e+05 6.701019777329e+03 5.206147529650e+02 1.800000000000e+06 0.000000000000e+00 -8.752000000000e-01 -8.752000000000e-01 0.000000000000e+00 0.000000000000e+00 0.000000000000e+00 -0.000000000000e+00 1.087590210445e-01 0.000000000000e+00 0.000000000000e+00 0.000000000000e+00 0.000000000000e+00 0.000000000000e+00 0.000000000000e+00 
9.700000000000e+00 4.205215774825e-03 1.239007077310e-03 5.243421526442e-04 1.279373683125e+05 1.315226123587e+05 1.000000000000e+05 6.702076890064e+03 5.208656209326e+02 1.800000000000e+06 0.000000000000e+00 -8.752000000000e-01 -8.752000000000e-01 0.000000000000e+00 0.000000000000e+00 0.000000000000e+00 -0.000000000000e+00 1.086862890027e-01 0.000000000000e+00 0.000000000000e+00 0.000000000000e+00 0.000000000000e+00 0.000000000000e+00 0.000000000000e+00 
9.705000000000e+00 4.202567737844e-03 1.224909263011e-03 5.330404939132e-04 1.276966314653e+05 1.313447966736e+05 1.000000000000e+05 6.703152498467e+03 5.211208874151e+02 1.800000000000e+06 0.000000000000e+00 -8.752000000000e-01 -8.752000000000e-01 0.000000000000e+00 0.000000000000e+00 0.000000000000e+00 -0.000000000000e+00 1.086124403706e-01 0.000000000000e+00 0.000000000000e+00 0.000000000000e+00 0.000000000000e+00 0.000000000000e+00 0.000000000000e+00 
9.710000000000e+00 4.199875180044e-03 1.209797460018e-03 5.419706370352e-04 1.274508462529e+05 1.311636975929e+05 1.000000000000e+05 6.704247134721e+03 5.213806767620e+02 1.800000000000e+06 0.000000000000e+00 -8.752000000000e-01 -8.752000000000e-01 0.000000000000e+00 0.000000000000e+00 0.000000000000e+00 -0.000000000000e+00 1.085374380902e-01 0.000000000000e+00 0.000000000000e+00 0.000000000000e+00 0.000000000000e+00 0.000000000000e+00 0.000000000000e+00 
9.715000000000e+00 4.197136931035e-03 1.193714265546e-03 5.511334793134e-04 1.271999026114e+05 1.309792208570e+05 1.000000000000e+05 6.705361318565e+03 5.216451139986e+02 1.800000000000e+06 0.000000000000e+00 -8.752000000000e-01 -8.752000000000e-01 0.000000000000e+00 0.000000000000e+00 0.000000000000e+00 -0.000000000000e+00 1.084612454306e-01 0.000000000000e+00 0.000000000000e+00 0.000000000000e+00 0.000000000000e+00 0.000000000000e+00 0.000000000000e+00 
9.720000000000e+00 4.194351829874e-03 1.176698041753e-03 5.605276528301e-04 1.269437054971e+05 1.307912719997e+05 1.000000000000e+05 6.706495566703e+03 5.219143238878e+02 1.800000000000e+06 0.000000000000e+00 -8.752000000000e-01 -8.752000000000e-01 0.000000000000e+00 0.000000000000e+00 0.000000000000e+00 -0.000000000000e+00 1.083838262700e-01 0.000000000000e+00 0.000000000000e+00 0.000000000000e+00 0.000000000000e+00 0.000000000000e+00 0.000000000000e+00 
9.725000000000e+00 4.191518736433e-03 1.158815412773e-03 5.701448111988e-04 1.266822081027e+05 1.305997570949e+05 1.000000000000e+05 6.707650384775e+03 5.221884298462e+02 1.800000000000e+06 0.000000000000e+00 -8.752000000000e-01 -8.752000000000e-01 0.000000000000e+00 0.000000000000e+00 0.000000000000e+00 -0.000000000000e+00 1.083051458335e-01 0.000000000000e+00 0.000000000000e+00 0.000000000000e+00 0.000000000000e+00 0.000000000000e+00 0.000000000000e+00 
9.730000000000e+00 4.188636577400e-03 1.140209629918e-03 5.799736655694e-04 1.264153875063e+05 1.304045858577e+05 1.000000000000e+05 6.708826251697e+03 5.224675494987e+02 1.800000000000e+06 0.000000000000e+00 -8.752000000000e-01 -8.752000000000e-01 0.000000000000e+00 0.000000000000e+00 0.000000000000e+00 -0.000000000000e+00 1.082251715916e-01 0.000000000000e+00 0.000000000000e+00 0.000000000000e+00 0.000000000000e+00 0.000000000000e+00 0.000000000000e+00 
9.735000000000e+00 4.185704357691e-03 1.120976182961e-03 5.900037786265e-04 1.261432194667e+05 1.302056724301e+05 1.000000000000e+05 6.710023617789e+03 5.227517935621e+02 1.800000000000e+06 0.000000000000e+00 -8.752000000000e-01 -8.752000000000e-01 0.000000000000e+00 0.000000000000e+00 0.000000000000e+00 -0.000000000000e+00 1.081438729882e-01 0.000000000000e+00 0.000000000000e+00 0.000000000000e+00 0.000000000000e+00 0.000000000000e+00 0.000000000000e+00 
9.740000000000e+00 4.182721120819e-03 1.101148399195e-03 6.002224142132e-04 1.258656973891e+05 1.300029327050e+05 1.000000000000e+05 6.711242918483e+03 5.230412696758e+02 1.800000000000e+06 0.000000000000e+00 -8.752000000000e-01 -8.752000000000e-01 0.000000000000e+00 0.000000000000e+00 0.000000000000e+00 -0.000000000000e+00 1.080612217739e-01 0.000000000000e+00 0.000000000000e+00 0.000000000000e+00 0.000000000000e+00 0.000000000000e+00 0.000000000000e+00 
9.745000000000e+00 4.179685979196e-03 1.080806735677e-03 6.106134376028e-04 1.255828421195e+05 1.297962863879e+05 1.000000000000e+05 6.712484561178e+03 5.233360794578e+02 1.800000000000e+06 0.000000000000e+00 -8.752000000000e-01 -8.752000000000e-01 0.000000000000e+00 0.000000000000e+00 0.000000000000e+00 -0.000000000000e+00 1.079771923909e-01 0.000000000000e+00 0.000000000000e+00 0.000000000000e+00 0.000000000000e+00 0.000000000000e+00 0.000000000000e+00 
9.750000000000e+00 4.176598134083e-03 1.060032057264e-03 6.211587824303e-04 1.252946933701e+05 1.295856583757e+05 1.000000000000e+05 6.713748918134e+03 5.236363165506e+02 1.800000000000e+06 0.000000000000e+00 -8.752000000000e-01 -8.752000000000e-01 0.000000000000e+00 0.000000000000e+00 0.000000000000e+00 -0.000000000000e+00 1.078917622947e-01 0.000000000000e+00 0.000000000000e+00 0.000000000000e+00 0.000000000000e+00 0.000000000000e+00 0.000000000000e+00 
9.755000000000e+00 4.173456880482e-03 1.038897884549e-03 6.318393009730e-04 1.250013043176e+05 1.293709791230e+05 1.000000000000e+05 6.715036325003e+03 5.239420661171e+02 1.800000000000e+06 0.000000000000e+00 -8.752000000000e-01 -8.752000000000e-01 0.000000000000e+00 0.000000000000e+00 0.000000000000e+00 -0.000000000000e+00 1.078049120992e-01 0.000000000000e+00 0.000000000000e+00 0.000000000000e+00 0.000000000000e+00 0.000000000000e+00 0.000000000000e+00 
9.760000000000e+00 4.170261616567e-03 1.017488811766e-03 6.426339014229e-04 1.247027483532e+05 1.291521853257e+05 1.000000000000e+05 6.716347076217e+03 5.242534038918e+02 1.800000000000e+06 0.000000000000e+00 -8.752000000000e-01 -8.752000000000e-01 0.000000000000e+00 0.000000000000e+00 0.000000000000e+00 -0.000000000000e+00 1.077166258403e-01 0.000000000000e+00 0.000000000000e+00 0.000000000000e+00 0.000000000000e+00 0.000000000000e+00 0.000000000000e+00 
9.765000000000e+00 4.167011852891e-03 9.958692365784e-04 6.535511165028e-04 1.243989010646e+05 1.289292206012e+05 1.000000000000e+05 6.717681444562e+03 5.245703952431e+02 1.800000000000e+06 0.000000000000e+00 -8.752000000000e-01 -8.752000000000e-01 0.000000000000e+00 0.000000000000e+00 0.000000000000e+00 -0.000000000000e+00 1.076268912003e-01 0.000000000000e+00 0.000000000000e+00 0.000000000000e+00 0.000000000000e+00 0.000000000000e+00 0.000000000000e+00 
9.770000000000e+00 4.163707215405e-03 9.741272611860e-04 6.645517275316e-04 1.240899763261e+05 1.287020357529e+05 1.000000000000e+05 6.719039622241e+03 5.248930948323e+02 1.800000000000e+06 0.000000000000e+00 -8.752000000000e-01 -8.752000000000e-01 0.000000000000e+00 0.000000000000e+00 0.000000000000e+00 -0.000000000000e+00 1.075356995984e-01 0.000000000000e+00 0.000000000000e+00 0.000000000000e+00 0.000000000000e+00 0.000000000000e+00 0.000000000000e+00 
9.775000000000e+00 4.160347452356e-03 9.523491103679e-04 6.755934268578e-04 1.237762185188e+05 1.284705893091e+05 1.000000000000e+05 6.720421750980e+03 5.252215458884e+02 1.800000000000e+06 0.000000000000e+00 -8.752000000000e-01 -8.752000000000e-01 0.000000000000e+00 0.000000000000e+00 0.000000000000e+00 -0.000000000000e+00 1.074430463111e-01 0.000000000000e+00 0.000000000000e+00 0.000000000000e+00 0.000000000000e+00 0.000000000000e+00 0.000000000000e+00 
9.780000000000e+00 4.156932439408e-03 9.306070517256e-04 6.866506053819e-04 1.234577655121e+05 1.282348479496e+05 1.000000000000e+05 6.721827934460e+03 5.255557796482e+02 1.800000000000e+06 0.000000000000e+00 -8.752000000000e-01 -8.752000000000e-01 0.000000000000e+00 0.000000000000e+00 0.000000000000e+00 -0.000000000000e+00 1.073489306085e-01 0.000000000000e+00 0.000000000000e+00 0.000000000000e+00 0.000000000000e+00 0.000000000000e+00 0.000000000000e+00 
9.785000000000e+00 4.153462182160e-03 9.089722294988e-04 6.976971565635e-04 1.231347680623e+05 1.279947867608e+05 1.000000000000e+05 6.723258224257e+03 5.258958150453e+02 1.800000000000e+06 0.000000000000e+00 -8.752000000000e-01 -8.752000000000e-01 0.000000000000e+00 0.000000000000e+00 0.000000000000e+00 -0.000000000000e+00 1.072533557890e-01 0.000000000000e+00 0.000000000000e+00 0.000000000000e+00 0.000000000000e+00 0.000000000000e+00 0.000000000000e+00 
9.790000000000e+00 4.149936818378e-03 8.875100409779e-04 7.087064418388e-04 1.228073903824e+05 1.277503894793e+05 1.000000000000e+05 6.724712618622e+03 5.262416584209e+02 1.800000000000e+06 0.000000000000e+00 -8.752000000000e-01 -8.752000000000e-01 0.000000000000e+00 0.000000000000e+00 0.000000000000e+00 -0.000000000000e+00 1.071563292261e-01 0.000000000000e+00 0.000000000000e+00 0.000000000000e+00 0.000000000000e+00 0.000000000000e+00 0.000000000000e+00 
9.795000000000e+00 4.146356618245e-03 8.662836055174e-04 7.196523525256e-04 1.224758029232e+05 1.275016486034e+05 1.000000000000e+05 6.726191062885e+03 5.265933034241e+02 1.800000000000e+06 0.000000000000e+00 -8.752000000000e-01 -8.752000000000e-01 0.000000000000e+00 0.000000000000e+00 0.000000000000e+00 -0.000000000000e+00 1.070578623013e-01 0.000000000000e+00 0.000000000000e+00 0.000000000000e+00 0.000000000000e+00 0.000000000000e+00 0.000000000000e+00 
9.800000000000e+00 4.142721982135e-03 8.453637549915e-04 7.305089095250e-04 1.221401851518e+05 1.272485653389e+05 1.000000000000e+05 6.727693449770e+03 5.269507311517e+02 1.800000000000e+06 0.000000000000e+00 -8.752000000000e-01 -8.752000000000e-01 0.000000000000e+00 0.000000000000e+00 0.000000000000e+00 -0.000000000000e+00 1.069579703332e-01 0.000000000000e+00 0.000000000000e+00 0.000000000000e+00 0.000000000000e+00 0.000000000000e+00 0.000000000000e+00 
9.805000000000e+00 4.139033443151e-03 8.248086547789e-04 7.412489006313e-04 1.218007354347e+05 1.269911498808e+05 1.000000000000e+05 6.729219617010e+03 5.273139098156e+02 1.800000000000e+06 0.000000000000e+00 -8.752000000000e-01 -8.752000000000e-01 0.000000000000e+00 0.000000000000e+00 0.000000000000e+00 -0.000000000000e+00 1.068566726812e-01 0.000000000000e+00 0.000000000000e+00 0.000000000000e+00 0.000000000000e+00 0.000000000000e+00 0.000000000000e+00 
9.810000000000e+00 4.135291668629e-03 8.046724012304e-04 7.518467630445e-04 1.214576511656e+05 1.267294216292e+05 1.000000000000e+05 6.730769348555e+03 5.276827945079e+02 1.800000000000e+06 0.000000000000e+00 -8.752000000000e-01 -8.752000000000e-01 0.000000000000e+00 0.000000000000e+00 0.000000000000e+00 -0.000000000000e+00 1.067539926075e-01 0.000000000000e+00 0.000000000000e+00 0.000000000000e+00 0.000000000000e+00 0.000000000000e+00 0.000000000000e+00 
9.815000000000e+00 4.131497450448e-03 7.850134901769e-04 7.622765573425e-04 1.211111423939e+05 1.264634086289e+05 1.000000000000e+05 6.732342376700e+03 5.280573280642e+02 1.800000000000e+06 0.000000000000e+00 -8.752000000000e-01 -8.752000000000e-01 0.000000000000e+00 0.000000000000e+00 0.000000000000e+00 -0.000000000000e+00 1.066499570631e-01 0.000000000000e+00 0.000000000000e+00 0.000000000000e+00 0.000000000000e+00 0.000000000000e+00 0.000000000000e+00 
9.820000000000e+00 4.127651750612e-03 7.658735312373e-04 7.725128465129e-04 1.207614291324e+05 1.261931508907e+05 1.000000000000e+05 6.733938363564e+03 5.284374364656e+02 1.800000000000e+06 0.000000000000e+00 -8.752000000000e-01 -8.752000000000e-01 0.000000000000e+00 0.000000000000e+00 0.000000000000e+00 -0.000000000000e+00 1.065445968726e-01 0.000000000000e+00 0.000000000000e+00 0.000000000000e+00 0.000000000000e+00 0.000000000000e+00 0.000000000000e+00 
9.825000000000e+00 4.123755537521e-03 7.472941623266e-04 7.825320140965e-04 1.204087204002e+05 1.259186890046e+05 1.000000000000e+05 6.735556969356e+03 5.288230449289e+02 1.800000000000e+06 0.000000000000e+00 -8.752000000000e-01 -8.752000000000e-01 0.000000000000e+00 0.000000000000e+00 0.000000000000e+00 -0.000000000000e+00 1.064379462949e-01 0.000000000000e+00 0.000000000000e+00 0.000000000000e+00 0.000000000000e+00 0.000000000000e+00 0.000000000000e+00 
9.830000000000e+00 4.119810014535e-03 7.293226092476e-04 7.923104466658e-04 1.200532436332e+05 1.256400803237e+05 1.000000000000e+05 6.737197756250e+03 5.292140552210e+02 1.800000000000e+06 0.000000000000e+00 -8.752000000000e-01 -8.752000000000e-01 0.000000000000e+00 0.000000000000e+00 0.000000000000e+00 -0.000000000000e+00 1.063300428846e-01 0.000000000000e+00 0.000000000000e+00 0.000000000000e+00 0.000000000000e+00 0.000000000000e+00 0.000000000000e+00 
9.835000000000e+00 4.115816455343e-03 7.119934580479e-04 8.018264556057e-04 1.196952193982e+05 1.253573875218e+05 1.000000000000e+05 6.738860257463e+03 5.296103618320e+02 1.800000000000e+06 0.000000000000e+00 -8.752000000000e-01 -8.752000000000e-01 0.000000000000e+00 0.000000000000e+00 0.000000000000e+00 -0.000000000000e+00 1.062209273308e-01 0.000000000000e+00 0.000000000000e+00 0.000000000000e+00 0.000000000000e+00 0.000000000000e+00 0.000000000000e+00 
9.840000000000e+00 4.111776238833e-03 6.953415346198e-04 8.110598461870e-04 1.193348670210e+05 1.250706811590e+05 1.000000000000e+05 6.740543962189e+03 5.300118484399e+02 1.800000000000e+06 0.000000000000e+00 -8.752000000000e-01 -8.752000000000e-01 0.000000000000e+00 0.000000000000e+00 0.000000000000e+00 -0.000000000000e+00 1.061106432082e-01 0.000000000000e+00 0.000000000000e+00 0.000000000000e+00 0.000000000000e+00 0.000000000000e+00 0.000000000000e+00 
9.845000000000e+00 4.107690843903e-03 6.793931772554e-04 8.199905401158e-04 1.189724140463e+05 1.247800394345e+05 1.000000000000e+05 6.742248316375e+03 5.304183883324e+02 1.800000000000e+06 0.000000000000e+00 -8.752000000000e-01 -8.752000000000e-01 0.000000000000e+00 0.000000000000e+00 0.000000000000e+00 -0.000000000000e+00 1.059992368562e-01 0.000000000000e+00 0.000000000000e+00 0.000000000000e+00 0.000000000000e+00 0.000000000000e+00 0.000000000000e+00 
9.850000000000e+00 4.103561843813e-03 6.641844001403e-04 8.286004237540e-04 1.186080828651e+05 1.244855479048e+05 1.000000000000e+05 6.743972726110e+03 5.308298448772e+02 1.800000000000e+06 0.000000000000e+00 -8.752000000000e-01 -8.752000000000e-01 0.000000000000e+00 0.000000000000e+00 0.000000000000e+00 -0.000000000000e+00 1.058867571399e-01 0.000000000000e+00 0.000000000000e+00 0.000000000000e+00 0.000000000000e+00 0.000000000000e+00 0.000000000000e+00 
9.855000000000e+00 4.099390900109e-03 6.497404600769e-04 8.368724055854e-04 1.182420970089e+05 1.241872991676e+05 1.000000000000e+05 6.745716559118e+03 5.312460720368e+02 1.800000000000e+06 0.000000000000e+00 -8.752000000000e-01 -8.752000000000e-01 0.000000000000e+00 0.000000000000e+00 0.000000000000e+00 -0.000000000000e+00 1.057732552391e-01 0.000000000000e+00 0.000000000000e+00 0.000000000000e+00 0.000000000000e+00 0.000000000000e+00 0.000000000000e+00 
9.860000000000e+00 4.095179753753e-03 6.360750642565e-04 8.447911780029e-04 1.178746751623e+05 1.238853923418e+05 1.000000000000e+05 6.747479148700e+03 5.316669151663e+02 1.800000000000e+06 0.000000000000e+00 -8.752000000000e-01 -8.752000000000e-01 0.000000000000e+00 0.000000000000e+00 0.000000000000e+00 -0.000000000000e+00 1.056587843705e-01 0.000000000000e+00 0.000000000000e+00 0.000000000000e+00 0.000000000000e+00 0.000000000000e+00 0.000000000000e+00 
9.865000000000e+00 4.090930217053e-03 6.231994938498e-04 8.523431847386e-04 1.175060308319e+05 1.235799325982e+05 1.000000000000e+05 6.749259796779e+03 5.320922117373e+02 1.800000000000e+06 0.000000000000e+00 -8.752000000000e-01 -8.752000000000e-01 0.000000000000e+00 0.000000000000e+00 0.000000000000e+00 -0.000000000000e+00 1.055433995244e-01 0.000000000000e+00 0.000000000000e+00 0.000000000000e+00 0.000000000000e+00 0.000000000000e+00 0.000000000000e+00 
9.870000000000e+00 4.086644165698e-03 6.111254310745e-04 8.595161969374e-04 1.171363748050e+05 1.232710306897e+05 1.000000000000e+05 6.751057776616e+03 5.325217920559e+02 1.800000000000e+06 0.000000000000e+00 -8.752000000000e-01 -8.752000000000e-01 0.000000000000e+00 0.000000000000e+00 0.000000000000e+00 -0.000000000000e+00 1.054271572251e-01 0.000000000000e+00 0.000000000000e+00 0.000000000000e+00 0.000000000000e+00 0.000000000000e+00 0.000000000000e+00 
9.875000000000e+00 4.082323531900e-03 5.998608514192e-04 8.662994625366e-04 1.167659136057e+05 1.229588025541e+05 1.000000000000e+05 6.752872335525e+03 5.329554798777e+02 1.800000000000e+06 0.000000000000e+00 -8.752000000000e-01 -8.752000000000e-01 0.000000000000e+00 0.000000000000e+00 0.000000000000e+00 -0.000000000000e+00 1.053101153133e-01 0.000000000000e+00 0.000000000000e+00 0.000000000000e+00 0.000000000000e+00 0.000000000000e+00 0.000000000000e+00 
9.880000000000e+00 4.077970296343e-03 5.894071282086e-04 8.726840340763e-04 1.163948465636e+05 1.226433688238e+05 1.000000000000e+05 6.754702698249e+03 5.333930931460e+02 1.800000000000e+06 0.000000000000e+00 -8.752000000000e-01 -8.752000000000e-01 0.000000000000e+00 0.000000000000e+00 0.000000000000e+00 -0.000000000000e+00 1.051923326801e-01 0.000000000000e+00 0.000000000000e+00 0.000000000000e+00 0.000000000000e+00 0.000000000000e+00 0.000000000000e+00 
9.885000000000e+00 4.073586478153e-03 5.797642029780e-04 8.786628227996e-04 1.160233646583e+05 1.223248541830e+05 1.000000000000e+05 6.756548070982e+03 5.338344449382e+02 1.800000000000e+06 0.000000000000e+00 -8.752000000000e-01 -8.752000000000e-01 0.000000000000e+00 0.000000000000e+00 0.000000000000e+00 -0.000000000000e+00 1.050738689778e-01 0.000000000000e+00 0.000000000000e+00 0.000000000000e+00 0.000000000000e+00 0.000000000000e+00 0.000000000000e+00 
9.890000000000e+00 4.069174128389e-03 5.709242254622e-04 8.842299827642e-04 1.156516544213e+05 1.220033869696e+05 1.000000000000e+05 6.758407643435e+03 5.342793440647e+02 1.800000000000e+06 0.000000000000e+00 -8.752000000000e-01 -8.752000000000e-01 0.000000000000e+00 0.000000000000e+00 0.000000000000e+00 -0.000000000000e+00 1.049547844110e-01 0.000000000000e+00 0.000000000000e+00 0.000000000000e+00 0.000000000000e+00 0.000000000000e+00 0.000000000000e+00 
9.895000000000e+00 4.064735324586e-03 5.628759397817e-04 8.893801191078e-04 1.152799032127e+05 1.216790988463e+05 1.000000000000e+05 6.760280590341e+03 5.347275955687e+02 1.800000000000e+06 0.000000000000e+00 -8.752000000000e-01 -8.752000000000e-01 0.000000000000e+00 0.000000000000e+00 0.000000000000e+00 -0.000000000000e+00 1.048351396274e-01 0.000000000000e+00 0.000000000000e+00 0.000000000000e+00 0.000000000000e+00 0.000000000000e+00 0.000000000000e+00 
9.900000000000e+00 4.060272164712e-03 5.556086254730e-04 8.941104458931e-04 1.149082832415e+05 1.213521244222e+05 1.000000000000e+05 6.762166075494e+03 5.351790012901e+02 1.800000000000e+06 0.000000000000e+00 -8.752000000000e-01 -8.752000000000e-01 0.000000000000e+00 0.000000000000e+00 0.000000000000e+00 -0.000000000000e+00 1.047149954459e-01 0.000000000000e+00 0.000000000000e+00 0.000000000000e+00 0.000000000000e+00 0.000000000000e+00 0.000000000000e+00 
9.905000000000e+00 4.055786756171e-03 5.491077218154e-04 8.984191711535e-04 1.145369622791e+05 1.210226005013e+05 1.000000000000e+05 6.764063255010e+03 5.356333609387e+02 1.800000000000e+06 0.000000000000e+00 -8.752000000000e-01 -8.752000000000e-01 0.000000000000e+00 0.000000000000e+00 0.000000000000e+00 -0.000000000000e+00 1.045944125969e-01 0.000000000000e+00 0.000000000000e+00 0.000000000000e+00 0.000000000000e+00 0.000000000000e+00 0.000000000000e+00 
9.910000000000e+00 4.051281211452e-03 5.433499839839e-04 9.023059164749e-04 1.141661002652e+05 1.206906658068e+05 1.000000000000e+05 6.765971279386e+03 5.360904725036e+02 1.800000000000e+06 0.000000000000e+00 -8.752000000000e-01 -8.752000000000e-01 0.000000000000e+00 0.000000000000e+00 0.000000000000e+00 -0.000000000000e+00 1.044734515631e-01 0.000000000000e+00 0.000000000000e+00 0.000000000000e+00 0.000000000000e+00 0.000000000000e+00 0.000000000000e+00 
9.915000000000e+00 4.046757639186e-03 5.383106772806e-04 9.057720061249e-04 1.137958464668e+05 1.203564603597e+05 1.000000000000e+05 6.767889297414e+03 5.365501331339e+02 1.800000000000e+06 0.000000000000e+00 -8.752000000000e-01 -8.752000000000e-01 0.000000000000e+00 0.000000000000e+00 0.000000000000e+00 -0.000000000000e+00 1.043521723210e-01 0.000000000000e+00 0.000000000000e+00 0.000000000000e+00 0.000000000000e+00 0.000000000000e+00 0.000000000000e+00 
9.920000000000e+00 4.042218137331e-03 5.339638913241e-04 9.088199778336e-04 1.134263424116e+05 1.200201250016e+05 1.000000000000e+05 6.769816458638e+03 5.370121398144e+02 1.800000000000e+06 0.000000000000e+00 -8.752000000000e-01 -8.752000000000e-01 0.000000000000e+00 0.000000000000e+00 0.000000000000e+00 -0.000000000000e+00 1.042306341572e-01 0.000000000000e+00 0.000000000000e+00 0.000000000000e+00 0.000000000000e+00 0.000000000000e+00 0.000000000000e+00 
9.925000000000e+00 4.037664789447e-03 5.302823182998e-04 9.114536804351e-04 1.130577208156e+05 1.196818011379e+05 1.000000000000e+05 6.771751914979e+03 5.374762897320e+02 1.800000000000e+06 0.000000000000e+00 -8.752000000000e-01 -8.752000000000e-01 0.000000000000e+00 0.000000000000e+00 0.000000000000e+00 -0.000000000000e+00 1.041088954874e-01 0.000000000000e+00 0.000000000000e+00 0.000000000000e+00 0.000000000000e+00 0.000000000000e+00 0.000000000000e+00 
9.930000000000e+00 4.033099664255e-03 5.272398475339e-04 9.136780976892e-04 1.126901067435e+05 1.193416307193e+05 1.000000000000e+05 6.773694820764e+03 5.379423803132e+02 1.800000000000e+06 0.000000000000e+00 -8.752000000000e-01 -8.752000000000e-01 0.000000000000e+00 0.000000000000e+00 0.000000000000e+00 -0.000000000000e+00 1.039870136907e-01 0.000000000000e+00 0.000000000000e+00 0.000000000000e+00 0.000000000000e+00 0.000000000000e+00 0.000000000000e+00 
9.935000000000e+00 4.028524789455e-03 5.248107780211e-04 9.154998646717e-04 1.123236117363e+05 1.189997542941e+05 1.000000000000e+05 6.775644344273e+03 5.384102118965e+02 1.800000000000e+06 0.000000000000e+00 -8.752000000000e-01 -8.752000000000e-01 0.000000000000e+00 0.000000000000e+00 0.000000000000e+00 -0.000000000000e+00 1.038650448806e-01 0.000000000000e+00 0.000000000000e+00 0.000000000000e+00 0.000000000000e+00 0.000000000000e+00 0.000000000000e+00 
9.940000000000e+00 4.023942156523e-03 5.229660752489e-04 9.169260590944e-04 1.119583428665e+05 1.186563113503e+05 1.000000000000e+05 6.777599664831e+03 5.388795872580e+02 1.800000000000e+06 0.000000000000e+00 -8.752000000000e-01 -8.752000000000e-01 0.000000000000e+00 0.000000000000e+00 0.000000000000e+00 -0.000000000000e+00 1.037430438230e-01 0.000000000000e+00 0.000000000000e+00 0.000000000000e+00 0.000000000000e+00 0.000000000000e+00 0.000000000000e+00 
9.945000000000e+00 4.019353718636e-03 5.216749453689e-04 9.179646990196e-04 1.115943988668e+05 1.183114401444e+05 1.000000000000e+05 6.779559974142e+03 5.393503118384e+02 1.800000000000e+06 0.000000000000e+00 -8.752000000000e-01 -8.752000000000e-01 0.000000000000e+00 0.000000000000e+00 0.000000000000e+00 -0.000000000000e+00 1.036210638309e-01 0.000000000000e+00 0.000000000000e+00 0.000000000000e+00 0.000000000000e+00 0.000000000000e+00 0.000000000000e+00 
9.950000000000e+00 4.014761386489e-03 5.209044380667e-04 9.186244366685e-04 1.112318719456e+05 1.179652773653e+05 1.000000000000e+05 6.781524477915e+03 5.398221941909e+02 1.800000000000e+06 0.000000000000e+00 -8.752000000000e-01 -8.752000000000e-01 0.000000000000e+00 0.000000000000e+00 0.000000000000e+00 -0.000000000000e+00 1.034991566697e-01 0.000000000000e+00 0.000000000000e+00 0.000000000000e+00 0.000000000000e+00 0.000000000000e+00 0.000000000000e+00 
9.955000000000e+00 4.010167024323e-03 5.206224290039e-04 9.189150761674e-04 1.108708435834e+05 1.176179578079e+05 1.000000000000e+05 6.783492398069e+03 5.402950464132e+02 1.800000000000e+06 0.000000000000e+00 -8.752000000000e-01 -8.752000000000e-01 0.000000000000e+00 0.000000000000e+00 0.000000000000e+00 -0.000000000000e+00 1.033773724143e-01 0.000000000000e+00 0.000000000000e+00 0.000000000000e+00 0.000000000000e+00 0.000000000000e+00 0.000000000000e+00 
9.960000000000e+00 4.005572444480e-03 5.207982981330e-04 9.188470651697e-04 1.105113877164e+05 1.172696139262e+05 1.000000000000e+05 6.785462974783e+03 5.407686847370e+02 1.800000000000e+06 0.000000000000e+00 -8.752000000000e-01 -8.752000000000e-01 0.000000000000e+00 0.000000000000e+00 0.000000000000e+00 -0.000000000000e+00 1.032557593759e-01 0.000000000000e+00 0.000000000000e+00 0.000000000000e+00 0.000000000000e+00 0.000000000000e+00 0.000000000000e+00 
9.965000000000e+00 4.000979405016e-03 5.214003819352e-04 9.184314239220e-04 1.101535709667e+05 1.169203756111e+05 1.000000000000e+05 6.787435467606e+03 5.412429298084e+02 1.800000000000e+06 0.000000000000e+00 -8.752000000000e-01 -8.752000000000e-01 0.000000000000e+00 0.000000000000e+00 0.000000000000e+00 -0.000000000000e+00 1.031343639880e-01 0.000000000000e+00 0.000000000000e+00 0.000000000000e+00 0.000000000000e+00 0.000000000000e+00 0.000000000000e+00 
9.970000000000e+00 3.996389607816e-03 5.223955582289e-04 9.176798101167e-04 1.097974519112e+05 1.165703700007e+05 1.000000000000e+05 6.789409156459e+03 5.417176069198e+02 1.800000000000e+06 0.000000000000e+00 -8.752000000000e-01 -8.752000000000e-01 0.000000000000e+00 0.000000000000e+00 0.000000000000e+00 -0.000000000000e+00 1.030132307581e-01 0.000000000000e+00 0.000000000000e+00 0.000000000000e+00 0.000000000000e+00 0.000000000000e+00 0.000000000000e+00 
9.975000000000e+00 3.991804692226e-03 5.237484499706e-04 9.166048479282e-04 1.094430780344e+05 1.162197209427e+05 1.000000000000e+05 6.791383344800e+03 5.421925467108e+02 1.800000000000e+06 0.000000000000e+00 -8.752000000000e-01 -8.752000000000e-01 0.000000000000e+00 0.000000000000e+00 0.000000000000e+00 -0.000000000000e+00 1.028924022296e-01 0.000000000000e+00 0.000000000000e+00 0.000000000000e+00 0.000000000000e+00 0.000000000000e+00 0.000000000000e+00 
9.980000000000e+00 3.987226234151e-03 5.254263632392e-04 9.152193415105e-04 1.090904913426e+05 1.158685488670e+05 1.000000000000e+05 6.793357359579e+03 5.426675853078e+02 1.800000000000e+06 0.000000000000e+00 -8.752000000000e-01 -8.752000000000e-01 0.000000000000e+00 0.000000000000e+00 0.000000000000e+00 -0.000000000000e+00 1.027719190149e-01 0.000000000000e+00 0.000000000000e+00 0.000000000000e+00 0.000000000000e+00 0.000000000000e+00 0.000000000000e+00 
9.985000000000e+00 3.982655742793e-03 5.273927163266e-04 9.135366045162e-04 1.087397255683e+05 1.155169704725e+05 1.000000000000e+05 6.795330553094e+03 5.431425647134e+02 1.800000000000e+06 0.000000000000e+00 -8.752000000000e-01 -8.752000000000e-01 0.000000000000e+00 0.000000000000e+00 0.000000000000e+00 -0.000000000000e+00 1.026518197825e-01 0.000000000000e+00 0.000000000000e+00 0.000000000000e+00 0.000000000000e+00 0.000000000000e+00 0.000000000000e+00 
9.990000000000e+00 3.978094663103e-03 5.296174039858e-04 9.115695424176e-04 1.083908130715e+05 1.151650988505e+05 1.000000000000e+05 6.797302301408e+03 5.436173326018e+02 1.800000000000e+06 0.000000000000e+00 -8.752000000000e-01 -8.752000000000e-01 0.000000000000e+00 0.000000000000e+00 0.000000000000e+00 -0.000000000000e+00 1.025321409113e-01 0.000000000000e+00 0.000000000000e+00 0.000000000000e+00 0.000000000000e+00 0.000000000000e+00 0.000000000000e+00 
9.995000000000e+00 3.973544371608e-03 5.320728367075e-04 9.093321890492e-04 1.080437730121e+05 1.148130430953e+05 1.000000000000e+05 6.799272007564e+03 5.440917428075e+02 1.800000000000e+06 0.000000000000e+00 -8.752000000000e-01 -8.752000000000e-01 0.000000000000e+00 0.000000000000e+00 0.000000000000e+00 -0.000000000000e+00 1.024129164351e-01 0.000000000000e+00 0.000000000000e+00 0.000000000000e+00 0.000000000000e+00 0.000000000000e+00 0.000000000000e+00 
1.000000000000e+01 3.969006174929e-03 5.347273671406e-04 9.068391244125e-04 1.076986154170e+05 1.144609081183e+05 1.000000000000e+05 6.801239101986e+03 5.445656555347e+02 1.800000000000e+06 0.000000000000e+00 -8.752000000000e-01 -8.752000000000e-01 0.000000000000e+00 0.000000000000e+00 0.000000000000e+00 -0.000000000000e+00 1.022941782261e-01 0.000000000000e+00 0.000000000000e+00 0.000000000000e+00 0.000000000000e+00 0.000000000000e+00 0.000000000000e+00 
