9.000000000000e+00 1.492619708528e-03 1.956628532977e-03 3.177174303515e-04 9.670938175480e+04 1.034052291485e+05 1.000000000000e+05 2.269001734251e+04 5.715693920629e+02 1.800000000000e+06 7.795223218024e+04 9.334708160000e+06 3.733883264000e+07 0.000000000000e+00 0.000000000000e+00 0.000000000000e+00 1.173282432214e-04 4.580493327709e-04 2.087710156447e-03 0.000000000000e+00 0.000000000000e+00 0.000000000000e+00 0.000000000000e+00 0.000000000000e+00 
9.005000000000e+00 1.491034971980e-03 1.950339500795e-03 3.159149354945e-04 9.637554421924e+04 1.030440215159e+05 1.000000000000e+05 2.269605063140e+04 5.720263887214e+02 1.800000000000e+06 7.767973739789e+04 9.334708160000e+06 3.733883264000e+07 0.000000000000e+00 0.000000000000e+00 0.000000000000e+00 1.169181031497e-04 4.575630149807e-04 2.080412161911e-03 0.000000000000e+00 0.000000000000e+00 0.000000000000e+00 0.000000000000e+00 0.000000000000e+00 
9.010000000000e+00 1.489459476870e-03 1.944129489715e-03 3.140311755723e-04 9.604473170005e+04 1.026839659220e+05 1.000000000000e+05 2.270205663097e+04 5.724814023907e+02 1.800000000000e+06 7.740967741179e+04 9.334708160000e+06 3.733883264000e+07 0.000000000000e+00 0.000000000000e+00 0.000000000000e+00 1.165116277628e-04 4.570795298663e-04 2.073179375995e-03 0.000000000000e+00 0.000000000000e+00 0.000000000000e+00 0.000000000000e+00 0.000000000000e+00 
9.015000000000e+00 1.487893594633e-03 1.937987483574e-03 3.120756517501e-04 9.571685209522e+04 1.023251610359e+05 1.000000000000e+05 2.270803380743e+04 5.729343153858e+02 1.800000000000e+06 7.714204815562e+04 9.334708160000e+06 3.733883264000e+07 0.000000000000e+00 0.000000000000e+00 0.000000000000e+00 1.161088109405e-04 4.565989994591e-04 2.066011691073e-03 0.000000000000e+00 0.000000000000e+00 0.000000000000e+00 0.000000000000e+00 0.000000000000e+00 
9.020000000000e+00 1.486337672625e-03 1.931902461324e-03 3.100572673173e-04 9.539181981557e+04 1.019677008849e+05 1.000000000000e+05 2.271398071155e+04 5.733850163779e+02 1.800000000000e+06 7.687679984320e+04 9.334708160000e+06 3.733883264000e+07 0.000000000000e+00 0.000000000000e+00 0.000000000000e+00 1.157095777480e-04 4.561215250686e-04 2.058907773664e-03 0.000000000000e+00 0.000000000000e+00 0.000000000000e+00 0.000000000000e+00 0.000000000000e+00 
9.025000000000e+00 1.484792005403e-03 1.925873250878e-03 3.079825290669e-04 9.506958720423e+04 1.016116681509e+05 1.000000000000e+05 2.271989608812e+04 5.738334087902e+02 1.800000000000e+06 7.661388737978e+04 9.334708160000e+06 3.733883264000e+07 0.000000000000e+00 0.000000000000e+00 0.000000000000e+00 1.153138603119e-04 4.556471972439e-04 2.051866415998e-03 0.000000000000e+00 0.000000000000e+00 0.000000000000e+00 0.000000000000e+00 0.000000000000e+00 
9.030000000000e+00 1.483256855547e-03 1.919899336535e-03 3.058576542424e-04 9.475010490775e+04 1.012571388210e+05 1.000000000000e+05 2.272577879884e+04 5.742794048612e+02 1.800000000000e+06 7.635326687960e+04 9.334708160000e+06 3.733883264000e+07 0.000000000000e+00 0.000000000000e+00 0.000000000000e+00 1.149215925785e-04 4.551760966939e-04 2.044886442752e-03 0.000000000000e+00 0.000000000000e+00 0.000000000000e+00 0.000000000000e+00 0.000000000000e+00 
9.035000000000e+00 1.481732458214e-03 1.913980689632e-03 3.036881569643e-04 9.443333172582e+04 1.009041831390e+05 1.000000000000e+05 2.273162780549e+04 5.747229243954e+02 1.800000000000e+06 7.609489862749e+04 9.334708160000e+06 3.733883264000e+07 0.000000000000e+00 0.000000000000e+00 0.000000000000e+00 1.145327147712e-04 4.547082956827e-04 2.037966790222e-03 0.000000000000e+00 0.000000000000e+00 0.000000000000e+00 0.000000000000e+00 0.000000000000e+00 
9.040000000000e+00 1.480219020124e-03 1.908153488968e-03 3.014639750199e-04 9.411955180422e+04 1.005528652832e+05 1.000000000000e+05 2.273744216443e+04 5.751638951197e+02 1.800000000000e+06 7.583874146786e+04 9.334708160000e+06 3.733883264000e+07 0.000000000000e+00 0.000000000000e+00 0.000000000000e+00 1.141471649455e-04 4.542438577221e-04 2.031106351336e-03 0.000000000000e+00 0.000000000000e+00 0.000000000000e+00 0.000000000000e+00 0.000000000000e+00 
9.045000000000e+00 1.478719692841e-03 1.906432893706e-03 2.973944927990e-04 9.384781153566e+04 1.002039361073e+05 1.000000000000e+05 2.274320838365e+04 5.756013845508e+02 1.800000000000e+06 7.558869661882e+04 9.334708160000e+06 3.733883264000e+07 0.000000000000e+00 0.000000000000e+00 0.000000000000e+00 1.137708149419e-04 4.537837500007e-04 2.024409101703e-03 0.000000000000e+00 0.000000000000e+00 0.000000000000e+00 0.000000000000e+00 0.000000000000e+00 
9.050000000000e+00 1.477256107696e-03 1.918425863446e-03 2.866202724803e-04 9.372751437334e+04 9.986247071381e+04 1.000000000000e+05 2.274883958359e+04 5.760290512759e+02 1.800000000000e+06 7.537128396276e+04 9.334708160000e+06 3.733883264000e+07 0.000000000000e+00 0.000000000000e+00 0.000000000000e+00 1.134435806309e-04 4.533346106822e-04 2.018584154683e-03 0.000000000000e+00 0.000000000000e+00 0.000000000000e+00 0.000000000000e+00 0.000000000000e+00 
9.055000000000e+00 1.475870727770e-03 1.948459544148e-03 2.659197243222e-04 9.383858295521e+04 9.953847114406e+04 1.000000000000e+05 2.275416917698e+04 5.764344194402e+02 1.800000000000e+06 7.523130742214e+04 9.334708160000e+06 3.733883264000e+07 0.000000000000e+00 0.000000000000e+00 0.000000000000e+00 1.132328977403e-04 4.529094706740e-04 2.014831065479e-03 0.000000000000e+00 0.000000000000e+00 0.000000000000e+00 0.000000000000e+00 0.000000000000e+00 
9.060000000000e+00 1.474618476339e-03 1.996991251381e-03 2.336133284096e-04 9.423115893303e+04 9.924495163240e+04 1.000000000000e+05 2.275898275002e+04 5.768012978127e+02 1.800000000000e+06 7.521625975168e+04 9.334708160000e+06 3.733883264000e+07 0.000000000000e+00 0.000000000000e+00 0.000000000000e+00 1.132102490400e-04 4.525251846064e-04 2.014421929513e-03 0.000000000000e+00 0.000000000000e+00 0.000000000000e+00 0.000000000000e+00 0.000000000000e+00 
9.065000000000e+00 1.473558254168e-03 2.061825118883e-03 1.895389760646e-04 9.492369204746e+04 9.899595514825e+04 1.000000000000e+05 2.276305077400e+04 5.771122616895e+02 1.800000000000e+06 7.536552675498e+04 9.334708160000e+06 3.733883264000e+07 0.000000000000e+00 0.000000000000e+00 0.000000000000e+00 1.134349152847e-04 4.521998277058e-04 2.018412022284e-03 0.000000000000e+00 0.000000000000e+00 0.000000000000e+00 0.000000000000e+00 0.000000000000e+00 
9.070000000000e+00 1.472745328699e-03 2.137854956355e-03 1.353082316792e-04 9.589521598167e+04 9.880473366277e+04 1.000000000000e+05 2.276615847423e+04 5.773509081046e+02 1.800000000000e+06 7.570376586251e+04 9.334708160000e+06 3.733883264000e+07 0.000000000000e+00 0.000000000000e+00 0.000000000000e+00 1.139440091126e-04 4.519503602349e-04 2.027462481198e-03 0.000000000000e+00 0.000000000000e+00 0.000000000000e+00 0.000000000000e+00 0.000000000000e+00 
9.075000000000e+00 1.472225599435e-03 2.220562347931e-03 7.290389184870e-05 9.711386701947e+04 9.868234139741e+04 1.000000000000e+05 2.276812753954e+04 5.775035802424e+02 1.800000000000e+06 7.623866054630e+04 9.334708160000e+06 3.733883264000e+07 0.000000000000e+00 0.000000000000e+00 0.000000000000e+00 1.147490951480e-04 4.517908676784e-04 2.041779699409e-03 0.000000000000e+00 0.000000000000e+00 0.000000000000e+00 0.000000000000e+00 0.000000000000e+00 
9.080000000000e+00 1.472034093559e-03 2.305602317394e-03 4.722936625571e-06 9.853558562382e+04 9.863721601054e+04 1.000000000000e+05 2.276882250318e+04 5.775598549661e+02 1.800000000000e+06 7.696424551056e+04 9.334708160000e+06 3.733883264000e+07 0.000000000000e+00 0.000000000000e+00 0.000000000000e+00 1.158411948453e-04 4.517320990730e-04 2.061204442049e-03 0.000000000000e+00 0.000000000000e+00 0.000000000000e+00 0.000000000000e+00 0.000000000000e+00 
9.085000000000e+00 1.472188797001e-03 2.389008657128e-03 -6.638003665770e-05 1.001018425281e+05 9.867367061340e+04 1.000000000000e+05 2.276817509741e+04 5.775143939710e+02 1.800000000000e+06 7.786311618919e+04 9.334708160000e+06 3.733883264000e+07 0.000000000000e+00 0.000000000000e+00 0.000000000000e+00 1.171941120698e-04 4.517795738857e-04 2.085271022534e-03 0.000000000000e+00 0.000000000000e+00 0.000000000000e+00 0.000000000000e+00 0.000000000000e+00 
9.090000000000e+00 1.472705464346e-03 2.469449444801e-03 -1.395467914391e-04 1.017961305251e+05 9.879534973325e+04 1.000000000000e+05 2.276612551483e+04 5.773626156826e+02 1.800000000000e+06 7.891141353607e+04 9.334708160000e+06 3.733883264000e+07 0.000000000000e+00 0.000000000000e+00 0.000000000000e+00 1.187719358555e-04 4.519381268129e-04 2.113340535801e-03 0.000000000000e+00 0.000000000000e+00 0.000000000000e+00 0.000000000000e+00 0.000000000000e+00 
9.095000000000e+00 1.473589196492e-03 2.545640241010e-03 -2.128139957950e-04 1.035754135125e+05 9.900322839126e+04 1.000000000000e+05 2.276265725983e+04 5.771031817941e+02 1.800000000000e+06 8.008441647715e+04 9.334708160000e+06 3.733883264000e+07 0.000000000000e+00 0.000000000000e+00 0.000000000000e+00 1.205374577723e-04 4.522093231675e-04 2.144750945542e-03 0.000000000000e+00 0.000000000000e+00 0.000000000000e+00 0.000000000000e+00 0.000000000000e+00 
9.100000000000e+00 1.474837135265e-03 2.616809028922e-03 -2.848855341929e-04 1.054090821962e+05 9.929624873207e+04 1.000000000000e+05 2.275778549206e+04 5.767372044073e+02 1.800000000000e+06 8.135685092710e+04 9.334708160000e+06 3.733883264000e+07 0.000000000000e+00 0.000000000000e+00 0.000000000000e+00 1.224526370359e-04 4.525922858122e-04 2.178825353074e-03 0.000000000000e+00 0.000000000000e+00 0.000000000000e+00 0.000000000000e+00 0.000000000000e+00 
9.105000000000e+00 1.476440602141e-03 2.682513169232e-03 -3.546720460019e-04 1.072696994034e+05 9.967183998193e+04 1.000000000000e+05 2.275154892884e+04 5.762676064881e+02 1.800000000000e+06 8.270447719376e+04 9.334708160000e+06 3.733883264000e+07 0.000000000000e+00 0.000000000000e+00 0.000000000000e+00 1.244809897586e-04 4.530843515075e-04 2.214914518696e-03 0.000000000000e+00 0.000000000000e+00 0.000000000000e+00 0.000000000000e+00 0.000000000000e+00 
9.110000000000e+00 1.478386143763e-03 2.742660659386e-03 -4.213994653091e-04 1.091356853295e+05 1.001261909586e+05 1.000000000000e+05 2.274400551099e+04 5.756987964476e+02 1.800000000000e+06 8.410443052746e+04 9.334708160000e+06 3.733883264000e+07 0.000000000000e+00 0.000000000000e+00 0.000000000000e+00 1.265881015198e-04 4.536813917568e-04 2.252406006326e-03 0.000000000000e+00 0.000000000000e+00 0.000000000000e+00 0.000000000000e+00 0.000000000000e+00 
9.115000000000e+00 1.480656411632e-03 2.797100992414e-03 -4.843102382080e-04 1.109852075208e+05 1.006544902528e+05 1.000000000000e+05 2.273522893301e+04 5.750363866906e+02 1.800000000000e+06 8.553597705661e+04 9.334708160000e+06 3.733883264000e+07 0.000000000000e+00 0.000000000000e+00 0.000000000000e+00 1.287427651472e-04 4.543780827218e-04 2.290744444705e-03 0.000000000000e+00 0.000000000000e+00 0.000000000000e+00 0.000000000000e+00 0.000000000000e+00 
9.120000000000e+00 1.483231112476e-03 2.845951491093e-03 -5.429115275188e-04 1.128017736714e+05 1.012511858581e+05 1.000000000000e+05 2.272530450553e+04 5.742868893831e+02 1.800000000000e+06 8.698052694385e+04 9.334708160000e+06 3.733883264000e+07 0.000000000000e+00 0.000000000000e+00 0.000000000000e+00 1.309170005190e-04 4.551681967633e-04 2.329431872174e-03 0.000000000000e+00 0.000000000000e+00 0.000000000000e+00 0.000000000000e+00 0.000000000000e+00 
9.125000000000e+00 1.486087272192e-03 2.889058515428e-03 -5.966526108737e-04 1.145674518976e+05 1.019100859455e+05 1.000000000000e+05 2.271432803744e+04 5.734576118022e+02 1.800000000000e+06 8.842125911122e+04 9.334708160000e+06 3.733883264000e+07 0.000000000000e+00 0.000000000000e+00 0.000000000000e+00 1.330854897261e-04 4.560446832639e-04 2.368017732145e-03 0.000000000000e+00 0.000000000000e+00 0.000000000000e+00 0.000000000000e+00 0.000000000000e+00 
9.130000000000e+00 1.489199729456e-03 2.926578517611e-03 -6.452116735551e-04 1.162691207639e+05 1.026245129726e+05 1.000000000000e+05 2.270240342171e+04 5.725564846274e+02 1.800000000000e+06 8.984290666209e+04 9.334708160000e+06 3.733883264000e+07 0.000000000000e+00 0.000000000000e+00 0.000000000000e+00 1.352252541043e-04 4.569998198739e-04 2.406093067931e-03 0.000000000000e+00 0.000000000000e+00 0.000000000000e+00 0.000000000000e+00 0.000000000000e+00 
9.135000000000e+00 1.492542031822e-03 2.958831560687e-03 -6.884256649177e-04 1.178971474395e+05 1.033875467515e+05 1.000000000000e+05 2.268963895198e+04 5.715917759903e+02 1.800000000000e+06 9.123233138442e+04 9.334708160000e+06 3.733883264000e+07 0.000000000000e+00 0.000000000000e+00 0.000000000000e+00 1.373165189366e-04 4.580254956454e-04 2.443305919562e-03 0.000000000000e+00 0.000000000000e+00 0.000000000000e+00 0.000000000000e+00 0.000000000000e+00 
9.140000000000e+00 1.496087347655e-03 2.986284013916e-03 -7.262779765058e-04 1.194452788855e+05 1.041922633384e+05 1.000000000000e+05 2.267614360239e+04 5.705718063430e+02 1.800000000000e+06 9.257885068262e+04 9.334708160000e+06 3.733883264000e+07 0.000000000000e+00 0.000000000000e+00 0.000000000000e+00 1.393432055279e-04 4.591134683840e-04 2.479370083205e-03 0.000000000000e+00 0.000000000000e+00 0.000000000000e+00 0.000000000000e+00 0.000000000000e+00 
9.145000000000e+00 1.499808951554e-03 3.009407960261e-03 -7.588409302518e-04 1.209094770102e+05 1.050318681520e+05 1.000000000000e+05 2.266202503047e+04 5.695047922756e+02 1.800000000000e+06 9.387418748118e+04 9.334708160000e+06 3.733883264000e+07 0.000000000000e+00 0.000000000000e+00 0.000000000000e+00 1.412928558036e-04 4.602555397186e-04 2.514063789242e-03 0.000000000000e+00 0.000000000000e+00 0.000000000000e+00 0.000000000000e+00 0.000000000000e+00 
9.150000000000e+00 1.503680585073e-03 3.028553222172e-03 -7.862175061725e-04 1.222867232328e+05 1.058997937633e+05 1.000000000000e+05 2.264738811029e+04 5.683987310917e+02 1.800000000000e+06 9.511206399983e+04 9.334708160000e+06 3.733883264000e+07 0.000000000000e+00 0.000000000000e+00 0.000000000000e+00 1.431560208881e-04 4.614436515599e-04 2.547218838980e-03 0.000000000000e+00 0.000000000000e+00 0.000000000000e+00 0.000000000000e+00 0.000000000000e+00 
9.155000000000e+00 1.507676636345e-03 3.044176766993e-03 -8.086007827240e-04 1.235762491235e+05 1.067897507258e+05 1.000000000000e+05 2.263233412227e+04 5.672613415674e+02 1.800000000000e+06 9.628782793385e+04 9.334708160000e+06 3.733883264000e+07 0.000000000000e+00 0.000000000000e+00 0.000000000000e+00 1.449256984581e-04 4.626699442372e-04 2.578710557680e-03 0.000000000000e+00 0.000000000000e+00 0.000000000000e+00 0.000000000000e+00 0.000000000000e+00 
9.160000000000e+00 1.511772663518e-03 3.056665126462e-03 -8.262122369530e-04 1.247782989105e+05 1.076958490675e+05 1.000000000000e+05 2.261695877795e+04 5.660999110035e+02 1.800000000000e+06 9.739858493075e+04 9.334708160000e+06 3.733883264000e+07 0.000000000000e+00 0.000000000000e+00 0.000000000000e+00 1.465975321368e-04 4.639269171306e-04 2.608461368186e-03 0.000000000000e+00 0.000000000000e+00 0.000000000000e+00 0.000000000000e+00 0.000000000000e+00 
9.165000000000e+00 1.515945405944e-03 3.066393272761e-03 -8.393110151685e-04 1.258942750306e+05 1.086125996042e+05 1.000000000000e+05 2.260135217552e+04 5.649212924155e+02 1.800000000000e+06 9.844270509123e+04 9.334708160000e+06 3.733883264000e+07 0.000000000000e+00 0.000000000000e+00 0.000000000000e+00 1.481690687140e-04 4.652074321020e-04 2.636427565173e-03 0.000000000000e+00 0.000000000000e+00 0.000000000000e+00 0.000000000000e+00 0.000000000000e+00 
9.170000000000e+00 1.520172950343e-03 3.073654959167e-03 -8.481615609463e-04 1.269260577865e+05 1.095349459216e+05 1.000000000000e+05 2.258559823147e+04 5.637318603596e+02 1.800000000000e+06 9.941966360605e+04 9.334708160000e+06 3.733883264000e+07 0.000000000000e+00 0.000000000000e+00 0.000000000000e+00 1.496395182834e-04 4.665047644899e-04 2.662595056357e-03 0.000000000000e+00 0.000000000000e+00 0.000000000000e+00 0.000000000000e+00 0.000000000000e+00 
9.175000000000e+00 1.524434754810e-03 3.078691393589e-03 -8.530331805840e-04 1.278759665062e+05 1.104582617217e+05 1.000000000000e+05 2.256977465109e+04 5.625375093787e+02 1.800000000000e+06 1.003297735657e+05 9.334708160000e+06 3.733883264000e+07 0.000000000000e+00 0.000000000000e+00 0.000000000000e+00 1.510093520869e-04 4.678126104737e-04 2.686972201578e-03 0.000000000000e+00 0.000000000000e+00 0.000000000000e+00 0.000000000000e+00 0.000000000000e+00 
9.180000000000e+00 1.528711278311e-03 3.081487494014e-03 -8.540757034063e-04 1.287441266693e+05 1.113782614496e+05 1.000000000000e+05 2.255395445484e+04 5.613437639340e+02 1.800000000000e+06 1.011735191761e+05 9.334708160000e+06 3.733883264000e+07 0.000000000000e+00 0.000000000000e+00 0.000000000000e+00 1.522792989176e-04 4.691249733767e-04 2.709571975813e-03 0.000000000000e+00 0.000000000000e+00 0.000000000000e+00 0.000000000000e+00 0.000000000000e+00 
9.185000000000e+00 1.532983610713e-03 3.081983574595e-03 -8.514031338684e-04 1.295301181414e+05 1.122909129093e+05 1.000000000000e+05 2.253820735065e+04 5.601558868587e+02 1.800000000000e+06 1.019511265367e+05 9.334708160000e+06 3.733883264000e+07 0.000000000000e+00 0.000000000000e+00 0.000000000000e+00 1.534496990842e-04 4.704360501304e-04 2.730400446241e-03 0.000000000000e+00 0.000000000000e+00 0.000000000000e+00 0.000000000000e+00 0.000000000000e+00 
9.190000000000e+00 1.537233472498e-03 3.080254845443e-03 -8.451637248326e-04 1.302343831461e+05 1.131924301532e+05 1.000000000000e+05 2.252259974275e+04 5.589788841109e+02 1.800000000000e+06 1.026627172808e+05 9.334708160000e+06 3.733883264000e+07 0.000000000000e+00 0.000000000000e+00 0.000000000000e+00 1.545207356608e-04 4.717402311862e-04 2.749460863110e-03 0.000000000000e+00 0.000000000000e+00 0.000000000000e+00 0.000000000000e+00 0.000000000000e+00 
9.195000000000e+00 1.541443550547e-03 3.076518447569e-03 -8.355886275331e-04 1.308592350764e+05 1.140793359271e+05 1.000000000000e+05 2.250719353618e+04 5.578174177600e+02 1.800000000000e+06 1.033088031681e+05 9.334708160000e+06 3.733883264000e+07 0.000000000000e+00 0.000000000000e+00 0.000000000000e+00 1.554931789124e-04 4.730322035611e-04 2.766766909138e-03 0.000000000000e+00 0.000000000000e+00 0.000000000000e+00 0.000000000000e+00 0.000000000000e+00 
9.200000000000e+00 1.545597835647e-03 3.071068229381e-03 -8.229615954666e-04 1.314082649814e+05 1.149485208167e+05 1.000000000000e+05 2.249204501850e+04 5.566757212352e+02 1.800000000000e+06 1.038905842310e+05 9.334708160000e+06 3.733883264000e+07 0.000000000000e+00 0.000000000000e+00 0.000000000000e+00 1.563688350437e-04 4.743070544084e-04 2.782350693443e-03 0.000000000000e+00 0.000000000000e+00 0.000000000000e+00 0.000000000000e+00 0.000000000000e+00 
9.205000000000e+00 1.549681678961e-03 3.064107533126e-03 -8.075377716476e-04 1.318846965265e+05 1.157972409609e+05 1.000000000000e+05 2.247720482279e+04 5.555575938136e+02 1.800000000000e+06 1.044098238585e+05 9.334708160000e+06 3.733883264000e+07 0.000000000000e+00 0.000000000000e+00 0.000000000000e+00 1.571503581842e-04 4.755602883489e-04 2.796259425724e-03 0.000000000000e+00 0.000000000000e+00 0.000000000000e+00 0.000000000000e+00 0.000000000000e+00 
9.210000000000e+00 1.553681670183e-03 3.055768009939e-03 -7.895486062011e-04 1.322914577317e+05 1.166230786164e+05 1.000000000000e+05 2.246271848516e+04 5.544664440788e+02 1.800000000000e+06 1.048685575447e+05 9.334708160000e+06 3.733883264000e+07 0.000000000000e+00 0.000000000000e+00 0.000000000000e+00 1.578408120172e-04 4.767877900776e-04 2.808547614257e-03 0.000000000000e+00 0.000000000000e+00 0.000000000000e+00 0.000000000000e+00 0.000000000000e+00 
9.215000000000e+00 1.557585463459e-03 3.046108065658e-03 -7.691873329349e-04 1.326308587011e+05 1.174238932667e+05 1.000000000000e+05 2.244862719358e+04 5.534053467292e+02 1.800000000000e+06 1.052688398403e+05 9.334708160000e+06 3.733883264000e+07 0.000000000000e+00 0.000000000000e+00 0.000000000000e+00 1.584432889088e-04 4.779857709453e-04 2.819270286620e-03 0.000000000000e+00 0.000000000000e+00 0.000000000000e+00 0.000000000000e+00 0.000000000000e+00 
9.220000000000e+00 1.561381730244e-03 3.035236274478e-03 -7.466549179044e-04 1.329054931249e+05 1.181978002245e+05 1.000000000000e+05 2.243496802822e+04 5.523770638847e+02 1.800000000000e+06 1.056127256257e+05 9.334708160000e+06 3.733883264000e+07 0.000000000000e+00 0.000000000000e+00 0.000000000000e+00 1.589608817210e-04 4.791507544901e-04 2.828482471986e-03 0.000000000000e+00 0.000000000000e+00 0.000000000000e+00 0.000000000000e+00 0.000000000000e+00 
9.225000000000e+00 1.565060210406e-03 3.023224194957e-03 -7.221523398960e-04 1.331180863861e+05 1.189431698403e+05 1.000000000000e+05 2.242177387826e+04 5.513840394217e+02 1.800000000000e+06 1.059023732479e+05 9.334708160000e+06 3.733883264000e+07 0.000000000000e+00 0.000000000000e+00 0.000000000000e+00 1.593968390466e-04 4.802795921196e-04 2.836241978488e-03 0.000000000000e+00 0.000000000000e+00 0.000000000000e+00 0.000000000000e+00 0.000000000000e+00 
9.230000000000e+00 1.568611204309e-03 3.010034767519e-03 -6.958022836734e-04 1.332698627553e+05 1.196585145616e+05 1.000000000000e+05 2.240907540162e+04 5.504285434440e+02 1.800000000000e+06 1.061394348699e+05 9.334708160000e+06 3.733883264000e+07 0.000000000000e+00 0.000000000000e+00 0.000000000000e+00 1.597536476057e-04 4.813693072459e-04 2.842593068969e-03 0.000000000000e+00 0.000000000000e+00 0.000000000000e+00 0.000000000000e+00 0.000000000000e+00 
9.235000000000e+00 1.572026482059e-03 2.996233763864e-03 -6.680284594541e-04 1.333681342290e+05 1.203426630801e+05 1.000000000000e+05 2.239689760893e+04 5.495124342936e+02 1.800000000000e+06 1.063263650129e+05 9.334708160000e+06 3.733883264000e+07 0.000000000000e+00 0.000000000000e+00 0.000000000000e+00 1.600350017718e-04 4.824173743085e-04 2.847601421317e-03 0.000000000000e+00 0.000000000000e+00 0.000000000000e+00 0.000000000000e+00 0.000000000000e+00 
9.240000000000e+00 1.575299433987e-03 2.982086095740e-03 -6.391213435731e-04 1.334177903893e+05 1.209947782693e+05 1.000000000000e+05 2.238525970791e+04 5.486371272728e+02 1.800000000000e+06 1.064663012471e+05 9.334708160000e+06 3.733883264000e+07 0.000000000000e+00 0.000000000000e+00 0.000000000000e+00 1.602456239961e-04 4.834217649567e-04 2.851351042804e-03 0.000000000000e+00 0.000000000000e+00 0.000000000000e+00 0.000000000000e+00 0.000000000000e+00 
9.245000000000e+00 1.578425570729e-03 2.967945662891e-03 -6.094604315669e-04 1.334257421271e+05 1.216144444193e+05 1.000000000000e+05 2.237417329228e+04 5.478034701965e+02 1.800000000000e+06 1.065634437805e+05 9.334708160000e+06 3.733883264000e+07 0.000000000000e+00 0.000000000000e+00 0.000000000000e+00 1.603918361374e-04 4.843811015103e-04 2.853954396715e-03 0.000000000000e+00 0.000000000000e+00 0.000000000000e+00 0.000000000000e+00 0.000000000000e+00 
9.250000000000e+00 1.581401717262e-03 2.953949593020e-03 -5.793227736529e-04 1.333970490297e+05 1.222014958960e+05 1.000000000000e+05 2.236364542794e+04 5.470119670453e+02 1.800000000000e+06 1.066218381889e+05 9.334708160000e+06 3.733883264000e+07 0.000000000000e+00 0.000000000000e+00 0.000000000000e+00 1.604797273132e-04 4.852944096302e-04 2.855519833014e-03 0.000000000000e+00 0.000000000000e+00 0.000000000000e+00 0.000000000000e+00 0.000000000000e+00 
9.255000000000e+00 1.584226472502e-03 2.940480850000e-03 -5.490954974895e-04 1.333391350420e+05 1.227560996951e+05 1.000000000000e+05 2.235367696444e+04 5.462626618993e+02 1.800000000000e+06 1.066460033359e+05 9.334708160000e+06 3.733883264000e+07 0.000000000000e+00 0.000000000000e+00 0.000000000000e+00 1.605160990010e-04 4.861612593572e-04 2.856168346040e-03 0.000000000000e+00 0.000000000000e+00 0.000000000000e+00 0.000000000000e+00 0.000000000000e+00 
9.260000000000e+00 1.586900286147e-03 2.927784735076e-03 -5.191189204934e-04 1.332587648758e+05 1.232787620653e+05 1.000000000000e+05 2.234426243805e+04 5.455551250121e+02 1.800000000000e+06 1.066409167923e+05 9.334708160000e+06 3.733883264000e+07 0.000000000000e+00 0.000000000000e+00 0.000000000000e+00 1.605084430916e-04 4.869817886930e-04 2.856033235379e-03 0.000000000000e+00 0.000000000000e+00 0.000000000000e+00 0.000000000000e+00 0.000000000000e+00 
9.265000000000e+00 1.589425173782e-03 2.916029775826e-03 -4.896920817002e-04 1.331621172996e+05 1.237702658671e+05 1.000000000000e+05 2.233539113652e+04 5.448885335411e+02 1.800000000000e+06 1.066115853202e+05 9.334708160000e+06 3.733883264000e+07 0.000000000000e+00 0.000000000000e+00 0.000000000000e+00 1.604642954131e-04 4.877566161737e-04 2.855248592764e-03 0.000000000000e+00 0.000000000000e+00 0.000000000000e+00 0.000000000000e+00 0.000000000000e+00 
9.270000000000e+00 1.591804707487e-03 2.905411388869e-03 -4.611183470568e-04 1.330556738138e+05 1.242316638769e+05 1.000000000000e+05 2.232704714888e+04 5.442616778165e+02 1.800000000000e+06 1.065630975852e+05 9.334708160000e+06 3.733883264000e+07 0.000000000000e+00 0.000000000000e+00 0.000000000000e+00 1.603913150684e-04 4.884868379866e-04 2.853950699914e-03 0.000000000000e+00 0.000000000000e+00 0.000000000000e+00 0.000000000000e+00 0.000000000000e+00 
9.275000000000e+00 1.594043713980e-03 2.896042796919e-03 -4.336437462794e-04 1.329449923023e+05 1.246642168077e+05 1.000000000000e+05 2.231921049673e+04 5.436730435852e+02 1.800000000000e+06 1.065003020546e+05 9.334708160000e+06 3.733883264000e+07 0.000000000000e+00 0.000000000000e+00 0.000000000000e+00 1.602967996314e-04 4.891739353379e-04 2.852269414947e-03 0.000000000000e+00 0.000000000000e+00 0.000000000000e+00 0.000000000000e+00 0.000000000000e+00 
9.280000000000e+00 1.596148478702e-03 2.888045176567e-03 -4.075181921163e-04 1.328359304530e+05 1.250694307191e+05 1.000000000000e+05 2.231185640017e+04 5.431207600013e+02 1.800000000000e+06 1.064281818452e+05 9.334708160000e+06 3.733883264000e+07 0.000000000000e+00 0.000000000000e+00 0.000000000000e+00 1.601882493406e-04 4.898198370806e-04 2.850338202640e-03 0.000000000000e+00 0.000000000000e+00 0.000000000000e+00 0.000000000000e+00 0.000000000000e+00 
9.285000000000e+00 1.598125804130e-03 2.881237492404e-03 -3.828063560363e-04 1.327308795871e+05 1.254488748437e+05 1.000000000000e+05 2.230495870111e+04 5.426028474981e+02 1.800000000000e+06 1.063507042092e+05 9.334708160000e+06 3.733883264000e+07 0.000000000000e+00 0.000000000000e+00 0.000000000000e+00 1.600716354264e-04 4.904266307350e-04 2.848263357712e-03 0.000000000000e+00 0.000000000000e+00 0.000000000000e+00 0.000000000000e+00 0.000000000000e+00 
9.290000000000e+00 1.599982815636e-03 2.875491232083e-03 -3.595321081558e-04 1.326315086903e+05 1.258041461147e+05 1.000000000000e+05 2.229849043798e+04 5.421172673993e+02 1.800000000000e+06 1.062711980934e+05 9.334708160000e+06 3.733883264000e+07 0.000000000000e+00 0.000000000000e+00 0.000000000000e+00 1.599519683863e-04 4.909965029094e-04 2.846134060028e-03 0.000000000000e+00 0.000000000000e+00 0.000000000000e+00 0.000000000000e+00 0.000000000000e+00 
9.295000000000e+00 1.601726871402e-03 2.870725522405e-03 -3.377322638556e-04 1.325397748884e+05 1.261368542052e+05 1.000000000000e+05 2.229242410815e+04 5.416619438478e+02 1.800000000000e+06 1.061924424604e+05 9.334708160000e+06 3.733883264000e+07 0.000000000000e+00 0.000000000000e+00 0.000000000000e+00 1.598334309204e-04 4.915317116559e-04 2.844024757450e-03 0.000000000000e+00 0.000000000000e+00 0.000000000000e+00 0.000000000000e+00 0.000000000000e+00 
9.300000000000e+00 1.603365380208e-03 2.866816595216e-03 -3.174007622738e-04 1.324568320815e+05 1.264485892701e+05 1.000000000000e+05 2.228673231613e+04 5.412348095628e+02 1.800000000000e+06 1.061166210675e+05 9.334708160000e+06 3.733883264000e+07 0.000000000000e+00 0.000000000000e+00 0.000000000000e+00 1.597193098673e-04 4.920345305540e-04 2.841993961571e-03 0.000000000000e+00 0.000000000000e+00 0.000000000000e+00 0.000000000000e+00 0.000000000000e+00 
9.305000000000e+00 1.604905619617e-03 2.863642324386e-03 -2.984994655545e-04 1.323832083501e+05 1.267408901522e+05 1.000000000000e+05 2.228138837568e+04 5.408338511856e+02 1.800000000000e+06 1.060453410851e+05 9.334708160000e+06 3.733883264000e+07 0.000000000000e+00 0.000000000000e+00 0.000000000000e+00 1.596120242275e-04 4.925071929155e-04 2.840084737037e-03 0.000000000000e+00 0.000000000000e+00 0.000000000000e+00 0.000000000000e+00 0.000000000000e+00 
9.310000000000e+00 1.606354694918e-03 2.861131151374e-03 -2.809883965057e-04 1.323193733711e+05 1.270152394746e+05 1.000000000000e+05 2.227636640897e+04 5.404571178397e+02 1.800000000000e+06 1.059798064333e+05 9.334708160000e+06 3.733883264000e+07 0.000000000000e+00 0.000000000000e+00 0.000000000000e+00 1.595133860569e-04 4.929518791853e-04 2.838329340095e-03 0.000000000000e+00 0.000000000000e+00 0.000000000000e+00 0.000000000000e+00 0.000000000000e+00 
9.315000000000e+00 1.607719406611e-03 2.859164841184e-03 -2.648023491137e-04 1.322652727947e+05 1.272730413029e+05 1.000000000000e+05 2.227164179706e+04 5.401027535427e+02 1.800000000000e+06 1.059207819595e+05 9.334708160000e+06 3.733883264000e+07 0.000000000000e+00 0.000000000000e+00 0.000000000000e+00 1.594245465507e-04 4.933706762761e-04 2.836748273469e-03 0.000000000000e+00 0.000000000000e+00 0.000000000000e+00 0.000000000000e+00 0.000000000000e+00 
9.320000000000e+00 1.609006237854e-03 2.857646524987e-03 -2.498647878186e-04 1.322205900320e+05 1.275156214354e+05 1.000000000000e+05 2.226719119159e+04 5.397689984868e+02 1.800000000000e+06 1.058687464745e+05 9.334708160000e+06 3.733883264000e+07 0.000000000000e+00 0.000000000000e+00 0.000000000000e+00 1.593462263812e-04 4.937655783736e-04 2.835354373828e-03 0.000000000000e+00 0.000000000000e+00 0.000000000000e+00 0.000000000000e+00 0.000000000000e+00 
9.325000000000e+00 1.610221278659e-03 2.856461797199e-03 -2.360799402690e-04 1.321845839878e+05 1.277442155431e+05 1.000000000000e+05 2.226299276086e+04 5.394542068859e+02 1.800000000000e+06 1.058237959992e+05 9.334708160000e+06 3.733883264000e+07 0.000000000000e+00 0.000000000000e+00 0.000000000000e+00 1.592785700723e-04 4.941384453718e-04 2.834150227200e-03 0.000000000000e+00 0.000000000000e+00 0.000000000000e+00 0.000000000000e+00 0.000000000000e+00 
9.330000000000e+00 1.611370037571e-03 2.855533999439e-03 -2.233443975457e-04 1.321562734923e+05 1.279599360870e+05 1.000000000000e+05 2.225902681407e+04 5.391568940089e+02 1.800000000000e+06 1.057857425171e+05 9.334708160000e+06 3.733883264000e+07 0.000000000000e+00 0.000000000000e+00 0.000000000000e+00 1.592212946348e-04 4.944909720402e-04 2.833130805967e-03 0.000000000000e+00 0.000000000000e+00 0.000000000000e+00 0.000000000000e+00 0.000000000000e+00 
9.335000000000e+00 1.612457519653e-03 2.854747571025e-03 -2.115446272708e-04 1.321344047781e+05 1.281637892187e+05 1.000000000000e+05 2.225527551296e+04 5.388757143026e+02 1.800000000000e+06 1.057541874437e+05 9.334708160000e+06 3.733883264000e+07 0.000000000000e+00 0.000000000000e+00 0.000000000000e+00 1.591738001471e-04 4.948246943134e-04 2.832285447571e-03 0.000000000000e+00 0.000000000000e+00 0.000000000000e+00 0.000000000000e+00 0.000000000000e+00 
9.340000000000e+00 1.613488098173e-03 2.853991511795e-03 -2.005558517002e-04 1.321174069067e+05 1.283566526822e+05 1.000000000000e+05 2.225172329863e+04 5.386094930997e+02 1.800000000000e+06 1.057284217777e+05 9.334708160000e+06 3.733883264000e+07 0.000000000000e+00 0.000000000000e+00 0.000000000000e+00 1.591350194702e-04 4.951409542428e-04 2.831595173982e-03 0.000000000000e+00 0.000000000000e+00 0.000000000000e+00 0.000000000000e+00 0.000000000000e+00 
9.345000000000e+00 1.614465560247e-03 2.853184425889e-03 -1.902635454704e-04 1.321038030318e+05 1.285392861906e+05 1.000000000000e+05 2.224835670450e+04 5.383572134452e+02 1.800000000000e+06 1.057075613817e+05 9.334708160000e+06 3.733883264000e+07 0.000000000000e+00 0.000000000000e+00 0.000000000000e+00 1.591036218624e-04 4.954409140036e-04 2.831036312045e-03 0.000000000000e+00 0.000000000000e+00 0.000000000000e+00 0.000000000000e+00 0.000000000000e+00 
9.350000000000e+00 1.615393125838e-03 2.852266489872e-03 -1.805638320767e-04 1.320922196428e+05 1.287123365343e+05 1.000000000000e+05 2.224516427658e+04 5.381180100176e+02 1.800000000000e+06 1.056906158106e+05 9.334708160000e+06 3.733883264000e+07 0.000000000000e+00 0.000000000000e+00 0.000000000000e+00 1.590781165750e-04 4.957255617257e-04 2.830582338657e-03 0.000000000000e+00 0.000000000000e+00 0.000000000000e+00 0.000000000000e+00 0.000000000000e+00 
9.355000000000e+00 1.616273539401e-03 2.851206390144e-03 -1.713684926527e-04 1.320814955610e+05 1.288763559944e+05 1.000000000000e+05 2.224213624275e+04 5.378911445025e+02 1.800000000000e+06 1.056765819379e+05 9.334708160000e+06 3.733883264000e+07 0.000000000000e+00 0.000000000000e+00 0.000000000000e+00 1.590569937721e-04 4.959957396168e-04 2.830206387116e-03 0.000000000000e+00 0.000000000000e+00 0.000000000000e+00 0.000000000000e+00 0.000000000000e+00 
9.360000000000e+00 1.617109100664e-03 2.849956326467e-03 -1.625860690533e-04 1.320703327342e+05 1.290318091443e+05 1.000000000000e+05 2.223926440864e+04 5.376759968547e+02 1.800000000000e+06 1.056644770028e+05 9.334708160000e+06 3.733883264000e+07 0.000000000000e+00 0.000000000000e+00 0.000000000000e+00 1.590387742712e-04 4.962521534086e-04 2.829882138402e-03 0.000000000000e+00 0.000000000000e+00 0.000000000000e+00 0.000000000000e+00 0.000000000000e+00 
9.365000000000e+00 1.617901562751e-03 2.848396149797e-03 -1.540891475788e-04 1.320566664378e+05 1.291790548469e+05 1.000000000000e+05 2.223654251971e+04 5.374720908114e+02 1.800000000000e+06 1.056531767182e+05 9.334708160000e+06 3.733883264000e+07 0.000000000000e+00 0.000000000000e+00 0.000000000000e+00 1.590217658739e-04 4.964953410925e-04 2.829579491909e-03 0.000000000000e+00 0.000000000000e+00 0.000000000000e+00 0.000000000000e+00 0.000000000000e+00 
9.370000000000e+00 1.618651971460e-03 2.846364198558e-03 -1.457231820027e-04 1.320378024948e+05 1.293183173657e+05 1.000000000000e+05 2.223396680017e+04 5.372791345079e+02 1.800000000000e+06 1.056412724375e+05 9.334708160000e+06 3.733883264000e+07 0.000000000000e+00 0.000000000000e+00 0.000000000000e+00 1.590038483838e-04 4.967256235997e-04 2.829260735638e-03 0.000000000000e+00 0.000000000000e+00 0.000000000000e+00 0.000000000000e+00 0.000000000000e+00 
9.375000000000e+00 1.619360561000e-03 2.843692644369e-03 -1.373207085829e-04 1.320106643819e+05 1.294496680170e+05 1.000000000000e+05 2.223153629390e+04 5.370970465284e+02 1.800000000000e+06 1.056270188259e+05 9.334708160000e+06 3.733883264000e+07 0.000000000000e+00 0.000000000000e+00 0.000000000000e+00 1.589823948454e-04 4.969430728027e-04 2.828879139714e-03 0.000000000000e+00 0.000000000000e+00 0.000000000000e+00 0.000000000000e+00 0.000000000000e+00 
9.380000000000e+00 1.620026684390e-03 2.840179730494e-03 -1.286904222989e-04 1.319715768132e+05 1.295730132218e+05 1.000000000000e+05 2.222925310173e+04 5.369259730654e+02 1.800000000000e+06 1.056083423448e+05 9.334708160000e+06 3.733883264000e+07 0.000000000000e+00 0.000000000000e+00 0.000000000000e+00 1.589542843134e-04 4.971474901587e-04 2.828379187399e-03 0.000000000000e+00 0.000000000000e+00 0.000000000000e+00 0.000000000000e+00 0.000000000000e+00 
9.385000000000e+00 1.620648519459e-03 2.835448665838e-03 -1.195407848854e-04 1.319147891935e+05 1.296880409878e+05 1.000000000000e+05 2.222712342920e+04 5.367663627240e+02 1.800000000000e+06 1.055825802673e+05 9.334708160000e+06 3.733883264000e+07 0.000000000000e+00 0.000000000000e+00 0.000000000000e+00 1.589155090378e-04 4.973383164869e-04 2.827689602646e-03 0.000000000000e+00 0.000000000000e+00 0.000000000000e+00 0.000000000000e+00 0.000000000000e+00 
9.390000000000e+00 1.621222237887e-03 2.828692258558e-03 -1.093271057753e-04 1.318294801172e+05 1.297940683261e+05 1.000000000000e+05 2.222516052197e+04 5.366191789488e+02 1.800000000000e+06 1.055457023239e+05 9.334708160000e+06 3.733883264000e+07 0.000000000000e+00 0.000000000000e+00 0.000000000000e+00 1.588600029387e-04 4.975143769675e-04 2.826702533059e-03 0.000000000000e+00 0.000000000000e+00 0.000000000000e+00 0.000000000000e+00 0.000000000000e+00 
9.395000000000e+00 1.621740534640e-03 2.818746780842e-03 -9.724558306091e-05 1.316993857110e+05 1.298897711169e+05 1.000000000000e+05 2.222338970149e+04 5.364862760398e+02 1.800000000000e+06 1.054910627466e+05 9.334708160000e+06 3.733883264000e+07 0.000000000000e+00 0.000000000000e+00 0.000000000000e+00 1.587777632718e-04 4.976734298599e-04 2.825240114509e-03 0.000000000000e+00 0.000000000000e+00 0.000000000000e+00 0.000000000000e+00 0.000000000000e+00 
9.400000000000e+00 1.622191494901e-03 2.804137105161e-03 -8.222251306231e-05 1.315023935932e+05 1.299729768877e+05 1.000000000000e+05 2.222185224051e+04 5.363706881708e+02 1.800000000000e+06 1.054089265173e+05 9.334708160000e+06 3.733883264000e+07 0.000000000000e+00 0.000000000000e+00 0.000000000000e+00 1.586541375690e-04 4.978118187912e-04 2.823041771215e-03 0.000000000000e+00 0.000000000000e+00 0.000000000000e+00 0.000000000000e+00 0.000000000000e+00 
9.405000000000e+00 1.622557161016e-03 2.783168481277e-03 -6.294984637200e-05 1.312109329403e+05 1.300404019143e+05 1.000000000000e+05 2.222061024271e+04 5.362769955478e+02 1.800000000000e+06 1.052857964118e+05 9.334708160000e+06 3.733883264000e+07 0.000000000000e+00 0.000000000000e+00 0.000000000000e+00 1.584688107534e-04 4.979240329871e-04 2.819746179396e-03 0.000000000000e+00 0.000000000000e+00 0.000000000000e+00 0.000000000000e+00 0.000000000000e+00 
9.410000000000e+00 1.622813236202e-03 2.754574260667e-03 -3.822456057621e-05 1.307982009470e+05 1.300875964480e+05 1.000000000000e+05 2.221974745573e+04 5.362114004348e+02 1.800000000000e+06 1.051051224419e+05 9.334708160000e+06 3.733883264000e+07 0.000000000000e+00 0.000000000000e+00 0.000000000000e+00 1.581968729410e-04 4.980026163444e-04 2.814910188346e-03 0.000000000000e+00 0.000000000000e+00 0.000000000000e+00 0.000000000000e+00 0.000000000000e+00 
9.415000000000e+00 1.622930917561e-03 2.718524643202e-03 -7.601206838926e-06 1.302505717349e+05 1.301092786970e+05 1.000000000000e+05 2.221936263132e+04 5.361812605541e+02 1.800000000000e+06 1.048501340265e+05 9.334708160000e+06 3.733883264000e+07 0.000000000000e+00 0.000000000000e+00 0.000000000000e+00 1.578130822272e-04 4.980387299423e-04 2.808084568881e-03 0.000000000000e+00 0.000000000000e+00 0.000000000000e+00 0.000000000000e+00 0.000000000000e+00 
9.420000000000e+00 1.622882788203e-03 2.677481520477e-03 2.795925055667e-05 1.295806752599e+05 1.301004115689e+05 1.000000000000e+05 2.221954902362e+04 5.361935868012e+02 1.800000000000e+06 1.045086687585e+05 9.334708160000e+06 3.733883264000e+07 0.000000000000e+00 0.000000000000e+00 0.000000000000e+00 1.572991326085e-04 4.980239601921e-04 2.798943261378e-03 0.000000000000e+00 0.000000000000e+00 0.000000000000e+00 0.000000000000e+00 0.000000000000e+00 
9.425000000000e+00 1.622645107779e-03 2.634813309277e-03 6.711853050332e-05 1.288086677736e+05 1.300566126019e+05 1.000000000000e+05 2.222038727080e+04 5.362544658484e+02 1.800000000000e+06 1.040786030054e+05 9.334708160000e+06 3.733883264000e+07 0.000000000000e+00 0.000000000000e+00 0.000000000000e+00 1.566518277415e-04 4.979510217477e-04 2.787428864381e-03 0.000000000000e+00 0.000000000000e+00 0.000000000000e+00 0.000000000000e+00 0.000000000000e+00 
9.430000000000e+00 1.622210432750e-03 2.597064494364e-03 1.058598693198e-04 1.280074103180e+05 1.299764697817e+05 1.000000000000e+05 2.222190083975e+04 5.363658351023e+02 1.800000000000e+06 1.035741041700e+05 9.334708160000e+06 3.733883264000e+07 0.000000000000e+00 0.000000000000e+00 0.000000000000e+00 1.558924914094e-04 4.978176303649e-04 2.773920049974e-03 0.000000000000e+00 0.000000000000e+00 0.000000000000e+00 0.000000000000e+00 0.000000000000e+00 
9.435000000000e+00 1.621592275332e-03 2.570192930929e-03 1.399385282474e-04 1.272579709483e+05 1.298624032014e+05 1.000000000000e+05 2.222404150270e+04 5.365242869675e+02 1.800000000000e+06 1.030266242322e+05 9.334708160000e+06 3.733883264000e+07 0.000000000000e+00 0.000000000000e+00 0.000000000000e+00 1.550684629306e-04 4.976279326197e-04 2.759258548487e-03 0.000000000000e+00 0.000000000000e+00 0.000000000000e+00 0.000000000000e+00 0.000000000000e+00 
9.440000000000e+00 1.620821801246e-03 2.556567186269e-03 1.665230584663e-04 1.266186608469e+05 1.297200748083e+05 1.000000000000e+05 2.222670147471e+04 5.367219006937e+02 1.800000000000e+06 1.024762404314e+05 9.334708160000e+06 3.733883264000e+07 0.000000000000e+00 0.000000000000e+00 0.000000000000e+00 1.542400637605e-04 4.973914925278e-04 2.744517578230e-03 0.000000000000e+00 0.000000000000e+00 0.000000000000e+00 0.000000000000e+00 0.000000000000e+00 
9.445000000000e+00 1.619938820816e-03 2.554217886127e-03 1.850800719533e-04 1.261069027010e+05 1.295567510400e+05 1.000000000000e+05 2.222974461769e+04 5.369485324936e+02 1.800000000000e+06 1.019593440947e+05 9.334708160000e+06 3.733883264000e+07 0.000000000000e+00 0.000000000000e+00 0.000000000000e+00 1.534620675773e-04 4.971205269267e-04 2.730672183990e-03 0.000000000000e+00 0.000000000000e+00 0.000000000000e+00 0.000000000000e+00 0.000000000000e+00 
9.450000000000e+00 1.618980906855e-03 2.558864611009e-03 1.968280269359e-04 1.257072260308e+05 1.293793100685e+05 1.000000000000e+05 2.223304329760e+04 5.371945932763e+02 1.800000000000e+06 1.014987009062e+05 9.334708160000e+06 3.733883264000e+07 0.000000000000e+00 0.000000000000e+00 0.000000000000e+00 1.527687396949e-04 4.968265660147e-04 2.718332730025e-03 0.000000000000e+00 0.000000000000e+00 0.000000000000e+00 0.000000000000e+00 0.000000000000e+00 
9.455000000000e+00 1.617977974420e-03 2.566791454149e-03 2.034071775018e-04 1.253948873510e+05 1.291932430225e+05 1.000000000000e+05 2.223649616185e+04 5.374524369604e+02 1.800000000000e+06 1.011025171077e+05 9.334708160000e+06 3.733883264000e+07 0.000000000000e+00 0.000000000000e+00 0.000000000000e+00 1.521724315743e-04 4.965187900084e-04 2.707719501133e-03 0.000000000000e+00 0.000000000000e+00 0.000000000000e+00 0.000000000000e+00 0.000000000000e+00 
9.460000000000e+00 1.616952176520e-03 2.575547630771e-03 2.062297862471e-04 1.251479002239e+05 1.290026295863e+05 1.000000000000e+05 2.224002815286e+04 5.377163911642e+02 1.800000000000e+06 1.007692923710e+05 9.334708160000e+06 3.733883264000e+07 0.000000000000e+00 0.000000000000e+00 0.000000000000e+00 1.516708850264e-04 4.962039971373e-04 2.698792628742e-03 0.000000000000e+00 0.000000000000e+00 0.000000000000e+00 0.000000000000e+00 0.000000000000e+00 
9.465000000000e+00 1.615919193820e-03 2.583691281913e-03 2.064686581541e-04 1.249474741103e+05 1.288103694288e+05 1.000000000000e+05 2.224358613814e+04 5.379824316390e+02 1.800000000000e+06 1.004922164563e+05 9.334708160000e+06 3.733883264000e+07 0.000000000000e+00 0.000000000000e+00 0.000000000000e+00 1.512538497549e-04 4.958869994225e-04 2.691369872594e-03 0.000000000000e+00 0.000000000000e+00 0.000000000000e+00 0.000000000000e+00 0.000000000000e+00 
9.470000000000e+00 1.614889837830e-03 2.590700184195e-03 2.049057292594e-04 1.247811525763e+05 1.286184725344e+05 1.000000000000e+05 2.224713336986e+04 5.382477755322e+02 1.800000000000e+06 1.002624907779e+05 9.334708160000e+06 3.733883264000e+07 0.000000000000e+00 0.000000000000e+00 0.000000000000e+00 1.509080827445e-04 4.955711146587e-04 2.685215612544e-03 0.000000000000e+00 0.000000000000e+00 0.000000000000e+00 0.000000000000e+00 0.000000000000e+00 
9.475000000000e+00 1.613871708435e-03 2.596450441574e-03 2.020975462764e-04 1.246400493269e+05 1.284283617775e+05 1.000000000000e+05 2.225064392978e+04 5.385104590276e+02 1.800000000000e+06 1.000715722681e+05 9.334708160000e+06 3.733883264000e+07 0.000000000000e+00 0.000000000000e+00 0.000000000000e+00 1.506207255678e-04 4.952586750686e-04 2.680101023389e-03 0.000000000000e+00 0.000000000000e+00 0.000000000000e+00 0.000000000000e+00 0.000000000000e+00 
9.480000000000e+00 1.612870021755e-03 2.601146202472e-03 1.983809725997e-04 1.245189127623e+05 1.282410229331e+05 1.000000000000e+05 2.225409991796e+04 5.387691272427e+02 1.800000000000e+06 9.991181012383e+04 9.334708160000e+06 3.733883264000e+07 0.000000000000e+00 0.000000000000e+00 0.000000000000e+00 1.503802627717e-04 4.949512813547e-04 2.675821139243e-03 0.000000000000e+00 0.000000000000e+00 0.000000000000e+00 0.000000000000e+00 0.000000000000e+00 
9.485000000000e+00 1.611888756495e-03 2.604982588987e-03 1.940033350825e-04 1.244139164526e+05 1.280572158353e+05 1.000000000000e+05 2.225748760319e+04 5.390227406728e+02 1.800000000000e+06 9.977724179119e+04 9.334708160000e+06 3.733883264000e+07 0.000000000000e+00 0.000000000000e+00 0.000000000000e+00 1.501777199372e-04 4.946501544869e-04 2.672216218573e-03 0.000000000000e+00 0.000000000000e+00 0.000000000000e+00 0.000000000000e+00 0.000000000000e+00 
9.490000000000e+00 1.610930717338e-03 2.608137567256e-03 1.891520335502e-04 1.243221209724e+05 1.278774842616e+05 1.000000000000e+05 2.226079723986e+04 5.392705603250e+02 1.800000000000e+06 9.966298517940e+04 9.334708160000e+06 3.733883264000e+07 0.000000000000e+00 0.000000000000e+00 0.000000000000e+00 1.500057488831e-04 4.943561551554e-04 2.669155463317e-03 0.000000000000e+00 0.000000000000e+00 0.000000000000e+00 0.000000000000e+00 0.000000000000e+00 
9.495000000000e+00 1.609997843317e-03 2.610694282781e-03 1.840012607452e-04 1.242406579689e+05 1.277022120454e+05 1.000000000000e+05 2.226402204585e+04 5.395120692750e+02 1.800000000000e+06 9.956511727543e+04 9.334708160000e+06 3.733883264000e+07 0.000000000000e+00 0.000000000000e+00 0.000000000000e+00 1.498584449648e-04 4.940698784027e-04 2.666533777496e-03 0.000000000000e+00 0.000000000000e+00 0.000000000000e+00 0.000000000000e+00 0.000000000000e+00 
9.500000000000e+00 1.609091230097e-03 2.612696690427e-03 1.787059970381e-04 1.241668481261e+05 1.275316259133e+05 1.000000000000e+05 2.226715813392e+04 5.397469679253e+02 1.800000000000e+06 9.948030529356e+04 9.334708160000e+06 3.733883264000e+07 0.000000000000e+00 0.000000000000e+00 0.000000000000e+00 1.497307919065e-04 4.937916604629e-04 2.664261881381e-03 0.000000000000e+00 0.000000000000e+00 0.000000000000e+00 0.000000000000e+00 0.000000000000e+00 
9.505000000000e+00 1.608211317040e-03 2.614203555577e-03 1.733830034768e-04 1.240985964507e+05 1.273658295054e+05 1.000000000000e+05 2.227020386296e+04 5.399751264326e+02 1.800000000000e+06 9.940573925442e+04 9.334708160000e+06 3.733883264000e+07 0.000000000000e+00 0.000000000000e+00 0.000000000000e+00 1.496185603240e-04 4.935216317122e-04 2.662264497707e-03 0.000000000000e+00 0.000000000000e+00 0.000000000000e+00 0.000000000000e+00 0.000000000000e+00 
9.510000000000e+00 1.607357881668e-03 2.615217152032e-03 1.681518038383e-04 1.240336212353e+05 1.272048014090e+05 1.000000000000e+05 2.227315989045e+04 5.401965868431e+02 1.800000000000e+06 9.933895261822e+04 9.334708160000e+06 3.733883264000e+07 0.000000000000e+00 0.000000000000e+00 0.000000000000e+00 1.495180377543e-04 4.932597329960e-04 2.660475555957e-03 0.000000000000e+00 0.000000000000e+00 0.000000000000e+00 0.000000000000e+00 0.000000000000e+00 
9.515000000000e+00 1.606530144615e-03 2.615643512768e-03 1.631581381019e-04 1.239690313012e+05 1.270484141420e+05 1.000000000000e+05 2.227602883022e+04 5.404115364794e+02 1.800000000000e+06 9.927769180270e+04 9.334708160000e+06 3.733883264000e+07 0.000000000000e+00 0.000000000000e+00 0.000000000000e+00 1.494258322630e-04 4.930057204652e-04 2.658834702534e-03 0.000000000000e+00 0.000000000000e+00 0.000000000000e+00 0.000000000000e+00 0.000000000000e+00 
9.520000000000e+00 1.605726478565e-03 2.615351504161e-03 1.585662798599e-04 1.239014134286e+05 1.268963783980e+05 1.000000000000e+05 2.227881626459e+04 5.406203841021e+02 1.800000000000e+06 9.921954290629e+04 9.334708160000e+06 3.733883264000e+07 0.000000000000e+00 0.000000000000e+00 0.000000000000e+00 1.493383106145e-04 4.927590947369e-04 2.657277295644e-03 0.000000000000e+00 0.000000000000e+00 0.000000000000e+00 0.000000000000e+00 0.000000000000e+00 
9.525000000000e+00 1.604944640360e-03 2.614388859034e-03 1.544448220130e-04 1.238290344716e+05 1.267482860961e+05 1.000000000000e+05 2.228152987632e+04 5.408237002419e+02 1.800000000000e+06 9.916219312409e+04 9.334708160000e+06 3.733883264000e+07 0.000000000000e+00 0.000000000000e+00 0.000000000000e+00 1.492519917369e-04 4.925191674410e-04 2.655741377147e-03 0.000000000000e+00 0.000000000000e+00 0.000000000000e+00 0.000000000000e+00 0.000000000000e+00 
9.530000000000e+00 1.604182166923e-03 2.612817587077e-03 1.508338374367e-04 1.237506537339e+05 1.266036849095e+05 1.000000000000e+05 2.228417811833e+04 5.410221145916e+02 1.800000000000e+06 9.910379174451e+04 9.334708160000e+06 3.733883264000e+07 0.000000000000e+00 0.000000000000e+00 0.000000000000e+00 1.491640900684e-04 4.922851827188e-04 2.654177364389e-03 0.000000000000e+00 0.000000000000e+00 0.000000000000e+00 0.000000000000e+00 0.000000000000e+00 
9.535000000000e+00 1.603436413328e-03 2.610670240339e-03 1.477676332990e-04 1.236651014724e+05 1.264620853807e+05 1.000000000000e+05 2.228677009607e+04 5.412163061751e+02 1.800000000000e+06 9.904281017318e+04 9.334708160000e+06 3.733883264000e+07 0.000000000000e+00 0.000000000000e+00 0.000000000000e+00 1.490723048760e-04 4.920563289076e-04 2.652544308069e-03 0.000000000000e+00 0.000000000000e+00 0.000000000000e+00 0.000000000000e+00 0.000000000000e+00 
9.540000000000e+00 1.602704602641e-03 2.607990615391e-03 1.452617139690e-04 1.235715356791e+05 1.263229703226e+05 1.000000000000e+05 2.228931538674e+04 5.414069904159e+02 1.800000000000e+06 9.897797337352e+04 9.334708160000e+06 3.733883264000e+07 0.000000000000e+00 0.000000000000e+00 0.000000000000e+00 1.489747170637e-04 4.918317538331e-04 2.650808049387e-03 0.000000000000e+00 0.000000000000e+00 0.000000000000e+00 0.000000000000e+00 0.000000000000e+00 
9.545000000000e+00 1.601983918232e-03 2.604836627600e-03 1.433120881001e-04 1.234694740547e+05 1.261858123664e+05 1.000000000000e+05 2.229182371757e+04 5.415948950807e+02 1.800000000000e+06 9.890826445914e+04 9.334708160000e+06 3.733883264000e+07 0.000000000000e+00 0.000000000000e+00 0.000000000000e+00 1.488697960854e-04 4.916105931401e-04 2.648941342628e-03 0.000000000000e+00 0.000000000000e+00 0.000000000000e+00 0.000000000000e+00 0.000000000000e+00 
9.550000000000e+00 1.601271679812e-03 2.601305685242e-03 1.418800110793e-04 1.233591184472e+05 1.260501075731e+05 1.000000000000e+05 2.229430434236e+04 5.417807142971e+02 1.800000000000e+06 9.883302506544e+04 9.334708160000e+06 3.733883264000e+07 0.000000000000e+00 0.000000000000e+00 0.000000000000e+00 1.487565510168e-04 4.913920243131e-04 2.646926540547e-03 0.000000000000e+00 0.000000000000e+00 0.000000000000e+00 0.000000000000e+00 0.000000000000e+00 
9.555000000000e+00 1.600565383124e-03 2.597464645518e-03 1.409290619080e-04 1.232406609514e+05 1.259153832271e+05 1.000000000000e+05 2.229676592388e+04 5.419650980226e+02 1.800000000000e+06 9.875187900513e+04 9.334708160000e+06 3.733883264000e+07 0.000000000000e+00 0.000000000000e+00 0.000000000000e+00 1.486344156470e-04 4.911752788559e-04 2.644753558263e-03 0.000000000000e+00 0.000000000000e+00 0.000000000000e+00 0.000000000000e+00 0.000000000000e+00 
9.560000000000e+00 1.599862700936e-03 2.593363263488e-03 1.404228877558e-04 1.231143267459e+05 1.257811982632e+05 1.000000000000e+05 2.229921652681e+04 5.421486516033e+02 1.800000000000e+06 9.866463890101e+04 9.334708160000e+06 3.733883264000e+07 0.000000000000e+00 0.000000000000e+00 0.000000000000e+00 1.485031079491e-04 4.909596425975e-04 2.642417370661e-03 0.000000000000e+00 0.000000000000e+00 0.000000000000e+00 0.000000000000e+00 0.000000000000e+00 
9.565000000000e+00 1.599161512876e-03 2.589048525252e-03 1.403202713472e-04 1.229804735986e+05 1.256471491885e+05 1.000000000000e+05 2.230166350866e+04 5.423319278098e+02 1.800000000000e+06 9.857128338299e+04 9.334708160000e+06 3.733883264000e+07 0.000000000000e+00 0.000000000000e+00 0.000000000000e+00 1.483625957582e-04 4.907444648464e-04 2.639917399690e-03 0.000000000000e+00 0.000000000000e+00 0.000000000000e+00 0.000000000000e+00 0.000000000000e+00 
9.570000000000e+00 1.598459915395e-03 2.584572345661e-03 1.405734648086e-04 1.228396258413e+05 1.255128722229e+05 1.000000000000e+05 2.230411348179e+04 5.425154240535e+02 1.800000000000e+06 9.847192044323e+04 9.334708160000e+06 3.733883264000e+07 0.000000000000e+00 0.000000000000e+00 0.000000000000e+00 1.482130416167e-04 4.905291614500e-04 2.637256531785e-03 0.000000000000e+00 0.000000000000e+00 0.000000000000e+00 0.000000000000e+00 0.000000000000e+00 
9.575000000000e+00 1.597756245548e-03 2.579975900728e-03 1.411360714501e-04 1.226923295150e+05 1.253780480850e+05 1.000000000000e+05 2.230657223312e+04 5.426995759886e+02 1.800000000000e+06 9.836677887091e+04 9.334708160000e+06 3.733883264000e+07 0.000000000000e+00 0.000000000000e+00 0.000000000000e+00 1.480547898820e-04 4.903132220899e-04 2.634440890446e-03 0.000000000000e+00 0.000000000000e+00 0.000000000000e+00 0.000000000000e+00 0.000000000000e+00 
9.580000000000e+00 1.597049068510e-03 2.575293515092e-03 1.419632536183e-04 1.225391460712e+05 1.252423998440e+05 1.000000000000e+05 2.230904476565e+04 5.428847605942e+02 1.800000000000e+06 9.825616462969e+04 9.334708160000e+06 3.733883264000e+07 0.000000000000e+00 0.000000000000e+00 0.000000000000e+00 1.478883010691e-04 4.900962064534e-04 2.631478667249e-03 0.000000000000e+00 0.000000000000e+00 0.000000000000e+00 0.000000000000e+00 0.000000000000e+00 
9.585000000000e+00 1.596337166734e-03 2.570553243816e-03 1.430126932488e-04 1.223806320551e+05 1.251056910630e+05 1.000000000000e+05 2.231153533498e+04 5.430712988437e+02 1.800000000000e+06 9.814043372394e+04 9.334708160000e+06 3.733883264000e+07 0.000000000000e+00 0.000000000000e+00 0.000000000000e+00 1.477141110109e-04 4.898777409044e-04 2.628379394952e-03 0.000000000000e+00 0.000000000000e+00 0.000000000000e+00 0.000000000000e+00 0.000000000000e+00 
9.590000000000e+00 1.595619523394e-03 2.565770981376e-03 1.442483311856e-04 1.222172646356e+05 1.249677228309e+05 1.000000000000e+05 2.231404750757e+04 5.432594598842e+02 1.800000000000e+06 9.801996766690e+04 9.334708160000e+06 3.733883264000e+07 0.000000000000e+00 0.000000000000e+00 0.000000000000e+00 1.475327939345e-04 4.896575134035e-04 2.625153291139e-03 0.000000000000e+00 0.000000000000e+00 0.000000000000e+00 0.000000000000e+00 0.000000000000e+00 
9.595000000000e+00 1.594895286063e-03 2.560957333662e-03 1.456387241943e-04 1.220494656861e+05 1.248283269659e+05 1.000000000000e+05 2.231658428521e+04 5.434494704170e+02 1.800000000000e+06 9.789513513569e+04 9.334708160000e+06 3.733883264000e+07 0.000000000000e+00 0.000000000000e+00 0.000000000000e+00 1.473449047468e-04 4.894352623616e-04 2.621810230207e-03 0.000000000000e+00 0.000000000000e+00 0.000000000000e+00 0.000000000000e+00 0.000000000000e+00 
9.600000000000e+00 1.594163754732e-03 2.556122541602e-03 1.471546461997e-04 1.218776451393e+05 1.246873638663e+05 1.000000000000e+05 2.231914814402e+04 5.436415177232e+02 1.800000000000e+06 9.776629263063e+04 9.334708160000e+06 3.733883264000e+07 0.000000000000e+00 0.000000000000e+00 0.000000000000e+00 1.471509800271e-04 4.892107729623e-04 2.618359760402e-03 0.000000000000e+00 0.000000000000e+00 0.000000000000e+00 0.000000000000e+00 0.000000000000e+00 
9.605000000000e+00 1.593424368250e-03 2.551274825372e-03 1.487698909087e-04 1.217021830490e+05 1.245447200460e+05 1.000000000000e+05 2.232174108122e+04 5.438357531106e+02 1.800000000000e+06 9.763378240982e+04 9.334708160000e+06 3.733883264000e+07 0.000000000000e+00 0.000000000000e+00 0.000000000000e+00 1.469515349185e-04 4.889838730022e-04 2.614811048691e-03 0.000000000000e+00 0.000000000000e+00 0.000000000000e+00 0.000000000000e+00 0.000000000000e+00 
9.610000000000e+00 1.592676688118e-03 2.546418890212e-03 1.504619848801e-04 1.215234127692e+05 1.244003051422e+05 1.000000000000e+05 2.232436467107e+04 5.440322960695e+02 1.800000000000e+06 9.749792707408e+04 9.334708160000e+06 3.733883264000e+07 0.000000000000e+00 0.000000000000e+00 0.000000000000e+00 1.467470549770e-04 4.887544279165e-04 2.611172735925e-03 0.000000000000e+00 0.000000000000e+00 0.000000000000e+00 0.000000000000e+00 0.000000000000e+00 
9.615000000000e+00 1.591920378681e-03 2.541556187114e-03 1.522122854347e-04 1.213416151198e+05 1.242540482091e+05 1.000000000000e+05 2.232702013342e+04 5.442312393897e+02 1.800000000000e+06 9.735902138264e+04 9.334708160000e+06 3.733883264000e+07 0.000000000000e+00 0.000000000000e+00 0.000000000000e+00 1.465379838536e-04 4.885223347003e-04 2.607452717576e-03 0.000000000000e+00 0.000000000000e+00 0.000000000000e+00 0.000000000000e+00 0.000000000000e+00 
9.620000000000e+00 1.591155190354e-03 2.536687229261e-03 1.540049076435e-04 1.211570355297e+05 1.241058945768e+05 1.000000000000e+05 2.232970839093e+04 5.444326534940e+02 1.800000000000e+06 9.721732944101e+04 9.334708160000e+06 3.733883264000e+07 0.000000000000e+00 0.000000000000e+00 0.000000000000e+00 1.463247190616e-04 4.882875167626e-04 2.603658068112e-03 0.000000000000e+00 0.000000000000e+00 0.000000000000e+00 0.000000000000e+00 0.000000000000e+00 
9.625000000000e+00 1.590380943795e-03 2.531809286808e-03 1.558277029285e-04 1.209698621136e+05 1.239558028722e+05 1.000000000000e+05 2.233243012455e+04 5.446365905408e+02 1.800000000000e+06 9.707308262661e+04 9.334708160000e+06 3.733883264000e+07 0.000000000000e+00 0.000000000000e+00 0.000000000000e+00 1.461076088538e-04 4.880499190672e-04 2.599794985738e-03 0.000000000000e+00 0.000000000000e+00 0.000000000000e+00 0.000000000000e+00 0.000000000000e+00 
9.630000000000e+00 1.589597512800e-03 2.526917613639e-03 1.576717934257e-04 1.207802310820e+05 1.238037417750e+05 1.000000000000e+05 2.233518583267e+04 5.448430888748e+02 1.800000000000e+06 9.692647621968e+04 9.334708160000e+06 3.733883264000e+07 0.000000000000e+00 0.000000000000e+00 0.000000000000e+00 1.458869471525e-04 4.878095028852e-04 2.595868701971e-03 0.000000000000e+00 0.000000000000e+00 0.000000000000e+00 0.000000000000e+00 0.000000000000e+00 
9.635000000000e+00 1.588804805860e-03 2.522004508445e-03 1.595319218162e-04 1.205882162429e+05 1.236496864893e+05 1.000000000000e+05 2.233797589574e+04 5.450521778489e+02 1.800000000000e+06 9.677766448572e+04 9.334708160000e+06 3.733883264000e+07 0.000000000000e+00 0.000000000000e+00 0.000000000000e+00 1.456629661474e-04 4.875662401349e-04 2.591883350073e-03 0.000000000000e+00 0.000000000000e+00 0.000000000000e+00 0.000000000000e+00 0.000000000000e+00 
9.640000000000e+00 1.588002751353e-03 2.517061030447e-03 1.614054860326e-04 1.203938444101e+05 1.234936158986e+05 1.000000000000e+05 2.234080062744e+04 5.452638817064e+02 1.800000000000e+06 9.662676073316e+04 9.334708160000e+06 3.733883264000e+07 0.000000000000e+00 0.000000000000e+00 0.000000000000e+00 1.454358363823e-04 4.873201088371e-04 2.587841966382e-03 0.000000000000e+00 0.000000000000e+00 0.000000000000e+00 0.000000000000e+00 0.000000000000e+00 
9.645000000000e+00 1.587191280312e-03 2.512074203698e-03 1.632939432623e-04 1.201970648475e+05 1.233355092281e+05 1.000000000000e+05 2.234366033615e+04 5.454782241166e+02 1.800000000000e+06 9.647383347333e+04 9.334708160000e+06 3.733883264000e+07 0.000000000000e+00 0.000000000000e+00 0.000000000000e+00 1.452056609757e-04 4.870710878273e-04 2.583746387789e-03 0.000000000000e+00 0.000000000000e+00 0.000000000000e+00 0.000000000000e+00 0.000000000000e+00 
9.650000000000e+00 1.586370311112e-03 2.507032362632e-03 1.652003432509e-04 1.199977933821e+05 1.231753430552e+05 1.000000000000e+05 2.234655537734e+04 5.456952322239e+02 1.800000000000e+06 9.631890551200e+04 9.334708160000e+06 3.733883264000e+07 0.000000000000e+00 0.000000000000e+00 0.000000000000e+00 1.449724742533e-04 4.868191520572e-04 2.579597226744e-03 0.000000000000e+00 0.000000000000e+00 0.000000000000e+00 0.000000000000e+00 0.000000000000e+00 
9.655000000000e+00 1.585539740642e-03 2.501921521784e-03 1.671303263425e-04 1.197958912926e+05 1.230130895638e+05 1.000000000000e+05 2.234948618557e+04 5.459149389991e+02 1.800000000000e+06 9.616195940435e+04 9.334708160000e+06 3.733883264000e+07 0.000000000000e+00 0.000000000000e+00 0.000000000000e+00 1.447362499583e-04 4.865642698841e-04 2.575394017783e-03 0.000000000000e+00 0.000000000000e+00 0.000000000000e+00 0.000000000000e+00 0.000000000000e+00 
9.660000000000e+00 1.584699432088e-03 2.496726693610e-03 1.690916435005e-04 1.195911718873e+05 1.228487141219e+05 1.000000000000e+05 2.235245331760e+04 5.461373864976e+02 1.800000000000e+06 9.600293674768e+04 9.334708160000e+06 3.733883264000e+07 0.000000000000e+00 0.000000000000e+00 0.000000000000e+00 1.444969001870e-04 4.863063993231e-04 2.571135198475e-03 0.000000000000e+00 0.000000000000e+00 0.000000000000e+00 0.000000000000e+00 0.000000000000e+00 
9.665000000000e+00 1.583849205128e-03 2.491432353119e-03 1.710937624625e-04 1.193834059130e+05 1.226821733098e+05 1.000000000000e+05 2.235545748721e+04 5.463626284950e+02 1.800000000000e+06 9.584173958042e+04 9.334708160000e+06 3.733883264000e+07 0.000000000000e+00 0.000000000000e+00 0.000000000000e+00 1.442542774947e-04 4.860454850381e-04 2.566818146836e-03 0.000000000000e+00 0.000000000000e+00 0.000000000000e+00 0.000000000000e+00 0.000000000000e+00 
9.670000000000e+00 1.582988828810e-03 2.486023122254e-03 1.731473186934e-04 1.191723305025e+05 1.225134134573e+05 1.000000000000e+05 2.235849959063e+04 5.465907324242e+02 1.800000000000e+06 9.567823378203e+04 9.334708160000e+06 3.733883264000e+07 0.000000000000e+00 0.000000000000e+00 0.000000000000e+00 1.440081800123e-04 4.857814561550e-04 2.562439272295e-03 0.000000000000e+00 0.000000000000e+00 0.000000000000e+00 0.000000000000e+00 0.000000000000e+00 
9.675000000000e+00 1.582118016383e-03 2.480484001854e-03 1.752637378163e-04 1.189576552332e+05 1.223423695520e+05 1.000000000000e+05 2.236158072524e+04 5.468217808042e+02 1.800000000000e+06 9.551225305560e+04 9.334708160000e+06 3.733883264000e+07 0.000000000000e+00 0.000000000000e+00 0.000000000000e+00 1.437583574416e-04 4.855142246771e-04 2.557994122351e-03 0.000000000000e+00 0.000000000000e+00 0.000000000000e+00 0.000000000000e+00 0.000000000000e+00 
9.680000000000e+00 1.581236423860e-03 2.474801028550e-03 1.774545938311e-04 1.187390740536e+05 1.221689648680e+05 1.000000000000e+05 2.236470219507e+04 5.470558716870e+02 1.800000000000e+06 9.534360529990e+04 9.334708160000e+06 3.733883264000e+07 0.000000000000e+00 0.000000000000e+00 0.000000000000e+00 1.435045206450e-04 4.852436850432e-04 2.553477553175e-03 0.000000000000e+00 0.000000000000e+00 0.000000000000e+00 0.000000000000e+00 0.000000000000e+00 
9.685000000000e+00 1.580343648798e-03 2.468960612321e-03 1.797317028098e-04 1.185162630791e+05 1.219931106334e+05 1.000000000000e+05 2.236786551599e+04 5.472931190512e+02 1.800000000000e+06 9.517207678632e+04 9.334708160000e+06 3.733883264000e+07 0.000000000000e+00 0.000000000000e+00 0.000000000000e+00 1.432463479334e-04 4.849697137530e-04 2.548883841577e-03 0.000000000000e+00 0.000000000000e+00 0.000000000000e+00 0.000000000000e+00 0.000000000000e+00 
9.690000000000e+00 1.579439230482e-03 2.462950967430e-03 1.821062372986e-04 1.182888976105e+05 1.218147059680e+05 1.000000000000e+05 2.237107241535e+04 5.475336528259e+02 1.800000000000e+06 9.499743642922e+04 9.334708160000e+06 3.733883264000e+07 0.000000000000e+00 0.000000000000e+00 0.000000000000e+00 1.429834914927e-04 4.846921694241e-04 2.544206799211e-03 0.000000000000e+00 0.000000000000e+00 0.000000000000e+00 0.000000000000e+00 0.000000000000e+00 
9.695000000000e+00 1.578522655038e-03 2.456762205775e-03 1.845883687601e-04 1.180566599913e+05 1.216336387914e+05 1.000000000000e+05 2.237432481453e+04 5.477776176050e+02 1.800000000000e+06 9.481944414846e+04 9.334708160000e+06 3.733883264000e+07 0.000000000000e+00 0.000000000000e+00 0.000000000000e+00 1.427155899712e-04 4.844108943610e-04 2.539439996570e-03 0.000000000000e+00 0.000000000000e+00 0.000000000000e+00 0.000000000000e+00 0.000000000000e+00 
9.700000000000e+00 1.577593359665e-03 2.450385590782e-03 1.871874043643e-04 1.178192377417e+05 1.214497865612e+05 1.000000000000e+05 2.237762481485e+04 5.480251715935e+02 1.800000000000e+06 9.463785527151e+04 9.334708160000e+06 3.733883264000e+07 0.000000000000e+00 0.000000000000e+00 0.000000000000e+00 1.424422751048e-04 4.841257158534e-04 2.534576880990e-03 0.000000000000e+00 0.000000000000e+00 0.000000000000e+00 0.000000000000e+00 0.000000000000e+00 
9.705000000000e+00 1.576650738666e-03 2.443814571080e-03 1.899111384558e-04 1.175763372892e+05 1.212630173709e+05 1.000000000000e+05 2.238097467663e+04 5.482764850718e+02 1.800000000000e+06 9.445242592733e+04 9.334708160000e+06 3.733883264000e+07 0.000000000000e+00 0.000000000000e+00 0.000000000000e+00 1.421631798360e-04 4.838364480275e-04 2.529610921010e-03 0.000000000000e+00 0.000000000000e+00 0.000000000000e+00 0.000000000000e+00 0.000000000000e+00 
9.710000000000e+00 1.575694150231e-03 2.437043866181e-03 1.927661280208e-04 1.173276799760e+05 1.210731912034e+05 1.000000000000e+05 2.238437679602e+04 5.485317386530e+02 1.800000000000e+06 9.426291741157e+04 9.334708160000e+06 3.733883264000e+07 0.000000000000e+00 0.000000000000e+00 0.000000000000e+00 1.418779448837e-04 4.835428939274e-04 2.524535723415e-03 0.000000000000e+00 0.000000000000e+00 0.000000000000e+00 0.000000000000e+00 0.000000000000e+00 
9.715000000000e+00 1.574722925584e-03 2.430070921295e-03 1.957568151518e-04 1.170730209496e+05 1.208801616613e+05 1.000000000000e+05 2.238783367265e+04 5.487911209050e+02 1.800000000000e+06 9.406910230071e+04 9.334708160000e+06 3.733883264000e+07 0.000000000000e+00 0.000000000000e+00 0.000000000000e+00 1.415862279459e-04 4.832448483213e-04 2.519345196814e-03 0.000000000000e+00 0.000000000000e+00 0.000000000000e+00 0.000000000000e+00 0.000000000000e+00 
9.720000000000e+00 1.573736383717e-03 2.422900801722e-03 1.988829540293e-04 1.168122023101e+05 1.206837788263e+05 1.000000000000e+05 2.239134785626e+04 5.490548244658e+02 1.800000000000e+06 9.387077557662e+04 9.334708160000e+06 3.733883264000e+07 0.000000000000e+00 0.000000000000e+00 0.000000000000e+00 1.412877204436e-04 4.829421022247e-04 2.514033849001e-03 0.000000000000e+00 0.000000000000e+00 0.000000000000e+00 0.000000000000e+00 0.000000000000e+00 
9.725000000000e+00 1.572733836782e-03 2.415525833369e-03 2.021490025362e-04 1.165449715463e+05 1.204838902747e+05 1.000000000000e+05 2.239492193381e+04 5.493230446444e+02 1.800000000000e+06 9.366775025555e+04 9.334708160000e+06 3.733883264000e+07 0.000000000000e+00 0.000000000000e+00 0.000000000000e+00 1.409821409421e-04 4.826344445531e-04 2.508596672491e-03 0.000000000000e+00 0.000000000000e+00 0.000000000000e+00 0.000000000000e+00 0.000000000000e+00 
9.730000000000e+00 1.571714589465e-03 2.407952279018e-03 2.055524441021e-04 1.162712086612e+05 1.202803409008e+05 1.000000000000e+05 2.239855852483e+04 5.495959796247e+02 1.800000000000e+06 9.345985103120e+04 9.334708160000e+06 3.733883264000e+07 0.000000000000e+00 0.000000000000e+00 0.000000000000e+00 1.406692255826e-04 4.823216619316e-04 2.503028970804e-03 0.000000000000e+00 0.000000000000e+00 0.000000000000e+00 0.000000000000e+00 0.000000000000e+00 
9.735000000000e+00 1.570677962571e-03 2.400187242368e-03 2.090889253754e-04 1.159908312557e+05 1.200729775824e+05 1.000000000000e+05 2.240226020097e+04 5.498738241829e+02 1.800000000000e+06 9.324693546423e+04 9.334708160000e+06 3.733883264000e+07 0.000000000000e+00 0.000000000000e+00 0.000000000000e+00 1.403487599753e-04 4.820035459313e-04 2.497326927731e-03 0.000000000000e+00 0.000000000000e+00 0.000000000000e+00 0.000000000000e+00 0.000000000000e+00 
9.740000000000e+00 1.569623300895e-03 2.392232762842e-03 2.127550611996e-04 1.157037414751e+05 1.198616507397e+05 1.000000000000e+05 2.240602945969e+04 5.501567675870e+02 1.800000000000e+06 9.302889133207e+04 9.334708160000e+06 3.733883264000e+07 0.000000000000e+00 0.000000000000e+00 0.000000000000e+00 1.400205752106e-04 4.816798954854e-04 2.491487537124e-03 0.000000000000e+00 0.000000000000e+00 0.000000000000e+00 0.000000000000e+00 0.000000000000e+00 
9.745000000000e+00 1.568549969212e-03 2.384095794108e-03 2.165446142289e-04 1.154098998262e+05 1.196462135248e+05 1.000000000000e+05 2.240986873630e+04 5.504449946769e+02 1.800000000000e+06 9.280562293038e+04 9.334708160000e+06 3.733883264000e+07 0.000000000000e+00 0.000000000000e+00 0.000000000000e+00 1.396845272412e-04 4.813505156589e-04 2.485508234660e-03 0.000000000000e+00 0.000000000000e+00 0.000000000000e+00 0.000000000000e+00 0.000000000000e+00 
9.750000000000e+00 1.567457364795e-03 2.375780862294e-03 2.204511867412e-04 1.151092753119e+05 1.194265243279e+05 1.000000000000e+05 2.241378036086e+04 5.507386825055e+02 1.800000000000e+06 9.257705969069e+04 9.334708160000e+06 3.733883264000e+07 0.000000000000e+00 0.000000000000e+00 0.000000000000e+00 1.393405098522e-04 4.810152214890e-04 2.479387129688e-03 0.000000000000e+00 0.000000000000e+00 0.000000000000e+00 0.000000000000e+00 0.000000000000e+00 
9.755000000000e+00 1.566344927540e-03 2.367302237505e-03 2.244635081711e-04 1.148019399457e+05 1.192024488288e+05 1.000000000000e+05 2.241776651888e+04 5.510379976044e+02 1.800000000000e+06 9.234316136258e+04 9.334708160000e+06 3.733883264000e+07 0.000000000000e+00 0.000000000000e+00 0.000000000000e+00 1.389884624617e-04 4.806738410932e-04 2.473123142285e-03 0.000000000000e+00 0.000000000000e+00 0.000000000000e+00 0.000000000000e+00 0.000000000000e+00 
9.760000000000e+00 1.565212155970e-03 2.358670099135e-03 2.285706188570e-04 1.144879708925e+05 1.189738632610e+05 1.000000000000e+05 2.242182919684e+04 5.513430916453e+02 1.800000000000e+06 9.210392690941e+04 9.334708160000e+06 3.733883264000e+07 0.000000000000e+00 0.000000000000e+00 0.000000000000e+00 1.386283835092e-04 4.803262205807e-04 2.466716243478e-03 0.000000000000e+00 0.000000000000e+00 0.000000000000e+00 0.000000000000e+00 0.000000000000e+00 
9.765000000000e+00 1.564058604752e-03 2.349894498553e-03 2.327608242554e-04 1.141674705880e+05 1.187406539717e+05 1.000000000000e+05 2.242597018988e+04 5.516541020624e+02 1.800000000000e+06 9.185938115456e+04 9.334708160000e+06 3.733883264000e+07 0.000000000000e+00 0.000000000000e+00 0.000000000000e+00 1.382603103572e-04 4.799722232892e-04 2.460167097024e-03 0.000000000000e+00 0.000000000000e+00 0.000000000000e+00 0.000000000000e+00 0.000000000000e+00 
9.770000000000e+00 1.562883888664e-03 2.340984298042e-03 2.370222335072e-04 1.138405571718e+05 1.185027182914e+05 1.000000000000e+05 2.243019108729e+04 5.519711509304e+02 1.800000000000e+06 9.160957304925e+04 9.334708160000e+06 3.733883264000e+07 0.000000000000e+00 0.000000000000e+00 0.000000000000e+00 1.378843166836e-04 4.796117310028e-04 2.453477013154e-03 0.000000000000e+00 0.000000000000e+00 0.000000000000e+00 0.000000000000e+00 0.000000000000e+00 
9.775000000000e+00 1.561687684581e-03 2.331954244534e-03 2.413400408268e-04 1.135074186019e+05 1.182599650153e+05 1.000000000000e+05 2.243449326293e+04 5.522943443679e+02 1.800000000000e+06 9.135457319586e+04 9.334708160000e+06 3.733883264000e+07 0.000000000000e+00 0.000000000000e+00 0.000000000000e+00 1.375005087543e-04 4.792446445630e-04 2.446647881255e-03 0.000000000000e+00 0.000000000000e+00 0.000000000000e+00 0.000000000000e+00 0.000000000000e+00 
9.780000000000e+00 1.560469748872e-03 2.322817615728e-03 2.456993294387e-04 1.131682614906e+05 1.180123180307e+05 1.000000000000e+05 2.243887781358e+04 5.526237677640e+02 1.800000000000e+06 9.109448951490e+04 9.334708160000e+06 3.733883264000e+07 0.000000000000e+00 0.000000000000e+00 0.000000000000e+00 1.371090490036e-04 4.788708892047e-04 2.439682590471e-03 0.000000000000e+00 0.000000000000e+00 0.000000000000e+00 0.000000000000e+00 0.000000000000e+00 
9.785000000000e+00 1.559229912535e-03 2.313587073435e-03 2.500849555875e-04 1.128233126199e+05 1.177597154560e+05 1.000000000000e+05 2.244334557523e+04 5.529594869968e+02 1.800000000000e+06 9.082945297766e+04 9.334708160000e+06 3.733883264000e+07 0.000000000000e+00 0.000000000000e+00 0.000000000000e+00 1.367101345603e-04 4.784904130659e-04 2.432584647500e-03 0.000000000000e+00 0.000000000000e+00 0.000000000000e+00 0.000000000000e+00 0.000000000000e+00 
9.790000000000e+00 1.557968083366e-03 2.304275726422e-03 2.544813022433e-04 1.124728245154e+05 1.175021102114e+05 1.000000000000e+05 2.244789711394e+04 5.533015477495e+02 1.800000000000e+06 9.055961636318e+04 9.334708160000e+06 3.733883264000e+07 0.000000000000e+00 0.000000000000e+00 0.000000000000e+00 1.363039953767e-04 4.781031878509e-04 2.425358143108e-03 0.000000000000e+00 0.000000000000e+00 0.000000000000e+00 0.000000000000e+00 0.000000000000e+00 
9.795000000000e+00 1.556684248862e-03 2.294897128148e-03 2.588723112742e-04 1.121170757229e+05 1.172394707575e+05 1.000000000000e+05 2.245253271412e+04 5.536499746137e+02 1.800000000000e+06 9.028515465388e+04 9.334708160000e+06 3.733883264000e+07 0.000000000000e+00 0.000000000000e+00 0.000000000000e+00 1.358908948242e-04 4.777092097229e-04 2.418007762738e-03 0.000000000000e+00 0.000000000000e+00 0.000000000000e+00 0.000000000000e+00 0.000000000000e+00 
9.800000000000e+00 1.555378476247e-03 2.285464102451e-03 2.632421707105e-04 1.117563575188e+05 1.169717812577e+05 1.000000000000e+05 2.245725237745e+04 5.540047709644e+02 1.800000000000e+06 9.000626202712e+04 9.334708160000e+06 3.733883264000e+07 0.000000000000e+00 0.000000000000e+00 0.000000000000e+00 1.354711251649e-04 4.773084993117e-04 2.410538706075e-03 0.000000000000e+00 0.000000000000e+00 0.000000000000e+00 0.000000000000e+00 0.000000000000e+00 
9.805000000000e+00 1.554050911399e-03 2.275989195690e-03 2.675752605521e-04 1.113909750073e+05 1.166990415262e+05 1.000000000000e+05 2.246205582523e+04 5.543659191262e+02 1.800000000000e+06 8.972314880810e+04 9.334708160000e+06 3.733883264000e+07 0.000000000000e+00 0.000000000000e+00 0.000000000000e+00 1.350450029655e-04 4.769011013837e-04 2.402956605366e-03 0.000000000000e+00 0.000000000000e+00 0.000000000000e+00 0.000000000000e+00 0.000000000000e+00 
9.810000000000e+00 1.552701778731e-03 2.266485523976e-03 2.718558308803e-04 1.110212537502e+05 1.164212671789e+05 1.000000000000e+05 2.246694249708e+04 5.547333802756e+02 1.800000000000e+06 8.943604067529e+04 9.334708160000e+06 3.733883264000e+07 0.000000000000e+00 0.000000000000e+00 0.000000000000e+00 1.346128679016e-04 4.764870848059e-04 2.395267504027e-03 0.000000000000e+00 0.000000000000e+00 0.000000000000e+00 0.000000000000e+00 0.000000000000e+00 
9.815000000000e+00 1.551331380820e-03 2.256965746480e-03 2.760685020859e-04 1.106475300505e+05 1.161384897421e+05 1.000000000000e+05 2.247191155095e+04 5.551070944034e+02 1.800000000000e+06 8.914517784086e+04 9.334708160000e+06 3.733883264000e+07 0.000000000000e+00 0.000000000000e+00 0.000000000000e+00 1.341750815236e-04 4.760665424318e-04 2.387477834821e-03 0.000000000000e+00 0.000000000000e+00 0.000000000000e+00 0.000000000000e+00 0.000000000000e+00 
9.820000000000e+00 1.549940095718e-03 2.247441866717e-03 2.801984780615e-04 1.102701463890e+05 1.158507562910e+05 1.000000000000e+05 2.247696187131e+04 5.554869809046e+02 1.800000000000e+06 8.885081187282e+04 9.334708160000e+06 3.733883264000e+07 0.000000000000e+00 0.000000000000e+00 0.000000000000e+00 1.337320224741e-04 4.756395902772e-04 2.379594334756e-03 0.000000000000e+00 0.000000000000e+00 0.000000000000e+00 0.000000000000e+00 0.000000000000e+00 
9.825000000000e+00 1.548528373666e-03 2.237925169108e-03 2.842316722490e-04 1.098894484304e+05 1.155581289642e+05 1.000000000000e+05 2.248209207946e+04 5.558729393330e+02 1.800000000000e+06 8.855320293174e+04 9.334708160000e+06 3.733883264000e+07 0.000000000000e+00 0.000000000000e+00 0.000000000000e+00 1.332840823286e-04 4.752063665098e-04 2.371623971087e-03 0.000000000000e+00 0.000000000000e+00 0.000000000000e+00 0.000000000000e+00 0.000000000000e+00 
9.830000000000e+00 1.547096734543e-03 2.228427294401e-03 2.881543017872e-04 1.095057927833e+05 1.152606846334e+05 1.000000000000e+05 2.248730054079e+04 5.562648499507e+02 1.800000000000e+06 8.825261872701e+04 9.334708160000e+06 3.733883264000e+07 0.000000000000e+00 0.000000000000e+00 0.000000000000e+00 1.328316640246e-04 4.747670306680e-04 2.363573913213e-03 0.000000000000e+00 0.000000000000e+00 0.000000000000e+00 0.000000000000e+00 0.000000000000e+00 
9.835000000000e+00 1.545645764814e-03 2.218958202360e-03 2.919538167640e-04 1.091195280094e+05 1.149585144688e+05 1.000000000000e+05 2.249258537476e+04 5.566625744170e+02 1.800000000000e+06 8.794933296800e+04 9.334708160000e+06 3.733883264000e+07 0.000000000000e+00 0.000000000000e+00 0.000000000000e+00 1.323751795301e-04 4.743217627248e-04 2.355451491455e-03 0.000000000000e+00 0.000000000000e+00 0.000000000000e+00 0.000000000000e+00 0.000000000000e+00 
9.840000000000e+00 1.544176111831e-03 2.209528380531e-03 2.956180616520e-04 1.087310103018e+05 1.146517229481e+05 1.000000000000e+05 2.249794447341e+04 5.570659572069e+02 1.800000000000e+06 8.764362141127e+04 9.334708160000e+06 3.733883264000e+07 0.000000000000e+00 0.000000000000e+00 0.000000000000e+00 1.319150438947e-04 4.738707613363e-04 2.347264090886e-03 0.000000000000e+00 0.000000000000e+00 0.000000000000e+00 0.000000000000e+00 0.000000000000e+00 
9.845000000000e+00 1.542688482241e-03 2.200147476917e-03 2.991357857386e-04 1.083405931143e+05 1.143404277201e+05 1.000000000000e+05 2.250337550579e+04 5.574748259043e+02 1.800000000000e+06 8.733576364707e+04 9.334708160000e+06 3.733883264000e+07 0.000000000000e+00 0.000000000000e+00 0.000000000000e+00 1.314516779381e-04 4.734142433558e-04 2.339019199366e-03 0.000000000000e+00 0.000000000000e+00 0.000000000000e+00 0.000000000000e+00 0.000000000000e+00 
9.850000000000e+00 1.541183636138e-03 2.190824305633e-03 3.024967662725e-04 1.079486235529e+05 1.140247585723e+05 1.000000000000e+05 2.250887593773e+04 5.578889926684e+02 1.800000000000e+06 8.702603923191e+04 9.334708160000e+06 3.733883264000e+07 0.000000000000e+00 0.000000000000e+00 0.000000000000e+00 1.309855024291e-04 4.729524420383e-04 2.330724303942e-03 0.000000000000e+00 0.000000000000e+00 0.000000000000e+00 0.000000000000e+00 0.000000000000e+00 
9.855000000000e+00 1.539662382858e-03 2.181567603732e-03 3.056914799554e-04 1.075554481609e+05 1.137048567337e+05 1.000000000000e+05 2.251444304546e+04 5.583082552575e+02 1.800000000000e+06 8.671472687396e+04 9.334708160000e+06 3.733883264000e+07 0.000000000000e+00 0.000000000000e+00 0.000000000000e+00 1.305169368598e-04 4.724856057498e-04 2.322386868937e-03 0.000000000000e+00 0.000000000000e+00 0.000000000000e+00 0.000000000000e+00 0.000000000000e+00 
9.860000000000e+00 1.538125576698e-03 2.172384486867e-03 3.087117800352e-04 1.071613984663e+05 1.133808741518e+05 1.000000000000e+05 2.252007393012e+04 5.587323980796e+02 1.800000000000e+06 8.640210343589e+04 9.334708160000e+06 3.733883264000e+07 0.000000000000e+00 0.000000000000e+00 0.000000000000e+00 1.300463979445e-04 4.720139966531e-04 2.314014309436e-03 0.000000000000e+00 0.000000000000e+00 0.000000000000e+00 0.000000000000e+00 0.000000000000e+00 
9.865000000000e+00 1.536574108975e-03 2.163281374776e-03 3.115506487504e-04 1.067667942464e+05 1.130529719874e+05 1.000000000000e+05 2.252576554533e+04 5.591611942608e+02 1.800000000000e+06 8.608843888614e+04 9.334708160000e+06 3.733883264000e+07 0.000000000000e+00 0.000000000000e+00 0.000000000000e+00 1.295742920207e-04 4.715378882728e-04 2.305613855934e-03 0.000000000000e+00 0.000000000000e+00 0.000000000000e+00 0.000000000000e+00 0.000000000000e+00 
9.870000000000e+00 1.535008904489e-03 2.154264562514e-03 3.142018527844e-04 1.063719497178e+05 1.127213200178e+05 1.000000000000e+05 2.253151470861e+04 5.595944065157e+02 1.800000000000e+06 8.577399771600e+04 9.334708160000e+06 3.733883264000e+07 0.000000000000e+00 0.000000000000e+00 0.000000000000e+00 1.291010171823e-04 4.710575644077e-04 2.297192592216e-03 0.000000000000e+00 0.000000000000e+00 0.000000000000e+00 0.000000000000e+00 0.000000000000e+00 
9.875000000000e+00 1.533430916429e-03 2.145339597917e-03 3.166602090568e-04 1.059771670794e+05 1.123860957015e+05 1.000000000000e+05 2.253731811910e+04 5.600317884523e+02 1.800000000000e+06 8.545903777845e+04 9.334708160000e+06 3.733883264000e+07 0.000000000000e+00 0.000000000000e+00 0.000000000000e+00 1.286269615315e-04 4.705733175689e-04 2.288757424341e-03 0.000000000000e+00 0.000000000000e+00 0.000000000000e+00 0.000000000000e+00 0.000000000000e+00 
9.880000000000e+00 1.531841121512e-03 2.136511235319e-03 3.189216016044e-04 1.055827350739e+05 1.120474832755e+05 1.000000000000e+05 2.254317237433e+04 5.604730858274e+02 1.800000000000e+06 8.514380949061e+04 9.334708160000e+06 3.733883264000e+07 0.000000000000e+00 0.000000000000e+00 0.000000000000e+00 1.281525019786e-04 4.700854474873e-04 2.280315059279e-03 0.000000000000e+00 0.000000000000e+00 0.000000000000e+00 0.000000000000e+00 0.000000000000e+00 
9.885000000000e+00 1.530240514672e-03 2.127785395979e-03 3.209817108977e-04 1.051889535629e+05 1.117056727414e+05 1.000000000000e+05 2.254907398801e+04 5.609180379373e+02 1.800000000000e+06 8.482855448053e+04 9.334708160000e+06 3.733883264000e+07 0.000000000000e+00 0.000000000000e+00 0.000000000000e+00 1.276780022053e-04 4.695942594847e-04 2.271871968497e-03 0.000000000000e+00 0.000000000000e+00 0.000000000000e+00 0.000000000000e+00 0.000000000000e+00 
9.890000000000e+00 1.528630105552e-03 2.119164327998e-03 3.228391360474e-04 1.047960693878e+05 1.113608592183e+05 1.000000000000e+05 2.255501940413e+04 5.613663785213e+02 1.800000000000e+06 8.451350656540e+04 9.334708160000e+06 3.733883264000e+07 0.000000000000e+00 0.000000000000e+00 0.000000000000e+00 1.272038141368e-04 4.691000633961e-04 2.263434414576e-03 0.000000000000e+00 0.000000000000e+00 0.000000000000e+00 0.000000000000e+00 0.000000000000e+00 
9.895000000000e+00 1.527010910189e-03 2.110650114550e-03 3.244932942929e-04 1.044043169156e+05 1.110132412502e+05 1.000000000000e+05 2.256100502562e+04 5.618178380145e+02 1.800000000000e+06 8.419888634060e+04 9.334708160000e+06 3.733883264000e+07 0.000000000000e+00 0.000000000000e+00 0.000000000000e+00 1.267302697978e-04 4.686031710193e-04 2.255008305960e-03 0.000000000000e+00 0.000000000000e+00 0.000000000000e+00 0.000000000000e+00 0.000000000000e+00 
9.900000000000e+00 1.525383948347e-03 2.102245786644e-03 3.259436117393e-04 1.040139338616e+05 1.106630203003e+05 1.000000000000e+05 2.256702722310e+04 5.622721442468e+02 1.800000000000e+06 8.388490390856e+04 9.334708160000e+06 3.733883264000e+07 0.000000000000e+00 0.000000000000e+00 0.000000000000e+00 1.262576854199e-04 4.681038952957e-04 2.246599269938e-03 0.000000000000e+00 0.000000000000e+00 0.000000000000e+00 0.000000000000e+00 0.000000000000e+00 
9.905000000000e+00 1.523750241016e-03 2.093953082906e-03 3.271906046886e-04 1.036251386632e+05 1.103104002690e+05 1.000000000000e+05 2.257308234450e+04 5.627290231029e+02 1.800000000000e+06 8.357176064082e+04 9.334708160000e+06 3.733883264000e+07 0.000000000000e+00 0.000000000000e+00 0.000000000000e+00 1.257863640933e-04 4.676025495423e-04 2.238212700094e-03 0.000000000000e+00 0.000000000000e+00 0.000000000000e+00 0.000000000000e+00 0.000000000000e+00 
9.910000000000e+00 1.522110802897e-03 2.085773035714e-03 3.282357753345e-04 1.032381307710e+05 1.099555859144e+05 1.000000000000e+05 2.257916674244e+04 5.631882005957e+02 1.800000000000e+06 8.325964406264e+04 9.334708160000e+06 3.733883264000e+07 0.000000000000e+00 0.000000000000e+00 0.000000000000e+00 1.253165880680e-04 4.670994451469e-04 2.229853619212e-03 0.000000000000e+00 0.000000000000e+00 0.000000000000e+00 0.000000000000e+00 0.000000000000e+00 
9.915000000000e+00 1.520466639745e-03 2.077706470288e-03 3.290812714158e-04 1.028530968516e+05 1.095987822984e+05 1.000000000000e+05 2.258527678383e+04 5.636494035990e+02 1.800000000000e+06 8.294872997315e+04 9.334708160000e+06 3.733883264000e+07 0.000000000000e+00 0.000000000000e+00 0.000000000000e+00 1.248486219445e-04 4.665948907516e-04 2.221526735999e-03 0.000000000000e+00 0.000000000000e+00 0.000000000000e+00 0.000000000000e+00 0.000000000000e+00 
9.920000000000e+00 1.518818744647e-03 2.069753719280e-03 3.297299697679e-04 1.024702081007e+05 1.092401939889e+05 1.000000000000e+05 2.259140886363e+04 5.641123608876e+02 1.800000000000e+06 8.263918225058e+04 9.334708160000e+06 3.733883264000e+07 0.000000000000e+00 0.000000000000e+00 0.000000000000e+00 1.243827123808e-04 4.660891911115e-04 2.213236439909e-03 0.000000000000e+00 0.000000000000e+00 0.000000000000e+00 0.000000000000e+00 0.000000000000e+00 
9.925000000000e+00 1.517168094384e-03 2.061914426010e-03 3.301855229719e-04 1.020896182972e+05 1.088800242612e+05 1.000000000000e+05 2.259755941865e+04 5.645768041678e+02 1.800000000000e+06 8.233115252312e+04 9.334708160000e+06 3.733883264000e+07 0.000000000000e+00 0.000000000000e+00 0.000000000000e+00 1.239190875971e-04 4.655826459767e-04 2.204986792354e-03 0.000000000000e+00 0.000000000000e+00 0.000000000000e+00 0.000000000000e+00 0.000000000000e+00 
9.930000000000e+00 1.515515644135e-03 2.054187171628e-03 3.304525765499e-04 1.017114579453e+05 1.085184739225e+05 1.000000000000e+05 2.260372494756e+04 5.650424695851e+02 1.800000000000e+06 8.202477766075e+04 9.334708160000e+06 3.733883264000e+07 0.000000000000e+00 0.000000000000e+00 0.000000000000e+00 1.234579536005e-04 4.650755484692e-04 2.196781459565e-03 0.000000000000e+00 0.000000000000e+00 0.000000000000e+00 0.000000000000e+00 0.000000000000e+00 
9.935000000000e+00 1.513862325956e-03 2.046571090732e-03 3.305359618511e-04 1.013358503349e+05 1.081557409402e+05 1.000000000000e+05 2.260990201645e+04 5.655090981852e+02 1.800000000000e+06 8.172018248652e+04 9.334708160000e+06 3.733883264000e+07 0.000000000000e+00 0.000000000000e+00 0.000000000000e+00 1.229994982659e-04 4.645681846146e-04 2.188623785006e-03 0.000000000000e+00 0.000000000000e+00 0.000000000000e+00 0.000000000000e+00 0.000000000000e+00 
9.940000000000e+00 1.512209046868e-03 2.039066426126e-03 3.304401504381e-04 1.009629222675e+05 1.077920199768e+05 1.000000000000e+05 2.261608726609e+04 5.659764364891e+02 1.800000000000e+06 8.141748074947e+04 9.334708160000e+06 3.733883264000e+07 0.000000000000e+00 0.000000000000e+00 0.000000000000e+00 1.225438928004e-04 4.640608327564e-04 2.180516815408e-03 0.000000000000e+00 0.000000000000e+00 0.000000000000e+00 0.000000000000e+00 0.000000000000e+00 
9.945000000000e+00 1.510556689782e-03 2.031671238454e-03 3.301708561325e-04 1.005927710684e+05 1.074275025382e+05 1.000000000000e+05 2.262227741000e+04 5.664442362762e+02 1.800000000000e+06 8.111677904933e+04 9.334708160000e+06 3.733883264000e+07 0.000000000000e+00 0.000000000000e+00 0.000000000000e+00 1.220912976505e-04 4.635537638381e-04 2.172463406256e-03 0.000000000000e+00 0.000000000000e+00 0.000000000000e+00 0.000000000000e+00 0.000000000000e+00 
9.950000000000e+00 1.508906104065e-03 2.024382266114e-03 3.297351715018e-04 1.002254593027e+05 1.070623748312e+05 1.000000000000e+05 2.262846927049e+04 5.669122573012e+02 1.800000000000e+06 8.081816671786e+04 9.334708160000e+06 3.733883264000e+07 0.000000000000e+00 0.000000000000e+00 0.000000000000e+00 1.216418472721e-04 4.630472385111e-04 2.164465950595e-03 0.000000000000e+00 0.000000000000e+00 0.000000000000e+00 0.000000000000e+00 0.000000000000e+00 
9.955000000000e+00 1.507258107421e-03 2.017197773076e-03 3.291394429518e-04 9.986105897759e+04 1.066968180913e+05 1.000000000000e+05 2.263465977099e+04 5.673802668294e+02 1.800000000000e+06 8.052172259146e+04 9.334708160000e+06 3.733883264000e+07 0.000000000000e+00 0.000000000000e+00 0.000000000000e+00 1.211956603241e-04 4.625415077082e-04 2.156526560207e-03 0.000000000000e+00 0.000000000000e+00 0.000000000000e+00 0.000000000000e+00 0.000000000000e+00 
9.960000000000e+00 1.505613484373e-03 2.010115346369e-03 3.283904775430e-04 9.949962610166e+04 1.063310081629e+05 1.000000000000e+05 2.264084594330e+04 5.678480401291e+02 1.800000000000e+06 8.022751513675e+04 9.334708160000e+06 3.733883264000e+07 0.000000000000e+00 0.000000000000e+00 0.000000000000e+00 1.207528398578e-04 4.620368121819e-04 2.148647069198e-03 0.000000000000e+00 0.000000000000e+00 0.000000000000e+00 0.000000000000e+00 0.000000000000e+00 
9.965000000000e+00 1.503972984909e-03 2.003132668137e-03 3.274951913524e-04 9.914120749801e+04 1.059651151021e+05 1.000000000000e+05 2.264702493333e+04 5.683153609308e+02 1.800000000000e+06 7.993560266511e+04 9.334708160000e+06 3.733883264000e+07 0.000000000000e+00 0.000000000000e+00 0.000000000000e+00 1.203134736393e-04 4.615333820847e-04 2.140829039646e-03 0.000000000000e+00 0.000000000000e+00 0.000000000000e+00 0.000000000000e+00 0.000000000000e+00 
9.970000000000e+00 1.502337323904e-03 1.996247161028e-03 3.264607015260e-04 9.878583860823e+04 1.055993029496e+05 1.000000000000e+05 2.265319400417e+04 5.687820216637e+02 1.800000000000e+06 7.964603425112e+04 9.334708160000e+06 3.733883264000e+07 0.000000000000e+00 0.000000000000e+00 0.000000000000e+00 1.198776355324e-04 4.610314367950e-04 2.133073786248e-03 0.000000000000e+00 0.000000000000e+00 0.000000000000e+00 0.000000000000e+00 0.000000000000e+00 
9.975000000000e+00 1.500707179831e-03 1.989455857388e-03 3.252943984565e-04 9.843354152463e+04 1.052337293375e+05 1.000000000000e+05 2.265935054196e+04 5.692478239030e+02 1.800000000000e+06 7.935884937008e+04 9.334708160000e+06 3.733883264000e+07 0.000000000000e+00 0.000000000000e+00 0.000000000000e+00 1.194453849524e-04 4.605311845199e-04 2.125382366624e-03 0.000000000000e+00 0.000000000000e+00 0.000000000000e+00 0.000000000000e+00 0.000000000000e+00 
9.980000000000e+00 1.499083193989e-03 1.982755858081e-03 3.240036742958e-04 9.808433032112e+04 1.048685452062e+05 1.000000000000e+05 2.266549205959e+04 5.697125786713e+02 1.800000000000e+06 7.907407818116e+04 9.334708160000e+06 3.733883264000e+07 0.000000000000e+00 0.000000000000e+00 0.000000000000e+00 1.190167672928e-04 4.600328220589e-04 2.117755588853e-03 0.000000000000e+00 0.000000000000e+00 0.000000000000e+00 0.000000000000e+00 0.000000000000e+00 
9.985000000000e+00 1.497465970621e-03 1.976144234431e-03 3.225959253995e-04 9.773821089949e+04 1.045038947168e+05 1.000000000000e+05 2.267161619724e+04 5.701761064902e+02 1.800000000000e+06 7.879174270613e+04 9.334708160000e+06 3.733883264000e+07 0.000000000000e+00 0.000000000000e+00 0.000000000000e+00 1.185918156993e-04 4.595365348395e-04 2.110194043055e-03 0.000000000000e+00 0.000000000000e+00 0.000000000000e+00 0.000000000000e+00 0.000000000000e+00 
9.990000000000e+00 1.495856076590e-03 1.969617784254e-03 3.210786758625e-04 9.739517819206e+04 1.041399150640e+05 1.000000000000e+05 2.267772072469e+04 5.706382375557e+02 1.800000000000e+06 7.851185701890e+04 9.334708160000e+06 3.733883264000e+07 0.000000000000e+00 0.000000000000e+00 0.000000000000e+00 1.181705513549e-04 4.590424968187e-04 2.102698106494e-03 0.000000000000e+00 0.000000000000e+00 0.000000000000e+00 0.000000000000e+00 0.000000000000e+00 
9.995000000000e+00 1.494254042246e-03 1.963177397092e-03 3.194576575060e-04 9.705525661244e+04 1.037767365546e+05 1.000000000000e+05 2.268380353776e+04 5.710988115779e+02 1.800000000000e+06 7.823442890369e+04 9.334708160000e+06 3.733883264000e+07 0.000000000000e+00 0.000000000000e+00 0.000000000000e+00 1.177529859758e-04 4.585508707480e-04 2.095267987427e-03 0.000000000000e+00 0.000000000000e+00 0.000000000000e+00 0.000000000000e+00 0.000000000000e+00 
1.000000000000e+01 1.492660374068e-03 1.956817381650e-03 3.177406430241e-04 9.671842242038e+04 1.034144853704e+05 1.000000000000e+05 2.268986261375e+04 5.715576742200e+02 1.800000000000e+06 7.795947526693e+04 9.334708160000e+06 3.733883264000e+07 0.000000000000e+00 0.000000000000e+00 0.000000000000e+00 1.173391450085e-04 4.580618120539e-04 2.087904139341e-03 0.000000000000e+00 0.000000000000e+00 0.000000000000e+00 0.000000000000e+00 0.000000000000e+00 
