9.000000000000e+00 2.982093424573e-02 -3.044946214307e-02 4.877049786567e-03 1.024853990913e+05 1.007907652330e+05 1.028059747877e+05 5.324435867962e+03 6.332896720524e+02 2.600000000000e+06 0.000000000000e+00 -8.752000000000e-01 -8.752000000000e-01 0.000000000000e+00 0.000000000000e+00 0.000000000000e+00 -0.000000000000e+00 1.824982956562e-02 0.000000000000e+00 0.000000000000e+00 0.000000000000e+00 0.000000000000e+00 0.000000000000e+00 0.000000000000e+00 
9.005000000000e+00 2.979661559586e-02 -2.960041409689e-02 4.810771774397e-03 1.021587662812e+05 1.004709067416e+05 1.027854399188e+05 5.325530264893e+03 6.335051303595e+02 2.600000000000e+06 0.000000000000e+00 -8.752000000000e-01 -8.752000000000e-01 0.000000000000e+00 0.000000000000e+00 0.000000000000e+00 -0.000000000000e+00 1.823494702687e-02 0.000000000000e+00 0.000000000000e+00 0.000000000000e+00 0.000000000000e+00 0.000000000000e+00 0.000000000000e+00 
9.010000000000e+00 2.977262353657e-02 -2.874485696883e-02 4.746423084878e-03 1.018358158565e+05 1.001547034868e+05 1.027653207917e+05 5.326611259535e+03 6.337193297671e+02 2.600000000000e+06 0.000000000000e+00 -8.752000000000e-01 -8.752000000000e-01 0.000000000000e+00 0.000000000000e+00 0.000000000000e+00 -0.000000000000e+00 1.822026435502e-02 0.000000000000e+00 0.000000000000e+00 0.000000000000e+00 0.000000000000e+00 0.000000000000e+00 0.000000000000e+00 
9.015000000000e+00 2.974894856883e-02 -2.788540944701e-02 4.683953123059e-03 1.015164410591e+05 9.984205421512e+04 1.027456029569e+05 5.327679229797e+03 6.339322824569e+02 2.600000000000e+06 0.000000000000e+00 -8.752000000000e-01 -8.752000000000e-01 0.000000000000e+00 0.000000000000e+00 0.000000000000e+00 -0.000000000000e+00 1.820577573696e-02 0.000000000000e+00 0.000000000000e+00 0.000000000000e+00 0.000000000000e+00 0.000000000000e+00 0.000000000000e+00 
9.020000000000e+00 2.972558110445e-02 -2.702501239668e-02 4.623465309046e-03 1.012004978704e+05 9.953285528202e+04 1.027262722570e+05 5.328734564946e+03 6.341440054395e+02 2.600000000000e+06 0.000000000000e+00 -8.752000000000e-01 -8.752000000000e-01 0.000000000000e+00 0.000000000000e+00 0.000000000000e+00 -0.000000000000e+00 1.819147530494e-02 0.000000000000e+00 0.000000000000e+00 0.000000000000e+00 0.000000000000e+00 0.000000000000e+00 0.000000000000e+00 
9.025000000000e+00 2.970251103416e-02 -2.616647513122e-02 4.565059294605e-03 1.008878348651e+05 9.922699493083e+04 1.027073144626e+05 5.329777680281e+03 6.343545244023e+02 2.600000000000e+06 0.000000000000e+00 -8.752000000000e-01 -8.752000000000e-01 0.000000000000e+00 0.000000000000e+00 0.000000000000e+00 -0.000000000000e+00 1.817735687213e-02 0.000000000000e+00 0.000000000000e+00 0.000000000000e+00 0.000000000000e+00 0.000000000000e+00 0.000000000000e+00 
9.030000000000e+00 2.967972751527e-02 -2.531250096973e-02 4.508805035890e-03 1.005782961188e+05 9.892435042605e+04 1.026887150995e+05 5.330809026025e+03 6.345638756988e+02 2.600000000000e+06 0.000000000000e+00 -8.752000000000e-01 -8.752000000000e-01 0.000000000000e+00 0.000000000000e+00 0.000000000000e+00 -0.000000000000e+00 1.816341380277e-02 0.000000000000e+00 0.000000000000e+00 0.000000000000e+00 0.000000000000e+00 0.000000000000e+00 0.000000000000e+00 
9.035000000000e+00 2.965721989206e-02 -2.446530579469e-02 4.454675291669e-03 1.002717497491e+05 9.862480024458e+04 1.026704601995e+05 5.331829043548e+03 6.347720979018e+02 2.600000000000e+06 0.000000000000e+00 -8.752000000000e-01 -8.752000000000e-01 0.000000000000e+00 0.000000000000e+00 0.000000000000e+00 -0.000000000000e+00 1.814963957543e-02 0.000000000000e+00 0.000000000000e+00 0.000000000000e+00 0.000000000000e+00 0.000000000000e+00 0.000000000000e+00 
9.040000000000e+00 2.963497773773e-02 -2.362666727432e-02 4.402618621134e-03 9.996807187525e+04 9.832822468342e+04 1.026525363163e+05 5.332838165608e+03 6.349792312209e+02 2.600000000000e+06 0.000000000000e+00 -8.752000000000e-01 -8.752000000000e-01 0.000000000000e+00 0.000000000000e+00 0.000000000000e+00 -0.000000000000e+00 1.813602780862e-02 0.000000000000e+00 0.000000000000e+00 0.000000000000e+00 0.000000000000e+00 0.000000000000e+00 0.000000000000e+00 
9.045000000000e+00 2.961300213101e-02 -2.276482365715e-02 4.339797566187e-03 9.967024577283e+04 9.803465669307e+04 1.026349395081e+05 5.333835905647e+03 6.351852112735e+02 2.600000000000e+06 0.000000000000e+00 -8.752000000000e-01 -8.752000000000e-01 0.000000000000e+00 0.000000000000e+00 0.000000000000e+00 -0.000000000000e+00 1.812257916199e-02 0.000000000000e+00 0.000000000000e+00 0.000000000000e+00 0.000000000000e+00 0.000000000000e+00 0.000000000000e+00 
9.050000000000e+00 2.959184926025e-02 -2.087012201015e-02 4.006057032149e-03 9.944618401733e+04 9.775156509424e+04 1.026181062855e+05 5.334788776850e+03 6.353847223481e+02 2.600000000000e+06 0.000000000000e+00 -8.752000000000e-01 -8.752000000000e-01 0.000000000000e+00 0.000000000000e+00 0.000000000000e+00 -0.000000000000e+00 1.810963401152e-02 0.000000000000e+00 0.000000000000e+00 0.000000000000e+00 0.000000000000e+00 0.000000000000e+00 0.000000000000e+00 
9.055000000000e+00 2.957460692646e-02 -1.422945840438e-02 2.741416492716e-03 9.949238359135e+04 9.752043460544e+04 1.026044606480e+05 5.335535252141e+03 6.355482480964e+02 2.600000000000e+06 0.000000000000e+00 -8.752000000000e-01 -8.752000000000e-01 0.000000000000e+00 0.000000000000e+00 0.000000000000e+00 -0.000000000000e+00 1.809908203232e-02 0.000000000000e+00 0.000000000000e+00 0.000000000000e+00 0.000000000000e+00 0.000000000000e+00 0.000000000000e+00 
9.060000000000e+00 2.956718034264e-02 1.276978110070e-03 1.591326609146e-04 9.998265327851e+04 9.742077883313e+04 1.025986040664e+05 5.335793394588e+03 6.356189294758e+02 2.600000000000e+06 0.000000000000e+00 -8.752000000000e-01 -8.752000000000e-01 0.000000000000e+00 0.000000000000e+00 0.000000000000e+00 -0.000000000000e+00 1.809453710403e-02 0.000000000000e+00 0.000000000000e+00 0.000000000000e+00 0.000000000000e+00 0.000000000000e+00 0.000000000000e+00 
9.065000000000e+00 2.957615494565e-02 2.775810025398e-02 -3.767249287021e-03 1.010160103443e+05 9.754119928180e+04 1.026056829894e+05 5.335261706302e+03 6.355335338396e+02 2.600000000000e+06 0.000000000000e+00 -8.752000000000e-01 -8.752000000000e-01 0.000000000000e+00 0.000000000000e+00 0.000000000000e+00 -0.000000000000e+00 1.810002939062e-02 0.000000000000e+00 0.000000000000e+00 0.000000000000e+00 0.000000000000e+00 0.000000000000e+00 0.000000000000e+00 
9.070000000000e+00 2.960833101060e-02 6.675284681934e-02 -8.980258698240e-03 1.026718251901e+05 9.797218593765e+04 1.026312134603e+05 5.333633730974e+03 6.352291639719e+02 2.600000000000e+06 0.000000000000e+00 -8.752000000000e-01 -8.752000000000e-01 0.000000000000e+00 0.000000000000e+00 0.000000000000e+00 -0.000000000000e+00 1.811972052627e-02 0.000000000000e+00 0.000000000000e+00 0.000000000000e+00 0.000000000000e+00 0.000000000000e+00 0.000000000000e+00 
9.075000000000e+00 2.966921138020e-02 1.177703061128e-01 -1.511949948956e-02 1.049364004753e+05 9.878446361328e+04 1.026801712398e+05 5.330676551163e+03 6.346609888494e+02 2.600000000000e+06 0.000000000000e+00 -8.752000000000e-01 -8.752000000000e-01 0.000000000000e+00 0.000000000000e+00 0.000000000000e+00 -0.000000000000e+00 1.815697813291e-02 0.000000000000e+00 0.000000000000e+00 0.000000000000e+00 0.000000000000e+00 0.000000000000e+00 0.000000000000e+00 
9.080000000000e+00 2.976220952275e-02 1.780740407719e-01 -2.171392520835e-02 1.077365222585e+05 1.000172536505e+05 1.027566309036e+05 5.326262999952e+03 6.338128087723e+02 2.600000000000e+06 0.000000000000e+00 -8.752000000000e-01 -8.752000000000e-01 0.000000000000e+00 0.000000000000e+00 0.000000000000e+00 -0.000000000000e+00 1.821389114950e-02 0.000000000000e+00 0.000000000000e+00 0.000000000000e+00 0.000000000000e+00 0.000000000000e+00 0.000000000000e+00 
9.085000000000e+00 2.988811187964e-02 2.444552864996e-01 -2.821088661917e-02 1.109412061355e+05 1.016709583509e+05 1.028634502027e+05 5.320395325896e+03 6.327032244067e+02 2.600000000000e+06 0.000000000000e+00 -8.752000000000e-01 -8.752000000000e-01 0.000000000000e+00 0.000000000000e+00 0.000000000000e+00 -0.000000000000e+00 1.829094096171e-02 0.000000000000e+00 0.000000000000e+00 0.000000000000e+00 0.000000000000e+00 0.000000000000e+00 0.000000000000e+00 
9.090000000000e+00 3.004527184638e-02 3.130341480141e-01 -3.417943114876e-02 1.144146887184e+05 1.037109236908e+05 1.030023130526e+05 5.313187702279e+03 6.313821480691e+02 2.600000000000e+06 0.000000000000e+00 -8.752000000000e-01 -8.752000000000e-01 0.000000000000e+00 0.000000000000e+00 0.000000000000e+00 -0.000000000000e+00 1.838711968857e-02 0.000000000000e+00 0.000000000000e+00 0.000000000000e+00 0.000000000000e+00 0.000000000000e+00 0.000000000000e+00 
9.095000000000e+00 3.023005297226e-02 3.800195102875e-01 -3.926240078997e-02 1.180150321697e+05 1.060754871009e+05 1.031737668678e+05 5.304843416762e+03 6.299225656842e+02 2.600000000000e+06 0.000000000000e+00 -8.752000000000e-01 -8.752000000000e-01 0.000000000000e+00 0.000000000000e+00 0.000000000000e+00 -0.000000000000e+00 1.850020223929e-02 0.000000000000e+00 0.000000000000e+00 0.000000000000e+00 0.000000000000e+00 0.000000000000e+00 0.000000000000e+00 
9.100000000000e+00 3.043741993529e-02 4.422514954034e-01 -4.324993431132e-02 1.216210504867e+05 1.086862707830e+05 1.033772493536e+05 5.295621097844e+03 6.284095700536e+02 2.600000000000e+06 0.000000000000e+00 -8.752000000000e-01 -8.752000000000e-01 0.000000000000e+00 0.000000000000e+00 0.000000000000e+00 -0.000000000000e+00 1.862710677225e-02 0.000000000000e+00 0.000000000000e+00 0.000000000000e+00 0.000000000000e+00 0.000000000000e+00 0.000000000000e+00 
9.105000000000e+00 3.066163670494e-02 4.974338785791e-01 -4.605388400753e-02 1.251363146442e+05 1.114593903346e+05 1.036111949251e+05 5.285800086732e+03 6.269286029947e+02 2.600000000000e+06 0.000000000000e+00 -8.752000000000e-01 -8.752000000000e-01 0.000000000000e+00 0.000000000000e+00 0.000000000000e+00 -0.000000000000e+00 1.876432305789e-02 0.000000000000e+00 0.000000000000e+00 0.000000000000e+00 0.000000000000e+00 0.000000000000e+00 0.000000000000e+00 
9.110000000000e+00 3.089674404532e-02 5.440708187666e-01 -4.766952401435e-02 1.284861059915e+05 1.143129432482e+05 1.038730084425e+05 5.275657596775e+03 6.255565881803e+02 2.600000000000e+06 0.000000000000e+00 -8.752000000000e-01 -8.752000000000e-01 0.000000000000e+00 0.000000000000e+00 0.000000000000e+00 -0.000000000000e+00 1.890820416021e-02 0.000000000000e+00 0.000000000000e+00 0.000000000000e+00 0.000000000000e+00 0.000000000000e+00 0.000000000000e+00 
9.115000000000e+00 3.113690490274e-02 5.813262172353e-01 -4.814353577821e-02 1.316133770147e+05 1.171718991236e+05 1.041590230648e+05 5.265453182661e+03 6.243555938456e+02 2.600000000000e+06 0.000000000000e+00 -8.752000000000e-01 -8.752000000000e-01 0.000000000000e+00 0.000000000000e+00 0.000000000000e+00 -0.000000000000e+00 1.905517791626e-02 0.000000000000e+00 0.000000000000e+00 0.000000000000e+00 0.000000000000e+00 0.000000000000e+00 0.000000000000e+00 
9.120000000000e+00 3.137672946008e-02 6.090150736020e-01 -4.759842185426e-02 1.344861622328e+05 1.199718595682e+05 1.044646041830e+05 5.255414126868e+03 6.233686714728e+02 2.600000000000e+06 0.000000000000e+00 -8.752000000000e-01 -8.752000000000e-01 0.000000000000e+00 0.000000000000e+00 0.000000000000e+00 -0.000000000000e+00 1.920194586316e-02 0.000000000000e+00 0.000000000000e+00 0.000000000000e+00 0.000000000000e+00 0.000000000000e+00 0.000000000000e+00 
9.125000000000e+00 3.161149361626e-02 6.275685732089e-01 -4.617558125805e-02 1.370860564422e+05 1.226608403521e+05 1.047843326024e+05 5.245729209650e+03 6.226185412866e+02 2.600000000000e+06 0.000000000000e+00 -8.752000000000e-01 -8.752000000000e-01 0.000000000000e+00 0.000000000000e+00 0.000000000000e+00 -0.000000000000e+00 1.934561694325e-02 0.000000000000e+00 0.000000000000e+00 0.000000000000e+00 0.000000000000e+00 0.000000000000e+00 0.000000000000e+00 
9.130000000000e+00 3.183713703616e-02 6.376752753623e-01 -4.404127281204e-02 1.394078916194e+05 1.251981345061e+05 1.051120732899e+05 5.236550651473e+03 6.221089344328e+02 2.600000000000e+06 0.000000000000e+00 -8.752000000000e-01 -8.752000000000e-01 0.000000000000e+00 0.000000000000e+00 0.000000000000e+00 -0.000000000000e+00 1.948370631069e-02 0.000000000000e+00 0.000000000000e+00 0.000000000000e+00 0.000000000000e+00 0.000000000000e+00 0.000000000000e+00 
9.135000000000e+00 3.205051524007e-02 6.402351031632e-01 -4.134749217814e-02 1.414535475155e+05 1.275559207894e+05 1.054415553871e+05 5.227987315128e+03 6.218267467365e+02 2.600000000000e+06 0.000000000000e+00 -8.752000000000e-01 -8.752000000000e-01 0.000000000000e+00 0.000000000000e+00 0.000000000000e+00 -0.000000000000e+00 1.961428960531e-02 0.000000000000e+00 0.000000000000e+00 0.000000000000e+00 0.000000000000e+00 0.000000000000e+00 0.000000000000e+00 
9.140000000000e+00 3.224924532107e-02 6.362420770689e-01 -3.824793914719e-02 1.432327694236e+05 1.297162830404e+05 1.057665043868e+05 5.220113174503e+03 6.217464192828e+02 2.600000000000e+06 0.000000000000e+00 -8.752000000000e-01 -8.752000000000e-01 0.000000000000e+00 0.000000000000e+00 0.000000000000e+00 -0.000000000000e+00 1.973590853466e-02 0.000000000000e+00 0.000000000000e+00 0.000000000000e+00 0.000000000000e+00 0.000000000000e+00 0.000000000000e+00 
9.145000000000e+00 3.243172404277e-02 6.267881195024e-01 -3.490274105823e-02 1.447640066910e+05 1.316703833427e+05 1.060810653027e+05 5.212968743256e+03 6.218341584987e+02 2.600000000000e+06 0.000000000000e+00 -8.752000000000e-01 -8.752000000000e-01 0.000000000000e+00 0.000000000000e+00 0.000000000000e+00 -0.000000000000e+00 1.984758194944e-02 0.000000000000e+00 0.000000000000e+00 0.000000000000e+00 0.000000000000e+00 0.000000000000e+00 0.000000000000e+00 
9.150000000000e+00 3.259711086991e-02 6.129020510234e-01 -3.144735185897e-02 1.460679208614e+05 1.334174287774e+05 1.063802053177e+05 5.206564646529e+03 6.220523650132e+02 2.600000000000e+06 0.000000000000e+00 -8.752000000000e-01 -8.752000000000e-01 0.000000000000e+00 0.000000000000e+00 0.000000000000e+00 -0.000000000000e+00 1.994879545852e-02 0.000000000000e+00 0.000000000000e+00 0.000000000000e+00 0.000000000000e+00 0.000000000000e+00 0.000000000000e+00 
9.155000000000e+00 3.274514588851e-02 5.957302974513e-01 -2.799043767081e-02 1.471651269889e+05 1.349621308070e+05 1.066597868088e+05 5.200890399744e+03 6.223633834601e+02 2.600000000000e+06 0.000000000000e+00 -8.752000000000e-01 -8.752000000000e-01 0.000000000000e+00 0.000000000000e+00 0.000000000000e+00 -0.000000000000e+00 2.003938999967e-02 0.000000000000e+00 0.000000000000e+00 0.000000000000e+00 0.000000000000e+00 0.000000000000e+00 0.000000000000e+00 
9.160000000000e+00 3.287607778220e-02 5.762676578313e-01 -2.462081561155e-02 1.480771319949e+05 1.363135947023e+05 1.069167448214e+05 5.195918028539e+03 6.227323538304e+02 2.600000000000e+06 0.000000000000e+00 -8.752000000000e-01 -8.752000000000e-01 0.000000000000e+00 0.000000000000e+00 0.000000000000e+00 -0.000000000000e+00 2.011951776240e-02 0.000000000000e+00 0.000000000000e+00 0.000000000000e+00 0.000000000000e+00 0.000000000000e+00 0.000000000000e+00 
9.165000000000e+00 3.299055841656e-02 5.553987707555e-01 -2.141396003999e-02 1.488267338289e+05 1.374840382530e+05 1.071491199856e+05 5.191606595765e+03 6.231291288643e+02 2.600000000000e+06 0.000000000000e+00 -8.752000000000e-01 -8.752000000000e-01 0.000000000000e+00 0.000000000000e+00 0.000000000000e+00 -0.000000000000e+00 2.018957767570e-02 0.000000000000e+00 0.000000000000e+00 0.000000000000e+00 0.000000000000e+00 0.000000000000e+00 0.000000000000e+00 
9.170000000000e+00 3.308956536041e-02 5.338524391677e-01 -1.842755978611e-02 1.494365526244e+05 1.384879415397e+05 1.073560577628e+05 5.187905587753e+03 6.235293800389e+02 2.600000000000e+06 0.000000000000e+00 -8.752000000000e-01 -8.752000000000e-01 0.000000000000e+00 0.000000000000e+00 0.000000000000e+00 -0.000000000000e+00 2.025016799256e-02 0.000000000000e+00 0.000000000000e+00 0.000000000000e+00 0.000000000000e+00 0.000000000000e+00 0.000000000000e+00 
9.175000000000e+00 3.317433039516e-02 5.122031268087e-01 -1.570265570139e-02 1.499286889235e+05 1.393413519417e+05 1.075377442227e+05 5.184757657175e+03 6.239149916484e+02 2.600000000000e+06 0.000000000000e+00 -8.752000000000e-01 -8.752000000000e-01 0.000000000000e+00 0.000000000000e+00 0.000000000000e+00 -0.000000000000e+00 2.030204253914e-02 0.000000000000e+00 0.000000000000e+00 0.000000000000e+00 0.000000000000e+00 0.000000000000e+00 0.000000000000e+00 
9.180000000000e+00 3.324618115222e-02 4.909103906417e-01 -1.324306741225e-02 1.503190563293e+05 1.400603845754e+05 1.076950855412e+05 5.182105043511e+03 6.242734032336e+02 2.600000000000e+06 0.000000000000e+00 -8.752000000000e-01 -8.752000000000e-01 0.000000000000e+00 0.000000000000e+00 0.000000000000e+00 -0.000000000000e+00 2.034601379991e-02 0.000000000000e+00 0.000000000000e+00 0.000000000000e+00 0.000000000000e+00 0.000000000000e+00 0.000000000000e+00 
9.185000000000e+00 3.330641556001e-02 4.702361236414e-01 -1.103765547841e-02 1.506203722889e+05 1.406601102840e+05 1.078293918952e+05 5.179893406147e+03 6.245964987472e+02 2.600000000000e+06 0.000000000000e+00 -8.752000000000e-01 -8.752000000000e-01 0.000000000000e+00 0.000000000000e+00 0.000000000000e+00 -0.000000000000e+00 2.038287608169e-02 0.000000000000e+00 0.000000000000e+00 0.000000000000e+00 0.000000000000e+00 0.000000000000e+00 0.000000000000e+00 
9.190000000000e+00 3.335621629536e-02 4.502459760061e-01 -9.053546457637e-03 1.508398901739e+05 1.411538589524e+05 1.079421152692e+05 5.178074866330e+03 6.248794033171e+02 2.600000000000e+06 0.000000000000e+00 -8.752000000000e-01 -8.752000000000e-01 0.000000000000e+00 0.000000000000e+00 0.000000000000e+00 -0.000000000000e+00 2.041335315963e-02 0.000000000000e+00 0.000000000000e+00 0.000000000000e+00 0.000000000000e+00 0.000000000000e+00 0.000000000000e+00 
9.195000000000e+00 3.339659701668e-02 4.308953546474e-01 -7.256845934484e-03 1.509827736602e+05 1.415528285148e+05 1.080346484471e+05 5.176609121206e+03 6.251193829471e+02 2.600000000000e+06 0.000000000000e+00 -8.752000000000e-01 -8.752000000000e-01 0.000000000000e+00 0.000000000000e+00 0.000000000000e+00 -0.000000000000e+00 2.043806537286e-02 0.000000000000e+00 0.000000000000e+00 0.000000000000e+00 0.000000000000e+00 0.000000000000e+00 0.000000000000e+00 
9.200000000000e+00 3.342842400386e-02 4.121180415114e-01 -5.623211292709e-03 1.510543666197e+05 1.418664152746e+05 1.081083024686e+05 5.175462057299e+03 6.253152638642e+02 2.600000000000e+06 0.000000000000e+00 -8.752000000000e-01 -8.752000000000e-01 0.000000000000e+00 0.000000000000e+00 0.000000000000e+00 -0.000000000000e+00 2.045754286776e-02 0.000000000000e+00 0.000000000000e+00 0.000000000000e+00 0.000000000000e+00 0.000000000000e+00 0.000000000000e+00 
9.205000000000e+00 3.345246063895e-02 3.938655637564e-01 -4.134061035415e-03 1.510599700759e+05 1.421027379833e+05 1.081643533588e+05 5.174603970008e+03 6.254671589961e+02 2.600000000000e+06 0.000000000000e+00 -8.752000000000e-01 -8.752000000000e-01 0.000000000000e+00 0.000000000000e+00 0.000000000000e+00 -0.000000000000e+00 2.047225281925e-02 0.000000000000e+00 0.000000000000e+00 0.000000000000e+00 0.000000000000e+00 0.000000000000e+00 0.000000000000e+00 
9.210000000000e+00 3.346938921117e-02 3.761013099395e-01 -2.775081617710e-03 1.510047987156e+05 1.422689147204e+05 1.082040500320e+05 5.174008627152e+03 6.255761911395e+02 2.600000000000e+06 0.000000000000e+00 -8.752000000000e-01 -8.752000000000e-01 0.000000000000e+00 0.000000000000e+00 0.000000000000e+00 -0.000000000000e+00 2.048261277501e-02 0.000000000000e+00 0.000000000000e+00 0.000000000000e+00 0.000000000000e+00 0.000000000000e+00 0.000000000000e+00 
9.215000000000e+00 3.347978077884e-02 3.587143292017e-01 -1.513915489755e-03 1.508893250204e+05 1.423708152374e+05 1.082285086384e+05 5.173654861800e+03 6.256439644442e+02 2.600000000000e+06 0.000000000000e+00 -8.752000000000e-01 -8.752000000000e-01 0.000000000000e+00 0.000000000000e+00 0.000000000000e+00 -0.000000000000e+00 2.048897221159e-02 0.000000000000e+00 0.000000000000e+00 0.000000000000e+00 0.000000000000e+00 0.000000000000e+00 0.000000000000e+00 
9.220000000000e+00 3.348402800981e-02 3.415564282999e-01 -3.225298215049e-04 1.507127369585e+05 1.424124405665e+05 1.082385252942e+05 5.173528375784e+03 6.256718499338e+02 2.600000000000e+06 0.000000000000e+00 -8.752000000000e-01 -8.752000000000e-01 0.000000000000e+00 0.000000000000e+00 0.000000000000e+00 -0.000000000000e+00 2.049157143404e-02 0.000000000000e+00 0.000000000000e+00 0.000000000000e+00 0.000000000000e+00 0.000000000000e+00 0.000000000000e+00 
9.225000000000e+00 3.348281767346e-02 3.247410658982e-01 7.578262521301e-04 1.504911024154e+05 1.424005799472e+05 1.082356696595e+05 5.173602324965e+03 6.256638924250e+02 2.600000000000e+06 0.000000000000e+00 -8.752000000000e-01 -8.752000000000e-01 0.000000000000e+00 0.000000000000e+00 0.000000000000e+00 -0.000000000000e+00 2.049083073181e-02 0.000000000000e+00 0.000000000000e+00 0.000000000000e+00 0.000000000000e+00 0.000000000000e+00 0.000000000000e+00 
9.230000000000e+00 3.347663016322e-02 3.082386407449e-01 1.815672230685e-03 1.502131604803e+05 1.423399286252e+05 1.082210857236e+05 5.173861222160e+03 6.256233483389e+02 2.600000000000e+06 0.000000000000e+00 -8.752000000000e-01 -8.752000000000e-01 0.000000000000e+00 0.000000000000e+00 0.000000000000e+00 -0.000000000000e+00 2.048704409632e-02 0.000000000000e+00 0.000000000000e+00 0.000000000000e+00 0.000000000000e+00 0.000000000000e+00 0.000000000000e+00 
9.235000000000e+00 3.346531552718e-02 2.917374221310e-01 2.815604694592e-03 1.498837278289e+05 1.422289457191e+05 1.081944806985e+05 5.174309931779e+03 6.255497981313e+02 2.600000000000e+06 0.000000000000e+00 -8.752000000000e-01 -8.752000000000e-01 0.000000000000e+00 0.000000000000e+00 0.000000000000e+00 -0.000000000000e+00 2.048011975992e-02 0.000000000000e+00 0.000000000000e+00 0.000000000000e+00 0.000000000000e+00 0.000000000000e+00 0.000000000000e+00 
9.240000000000e+00 3.344914446242e-02 2.752600459297e-01 3.761281259490e-03 1.495052685717e+05 1.420701599829e+05 1.081565985234e+05 5.174938832405e+03 6.254459996646e+02 2.600000000000e+06 0.000000000000e+00 -8.752000000000e-01 -8.752000000000e-01 0.000000000000e+00 0.000000000000e+00 0.000000000000e+00 -0.000000000000e+00 2.047022338394e-02 0.000000000000e+00 0.000000000000e+00 0.000000000000e+00 0.000000000000e+00 0.000000000000e+00 0.000000000000e+00 
9.245000000000e+00 3.342841694852e-02 2.589379014505e-01 4.633147502871e-03 1.490850736494e+05 1.418663458441e+05 1.081082860701e+05 5.175736705007e+03 6.253152197807e+02 2.600000000000e+06 0.000000000000e+00 -8.752000000000e-01 -8.752000000000e-01 0.000000000000e+00 0.000000000000e+00 0.000000000000e+00 -0.000000000000e+00 2.045753855003e-02 0.000000000000e+00 0.000000000000e+00 0.000000000000e+00 0.000000000000e+00 0.000000000000e+00 0.000000000000e+00 
9.250000000000e+00 3.340355141548e-02 2.429193924065e-01 5.412779676169e-03 1.486316951115e+05 1.416214146075e+05 1.080506877625e+05 5.176688007134e+03 6.251616756383e+02 2.600000000000e+06 0.000000000000e+00 -8.752000000000e-01 -8.752000000000e-01 0.000000000000e+00 0.000000000000e+00 0.000000000000e+00 -0.000000000000e+00 2.044232132917e-02 0.000000000000e+00 0.000000000000e+00 0.000000000000e+00 0.000000000000e+00 0.000000000000e+00 0.000000000000e+00 
9.255000000000e+00 3.337504499548e-02 2.273870714385e-01 6.085048873695e-03 1.481540538482e+05 1.413400441861e+05 1.079851347074e+05 5.177774355285e+03 6.249901157307e+02 2.600000000000e+06 0.000000000000e+00 -8.752000000000e-01 -8.752000000000e-01 0.000000000000e+00 0.000000000000e+00 0.000000000000e+00 -0.000000000000e+00 2.042487595657e-02 0.000000000000e+00 0.000000000000e+00 0.000000000000e+00 0.000000000000e+00 0.000000000000e+00 0.000000000000e+00 
9.260000000000e+00 3.334349022376e-02 2.125310107080e-01 6.627060165099e-03 1.476637789897e+05 1.410278661985e+05 1.079131639781e+05 5.178973537809e+03 6.248057429629e+02 2.600000000000e+06 0.000000000000e+00 -8.752000000000e-01 -8.752000000000e-01 0.000000000000e+00 0.000000000000e+00 0.000000000000e+00 -0.000000000000e+00 2.040556505222e-02 0.000000000000e+00 0.000000000000e+00 0.000000000000e+00 0.000000000000e+00 0.000000000000e+00 0.000000000000e+00 
9.265000000000e+00 3.330957704621e-02 1.985548596096e-01 7.026248703649e-03 1.471717569218e+05 1.406915110151e+05 1.078365023946e+05 5.180259852584e+03 6.246140320549e+02 2.600000000000e+06 0.000000000000e+00 -8.752000000000e-01 -8.752000000000e-01 0.000000000000e+00 0.000000000000e+00 0.000000000000e+00 -0.000000000000e+00 2.038481084954e-02 0.000000000000e+00 0.000000000000e+00 0.000000000000e+00 0.000000000000e+00 0.000000000000e+00 0.000000000000e+00 
9.270000000000e+00 3.327405124853e-02 1.857757590965e-01 7.267507479784e-03 1.466900999239e+05 1.403382196355e+05 1.077569534991e+05 5.181605258567e+03 6.244203150446e+02 2.600000000000e+06 0.000000000000e+00 -8.752000000000e-01 -8.752000000000e-01 0.000000000000e+00 0.000000000000e+00 0.000000000000e+00 -0.000000000000e+00 2.036306975482e-02 0.000000000000e+00 0.000000000000e+00 0.000000000000e+00 0.000000000000e+00 0.000000000000e+00 0.000000000000e+00 
9.275000000000e+00 3.323773102209e-02 1.744115443546e-01 7.344392206977e-03 1.462301823598e+05 1.399760279506e+05 1.076764203024e+05 5.182979000337e+03 6.242297347473e+02 2.600000000000e+06 0.000000000000e+00 -8.752000000000e-01 -8.752000000000e-01 0.000000000000e+00 0.000000000000e+00 0.000000000000e+00 -0.000000000000e+00 2.034084248522e-02 0.000000000000e+00 0.000000000000e+00 0.000000000000e+00 0.000000000000e+00 0.000000000000e+00 0.000000000000e+00 
9.280000000000e+00 3.320142653079e-02 1.645898930278e-01 7.263382316814e-03 1.458008107388e+05 1.396129791319e+05 1.075967173560e+05 5.184350725252e+03 6.240467294570e+02 2.600000000000e+06 0.000000000000e+00 -8.752000000000e-01 -8.752000000000e-01 0.000000000000e+00 0.000000000000e+00 0.000000000000e+00 -0.000000000000e+00 2.031862484522e-02 0.000000000000e+00 0.000000000000e+00 0.000000000000e+00 0.000000000000e+00 0.000000000000e+00 0.000000000000e+00 
9.285000000000e+00 3.316589161593e-02 1.563599390841e-01 7.038571481849e-03 1.454086338862e+05 1.392566407887e+05 1.075194668452e+05 5.185692173935e+03 6.238748059164e+02 2.600000000000e+06 0.000000000000e+00 -8.752000000000e-01 -8.752000000000e-01 0.000000000000e+00 0.000000000000e+00 0.000000000000e+00 -0.000000000000e+00 2.029687817099e-02 0.000000000000e+00 0.000000000000e+00 0.000000000000e+00 0.000000000000e+00 0.000000000000e+00 0.000000000000e+00 
9.290000000000e+00 3.313179234830e-02 1.496944366425e-01 6.691839390175e-03 1.450577022849e+05 1.389137790947e+05 1.074460404652e+05 5.186978411924e+03 6.237164805265e+02 2.600000000000e+06 0.000000000000e+00 -8.752000000000e-01 -8.752000000000e-01 0.000000000000e+00 0.000000000000e+00 0.000000000000e+00 -0.000000000000e+00 2.027601008484e-02 0.000000000000e+00 0.000000000000e+00 0.000000000000e+00 0.000000000000e+00 0.000000000000e+00 0.000000000000e+00 
9.295000000000e+00 3.309967172431e-02 1.445002065495e-01 6.249889061628e-03 1.447495926256e+05 1.385899855449e+05 1.073774990493e+05 5.188189145535e+03 6.235732608727e+02 2.600000000000e+06 0.000000000000e+00 -8.752000000000e-01 -8.752000000000e-01 0.000000000000e+00 0.000000000000e+00 0.000000000000e+00 -0.000000000000e+00 2.025635288999e-02 0.000000000000e+00 0.000000000000e+00 0.000000000000e+00 0.000000000000e+00 0.000000000000e+00 0.000000000000e+00 
9.300000000000e+00 3.306993897939e-02 1.406332555863e-01 5.738666617665e-03 1.444843539303e+05 1.382895460078e+05 1.073145884038e+05 5.189309043561e+03 6.234457731160e+02 2.600000000000e+06 0.000000000000e+00 -8.752000000000e-01 -8.752000000000e-01 0.000000000000e+00 0.000000000000e+00 0.000000000000e+00 -0.000000000000e+00 2.023815703051e-02 0.000000000000e+00 0.000000000000e+00 0.000000000000e+00 0.000000000000e+00 0.000000000000e+00 0.000000000000e+00 
9.305000000000e+00 3.304286895330e-02 1.379253327164e-01 5.186047697217e-03 1.442599745864e+05 1.380154109855e+05 1.072577558823e+05 5.190327898437e+03 6.233339287591e+02 2.600000000000e+06 0.000000000000e+00 -8.752000000000e-01 -8.752000000000e-01 0.000000000000e+00 0.000000000000e+00 0.000000000000e+00 -0.000000000000e+00 2.022159070299e-02 0.000000000000e+00 0.000000000000e+00 0.000000000000e+00 0.000000000000e+00 0.000000000000e+00 0.000000000000e+00 
9.310000000000e+00 3.301860639421e-02 1.361829740709e-01 4.615456227995e-03 1.440736826522e+05 1.377692184303e+05 1.072071747669e+05 5.191240344680e+03 6.232370885268e+02 2.600000000000e+06 0.000000000000e+00 -8.752000000000e-01 -8.752000000000e-01 0.000000000000e+00 0.000000000000e+00 0.000000000000e+00 -0.000000000000e+00 2.020674249047e-02 0.000000000000e+00 0.000000000000e+00 0.000000000000e+00 0.000000000000e+00 0.000000000000e+00 0.000000000000e+00 
9.315000000000e+00 3.299717954162e-02 1.352047609728e-01 4.050034428266e-03 1.439213047388e+05 1.375514149708e+05 1.071627843918e+05 5.192045495982e+03 6.231542297049e+02 2.600000000000e+06 0.000000000000e+00 -8.752000000000e-01 -8.752000000000e-01 0.000000000000e+00 0.000000000000e+00 0.000000000000e+00 -0.000000000000e+00 2.019362967498e-02 0.000000000000e+00 0.000000000000e+00 0.000000000000e+00 0.000000000000e+00 0.000000000000e+00 0.000000000000e+00 
9.320000000000e+00 3.297851576125e-02 1.347976498554e-01 3.507003467834e-03 1.437985679043e+05 1.373614032873e+05 1.071243303977e+05 5.192746222705e+03 6.230840825142e+02 2.600000000000e+06 0.000000000000e+00 -8.752000000000e-01 -8.752000000000e-01 0.000000000000e+00 0.000000000000e+00 0.000000000000e+00 -0.000000000000e+00 2.018220780575e-02 0.000000000000e+00 0.000000000000e+00 0.000000000000e+00 0.000000000000e+00 0.000000000000e+00 0.000000000000e+00 
9.325000000000e+00 3.296246946534e-02 1.347868903003e-01 2.998968055048e-03 1.437011962635e+05 1.371978197689e+05 1.070914264438e+05 5.193348132741e+03 6.230252759664e+02 2.600000000000e+06 0.000000000000e+00 -8.752000000000e-01 -8.752000000000e-01 0.000000000000e+00 0.000000000000e+00 0.000000000000e+00 -0.000000000000e+00 2.017238778590e-02 0.000000000000e+00 0.000000000000e+00 0.000000000000e+00 0.000000000000e+00 0.000000000000e+00 0.000000000000e+00 
9.330000000000e+00 3.294884554970e-02 1.350210105749e-01 2.535411362946e-03 1.436249123608e+05 1.370587713243e+05 1.070636032711e+05 5.193858716993e+03 6.229764341850e+02 2.600000000000e+06 0.000000000000e+00 -8.752000000000e-01 -8.752000000000e-01 0.000000000000e+00 0.000000000000e+00 0.000000000000e+00 -0.000000000000e+00 2.016405021550e-02 0.000000000000e+00 0.000000000000e+00 0.000000000000e+00 0.000000000000e+00 0.000000000000e+00 0.000000000000e+00 
9.335000000000e+00 3.293739490012e-02 1.353637175574e-01 2.125412829189e-03 1.435648531091e+05 1.369417900005e+05 1.070402987648e+05 5.194287593596e+03 6.229361536824e+02 2.600000000000e+06 0.000000000000e+00 -8.752000000000e-01 -8.752000000000e-01 0.000000000000e+00 0.000000000000e+00 0.000000000000e+00 -0.000000000000e+00 2.015704264150e-02 0.000000000000e+00 0.000000000000e+00 0.000000000000e+00 0.000000000000e+00 0.000000000000e+00 0.000000000000e+00 
9.340000000000e+00 3.292783477043e-02 1.356949054756e-01 1.774220336244e-03 1.435164953366e+05 1.368440428563e+05 1.070208979159e+05 5.194645626127e+03 6.229030610599e+02 2.600000000000e+06 0.000000000000e+00 -8.752000000000e-01 -8.752000000000e-01 0.000000000000e+00 0.000000000000e+00 0.000000000000e+00 -0.000000000000e+00 2.015119202877e-02 0.000000000000e+00 0.000000000000e+00 0.000000000000e+00 0.000000000000e+00 0.000000000000e+00 0.000000000000e+00 
9.345000000000e+00 3.291986267608e-02 1.359116309805e-01 1.484628307949e-03 1.434755583584e+05 1.367624770584e+05 1.070047586480e+05 5.194944418229e+03 6.228758387446e+02 2.600000000000e+06 0.000000000000e+00 -8.752000000000e-01 -8.752000000000e-01 0.000000000000e+00 0.000000000000e+00 0.000000000000e+00 -0.000000000000e+00 2.014631326266e-02 0.000000000000e+00 0.000000000000e+00 0.000000000000e+00 0.000000000000e+00 0.000000000000e+00 0.000000000000e+00 
9.350000000000e+00 3.291316721892e-02 1.359311421316e-01 1.257468070881e-03 1.434380415147e+05 1.366939340686e+05 1.069912311701e+05 5.195195901114e+03 6.228532376170e+02 2.600000000000e+06 0.000000000000e+00 -8.752000000000e-01 -8.752000000000e-01 0.000000000000e+00 0.000000000000e+00 0.000000000000e+00 -0.000000000000e+00 2.014221577359e-02 0.000000000000e+00 0.000000000000e+00 0.000000000000e+00 0.000000000000e+00 0.000000000000e+00 0.000000000000e+00 
9.355000000000e+00 3.290744053732e-02 1.356954491349e-01 1.090605864585e-03 1.434005740194e+05 1.366352803981e+05 1.069796807258e+05 5.195411818196e+03 6.228340960988e+02 2.600000000000e+06 0.000000000000e+00 -8.752000000000e-01 -8.752000000000e-01 0.000000000000e+00 0.000000000000e+00 0.000000000000e+00 -0.000000000000e+00 2.013871115625e-02 0.000000000000e+00 0.000000000000e+00 0.000000000000e+00 0.000000000000e+00 0.000000000000e+00 0.000000000000e+00 
9.360000000000e+00 3.290239355552e-02 1.351717615366e-01 9.792333011839e-04 1.433605447621e+05 1.365835667128e+05 1.069695162562e+05 5.195603138155e+03 6.228173711003e+02 2.600000000000e+06 0.000000000000e+00 -8.752000000000e-01 -8.752000000000e-01 0.000000000000e+00 0.000000000000e+00 0.000000000000e+00 -0.000000000000e+00 2.013562250192e-02 0.000000000000e+00 0.000000000000e+00 0.000000000000e+00 0.000000000000e+00 0.000000000000e+00 0.000000000000e+00 
9.365000000000e+00 3.289776251633e-02 1.343447856228e-01 9.187252142943e-04 1.433156198422e+05 1.365360971370e+05 1.069602018731e+05 5.195779875149e+03 6.228021435545e+02 2.600000000000e+06 0.000000000000e+00 -8.752000000000e-01 -8.752000000000e-01 0.000000000000e+00 0.000000000000e+00 0.000000000000e+00 -0.000000000000e+00 2.013278839634e-02 0.000000000000e+00 0.000000000000e+00 0.000000000000e+00 0.000000000000e+00 0.000000000000e+00 0.000000000000e+00 
9.370000000000e+00 3.289329957490e-02 1.331920647356e-01 9.080898841136e-04 1.432629473128e+05 1.364903344623e+05 1.069512367907e+05 5.195951541147e+03 6.227875764654e+02 2.600000000000e+06 0.000000000000e+00 -8.752000000000e-01 -8.752000000000e-01 0.000000000000e+00 0.000000000000e+00 0.000000000000e+00 -0.000000000000e+00 2.013005716331e-02 0.000000000000e+00 0.000000000000e+00 0.000000000000e+00 0.000000000000e+00 0.000000000000e+00 0.000000000000e+00 
9.375000000000e+00 3.288874598419e-02 1.316638077640e-01 9.520316700356e-04 1.431984205542e+05 1.364436259289e+05 1.069421009369e+05 5.196128233662e+03 6.227728223743e+02 2.600000000000e+06 0.000000000000e+00 -8.752000000000e-01 -8.752000000000e-01 0.000000000000e+00 0.000000000000e+00 0.000000000000e+00 -0.000000000000e+00 2.012727045470e-02 0.000000000000e+00 0.000000000000e+00 0.000000000000e+00 0.000000000000e+00 0.000000000000e+00 0.000000000000e+00 
9.380000000000e+00 3.288381402869e-02 1.296913214699e-01 1.056020201963e-03 1.431174243822e+05 1.363930176764e+05 1.069322188576e+05 5.196321198239e+03 6.227569662854e+02 2.600000000000e+06 0.000000000000e+00 -8.752000000000e-01 -8.752000000000e-01 0.000000000000e+00 0.000000000000e+00 0.000000000000e+00 -0.000000000000e+00 2.012425219422e-02 0.000000000000e+00 0.000000000000e+00 0.000000000000e+00 0.000000000000e+00 0.000000000000e+00 0.000000000000e+00 
9.385000000000e+00 3.287817923001e-02 1.271834329926e-01 1.229382184070e-03 1.430141285800e+05 1.363351736116e+05 1.069209448823e+05 5.196543216659e+03 6.227390081617e+02 2.600000000000e+06 0.000000000000e+00 -8.752000000000e-01 -8.752000000000e-01 0.000000000000e+00 0.000000000000e+00 0.000000000000e+00 -0.000000000000e+00 2.012080380743e-02 0.000000000000e+00 0.000000000000e+00 0.000000000000e+00 0.000000000000e+00 0.000000000000e+00 0.000000000000e+00 
9.390000000000e+00 3.287144287990e-02 1.239827958283e-01 1.493820110212e-03 1.428793462622e+05 1.362659883294e+05 1.069074898394e+05 5.196810291406e+03 6.227177596934e+02 2.600000000000e+06 0.000000000000e+00 -8.752000000000e-01 -8.752000000000e-01 0.000000000000e+00 0.000000000000e+00 0.000000000000e+00 -0.000000000000e+00 2.011668129268e-02 0.000000000000e+00 0.000000000000e+00 0.000000000000e+00 0.000000000000e+00 0.000000000000e+00 0.000000000000e+00 
9.395000000000e+00 3.286303209816e-02 1.197629951897e-01 1.900204622631e-03 1.426959879928e+05 1.361795550558e+05 1.068907252532e+05 5.197145975793e+03 6.226915658791e+02 2.600000000000e+06 0.000000000000e+00 -8.752000000000e-01 -8.752000000000e-01 0.000000000000e+00 0.000000000000e+00 0.000000000000e+00 -0.000000000000e+00 2.011153405846e-02 0.000000000000e+00 0.000000000000e+00 0.000000000000e+00 0.000000000000e+00 0.000000000000e+00 0.000000000000e+00 
9.400000000000e+00 3.285202533283e-02 1.139505790823e-01 2.530877847444e-03 1.424364340128e+05 1.360663588295e+05 1.068688447528e+05 5.197588210026e+03 6.226578505591e+02 2.600000000000e+06 0.000000000000e+00 -8.752000000000e-01 -8.752000000000e-01 0.000000000000e+00 0.000000000000e+00 0.000000000000e+00 -0.000000000000e+00 2.010479813296e-02 0.000000000000e+00 0.000000000000e+00 0.000000000000e+00 0.000000000000e+00 0.000000000000e+00 0.000000000000e+00 
9.405000000000e+00 3.283702453377e-02 1.057256488423e-01 3.490130421106e-03 1.420627774197e+05 1.359119309892e+05 1.068391308647e+05 5.198194084371e+03 6.226129266185e+02 2.600000000000e+06 0.000000000000e+00 -8.752000000000e-01 -8.752000000000e-01 0.000000000000e+00 0.000000000000e+00 0.000000000000e+00 -0.000000000000e+00 2.009561793679e-02 0.000000000000e+00 0.000000000000e+00 0.000000000000e+00 0.000000000000e+00 0.000000000000e+00 0.000000000000e+00 
9.410000000000e+00 3.281606808462e-02 9.402769023241e-02 4.898756256152e-03 1.415267112480e+05 1.356958900638e+05 1.067978245882e+05 5.199043231226e+03 6.225521416829e+02 2.600000000000e+06 0.000000000000e+00 -8.752000000000e-01 -8.752000000000e-01 0.000000000000e+00 0.000000000000e+00 0.000000000000e+00 -0.000000000000e+00 2.008279299905e-02 0.000000000000e+00 0.000000000000e+00 0.000000000000e+00 0.000000000000e+00 0.000000000000e+00 0.000000000000e+00 
9.415000000000e+00 3.278662910279e-02 7.773278569110e-02 6.852455275917e-03 1.407775249191e+05 1.353918068280e+05 1.067401994921e+05 5.200237078106e+03 6.224706237564e+02 2.600000000000e+06 0.000000000000e+00 -8.752000000000e-01 -8.752000000000e-01 0.000000000000e+00 0.000000000000e+00 0.000000000000e+00 -0.000000000000e+00 2.006477691691e-02 0.000000000000e+00 0.000000000000e+00 0.000000000000e+00 0.000000000000e+00 0.000000000000e+00 0.000000000000e+00 
9.420000000000e+00 3.274594449238e-02 5.609456821692e-02 9.349271897608e-03 1.397802854947e+05 1.349704157226e+05 1.066613262012e+05 5.201884618640e+03 6.223653641229e+02 2.600000000000e+06 0.000000000000e+00 -8.752000000000e-01 -8.752000000000e-01 0.000000000000e+00 0.000000000000e+00 0.000000000000e+00 -0.000000000000e+00 2.003987872964e-02 0.000000000000e+00 0.000000000000e+00 0.000000000000e+00 0.000000000000e+00 0.000000000000e+00 0.000000000000e+00 
9.425000000000e+00 3.269163035656e-02 2.918833229236e-02 1.224115215927e-02 1.385329826789e+05 1.344057704141e+05 1.065573977051e+05 5.204077752458e+03 6.222381093339e+02 2.600000000000e+06 0.000000000000e+00 -8.752000000000e-01 -8.752000000000e-01 0.000000000000e+00 0.000000000000e+00 0.000000000000e+00 -0.000000000000e+00 2.000663953893e-02 0.000000000000e+00 0.000000000000e+00 0.000000000000e+00 0.000000000000e+00 0.000000000000e+00 0.000000000000e+00 
9.430000000000e+00 3.262249037500e-02 -1.664980567296e-03 1.520558651685e-02 1.370825528847e+05 1.336835262821e+05 1.064273307892e+05 5.206859281351e+03 6.220978225243e+02 2.600000000000e+06 0.000000000000e+00 -8.752000000000e-01 -8.752000000000e-01 0.000000000000e+00 0.000000000000e+00 0.000000000000e+00 -0.000000000000e+00 1.996432722012e-02 0.000000000000e+00 0.000000000000e+00 0.000000000000e+00 0.000000000000e+00 0.000000000000e+00 0.000000000000e+00 
9.435000000000e+00 3.253948996652e-02 -3.350147659129e-02 1.772543764725e-02 1.355420878575e+05 1.328113240727e+05 1.062744302818e+05 5.210183606851e+03 6.219610733601e+02 2.600000000000e+06 0.000000000000e+00 -8.752000000000e-01 -8.752000000000e-01 0.000000000000e+00 0.000000000000e+00 0.000000000000e+00 -0.000000000000e+00 1.991353259066e-02 0.000000000000e+00 0.000000000000e+00 0.000000000000e+00 0.000000000000e+00 0.000000000000e+00 0.000000000000e+00 
9.440000000000e+00 3.244633743374e-02 -6.216216095087e-02 1.925224176710e-02 1.340671220689e+05 1.318256641290e+05 1.061069498979e+05 5.213896276434e+03 6.218480558259e+02 2.600000000000e+06 0.000000000000e+00 -8.752000000000e-01 -8.752000000000e-01 0.000000000000e+00 0.000000000000e+00 0.000000000000e+00 -0.000000000000e+00 1.985652505938e-02 0.000000000000e+00 0.000000000000e+00 0.000000000000e+00 0.000000000000e+00 0.000000000000e+00 0.000000000000e+00 
9.445000000000e+00 3.234902664291e-02 -8.358770743571e-02 1.944571528773e-02 1.328028517397e+05 1.307882809457e+05 1.059365391403e+05 5.217755494545e+03 6.217748425158e+02 2.600000000000e+06 0.000000000000e+00 -8.752000000000e-01 -8.752000000000e-01 0.000000000000e+00 0.000000000000e+00 0.000000000000e+00 -0.000000000000e+00 1.979697275539e-02 0.000000000000e+00 0.000000000000e+00 0.000000000000e+00 0.000000000000e+00 0.000000000000e+00 0.000000000000e+00 
9.450000000000e+00 3.225448654704e-02 -9.500324924835e-02 1.824116557765e-02 1.318529091427e+05 1.297728019435e+05 1.057753193229e+05 5.221485027938e+03 6.217467523613e+02 2.600000000000e+06 0.000000000000e+00 -8.752000000000e-01 -8.752000000000e-01 0.000000000000e+00 0.000000000000e+00 0.000000000000e+00 -0.000000000000e+00 1.973911606262e-02 0.000000000000e+00 0.000000000000e+00 0.000000000000e+00 0.000000000000e+00 0.000000000000e+00 0.000000000000e+00 
9.455000000000e+00 3.216898046650e-02 -9.580535678081e-02 1.595203693529e-02 1.312365350436e+05 1.288478190183e+05 1.056330995615e+05 5.224840497426e+03 6.217571858730e+02 2.600000000000e+06 0.000000000000e+00 -8.752000000000e-01 -8.752000000000e-01 0.000000000000e+00 0.000000000000e+00 0.000000000000e+00 -0.000000000000e+00 1.968678801084e-02 0.000000000000e+00 0.000000000000e+00 0.000000000000e+00 0.000000000000e+00 0.000000000000e+00 0.000000000000e+00 
9.460000000000e+00 3.209686273341e-02 -8.721688805914e-02 1.297628175771e-02 1.309304770370e+05 1.280627963576e+05 1.055157440710e+05 5.227652783427e+03 6.217919923767e+02 2.600000000000e+06 0.000000000000e+00 -8.752000000000e-01 -8.752000000000e-01 0.000000000000e+00 0.000000000000e+00 0.000000000000e+00 -0.000000000000e+00 1.964265336630e-02 0.000000000000e+00 0.000000000000e+00 0.000000000000e+00 0.000000000000e+00 0.000000000000e+00 0.000000000000e+00 
9.465000000000e+00 3.204055661254e-02 -7.127251452111e-02 9.712314577785e-03 1.308852908671e+05 1.274467660107e+05 1.054257389120e+05 5.229829220286e+03 6.218354680475e+02 2.600000000000e+06 0.000000000000e+00 -8.752000000000e-01 -8.752000000000e-01 0.000000000000e+00 0.000000000000e+00 0.000000000000e+00 -0.000000000000e+00 1.960819511971e-02 0.000000000000e+00 0.000000000000e+00 0.000000000000e+00 0.000000000000e+00 0.000000000000e+00 0.000000000000e+00 
9.470000000000e+00 3.200055022633e-02 -5.061159175095e-02 6.519857035437e-03 1.310335180494e+05 1.270073936234e+05 1.053626395945e+05 5.231354736361e+03 6.218749433107e+02 2.600000000000e+06 0.000000000000e+00 -8.752000000000e-01 -8.752000000000e-01 0.000000000000e+00 0.000000000000e+00 0.000000000000e+00 -0.000000000000e+00 1.958371199247e-02 0.000000000000e+00 0.000000000000e+00 0.000000000000e+00 0.000000000000e+00 0.000000000000e+00 0.000000000000e+00 
9.475000000000e+00 3.197561143306e-02 -2.789246284879e-02 3.678513293943e-03 1.313015086030e+05 1.267327956787e+05 1.053236591724e+05 5.232283177008e+03 6.219031295864e+02 2.600000000000e+06 0.000000000000e+00 -8.752000000000e-01 -8.752000000000e-01 0.000000000000e+00 0.000000000000e+00 0.000000000000e+00 -0.000000000000e+00 1.956844993791e-02 0.000000000000e+00 0.000000000000e+00 0.000000000000e+00 0.000000000000e+00 0.000000000000e+00 0.000000000000e+00 
9.480000000000e+00 3.196382986465e-02 -4.973232814880e-03 1.263579944566e-03 1.316487494820e+05 1.266028811525e+05 1.053053379380e+05 5.232691834586e+03 6.219173961267e+02 2.600000000000e+06 0.000000000000e+00 -8.752000000000e-01 -8.752000000000e-01 0.000000000000e+00 0.000000000000e+00 0.000000000000e+00 -0.000000000000e+00 1.956123984808e-02 0.000000000000e+00 0.000000000000e+00 0.000000000000e+00 0.000000000000e+00 0.000000000000e+00 0.000000000000e+00 
9.485000000000e+00 3.196268508768e-02 1.647011994066e-02 -6.002044709554e-04 1.320170677285e+05 1.265902512993e+05 1.053035609229e+05 5.232685447851e+03 6.219188147969e+02 2.600000000000e+06 0.000000000000e+00 -8.752000000000e-01 -8.752000000000e-01 0.000000000000e+00 0.000000000000e+00 0.000000000000e+00 -0.000000000000e+00 1.956053926693e-02 0.000000000000e+00 0.000000000000e+00 0.000000000000e+00 0.000000000000e+00 0.000000000000e+00 0.000000000000e+00 
9.490000000000e+00 3.196925259931e-02 3.495167245444e-02 -1.936414021101e-03 1.323739870394e+05 1.266626923583e+05 1.053137632412e+05 5.232381721502e+03 6.219107540080e+02 2.600000000000e+06 0.000000000000e+00 -8.752000000000e-01 -8.752000000000e-01 0.000000000000e+00 0.000000000000e+00 0.000000000000e+00 -0.000000000000e+00 1.956455845581e-02 0.000000000000e+00 0.000000000000e+00 0.000000000000e+00 0.000000000000e+00 0.000000000000e+00 0.000000000000e+00 
9.495000000000e+00 3.198106894784e-02 5.030742683114e-02 -2.751739162174e-03 1.326896991409e+05 1.267929341494e+05 1.053321664019e+05 5.231880463629e+03 6.218967274619e+02 2.600000000000e+06 0.000000000000e+00 -8.752000000000e-01 -8.752000000000e-01 0.000000000000e+00 0.000000000000e+00 0.000000000000e+00 -0.000000000000e+00 1.957178983040e-02 0.000000000000e+00 0.000000000000e+00 0.000000000000e+00 0.000000000000e+00 0.000000000000e+00 0.000000000000e+00 
9.500000000000e+00 3.199577326882e-02 6.229082061522e-02 -3.126776271501e-03 1.329510953021e+05 1.269548372012e+05 1.053551520447e+05 5.231275212539e+03 6.218801301757e+02 2.600000000000e+06 0.000000000000e+00 -8.752000000000e-01 -8.752000000000e-01 0.000000000000e+00 0.000000000000e+00 0.000000000000e+00 -0.000000000000e+00 1.958078858774e-02 0.000000000000e+00 0.000000000000e+00 0.000000000000e+00 0.000000000000e+00 0.000000000000e+00 0.000000000000e+00 
9.505000000000e+00 3.201137809851e-02 7.099807939624e-02 -3.145220463816e-03 1.331505136594e+05 1.271264489335e+05 1.053796484156e+05 5.230644127243e+03 6.218635593988e+02 2.600000000000e+06 0.000000000000e+00 -8.752000000000e-01 -8.752000000000e-01 0.000000000000e+00 0.000000000000e+00 0.000000000000e+00 -0.000000000000e+00 1.959033843883e-02 0.000000000000e+00 0.000000000000e+00 0.000000000000e+00 0.000000000000e+00 0.000000000000e+00 0.000000000000e+00 
9.510000000000e+00 3.202633810731e-02 7.666327449634e-02 -2.892202426241e-03 1.332861635923e+05 1.272907700799e+05 1.054032325855e+05 5.230047242809e+03 6.218486848067e+02 2.600000000000e+06 0.000000000000e+00 -8.752000000000e-01 -8.752000000000e-01 0.000000000000e+00 0.000000000000e+00 0.000000000000e+00 -0.000000000000e+00 1.959949367212e-02 0.000000000000e+00 0.000000000000e+00 0.000000000000e+00 0.000000000000e+00 0.000000000000e+00 0.000000000000e+00 
9.515000000000e+00 3.203949767109e-02 7.968545673125e-02 -2.444940788212e-03 1.333594921660e+05 1.274351540709e+05 1.054240596561e+05 5.229528915768e+03 6.218364214017e+02 2.600000000000e+06 0.000000000000e+00 -8.752000000000e-01 -8.752000000000e-01 0.000000000000e+00 0.000000000000e+00 0.000000000000e+00 -0.000000000000e+00 1.960754706821e-02 0.000000000000e+00 0.000000000000e+00 0.000000000000e+00 0.000000000000e+00 0.000000000000e+00 0.000000000000e+00 
9.520000000000e+00 3.205006625252e-02 8.054287860369e-02 -1.880579586262e-03 1.333764524891e+05 1.275510013690e+05 1.054408413538e+05 5.229118682624e+03 6.218271304240e+02 2.600000000000e+06 0.000000000000e+00 -8.752000000000e-01 -8.752000000000e-01 0.000000000000e+00 0.000000000000e+00 0.000000000000e+00 -0.000000000000e+00 1.961401483370e-02 0.000000000000e+00 0.000000000000e+00 0.000000000000e+00 0.000000000000e+00 0.000000000000e+00 0.000000000000e+00 
9.525000000000e+00 3.205762471993e-02 7.973998058181e-02 -1.259405930622e-03 1.333441458439e+05 1.276337938861e+05 1.054528736115e+05 5.228831561075e+03 6.218207911468e+02 2.600000000000e+06 0.000000000000e+00 -8.752000000000e-01 -8.752000000000e-01 0.000000000000e+00 0.000000000000e+00 0.000000000000e+00 -0.000000000000e+00 1.961864046817e-02 0.000000000000e+00 0.000000000000e+00 0.000000000000e+00 0.000000000000e+00 0.000000000000e+00 0.000000000000e+00 
9.530000000000e+00 3.206199556814e-02 7.770127465747e-02 -6.145498574596e-04 1.332671064308e+05 1.276816478441e+05 1.054598430711e+05 5.228673629793e+03 6.218172417520e+02 2.600000000000e+06 0.000000000000e+00 -8.752000000000e-01 -8.752000000000e-01 0.000000000000e+00 0.000000000000e+00 0.000000000000e+00 -0.000000000000e+00 1.962131534194e-02 0.000000000000e+00 0.000000000000e+00 0.000000000000e+00 0.000000000000e+00 0.000000000000e+00 0.000000000000e+00 
9.535000000000e+00 3.206322342440e-02 7.488044880402e-02 4.237750472535e-06 1.331560242658e+05 1.276950879711e+05 1.054618024517e+05 5.228641607012e+03 6.218162600223e+02 2.600000000000e+06 0.000000000000e+00 -8.752000000000e-01 -8.752000000000e-01 0.000000000000e+00 0.000000000000e+00 0.000000000000e+00 -0.000000000000e+00 1.962206676600e-02 0.000000000000e+00 0.000000000000e+00 0.000000000000e+00 0.000000000000e+00 0.000000000000e+00 0.000000000000e+00 
9.540000000000e+00 3.206153989273e-02 7.167665800303e-02 5.748679615066e-04 1.330182688276e+05 1.276766596839e+05 1.054591160864e+05 5.228725520692e+03 6.218176078012e+02 2.600000000000e+06 0.000000000000e+00 -8.752000000000e-01 -8.752000000000e-01 0.000000000000e+00 0.000000000000e+00 0.000000000000e+00 -0.000000000000e+00 1.962103647748e-02 0.000000000000e+00 0.000000000000e+00 0.000000000000e+00 0.000000000000e+00 0.000000000000e+00 0.000000000000e+00 
9.545000000000e+00 3.205718263247e-02 6.822076554729e-02 1.082791712059e-03 1.328597467990e+05 1.276289527966e+05 1.054521691601e+05 5.228915418936e+03 6.218211549023e+02 2.600000000000e+06 0.000000000000e+00 -8.752000000000e-01 -8.752000000000e-01 0.000000000000e+00 0.000000000000e+00 0.000000000000e+00 -0.000000000000e+00 1.961836991928e-02 0.000000000000e+00 0.000000000000e+00 0.000000000000e+00 0.000000000000e+00 0.000000000000e+00 0.000000000000e+00 
9.550000000000e+00 3.205045995343e-02 6.472513892933e-02 1.527672349531e-03 1.326843538819e+05 1.275553150399e+05 1.054414674589e+05 5.229198939736e+03 6.218267939338e+02 2.600000000000e+06 0.000000000000e+00 -8.752000000000e-01 -8.752000000000e-01 0.000000000000e+00 0.000000000000e+00 0.000000000000e+00 -0.000000000000e+00 1.961425577097e-02 0.000000000000e+00 0.000000000000e+00 0.000000000000e+00 0.000000000000e+00 0.000000000000e+00 0.000000000000e+00 
9.555000000000e+00 3.204168778348e-02 6.139225858701e-02 1.907313866867e-03 1.324964717887e+05 1.274591689147e+05 1.054275332547e+05 5.229563380834e+03 6.218344551796e+02 2.600000000000e+06 0.000000000000e+00 -8.752000000000e-01 -8.752000000000e-01 0.000000000000e+00 0.000000000000e+00 0.000000000000e+00 -0.000000000000e+00 1.960888737423e-02 0.000000000000e+00 0.000000000000e+00 0.000000000000e+00 0.000000000000e+00 0.000000000000e+00 0.000000000000e+00 
9.560000000000e+00 3.203119500584e-02 5.831792502289e-02 2.221518819344e-03 1.323002479364e+05 1.273440764933e+05 1.054109105164e+05 5.229995578136e+03 6.218440690666e+02 2.600000000000e+06 0.000000000000e+00 -8.752000000000e-01 -8.752000000000e-01 0.000000000000e+00 0.000000000000e+00 0.000000000000e+00 -0.000000000000e+00 1.960246599919e-02 0.000000000000e+00 0.000000000000e+00 0.000000000000e+00 0.000000000000e+00 0.000000000000e+00 0.000000000000e+00 
9.565000000000e+00 3.201930078176e-02 5.555087623462e-02 2.474706136830e-03 1.320987741930e+05 1.272134961810e+05 1.053921261523e+05 5.230482881491e+03 6.218555584201e+02 2.600000000000e+06 0.000000000000e+00 -8.752000000000e-01 -8.752000000000e-01 0.000000000000e+00 0.000000000000e+00 0.000000000000e+00 -0.000000000000e+00 1.959518696629e-02 0.000000000000e+00 0.000000000000e+00 0.000000000000e+00 0.000000000000e+00 0.000000000000e+00 0.000000000000e+00 
9.570000000000e+00 3.200628939429e-02 5.310704982886e-02 2.674167467020e-03 1.318941244140e+05 1.270705100226e+05 1.053716485105e+05 5.231014113103e+03 6.218688448877e+02 2.600000000000e+06 0.000000000000e+00 -8.752000000000e-01 -8.752000000000e-01 0.000000000000e+00 0.000000000000e+00 0.000000000000e+00 -0.000000000000e+00 1.958722425120e-02 0.000000000000e+00 0.000000000000e+00 0.000000000000e+00 0.000000000000e+00 0.000000000000e+00 0.000000000000e+00 
9.575000000000e+00 3.199240895597e-02 5.098613024390e-02 2.827370310545e-03 1.316878874410e+05 1.269178108401e+05 1.053498846861e+05 5.231579540804e+03 6.218838435772e+02 2.600000000000e+06 0.000000000000e+00 -8.752000000000e-01 -8.752000000000e-01 0.000000000000e+00 0.000000000000e+00 0.000000000000e+00 -0.000000000000e+00 1.957872969397e-02 0.000000000000e+00 0.000000000000e+00 0.000000000000e+00 0.000000000000e+00 0.000000000000e+00 0.000000000000e+00 
9.580000000000e+00 3.197786910271e-02 4.916946274609e-02 2.941925284748e-03 1.314811425015e+05 1.267576769747e+05 1.053271768840e+05 5.232170970402e+03 6.219004652788e+02 2.600000000000e+06 0.000000000000e+00 -8.752000000000e-01 -8.752000000000e-01 0.000000000000e+00 0.000000000000e+00 0.000000000000e+00 -0.000000000000e+00 1.956983158766e-02 0.000000000000e+00 0.000000000000e+00 0.000000000000e+00 0.000000000000e+00 0.000000000000e+00 0.000000000000e+00 
9.585000000000e+00 3.196284349019e-02 4.763009108698e-02 3.024943264992e-03 1.312746205186e+05 1.265919989574e+05 1.053038067743e+05 5.232781628752e+03 6.219186181537e+02 2.600000000000e+06 0.000000000000e+00 -8.752000000000e-01 -8.752000000000e-01 0.000000000000e+00 0.000000000000e+00 0.000000000000e+00 -0.000000000000e+00 1.956063620617e-02 0.000000000000e+00 0.000000000000e+00 0.000000000000e+00 0.000000000000e+00 0.000000000000e+00 0.000000000000e+00 
9.590000000000e+00 3.194747106624e-02 4.633348411252e-02 3.083112867638e-03 1.310687027609e+05 1.264222921995e+05 1.052799981823e+05 5.233406117818e+03 6.219382133324e+02 2.600000000000e+06 0.000000000000e+00 -8.752000000000e-01 -8.752000000000e-01 0.000000000000e+00 0.000000000000e+00 0.000000000000e+00 -0.000000000000e+00 1.955122858285e-02 0.000000000000e+00 0.000000000000e+00 0.000000000000e+00 0.000000000000e+00 0.000000000000e+00 0.000000000000e+00 
9.595000000000e+00 3.193185912087e-02 4.524133033715e-02 3.122556517930e-03 1.308634876276e+05 1.262497289960e+05 1.052559226814e+05 5.234040291141e+03 6.219591697582e+02 2.600000000000e+06 0.000000000000e+00 -8.752000000000e-01 -8.752000000000e-01 0.000000000000e+00 0.000000000000e+00 0.000000000000e+00 -0.000000000000e+00 1.954167437711e-02 0.000000000000e+00 0.000000000000e+00 0.000000000000e+00 0.000000000000e+00 0.000000000000e+00 0.000000000000e+00 
9.600000000000e+00 3.191608677296e-02 4.431527539019e-02 3.148497642586e-03 1.306589022216e+05 1.260751753149e+05 1.052317058669e+05 5.234681107275e+03 6.219814185507e+02 2.600000000000e+06 0.000000000000e+00 -8.752000000000e-01 -8.752000000000e-01 0.000000000000e+00 0.000000000000e+00 0.000000000000e+00 -0.000000000000e+00 1.953202200814e-02 0.000000000000e+00 0.000000000000e+00 0.000000000000e+00 0.000000000000e+00 0.000000000000e+00 0.000000000000e+00 
9.605000000000e+00 3.190020883552e-02 4.351838049433e-02 3.165494684068e-03 1.304547025272e+05 1.258992318900e+05 1.052074341440e+05 5.235326483592e+03 6.220049061678e+02 2.600000000000e+06 0.000000000000e+00 -8.752000000000e-01 -8.752000000000e-01 0.000000000000e+00 0.000000000000e+00 0.000000000000e+00 -0.000000000000e+00 1.952230502044e-02 0.000000000000e+00 0.000000000000e+00 0.000000000000e+00 0.000000000000e+00 0.000000000000e+00 0.000000000000e+00 
9.610000000000e+00 3.188426002696e-02 4.281696302601e-02 3.177180336925e-03 1.302505799717e+05 1.257222793706e+05 1.051831619231e+05 5.235975121447e+03 6.220295958421e+02 2.600000000000e+06 0.000000000000e+00 -8.752000000000e-01 -8.752000000000e-01 0.000000000000e+00 0.000000000000e+00 0.000000000000e+00 -0.000000000000e+00 1.951254466100e-02 0.000000000000e+00 0.000000000000e+00 0.000000000000e+00 0.000000000000e+00 0.000000000000e+00 0.000000000000e+00 
9.615000000000e+00 3.186825878766e-02 4.218108079449e-02 3.186491783106e-03 1.300461621799e+05 1.255445193795e+05 1.051589180639e+05 5.236626360592e+03 6.220554681169e+02 2.600000000000e+06 0.000000000000e+00 -8.752000000000e-01 -8.752000000000e-01 0.000000000000e+00 0.000000000000e+00 0.000000000000e+00 -0.000000000000e+00 1.950275221496e-02 0.000000000000e+00 0.000000000000e+00 0.000000000000e+00 0.000000000000e+00 0.000000000000e+00 0.000000000000e+00 
9.620000000000e+00 3.185221061545e-02 4.158475282884e-02 3.195734678012e-03 1.298410419269e+05 1.253660105083e+05 1.051347114454e+05 5.237280047772e+03 6.220825206969e+02 2.600000000000e+06 0.000000000000e+00 -8.752000000000e-01 -8.752000000000e-01 0.000000000000e+00 0.000000000000e+00 0.000000000000e+00 -0.000000000000e+00 1.949293104691e-02 0.000000000000e+00 0.000000000000e+00 0.000000000000e+00 0.000000000000e+00 0.000000000000e+00 0.000000000000e+00 
9.625000000000e+00 3.183611086948e-02 4.100569708932e-02 3.206700467532e-03 1.296347884295e+05 1.251866986547e+05 1.051105356043e+05 5.237936427875e+03 6.221107678861e+02 2.600000000000e+06 0.000000000000e+00 -8.752000000000e-01 -8.752000000000e-01 0.000000000000e+00 0.000000000000e+00 0.000000000000e+00 -0.000000000000e+00 1.948307831672e-02 0.000000000000e+00 0.000000000000e+00 0.000000000000e+00 0.000000000000e+00 0.000000000000e+00 0.000000000000e+00 
9.630000000000e+00 3.181994708606e-02 4.042510580341e-02 3.220756085002e-03 1.294269581710e+05 1.250064421411e+05 1.050863725308e+05 5.238596053665e+03 6.221402397734e+02 2.600000000000e+06 0.000000000000e+00 -8.752000000000e-01 -8.752000000000e-01 0.000000000000e+00 0.000000000000e+00 0.000000000000e+00 -0.000000000000e+00 1.947318639685e-02 0.000000000000e+00 0.000000000000e+00 0.000000000000e+00 0.000000000000e+00 0.000000000000e+00 0.000000000000e+00 
9.635000000000e+00 3.180370079528e-02 3.982707677148e-02 3.238985302220e-03 1.292170887166e+05 1.248250314444e+05 1.050621956293e+05 5.239259716924e+03 6.221709814268e+02 2.600000000000e+06 0.000000000000e+00 -8.752000000000e-01 -8.752000000000e-01 0.000000000000e+00 0.000000000000e+00 0.000000000000e+00 -0.000000000000e+00 1.946324398410e-02 0.000000000000e+00 0.000000000000e+00 0.000000000000e+00 0.000000000000e+00 0.000000000000e+00 0.000000000000e+00 
9.640000000000e+00 3.178734910104e-02 3.919837194443e-02 3.262121428121e-03 1.290047326665e+05 1.246422064251e+05 1.050379722562e+05 5.239928382994e+03 6.222030518245e+02 2.600000000000e+06 0.000000000000e+00 -8.752000000000e-01 -8.752000000000e-01 0.000000000000e+00 0.000000000000e+00 0.000000000000e+00 -0.000000000000e+00 1.945323706648e-02 0.000000000000e+00 0.000000000000e+00 0.000000000000e+00 0.000000000000e+00 0.000000000000e+00 0.000000000000e+00 
9.645000000000e+00 3.177086613549e-02 3.852772890187e-02 3.290805332904e-03 1.287894227305e+05 1.244576722755e+05 1.050136660117e+05 5.240603139404e+03 6.222365224149e+02 2.600000000000e+06 0.000000000000e+00 -8.752000000000e-01 -8.752000000000e-01 0.000000000000e+00 0.000000000000e+00 0.000000000000e+00 -0.000000000000e+00 1.944314981339e-02 0.000000000000e+00 0.000000000000e+00 0.000000000000e+00 0.000000000000e+00 0.000000000000e+00 0.000000000000e+00 
9.650000000000e+00 3.175422270258e-02 3.780530105021e-02 3.325556090420e-03 1.285706731850e+05 1.242710952707e+05 1.049892363228e+05 5.241285210203e+03 6.222714789742e+02 2.600000000000e+06 0.000000000000e+00 -8.752000000000e-01 -8.752000000000e-01 0.000000000000e+00 0.000000000000e+00 0.000000000000e+00 -0.000000000000e+00 1.943296435740e-02 0.000000000000e+00 0.000000000000e+00 0.000000000000e+00 0.000000000000e+00 0.000000000000e+00 0.000000000000e+00 
9.655000000000e+00 3.173738851153e-02 3.702328213683e-02 3.366623887015e-03 1.283480387162e+05 1.240821275646e+05 1.049646418207e+05 5.241975860901e+03 6.223080179438e+02 2.600000000000e+06 0.000000000000e+00 -8.752000000000e-01 -8.752000000000e-01 0.000000000000e+00 0.000000000000e+00 0.000000000000e+00 -0.000000000000e+00 1.942266216116e-02 0.000000000000e+00 0.000000000000e+00 0.000000000000e+00 0.000000000000e+00 0.000000000000e+00 0.000000000000e+00 
9.660000000000e+00 3.172033159110e-02 3.617381764619e-02 3.414480688177e-03 1.281210051487e+05 1.238904004640e+05 1.049398395398e+05 5.242676436791e+03 6.223462482929e+02 2.600000000000e+06 0.000000000000e+00 -8.752000000000e-01 -8.752000000000e-01 0.000000000000e+00 0.000000000000e+00 0.000000000000e+00 -0.000000000000e+00 1.941222365888e-02 0.000000000000e+00 0.000000000000e+00 0.000000000000e+00 0.000000000000e+00 0.000000000000e+00 0.000000000000e+00 
9.665000000000e+00 3.170301748692e-02 3.525045276880e-02 3.469358746174e-03 1.278890748143e+05 1.236955151919e+05 1.049147838338e+05 5.243388383166e+03 6.223862941863e+02 2.600000000000e+06 0.000000000000e+00 -8.752000000000e-01 -8.752000000000e-01 0.000000000000e+00 0.000000000000e+00 0.000000000000e+00 -0.000000000000e+00 1.940162776517e-02 0.000000000000e+00 0.000000000000e+00 0.000000000000e+00 0.000000000000e+00 0.000000000000e+00 0.000000000000e+00 
9.670000000000e+00 3.168541085422e-02 3.424756740443e-02 3.531394229384e-03 1.276517569729e+05 1.234970605766e+05 1.048894287708e+05 5.244113184591e+03 6.224282922596e+02 2.600000000000e+06 0.000000000000e+00 -8.752000000000e-01 -8.752000000000e-01 0.000000000000e+00 0.000000000000e+00 0.000000000000e+00 -0.000000000000e+00 1.939085284971e-02 0.000000000000e+00 0.000000000000e+00 0.000000000000e+00 0.000000000000e+00 0.000000000000e+00 0.000000000000e+00 
9.675000000000e+00 3.166747594262e-02 3.316031836471e-02 3.600632493566e-03 1.274085728390e+05 1.232946183594e+05 1.048637288836e+05 5.244852345484e+03 6.224723910278e+02 2.600000000000e+06 0.000000000000e+00 -8.752000000000e-01 -8.752000000000e-01 0.000000000000e+00 0.000000000000e+00 0.000000000000e+00 -0.000000000000e+00 1.937987703397e-02 0.000000000000e+00 0.000000000000e+00 0.000000000000e+00 0.000000000000e+00 0.000000000000e+00 0.000000000000e+00 
9.680000000000e+00 3.164917685462e-02 3.198461045956e-02 3.677064897281e-03 1.271590511584e+05 1.230877659735e+05 1.048376395826e+05 5.245607380833e+03 6.225187507136e+02 2.600000000000e+06 0.000000000000e+00 -8.752000000000e-01 -8.752000000000e-01 0.000000000000e+00 0.000000000000e+00 0.000000000000e+00 -0.000000000000e+00 1.936867834939e-02 0.000000000000e+00 0.000000000000e+00 0.000000000000e+00 0.000000000000e+00 0.000000000000e+00 0.000000000000e+00 
9.685000000000e+00 3.163047795378e-02 3.071721051471e-02 3.760597897727e-03 1.269027397923e+05 1.228760810292e+05 1.048111177726e+05 5.246379798784e+03 6.225675426107e+02 2.600000000000e+06 0.000000000000e+00 -8.752000000000e-01 -8.752000000000e-01 0.000000000000e+00 0.000000000000e+00 0.000000000000e+00 -0.000000000000e+00 1.935723498716e-02 0.000000000000e+00 0.000000000000e+00 0.000000000000e+00 0.000000000000e+00 0.000000000000e+00 0.000000000000e+00 
9.690000000000e+00 3.161134431047e-02 2.935587995875e-02 3.851037133044e-03 1.266392147092e+05 1.226591462554e+05 1.047841225087e+05 5.247171082028e+03 6.226189481978e+02 2.600000000000e+06 0.000000000000e+00 -8.752000000000e-01 -8.752000000000e-01 0.000000000000e+00 0.000000000000e+00 0.000000000000e+00 -0.000000000000e+00 1.934552557102e-02 0.000000000000e+00 0.000000000000e+00 0.000000000000e+00 0.000000000000e+00 0.000000000000e+00 0.000000000000e+00 
9.695000000000e+00 3.159174246677e-02 2.789938598759e-02 3.948080824057e-03 1.263680911593e+05 1.224365581034e+05 1.047566160808e+05 5.247982656205e+03 6.226731571773e+02 2.600000000000e+06 0.000000000000e+00 -8.752000000000e-01 -8.752000000000e-01 0.000000000000e+00 0.000000000000e+00 0.000000000000e+00 -0.000000000000e+00 1.933352962538e-02 0.000000000000e+00 0.000000000000e+00 0.000000000000e+00 0.000000000000e+00 0.000000000000e+00 0.000000000000e+00 
9.700000000000e+00 3.157164029244e-02 2.634737035848e-02 4.051419213471e-03 1.260890010858e+05 1.222079250808e+05 1.047285637992e+05 5.248815898716e+03 6.227303677839e+02 2.600000000000e+06 0.000000000000e+00 -8.752000000000e-01 -8.752000000000e-01 0.000000000000e+00 0.000000000000e+00 0.000000000000e+00 -0.000000000000e+00 1.932122748717e-02 0.000000000000e+00 0.000000000000e+00 0.000000000000e+00 0.000000000000e+00 0.000000000000e+00 0.000000000000e+00 
9.705000000000e+00 3.155100734597e-02 2.470038399357e-02 4.160638716663e-03 1.258016177799e+05 1.219728718260e+05 1.046999344846e+05 5.249672121096e+03 6.227907856590e+02 2.600000000000e+06 0.000000000000e+00 -8.752000000000e-01 -8.752000000000e-01 0.000000000000e+00 0.000000000000e+00 0.000000000000e+00 -0.000000000000e+00 1.930860052677e-02 0.000000000000e+00 0.000000000000e+00 0.000000000000e+00 0.000000000000e+00 0.000000000000e+00 0.000000000000e+00 
9.710000000000e+00 3.152981602713e-02 2.296078051593e-02 4.275068670824e-03 1.255057028807e+05 1.217310522635e+05 1.046707020283e+05 5.250552516830e+03 6.228546201130e+02 2.600000000000e+06 0.000000000000e+00 -8.752000000000e-01 -8.752000000000e-01 0.000000000000e+00 0.000000000000e+00 0.000000000000e+00 -0.000000000000e+00 1.929563185337e-02 0.000000000000e+00 0.000000000000e+00 0.000000000000e+00 0.000000000000e+00 0.000000000000e+00 0.000000000000e+00 
9.715000000000e+00 3.150804201267e-02 2.113199754973e-02 4.394091355622e-03 1.252010472616e+05 1.214821546983e+05 1.046408459116e+05 5.251458151893e+03 6.229220820135e+02 2.600000000000e+06 0.000000000000e+00 -8.752000000000e-01 -8.752000000000e-01 0.000000000000e+00 0.000000000000e+00 0.000000000000e+00 -0.000000000000e+00 1.928230658163e-02 0.000000000000e+00 0.000000000000e+00 0.000000000000e+00 0.000000000000e+00 0.000000000000e+00 0.000000000000e+00 
9.720000000000e+00 3.148566248413e-02 1.921843888353e-02 4.517147524908e-03 1.248874471235e+05 1.212258816752e+05 1.046103486978e+05 5.252390038034e+03 6.229933885049e+02 2.600000000000e+06 0.000000000000e+00 -8.752000000000e-01 -8.752000000000e-01 0.000000000000e+00 0.000000000000e+00 0.000000000000e+00 -0.000000000000e+00 1.926861074710e-02 0.000000000000e+00 0.000000000000e+00 0.000000000000e+00 0.000000000000e+00 0.000000000000e+00 0.000000000000e+00 
9.725000000000e+00 3.146266011779e-02 1.722601146492e-02 4.643094736409e-03 1.245648902451e+05 1.209619957964e+05 1.045792013847e+05 5.253348948403e+03 6.230687494674e+02 2.600000000000e+06 0.000000000000e+00 -8.752000000000e-01 -8.752000000000e-01 0.000000000000e+00 0.000000000000e+00 0.000000000000e+00 -0.000000000000e+00 1.925453374799e-02 0.000000000000e+00 0.000000000000e+00 0.000000000000e+00 0.000000000000e+00 0.000000000000e+00 0.000000000000e+00 
9.730000000000e+00 3.143902262091e-02 1.516129226610e-02 4.771087810531e-03 1.242333656473e+05 1.206903148343e+05 1.045474025691e+05 5.254335461137e+03 6.231483669136e+02 2.600000000000e+06 0.000000000000e+00 -8.752000000000e-01 -8.752000000000e-01 0.000000000000e+00 0.000000000000e+00 0.000000000000e+00 -0.000000000000e+00 1.924006806140e-02 0.000000000000e+00 0.000000000000e+00 0.000000000000e+00 0.000000000000e+00 0.000000000000e+00 0.000000000000e+00 
9.735000000000e+00 3.141474197685e-02 1.303031781461e-02 4.900296994324e-03 1.238929132213e+05 1.204107034706e+05 1.045149572324e+05 5.255349981630e+03 6.232324355029e+02 2.600000000000e+06 0.000000000000e+00 -8.752000000000e-01 -8.752000000000e-01 0.000000000000e+00 0.000000000000e+00 0.000000000000e+00 -0.000000000000e+00 1.922520878128e-02 0.000000000000e+00 0.000000000000e+00 0.000000000000e+00 0.000000000000e+00 0.000000000000e+00 0.000000000000e+00 
9.740000000000e+00 3.138981388137e-02 1.084218444951e-02 5.030005259600e-03 1.235435961909e+05 1.201230671864e+05 1.044818758075e+05 5.256392767908e+03 6.233211426459e+02 2.600000000000e+06 0.000000000000e+00 -8.752000000000e-01 -8.752000000000e-01 0.000000000000e+00 0.000000000000e+00 0.000000000000e+00 -0.000000000000e+00 1.920995327354e-02 0.000000000000e+00 0.000000000000e+00 0.000000000000e+00 0.000000000000e+00 0.000000000000e+00 0.000000000000e+00 
9.745000000000e+00 3.136423830633e-02 8.606269176320e-03 5.159244612244e-03 1.231855853753e+05 1.198273591599e+05 1.044481747446e+05 5.257463895669e+03 6.234146646315e+02 2.600000000000e+06 0.000000000000e+00 -8.752000000000e-01 -8.752000000000e-01 0.000000000000e+00 0.000000000000e+00 0.000000000000e+00 -0.000000000000e+00 1.919430152093e-02 0.000000000000e+00 0.000000000000e+00 0.000000000000e+00 0.000000000000e+00 0.000000000000e+00 0.000000000000e+00 
9.750000000000e+00 3.133802002031e-02 6.331966320065e-03 5.287212159218e-03 1.228190786041e+05 1.195235867835e+05 1.044138769786e+05 5.258563247424e+03 6.235131624591e+02 2.600000000000e+06 0.000000000000e+00 -8.752000000000e-01 -8.752000000000e-01 0.000000000000e+00 0.000000000000e+00 0.000000000000e+00 -0.000000000000e+00 1.917825644176e-02 0.000000000000e+00 0.000000000000e+00 0.000000000000e+00 0.000000000000e+00 0.000000000000e+00 0.000000000000e+00 
9.755000000000e+00 3.131116720933e-02 4.028290300284e-03 5.413146173479e-03 1.224443092883e+05 1.192117962165e+05 1.043790098969e+05 5.259690565316e+03 6.236167846519e+02 2.600000000000e+06 0.000000000000e+00 -8.752000000000e-01 -8.752000000000e-01 0.000000000000e+00 0.000000000000e+00 0.000000000000e+00 -0.000000000000e+00 1.916182304571e-02 0.000000000000e+00 0.000000000000e+00 0.000000000000e+00 0.000000000000e+00 0.000000000000e+00 0.000000000000e+00 
9.760000000000e+00 3.128369220014e-02 1.705183375184e-03 5.536220399782e-03 1.220615785171e+05 1.188920812668e+05 1.043436060765e+05 5.260845416672e+03 6.237256623615e+02 2.600000000000e+06 0.000000000000e+00 -8.752000000000e-01 -8.752000000000e-01 0.000000000000e+00 0.000000000000e+00 0.000000000000e+00 -0.000000000000e+00 1.914500887649e-02 0.000000000000e+00 0.000000000000e+00 0.000000000000e+00 0.000000000000e+00 0.000000000000e+00 0.000000000000e+00 
9.765000000000e+00 3.125561119985e-02 -6.274321385623e-04 5.655691905574e-03 1.216712207953e+05 1.185645809358e+05 1.043077027183e+05 5.262027207891e+03 6.238399079790e+02 2.600000000000e+06 0.000000000000e+00 -8.752000000000e-01 -8.752000000000e-01 0.000000000000e+00 0.000000000000e+00 0.000000000000e+00 -0.000000000000e+00 1.912782385255e-02 0.000000000000e+00 0.000000000000e+00 0.000000000000e+00 0.000000000000e+00 0.000000000000e+00 0.000000000000e+00 
9.770000000000e+00 3.122694383396e-02 -2.959881712743e-03 5.770908631515e-03 1.212735967373e+05 1.182294745999e+05 1.042713408338e+05 5.263235202770e+03 6.239596146748e+02 2.600000000000e+06 0.000000000000e+00 -8.752000000000e-01 -8.752000000000e-01 0.000000000000e+00 0.000000000000e+00 0.000000000000e+00 -0.000000000000e+00 1.911027998431e-02 0.000000000000e+00 0.000000000000e+00 0.000000000000e+00 0.000000000000e+00 0.000000000000e+00 0.000000000000e+00 
9.775000000000e+00 3.119771248511e-02 -5.282454084508e-03 5.881193064048e-03 1.208691094968e+05 1.178869748153e+05 1.042345642065e+05 5.264468545714e+03 6.240848570328e+02 2.600000000000e+06 0.000000000000e+00 -8.752000000000e-01 -8.752000000000e-01 0.000000000000e+00 0.000000000000e+00 0.000000000000e+00 -0.000000000000e+00 1.909239096950e-02 0.000000000000e+00 0.000000000000e+00 0.000000000000e+00 0.000000000000e+00 0.000000000000e+00 0.000000000000e+00 
9.780000000000e+00 3.116794260651e-02 -7.585895147701e-03 5.986001511716e-03 1.204581753031e+05 1.175373315005e+05 1.041974196013e+05 5.265726252057e+03 6.242156877387e+02 2.600000000000e+06 0.000000000000e+00 -8.752000000000e-01 -8.752000000000e-01 0.000000000000e+00 0.000000000000e+00 0.000000000000e+00 -0.000000000000e+00 1.907417238501e-02 0.000000000000e+00 0.000000000000e+00 0.000000000000e+00 0.000000000000e+00 0.000000000000e+00 0.000000000000e+00 
9.785000000000e+00 3.113766268671e-02 -9.860359175478e-03 6.084674768277e-03 1.200412764628e+05 1.171808320850e+05 1.041599565241e+05 5.267007201040e+03 6.243521356247e+02 2.600000000000e+06 0.000000000000e+00 -8.752000000000e-01 -8.752000000000e-01 0.000000000000e+00 0.000000000000e+00 0.000000000000e+00 -0.000000000000e+00 1.905564166525e-02 0.000000000000e+00 0.000000000000e+00 0.000000000000e+00 0.000000000000e+00 0.000000000000e+00 0.000000000000e+00 
9.790000000000e+00 3.110690449209e-02 -1.209675076858e-02 6.176753426720e-03 1.196188977039e+05 1.168178049580e+05 1.041222273225e+05 5.268310133494e+03 6.244942024220e+02 2.600000000000e+06 0.000000000000e+00 -8.752000000000e-01 -8.752000000000e-01 0.000000000000e+00 0.000000000000e+00 0.000000000000e+00 -0.000000000000e+00 1.903681825064e-02 0.000000000000e+00 0.000000000000e+00 0.000000000000e+00 0.000000000000e+00 0.000000000000e+00 0.000000000000e+00 
9.795000000000e+00 3.107570189144e-02 -1.428650551937e-02 6.261872369645e-03 1.191915335029e+05 1.164486061813e+05 1.040842855553e+05 5.269633697204e+03 6.246418661371e+02 2.600000000000e+06 0.000000000000e+00 -8.752000000000e-01 -8.752000000000e-01 0.000000000000e+00 0.000000000000e+00 0.000000000000e+00 -0.000000000000e+00 1.901772286822e-02 0.000000000000e+00 0.000000000000e+00 0.000000000000e+00 0.000000000000e+00 0.000000000000e+00 0.000000000000e+00 
9.800000000000e+00 3.104409047402e-02 -1.642153003608e-02 6.339713908006e-03 1.187596933191e+05 1.160736154322e+05 1.040461853922e+05 5.270976460746e+03 6.247950813542e+02 2.600000000000e+06 0.000000000000e+00 -8.752000000000e-01 -8.752000000000e-01 0.000000000000e+00 0.000000000000e+00 0.000000000000e+00 -0.000000000000e+00 1.899837729791e-02 0.000000000000e+00 0.000000000000e+00 0.000000000000e+00 0.000000000000e+00 0.000000000000e+00 0.000000000000e+00 
9.805000000000e+00 3.101210733854e-02 -1.849411126621e-02 6.409988566824e-03 1.183239031838e+05 1.156932339183e+05 1.040079812455e+05 5.272336921009e+03 6.249537789787e+02 2.600000000000e+06 0.000000000000e+00 -8.752000000000e-01 -8.752000000000e-01 0.000000000000e+00 0.000000000000e+00 0.000000000000e+00 -0.000000000000e+00 1.897880424341e-02 0.000000000000e+00 0.000000000000e+00 0.000000000000e+00 0.000000000000e+00 0.000000000000e+00 0.000000000000e+00 
9.810000000000e+00 3.097979085974e-02 -2.049705474538e-02 6.472490992743e-03 1.178846908402e+05 1.153078819890e+05 1.039697273953e+05 5.273713513972e+03 6.251178662893e+02 2.600000000000e+06 0.000000000000e+00 -8.752000000000e-01 -8.752000000000e-01 0.000000000000e+00 0.000000000000e+00 0.000000000000e+00 -0.000000000000e+00 1.895902718931e-02 0.000000000000e+00 0.000000000000e+00 0.000000000000e+00 0.000000000000e+00 0.000000000000e+00 0.000000000000e+00 
9.815000000000e+00 3.094718038267e-02 -2.242354277571e-02 6.527051561864e-03 1.174425922635e+05 1.149179958345e+05 1.039314775501e+05 5.275104625603e+03 6.252872275876e+02 2.600000000000e+06 0.000000000000e+00 -8.752000000000e-01 -8.752000000000e-01 0.000000000000e+00 0.000000000000e+00 0.000000000000e+00 -0.000000000000e+00 1.893907021399e-02 0.000000000000e+00 0.000000000000e+00 0.000000000000e+00 0.000000000000e+00 0.000000000000e+00 0.000000000000e+00 
9.820000000000e+00 3.091431581455e-02 -2.426770596221e-02 6.573606227701e-03 1.169981313553e+05 1.145240228958e+05 1.038932843165e+05 5.276508610766e+03 6.254617256702e+02 2.600000000000e+06 0.000000000000e+00 -8.752000000000e-01 -8.752000000000e-01 0.000000000000e+00 0.000000000000e+00 0.000000000000e+00 -0.000000000000e+00 1.891895773992e-02 0.000000000000e+00 0.000000000000e+00 0.000000000000e+00 0.000000000000e+00 0.000000000000e+00 0.000000000000e+00 
9.825000000000e+00 3.088123739060e-02 -2.602415805963e-02 6.612096152664e-03 1.165518385424e+05 1.141264192790e+05 1.038551989000e+05 5.277923799857e+03 6.256412026974e+02 2.600000000000e+06 0.000000000000e+00 -8.752000000000e-01 -8.752000000000e-01 0.000000000000e+00 0.000000000000e+00 0.000000000000e+00 -0.000000000000e+00 1.889871439025e-02 0.000000000000e+00 0.000000000000e+00 0.000000000000e+00 0.000000000000e+00 0.000000000000e+00 0.000000000000e+00 
9.830000000000e+00 3.084798540830e-02 -2.768816749191e-02 6.642553551073e-03 1.161042287964e+05 1.137256467350e+05 1.038172707927e+05 5.279348512413e+03 6.258254814672e+02 2.600000000000e+06 0.000000000000e+00 -8.752000000000e-01 -8.752000000000e-01 0.000000000000e+00 0.000000000000e+00 0.000000000000e+00 -0.000000000000e+00 1.887836482627e-02 0.000000000000e+00 0.000000000000e+00 0.000000000000e+00 0.000000000000e+00 0.000000000000e+00 0.000000000000e+00 
9.835000000000e+00 3.081459996839e-02 -2.925558524545e-02 6.665036651297e-03 1.156558122480e+05 1.133221696539e+05 1.037795474910e+05 5.280781066125e+03 6.260143669008e+02 2.600000000000e+06 0.000000000000e+00 -8.752000000000e-01 -8.752000000000e-01 0.000000000000e+00 0.000000000000e+00 0.000000000000e+00 -0.000000000000e+00 1.885793358883e-02 0.000000000000e+00 0.000000000000e+00 0.000000000000e+00 0.000000000000e+00 0.000000000000e+00 0.000000000000e+00 
9.840000000000e+00 3.078112076178e-02 -3.072289136817e-02 6.679660241506e-03 1.152070847355e+05 1.129164525531e+05 1.037420742878e+05 5.282219786832e+03 6.262076475011e+02 2.600000000000e+06 0.000000000000e+00 -8.752000000000e-01 -8.752000000000e-01 0.000000000000e+00 0.000000000000e+00 0.000000000000e+00 -0.000000000000e+00 1.883744496800e-02 0.000000000000e+00 0.000000000000e+00 0.000000000000e+00 0.000000000000e+00 0.000000000000e+00 0.000000000000e+00 
9.845000000000e+00 3.074758683935e-02 -3.208716810319e-02 6.686550461812e-03 1.147585345060e+05 1.125089572975e+05 1.037048940634e+05 5.283663017147e+03 6.264050971177e+02 2.600000000000e+06 0.000000000000e+00 -8.752000000000e-01 -8.752000000000e-01 0.000000000000e+00 0.000000000000e+00 0.000000000000e+00 -0.000000000000e+00 1.881692286215e-02 0.000000000000e+00 0.000000000000e+00 0.000000000000e+00 0.000000000000e+00 0.000000000000e+00 0.000000000000e+00 
9.850000000000e+00 3.071403630890e-02 -3.334630441694e-02 6.685941311121e-03 1.143106171026e+05 1.121001393709e+05 1.036680470165e+05 5.285109132549e+03 6.266064773603e+02 2.600000000000e+06 0.000000000000e+00 -8.752000000000e-01 -8.752000000000e-01 0.000000000000e+00 0.000000000000e+00 0.000000000000e+00 -0.000000000000e+00 1.879639059252e-02 0.000000000000e+00 0.000000000000e+00 0.000000000000e+00 0.000000000000e+00 0.000000000000e+00 0.000000000000e+00 
9.855000000000e+00 3.068050627786e-02 -3.449869723251e-02 6.678066134824e-03 1.138637780501e+05 1.116904470768e+05 1.036315706839e+05 5.286556540946e+03 6.268115387458e+02 2.600000000000e+06 0.000000000000e+00 -8.752000000000e-01 -8.752000000000e-01 0.000000000000e+00 0.000000000000e+00 0.000000000000e+00 -0.000000000000e+00 1.877587086813e-02 0.000000000000e+00 0.000000000000e+00 0.000000000000e+00 0.000000000000e+00 0.000000000000e+00 0.000000000000e+00 
9.860000000000e+00 3.064703251394e-02 -3.554341428495e-02 6.663188320860e-03 1.134184415223e+05 1.112803172512e+05 1.035954996630e+05 5.288003698616e+03 6.270200236898e+02 2.600000000000e+06 0.000000000000e+00 -8.752000000000e-01 -8.752000000000e-01 0.000000000000e+00 0.000000000000e+00 0.000000000000e+00 -0.000000000000e+00 1.875538557812e-02 0.000000000000e+00 0.000000000000e+00 0.000000000000e+00 0.000000000000e+00 0.000000000000e+00 0.000000000000e+00 
9.865000000000e+00 3.061364935375e-02 -3.648012246636e-02 6.641610324554e-03 1.129750069650e+05 1.108701739434e+05 1.035598656213e+05 5.289449114933e+03 6.272316681659e+02 2.600000000000e+06 0.000000000000e+00 -8.752000000000e-01 -8.752000000000e-01 0.000000000000e+00 0.000000000000e+00 0.000000000000e+00 -0.000000000000e+00 1.873495573583e-02 0.000000000000e+00 0.000000000000e+00 0.000000000000e+00 0.000000000000e+00 0.000000000000e+00 0.000000000000e+00 
9.870000000000e+00 3.058038953152e-02 -3.730890326927e-02 6.613641259563e-03 1.125338536933e+05 1.104604260793e+05 1.035246972275e+05 5.290891359398e+03 6.274462039593e+02 2.600000000000e+06 0.000000000000e+00 -8.752000000000e-01 -8.752000000000e-01 0.000000000000e+00 0.000000000000e+00 0.000000000000e+00 -0.000000000000e+00 1.871460137395e-02 0.000000000000e+00 0.000000000000e+00 0.000000000000e+00 0.000000000000e+00 0.000000000000e+00 0.000000000000e+00 
9.875000000000e+00 3.054728500945e-02 -3.803024248906e-02 6.579534173419e-03 1.120953656943e+05 1.100514774671e+05 1.034900211366e+05 5.292329024262e+03 6.276633544145e+02 2.600000000000e+06 0.000000000000e+00 -8.752000000000e-01 -8.752000000000e-01 0.000000000000e+00 0.000000000000e+00 0.000000000000e+00 -0.000000000000e+00 1.869434205274e-02 0.000000000000e+00 0.000000000000e+00 0.000000000000e+00 0.000000000000e+00 0.000000000000e+00 0.000000000000e+00 
9.880000000000e+00 3.051436545304e-02 -3.864567564079e-02 6.539799760181e-03 1.116598419899e+05 1.096437077494e+05 1.034558604938e+05 5.293760800705e+03 6.278828454747e+02 2.600000000000e+06 0.000000000000e+00 -8.752000000000e-01 -8.752000000000e-01 0.000000000000e+00 0.000000000000e+00 0.000000000000e+00 -0.000000000000e+00 1.867419592691e-02 0.000000000000e+00 0.000000000000e+00 0.000000000000e+00 0.000000000000e+00 0.000000000000e+00 0.000000000000e+00 
9.885000000000e+00 3.048165812008e-02 -3.915697652445e-02 6.494825075913e-03 1.112275784853e+05 1.092374706200e+05 1.034222349721e+05 5.295185473181e+03 6.281044080462e+02 2.600000000000e+06 0.000000000000e+00 -8.752000000000e-01 -8.752000000000e-01 0.000000000000e+00 0.000000000000e+00 0.000000000000e+00 -0.000000000000e+00 1.865417967768e-02 0.000000000000e+00 0.000000000000e+00 0.000000000000e+00 0.000000000000e+00 0.000000000000e+00 0.000000000000e+00 
9.890000000000e+00 3.044918832160e-02 -3.956635279063e-02 6.445000212098e-03 1.107988461764e+05 1.088330991458e+05 1.033891613928e+05 5.296601903997e+03 6.283277764390e+02 2.600000000000e+06 0.000000000000e+00 -8.752000000000e-01 -8.752000000000e-01 0.000000000000e+00 0.000000000000e+00 0.000000000000e+00 -0.000000000000e+00 1.863430879492e-02 0.000000000000e+00 0.000000000000e+00 0.000000000000e+00 0.000000000000e+00 0.000000000000e+00 0.000000000000e+00 
9.895000000000e+00 3.041697939285e-02 -3.987640450817e-02 6.390728036333e-03 1.103738883593e+05 1.084309050467e+05 1.033566538232e+05 5.298009035670e+03 6.285526899326e+02 2.600000000000e+06 0.000000000000e+00 -8.752000000000e-01 -8.752000000000e-01 0.000000000000e+00 0.000000000000e+00 0.000000000000e+00 -0.000000000000e+00 1.861459755933e-02 0.000000000000e+00 0.000000000000e+00 0.000000000000e+00 0.000000000000e+00 0.000000000000e+00 0.000000000000e+00 
9.900000000000e+00 3.038505262176e-02 -4.009017963356e-02 6.332413755143e-03 1.099529217067e+05 1.080311774371e+05 1.033247236306e+05 5.299405894542e+03 6.287788946287e+02 2.600000000000e+06 0.000000000000e+00 -8.752000000000e-01 -8.752000000000e-01 0.000000000000e+00 0.000000000000e+00 0.000000000000e+00 -0.000000000000e+00 1.859505899873e-02 0.000000000000e+00 0.000000000000e+00 0.000000000000e+00 0.000000000000e+00 0.000000000000e+00 0.000000000000e+00 
9.905000000000e+00 3.035342727844e-02 -4.021125059036e-02 6.270480787538e-03 1.095361328899e+05 1.076341828182e+05 1.032933796344e+05 5.300791590783e+03 6.290061445794e+02 2.600000000000e+06 0.000000000000e+00 -8.752000000000e-01 -8.752000000000e-01 0.000000000000e+00 0.000000000000e+00 0.000000000000e+00 -0.000000000000e+00 1.857570490604e-02 0.000000000000e+00 0.000000000000e+00 0.000000000000e+00 0.000000000000e+00 0.000000000000e+00 0.000000000000e+00 
9.910000000000e+00 3.032212044310e-02 -4.024299105052e-02 6.205347550178e-03 1.091236811081e+05 1.072401625384e+05 1.032626280557e+05 5.302165326054e+03 6.292342043323e+02 2.600000000000e+06 0.000000000000e+00 -8.752000000000e-01 -8.752000000000e-01 0.000000000000e+00 0.000000000000e+00 0.000000000000e+00 -0.000000000000e+00 1.855654573401e-02 0.000000000000e+00 0.000000000000e+00 0.000000000000e+00 0.000000000000e+00 0.000000000000e+00 0.000000000000e+00 
9.915000000000e+00 3.029114720994e-02 -4.018924045765e-02 6.137404581611e-03 1.087157057053e+05 1.068493349696e+05 1.032324728348e+05 5.303526384680e+03 6.294628487376e+02 2.600000000000e+06 0.000000000000e+00 -8.752000000000e-01 -8.752000000000e-01 0.000000000000e+00 0.000000000000e+00 0.000000000000e+00 -0.000000000000e+00 1.853759072001e-02 0.000000000000e+00 0.000000000000e+00 0.000000000000e+00 0.000000000000e+00 0.000000000000e+00 0.000000000000e+00 
9.920000000000e+00 3.026052070382e-02 -4.005416496626e-02 6.067046953936e-03 1.083123189757e+05 1.064618953581e+05 1.032029157538e+05 5.304874134653e+03 6.296918639949e+02 2.600000000000e+06 0.000000000000e+00 -8.752000000000e-01 -8.752000000000e-01 0.000000000000e+00 0.000000000000e+00 0.000000000000e+00 -0.000000000000e+00 1.851884789618e-02 0.000000000000e+00 0.000000000000e+00 0.000000000000e+00 0.000000000000e+00 0.000000000000e+00 0.000000000000e+00 
9.925000000000e+00 3.023025204648e-02 -3.984211110231e-02 5.994682317834e-03 1.079136036517e+05 1.060780150383e+05 1.031739565039e+05 5.306208030112e+03 6.299210490288e+02 2.600000000000e+06 0.000000000000e+00 -8.752000000000e-01 -8.752000000000e-01 0.000000000000e+00 0.000000000000e+00 0.000000000000e+00 -0.000000000000e+00 1.850032406882e-02 0.000000000000e+00 0.000000000000e+00 0.000000000000e+00 0.000000000000e+00 0.000000000000e+00 0.000000000000e+00 
9.930000000000e+00 3.020035034117e-02 -3.955721292347e-02 5.920680275358e-03 1.075196237486e+05 1.056978408830e+05 1.031455927684e+05 5.307527611219e+03 6.301502166893e+02 2.600000000000e+06 0.000000000000e+00 -8.752000000000e-01 -8.752000000000e-01 0.000000000000e+00 0.000000000000e+00 0.000000000000e+00 -0.000000000000e+00 1.848202480894e-02 0.000000000000e+00 0.000000000000e+00 0.000000000000e+00 0.000000000000e+00 0.000000000000e+00 0.000000000000e+00 
9.935000000000e+00 3.017082312103e-02 -3.920419360075e-02 5.845351627309e-03 1.071304352001e+05 1.053215006727e+05 1.031178207339e+05 5.308832484383e+03 6.303791912954e+02 2.600000000000e+06 0.000000000000e+00 -8.752000000000e-01 -8.752000000000e-01 0.000000000000e+00 0.000000000000e+00 0.000000000000e+00 -0.000000000000e+00 1.846395472667e-02 0.000000000000e+00 0.000000000000e+00 0.000000000000e+00 0.000000000000e+00 0.000000000000e+00 0.000000000000e+00 
9.940000000000e+00 3.014167611170e-02 -3.878772850171e-02 5.769072381503e-03 1.067460546849e+05 1.049490997849e+05 1.030906349399e+05 5.310122337113e+03 6.306078112975e+02 2.600000000000e+06 0.000000000000e+00 -8.752000000000e-01 -8.752000000000e-01 0.000000000000e+00 0.000000000000e+00 0.000000000000e+00 -0.000000000000e+00 1.844611732600e-02 0.000000000000e+00 0.000000000000e+00 0.000000000000e+00 0.000000000000e+00 0.000000000000e+00 0.000000000000e+00 
9.945000000000e+00 3.011291325928e-02 -3.831243783383e-02 5.692170077346e-03 1.063664852191e+05 1.045807212465e+05 1.030640283791e+05 5.311396933942e+03 6.308359299085e+02 2.600000000000e+06 0.000000000000e+00 -8.752000000000e-01 -8.752000000000e-01 0.000000000000e+00 0.000000000000e+00 0.000000000000e+00 -0.000000000000e+00 1.842851502185e-02 0.000000000000e+00 0.000000000000e+00 0.000000000000e+00 0.000000000000e+00 0.000000000000e+00 0.000000000000e+00 
9.950000000000e+00 3.008453728606e-02 -3.778287590836e-02 5.614942673328e-03 1.059917194657e+05 1.042164325837e+05 1.030379930739e+05 5.312656092860e+03 6.310634114212e+02 2.600000000000e+06 0.000000000000e+00 -8.752000000000e-01 -8.752000000000e-01 0.000000000000e+00 0.000000000000e+00 0.000000000000e+00 -0.000000000000e+00 1.841114929940e-02 0.000000000000e+00 0.000000000000e+00 0.000000000000e+00 0.000000000000e+00 0.000000000000e+00 0.000000000000e+00 
9.955000000000e+00 3.005654748265e-02 -3.720391801026e-02 5.537872213045e-03 1.056216609390e+05 1.038562571756e+05 1.030125181198e+05 5.313899790596e+03 6.312901497070e+02 2.600000000000e+06 0.000000000000e+00 -8.752000000000e-01 -8.752000000000e-01 0.000000000000e+00 0.000000000000e+00 0.000000000000e+00 -0.000000000000e+00 1.839402013993e-02 0.000000000000e+00 0.000000000000e+00 0.000000000000e+00 0.000000000000e+00 0.000000000000e+00 0.000000000000e+00 
9.960000000000e+00 3.002894292965e-02 -3.657916662845e-02 5.460921519553e-03 1.052563266353e+05 1.035002153307e+05 1.029875927032e+05 5.315127998466e+03 6.315160431138e+02 2.600000000000e+06 0.000000000000e+00 -8.752000000000e-01 -8.752000000000e-01 0.000000000000e+00 0.000000000000e+00 0.000000000000e+00 -0.000000000000e+00 1.837712673287e-02 0.000000000000e+00 0.000000000000e+00 0.000000000000e+00 0.000000000000e+00 0.000000000000e+00 0.000000000000e+00 
9.965000000000e+00 3.000172300635e-02 -3.591318489787e-02 5.384299815874e-03 1.048956819945e+05 1.031483308365e+05 1.029632065556e+05 5.316340683064e+03 6.317409902642e+02 2.600000000000e+06 0.000000000000e+00 -8.752000000000e-01 -8.752000000000e-01 0.000000000000e+00 0.000000000000e+00 0.000000000000e+00 -0.000000000000e+00 1.836046870091e-02 0.000000000000e+00 0.000000000000e+00 0.000000000000e+00 0.000000000000e+00 0.000000000000e+00 0.000000000000e+00 
9.970000000000e+00 2.997488537495e-02 -3.521047053566e-02 5.308342094401e-03 1.045396397688e+05 1.028006048521e+05 1.029393481507e+05 5.317537892679e+03 6.319649067731e+02 2.600000000000e+06 0.000000000000e+00 -8.752000000000e-01 -8.752000000000e-01 0.000000000000e+00 0.000000000000e+00 0.000000000000e+00 -0.000000000000e+00 1.834404461558e-02 0.000000000000e+00 0.000000000000e+00 0.000000000000e+00 0.000000000000e+00 0.000000000000e+00 0.000000000000e+00 
9.975000000000e+00 2.994842625178e-02 -3.447529784248e-02 5.233274041962e-03 1.041881166563e+05 1.024570191843e+05 1.029160049941e+05 5.318719738428e+03 6.321877235569e+02 2.600000000000e+06 0.000000000000e+00 -8.752000000000e-01 -8.752000000000e-01 0.000000000000e+00 0.000000000000e+00 0.000000000000e+00 -0.000000000000e+00 1.832785216326e-02 0.000000000000e+00 0.000000000000e+00 0.000000000000e+00 0.000000000000e+00 0.000000000000e+00 0.000000000000e+00 
9.980000000000e+00 2.992234075522e-02 -3.371173717668e-02 5.159283146055e-03 1.038410220499e+05 1.021175406172e+05 1.028931639649e+05 5.319886381227e+03 6.324093843300e+02 2.600000000000e+06 0.000000000000e+00 -8.752000000000e-01 -8.752000000000e-01 0.000000000000e+00 0.000000000000e+00 0.000000000000e+00 -0.000000000000e+00 1.831188835813e-02 0.000000000000e+00 0.000000000000e+00 0.000000000000e+00 0.000000000000e+00 0.000000000000e+00 0.000000000000e+00 
9.985000000000e+00 2.989662306199e-02 -3.292373987572e-02 5.086548814759e-03 1.034982533305e+05 1.017821228045e+05 1.028708114757e+05 5.321038025967e+03 6.326298445664e+02 2.600000000000e+06 0.000000000000e+00 -8.752000000000e-01 -8.752000000000e-01 0.000000000000e+00 0.000000000000e+00 0.000000000000e+00 -0.000000000000e+00 1.829614963780e-02 0.000000000000e+00 0.000000000000e+00 0.000000000000e+00 0.000000000000e+00 0.000000000000e+00 0.000000000000e+00 
9.990000000000e+00 2.987126652255e-02 -3.211507786456e-02 5.015220326044e-03 1.031597024140e+05 1.014507076603e+05 1.028489335896e+05 5.322174915869e+03 6.328490707282e+02 2.600000000000e+06 0.000000000000e+00 -8.752000000000e-01 -8.752000000000e-01 0.000000000000e+00 0.000000000000e+00 0.000000000000e+00 -0.000000000000e+00 1.828063193402e-02 0.000000000000e+00 0.000000000000e+00 0.000000000000e+00 0.000000000000e+00 0.000000000000e+00 0.000000000000e+00 
9.995000000000e+00 2.984626372190e-02 -3.128948170028e-02 4.945454166033e-03 1.028252480709e+05 1.011232260555e+05 1.028275160849e+05 5.323297331082e+03 6.330670399069e+02 2.600000000000e+06 0.000000000000e+00 -8.752000000000e-01 -8.752000000000e-01 0.000000000000e+00 0.000000000000e+00 0.000000000000e+00 -0.000000000000e+00 1.826533070982e-02 0.000000000000e+00 0.000000000000e+00 0.000000000000e+00 0.000000000000e+00 0.000000000000e+00 0.000000000000e+00 
1.000000000000e+01 2.982160658373e-02 -3.045042160571e-02 4.877354382585e-03 1.024947708993e+05 1.007995990985e+05 1.028065445535e+05 5.324405582302e+03 6.332837390444e+02 2.600000000000e+06 0.000000000000e+00 -8.752000000000e-01 -8.752000000000e-01 0.000000000000e+00 0.000000000000e+00 0.000000000000e+00 -0.000000000000e+00 1.825024102334e-02 0.000000000000e+00 0.000000000000e+00 0.000000000000e+00 0.000000000000e+00 0.000000000000e+00 0.000000000000e+00 
