9.000000000000e+00 1.165643800012e-03 1.134441224066e-02 2.611133155759e-04 9.826275407210e+04 1.053505831634e+05 1.000000000000e+05 3.260900974923e+04 5.716238452793e+02 1.800000000000e+06 7.904813163979e+04 1.671133136000e+06 6.684523792000e+06 0.000000000000e+00 0.000000000000e+00 0.000000000000e+00 6.645940048362e-04 2.495866037613e-04 1.182557564342e-02 0.000000000000e+00 0.000000000000e+00 0.000000000000e+00 0.000000000000e+00 0.000000000000e+00 
9.005000000000e+00 1.164347528001e-03 1.131037561949e-02 2.587180704974e-04 9.793760717126e+04 1.049721492197e+05 1.000000000000e+05 3.261808624902e+04 5.721034869766e+02 1.800000000000e+06 7.878052341304e+04 1.671133136000e+06 6.684523792000e+06 0.000000000000e+00 0.000000000000e+00 0.000000000000e+00 6.623440993742e-04 2.493090471623e-04 1.178554124387e-02 0.000000000000e+00 0.000000000000e+00 0.000000000000e+00 0.000000000000e+00 0.000000000000e+00 
9.010000000000e+00 1.163063355028e-03 1.127670001758e-02 2.562786411452e-04 9.761644652484e+04 1.045962044154e+05 1.000000000000e+05 3.262709045756e+04 5.725793972644e+02 1.800000000000e+06 7.851628768940e+04 1.671133136000e+06 6.684523792000e+06 0.000000000000e+00 0.000000000000e+00 0.000000000000e+00 6.601225480971e-04 2.490340811984e-04 1.174601137871e-02 0.000000000000e+00 0.000000000000e+00 0.000000000000e+00 0.000000000000e+00 0.000000000000e+00 
9.015000000000e+00 1.161791479198e-03 1.124336731292e-02 2.538028134962e-04 9.729914990050e+04 1.042228325920e+05 1.000000000000e+05 3.263602066695e+04 5.730514836173e+02 1.800000000000e+06 7.825533453576e+04 1.671133136000e+06 6.684523792000e+06 0.000000000000e+00 0.000000000000e+00 0.000000000000e+00 6.579285948960e-04 2.487617482879e-04 1.170697259427e-02 0.000000000000e+00 0.000000000000e+00 0.000000000000e+00 0.000000000000e+00 0.000000000000e+00 
9.020000000000e+00 1.160532058982e-03 1.121034468687e-02 2.512997526002e-04 9.698554435432e+04 1.038521064598e+05 1.000000000000e+05 3.264487544319e+04 5.735196678931e+02 1.800000000000e+06 7.799756821236e+04 1.671133136000e+06 6.684523792000e+06 0.000000000000e+00 0.000000000000e+00 0.000000000000e+00 6.557614348427e-04 2.484920823621e-04 1.166841056913e-02 0.000000000000e+00 0.000000000000e+00 0.000000000000e+00 0.000000000000e+00 0.000000000000e+00 
9.025000000000e+00 1.159285212960e-03 1.117761191070e-02 2.487768030050e-04 9.667549327839e+04 1.034840873525e+05 1.000000000000e+05 3.265365362807e+04 5.739838865502e+02 1.800000000000e+06 7.774288690249e+04 1.671133136000e+06 6.684523792000e+06 0.000000000000e+00 0.000000000000e+00 0.000000000000e+00 6.536202119172e-04 2.482251088116e-04 1.163031007187e-02 0.000000000000e+00 0.000000000000e+00 0.000000000000e+00 0.000000000000e+00 0.000000000000e+00 
9.030000000000e+00 1.158051024616e-03 1.114513238958e-02 2.462412470713e-04 9.636884993200e+04 1.031188264768e+05 1.000000000000e+05 3.266235430847e+04 5.744440889804e+02 1.800000000000e+06 7.749118397313e+04 1.671133136000e+06 6.684523792000e+06 0.000000000000e+00 0.000000000000e+00 0.000000000000e+00 6.515040296067e-04 2.479608455116e-04 1.159265515166e-02 0.000000000000e+00 0.000000000000e+00 0.000000000000e+00 0.000000000000e+00 0.000000000000e+00 
9.035000000000e+00 1.156829549373e-03 1.111290644532e-02 2.436995877367e-04 9.606547918606e+04 1.027563668568e+05 1.000000000000e+05 3.267097676796e+04 5.749002349842e+02 1.800000000000e+06 7.724234755115e+04 1.671133136000e+06 6.684523792000e+06 0.000000000000e+00 0.000000000000e+00 0.000000000000e+00 6.494119473424e-04 2.476993024072e-04 1.155542907124e-02 0.000000000000e+00 0.000000000000e+00 0.000000000000e+00 0.000000000000e+00 0.000000000000e+00 
9.040000000000e+00 1.155620774176e-03 1.108090748863e-02 2.411564111608e-04 9.576527649300e+04 1.023967311749e+05 1.000000000000e+05 3.267952077336e+04 5.753523099806e+02 1.800000000000e+06 7.699626687448e+04 1.671133136000e+06 6.684523792000e+06 0.000000000000e+00 0.000000000000e+00 0.000000000000e+00 6.473430338965e-04 2.474404813731e-04 1.151861526143e-02 0.000000000000e+00 0.000000000000e+00 0.000000000000e+00 0.000000000000e+00 0.000000000000e+00 
9.045000000000e+00 1.154424704532e-03 1.104915447528e-02 2.386151358031e-04 9.546817417934e+04 1.020399474975e+05 1.000000000000e+05 3.268798596196e+04 5.758002925767e+02 1.800000000000e+06 7.675283434395e+04 1.671133136000e+06 6.684523792000e+06 0.000000000000e+00 0.000000000000e+00 0.000000000000e+00 6.452963846334e-04 2.471843805373e-04 1.148219762278e-02 0.000000000000e+00 0.000000000000e+00 0.000000000000e+00 0.000000000000e+00 0.000000000000e+00 
9.050000000000e+00 1.153241808766e-03 1.102283992961e-02 2.357284144175e-04 9.518392177074e+04 1.016861823755e+05 1.000000000000e+05 3.269636847708e+04 5.762439877608e+02 1.800000000000e+06 7.651278921134e+04 1.671133136000e+06 6.684523792000e+06 0.000000000000e+00 0.000000000000e+00 0.000000000000e+00 6.432782147828e-04 2.469311002647e-04 1.144628639629e-02 0.000000000000e+00 0.000000000000e+00 0.000000000000e+00 0.000000000000e+00 0.000000000000e+00 
9.055000000000e+00 1.152078376502e-03 1.103304912692e-02 2.302756058988e-04 9.497587516865e+04 1.013373512725e+05 1.000000000000e+05 3.270462196552e+04 5.766810113854e+02 1.800000000000e+06 7.628631150504e+04 1.671133136000e+06 6.684523792000e+06 0.000000000000e+00 0.000000000000e+00 0.000000000000e+00 6.413741125262e-04 2.466819873550e-04 1.141240246982e-02 0.000000000000e+00 0.000000000000e+00 0.000000000000e+00 0.000000000000e+00 0.000000000000e+00 
9.060000000000e+00 1.150957445217e-03 1.113413638844e-02 2.179872501752e-04 9.496962477264e+04 1.010004285418e+05 1.000000000000e+05 3.271257951832e+04 5.771026617936e+02 1.800000000000e+06 7.610800010495e+04 1.671133136000e+06 6.684523792000e+06 0.000000000000e+00 0.000000000000e+00 0.000000000000e+00 6.398749665624e-04 2.464419746273e-04 1.138571842373e-02 0.000000000000e+00 0.000000000000e+00 0.000000000000e+00 0.000000000000e+00 0.000000000000e+00 
9.065000000000e+00 1.149924276614e-03 1.136936490950e-02 1.946137472470e-04 9.529774356504e+04 1.006891572353e+05 1.000000000000e+05 3.271991526260e+04 5.774918147134e+02 1.800000000000e+06 7.603840966090e+04 1.671133136000e+06 6.684523792000e+06 0.000000000000e+00 0.000000000000e+00 0.000000000000e+00 6.392898876876e-04 2.462207535194e-04 1.137529084371e-02 0.000000000000e+00 0.000000000000e+00 0.000000000000e+00 0.000000000000e+00 0.000000000000e+00 
9.070000000000e+00 1.149041785136e-03 1.175053089581e-02 1.577208018839e-04 9.604832973473e+04 1.004227272650e+05 1.000000000000e+05 3.272617733406e+04 5.778246060058e+02 1.800000000000e+06 7.614936634317e+04 1.671133136000e+06 6.684523792000e+06 0.000000000000e+00 0.000000000000e+00 0.000000000000e+00 6.402227515555e-04 2.460317952430e-04 1.139186481308e-02 0.000000000000e+00 0.000000000000e+00 0.000000000000e+00 0.000000000000e+00 0.000000000000e+00 
9.075000000000e+00 1.148381175136e-03 1.227308791521e-02 1.060001437844e-04 9.728049103133e+04 1.002229496363e+05 1.000000000000e+05 3.273085413791e+04 5.780739618863e+02 1.800000000000e+06 7.650621369562e+04 1.671133136000e+06 6.684523792000e+06 0.000000000000e+00 0.000000000000e+00 0.000000000000e+00 6.432229313974e-04 2.458903460239e-04 1.144521668372e-02 0.000000000000e+00 0.000000000000e+00 0.000000000000e+00 0.000000000000e+00 0.000000000000e+00 
9.080000000000e+00 1.148017328936e-03 1.291607362733e-02 3.958259319239e-05 9.901349889727e+04 1.001127947309e+05 1.000000000000e+05 3.273340821448e+04 5.782113871855e+02 1.800000000000e+06 7.716303671547e+04 1.671133136000e+06 6.684523792000e+06 0.000000000000e+00 0.000000000000e+00 0.000000000000e+00 6.487451446638e-04 2.458124396023e-04 1.154343955635e-02 0.000000000000e+00 0.000000000000e+00 0.000000000000e+00 0.000000000000e+00 0.000000000000e+00 
9.085000000000e+00 1.148015861047e-03 1.364034384252e-02 -3.911718902213e-05 1.011987227669e+05 1.001123501490e+05 1.000000000000e+05 3.273337053172e+04 5.782119417343e+02 1.800000000000e+06 7.815104081255e+04 1.671133136000e+06 6.684523792000e+06 0.000000000000e+00 0.000000000000e+00 0.000000000000e+00 6.570517495899e-04 2.458121252993e-04 1.169120476567e-02 0.000000000000e+00 0.000000000000e+00 0.000000000000e+00 0.000000000000e+00 0.000000000000e+00 
9.090000000000e+00 1.148431483531e-03 1.440203037312e-02 -1.280250526791e-04 1.037917883618e+05 1.002381737015e+05 1.000000000000e+05 3.273035232747e+04 5.780549651775e+02 1.800000000000e+06 7.947492167712e+04 1.671133136000e+06 6.684523792000e+06 0.000000000000e+00 0.000000000000e+00 0.000000000000e+00 6.681822250035e-04 2.459011180123e-04 1.188921786831e-02 0.000000000000e+00 0.000000000000e+00 0.000000000000e+00 0.000000000000e+00 0.000000000000e+00 
9.095000000000e+00 1.149307375595e-03 1.515746296882e-02 -2.230019333380e-04 1.066857951057e+05 1.005029645850e+05 1.000000000000e+05 3.272405269668e+04 5.777244126409e+02 1.800000000000e+06 8.111407397208e+04 1.671133136000e+06 6.684523792000e+06 0.000000000000e+00 0.000000000000e+00 0.000000000000e+00 6.819633323573e-04 2.460886632324e-04 1.213439910603e-02 0.000000000000e+00 0.000000000000e+00 0.000000000000e+00 0.000000000000e+00 0.000000000000e+00 
9.100000000000e+00 1.150664690303e-03 1.587233035779e-02 -3.205525744853e-04 1.097840447011e+05 1.009122988075e+05 1.000000000000e+05 3.271433279374e+04 5.772128805068e+02 1.800000000000e+06 8.302744524708e+04 1.671133136000e+06 6.684523792000e+06 0.000000000000e+00 0.000000000000e+00 0.000000000000e+00 6.980499248170e-04 2.463792902182e-04 1.242060899907e-02 0.000000000000e+00 0.000000000000e+00 0.000000000000e+00 0.000000000000e+00 0.000000000000e+00 
9.105000000000e+00 1.152507853205e-03 1.652233276119e-02 -4.174616930000e-04 1.129923610335e+05 1.014662235768e+05 1.000000000000e+05 3.270117839080e+04 5.765196129965e+02 1.800000000000e+06 8.516108717932e+04 1.671133136000e+06 6.684523792000e+06 0.000000000000e+00 0.000000000000e+00 0.000000000000e+00 7.159884340166e-04 2.467739464738e-04 1.273977802018e-02 0.000000000000e+00 0.000000000000e+00 0.000000000000e+00 0.000000000000e+00 0.000000000000e+00 
9.110000000000e+00 1.154826339280e-03 1.709291665383e-02 -5.110103166579e-04 1.162264088461e+05 1.021598569909e+05 1.000000000000e+05 3.268468636494e+04 5.756497888043e+02 1.800000000000e+06 8.745482084192e+04 1.671133136000e+06 6.684523792000e+06 0.000000000000e+00 0.000000000000e+00 0.000000000000e+00 7.352729080356e-04 2.472703780610e-04 1.308290381073e-02 0.000000000000e+00 0.000000000000e+00 0.000000000000e+00 0.000000000000e+00 0.000000000000e+00 
9.115000000000e+00 1.157597626809e-03 1.757786426555e-02 -5.990673377324e-04 1.194157079148e+05 1.029843973377e+05 1.000000000000e+05 3.266504224940e+04 5.746133257112e+02 1.800000000000e+06 8.984795026848e+04 1.671133136000e+06 6.684523792000e+06 0.000000000000e+00 0.000000000000e+00 0.000000000000e+00 7.553930479643e-04 2.478637643803e-04 1.344090608278e-02 0.000000000000e+00 0.000000000000e+00 0.000000000000e+00 0.000000000000e+00 0.000000000000e+00 
9.120000000000e+00 1.160790130566e-03 1.797705946254e-02 -6.800395354847e-04 1.225034880951e+05 1.039281551779e+05 1.000000000000e+05 3.264249767721e+04 5.734236722949e+02 1.800000000000e+06 9.228345228869e+04 1.671133136000e+06 6.684523792000e+06 0.000000000000e+00 0.000000000000e+00 0.000000000000e+00 7.758694337790e-04 2.485473404180e-04 1.380525361459e-02 0.000000000000e+00 0.000000000000e+00 0.000000000000e+00 0.000000000000e+00 0.000000000000e+00 
9.125000000000e+00 1.164365267315e-03 1.829341955064e-02 -7.527018847499e-04 1.254428250559e+05 1.049773351694e+05 1.000000000000e+05 3.261735393022e+04 5.720969180448e+02 1.800000000000e+06 9.471000915257e+04 1.671133136000e+06 6.684523792000e+06 0.000000000000e+00 0.000000000000e+00 0.000000000000e+00 7.962706135499e-04 2.493128454884e-04 1.416826855882e-02 0.000000000000e+00 0.000000000000e+00 0.000000000000e+00 0.000000000000e+00 0.000000000000e+00 
9.130000000000e+00 1.168279604148e-03 1.853368773493e-02 -8.163572371749e-04 1.282016132396e+05 1.061168341482e+05 1.000000000000e+05 3.258994478838e+04 5.706508776485e+02 1.800000000000e+06 9.708366820004e+04 1.671133136000e+06 6.684523792000e+06 0.000000000000e+00 0.000000000000e+00 0.000000000000e+00 8.162270570451e-04 2.501509797762e-04 1.452337469816e-02 0.000000000000e+00 0.000000000000e+00 0.000000000000e+00 0.000000000000e+00 0.000000000000e+00 
9.135000000000e+00 1.172487171802e-03 1.870568386607e-02 -8.706451714651e-04 1.307578108371e+05 1.073310604241e+05 1.000000000000e+05 3.256061873735e+04 5.691041324432e+02 1.800000000000e+06 9.936844578484e+04 1.671133136000e+06 6.684523792000e+06 0.000000000000e+00 0.000000000000e+00 0.000000000000e+00 8.354362331982e-04 2.510519003839e-04 1.486518798796e-02 0.000000000000e+00 0.000000000000e+00 0.000000000000e+00 0.000000000000e+00 0.000000000000e+00 
9.140000000000e+00 1.176940797606e-03 1.881732933565e-02 -9.154671910216e-04 1.330975375644e+05 1.086044315285e+05 1.000000000000e+05 3.252972837075e+04 5.674754588397e+02 1.800000000000e+06 1.015358948284e+05 1.671133136000e+06 6.684523792000e+06 0.000000000000e+00 0.000000000000e+00 0.000000000000e+00 8.536589743337e-04 2.520055067419e-04 1.518945192288e-02 0.000000000000e+00 0.000000000000e+00 0.000000000000e+00 0.000000000000e+00 0.000000000000e+00 
9.145000000000e+00 1.181593139351e-03 1.887726818878e-02 -9.508851850193e-04 1.352123527186e+05 1.099217520324e+05 1.000000000000e+05 3.249762227242e+04 5.657833898320e+02 1.800000000000e+06 1.035646593218e+05 1.671133136000e+06 6.684523792000e+06 0.000000000000e+00 0.000000000000e+00 0.000000000000e+00 8.707157306614e-04 2.530016619783e-04 1.549297083169e-02 0.000000000000e+00 0.000000000000e+00 0.000000000000e+00 0.000000000000e+00 0.000000000000e+00 
9.150000000000e+00 1.186398605247e-03 1.889420395762e-02 -9.773086332925e-04 1.371044188794e+05 1.112688042087e+05 1.000000000000e+05 3.246463105833e+04 5.640454808223e+02 1.800000000000e+06 1.054402053187e+05 1.671133136000e+06 6.684523792000e+06 0.000000000000e+00 0.000000000000e+00 0.000000000000e+00 8.864843086090e-04 2.540306040197e-04 1.577356969123e-02 0.000000000000e+00 0.000000000000e+00 0.000000000000e+00 0.000000000000e+00 0.000000000000e+00 
9.155000000000e+00 1.191313541313e-03 1.887638134974e-02 -9.952350749257e-04 1.387792711488e+05 1.126324100092e+05 1.000000000000e+05 3.243106608121e+04 5.622782325585e+02 1.800000000000e+06 1.071540327204e+05 1.671133136000e+06 6.684523792000e+06 0.000000000000e+00 0.000000000000e+00 0.000000000000e+00 9.008932439355e-04 2.550829857144e-04 1.602997623759e-02 0.000000000000e+00 0.000000000000e+00 0.000000000000e+00 0.000000000000e+00 0.000000000000e+00 
9.160000000000e+00 1.196296953376e-03 1.883113656512e-02 -1.005194361816e-03 1.402442887476e+05 1.140006196362e+05 1.000000000000e+05 3.239721462054e+04 5.604968373276e+02 1.800000000000e+06 1.087027561430e+05 1.671133136000e+06 6.684523792000e+06 0.000000000000e+00 0.000000000000e+00 0.000000000000e+00 9.139140741618e-04 2.561500294252e-04 1.626168347589e-02 0.000000000000e+00 0.000000000000e+00 0.000000000000e+00 0.000000000000e+00 0.000000000000e+00 
9.165000000000e+00 1.201311104349e-03 1.876493279378e-02 -1.007925089881e-03 1.415132218818e+05 1.153628407263e+05 1.000000000000e+05 3.236333609075e+04 5.587149879882e+02 1.800000000000e+06 1.100871940948e+05 1.671133136000e+06 6.684523792000e+06 0.000000000000e+00 0.000000000000e+00 0.000000000000e+00 9.255536808646e-04 2.572236549188e-04 1.646881342413e-02 0.000000000000e+00 0.000000000000e+00 0.000000000000e+00 0.000000000000e+00 0.000000000000e+00 
9.170000000000e+00 1.206321537775e-03 1.868349745819e-02 -1.004047701067e-03 1.425974498760e+05 1.167097939422e+05 1.000000000000e+05 3.232966263992e+04 5.569449040206e+02 1.800000000000e+06 1.113115167105e+05 1.671133136000e+06 6.684523792000e+06 0.000000000000e+00 0.000000000000e+00 0.000000000000e+00 9.358471242830e-04 2.582964844054e-04 1.665198957560e-02 0.000000000000e+00 0.000000000000e+00 0.000000000000e+00 0.000000000000e+00 0.000000000000e+00 
9.175000000000e+00 1.211297283930e-03 1.859182261531e-02 -9.943605387690e-04 1.435135889462e+05 1.180335099341e+05 1.000000000000e+05 3.229639826175e+04 5.551972990879e+02 1.800000000000e+06 1.123825167624e+05 1.671133136000e+06 6.684523792000e+06 0.000000000000e+00 0.000000000000e+00 0.000000000000e+00 9.448515143794e-04 2.593618866705e-04 1.681222785798e-02 0.000000000000e+00 0.000000000000e+00 0.000000000000e+00 0.000000000000e+00 0.000000000000e+00 
9.180000000000e+00 1.216211092790e-03 1.849392982629e-02 -9.795753302802e-04 1.442765710872e+05 1.193273263335e+05 1.000000000000e+05 3.226371815045e+04 5.534813448583e+02 1.800000000000e+06 1.133089617191e+05 1.671133136000e+06 6.684523792000e+06 0.000000000000e+00 0.000000000000e+00 0.000000000000e+00 9.526405632946e-04 2.604140269557e-04 1.695083969566e-02 0.000000000000e+00 0.000000000000e+00 0.000000000000e+00 0.000000000000e+00 0.000000000000e+00 
9.185000000000e+00 1.221039238467e-03 1.839236144780e-02 -9.603377598901e-04 1.449001141970e+05 1.205857689338e+05 1.000000000000e+05 3.223177078881e+04 5.518047872049e+02 1.800000000000e+06 1.141007301248e+05 1.671133136000e+06 6.684523792000e+06 0.000000000000e+00 0.000000000000e+00 0.000000000000e+00 9.592973244947e-04 2.614478250858e-04 1.706930284082e-02 0.000000000000e+00 0.000000000000e+00 0.000000000000e+00 0.000000000000e+00 0.000000000000e+00 
9.190000000000e+00 1.225760982475e-03 1.828813892603e-02 -9.371938250473e-04 1.453957505433e+05 1.218043495072e+05 1.000000000000e+05 3.220068226788e+04 5.501741773101e+02 1.800000000000e+06 1.147677934519e+05 1.671133136000e+06 6.684523792000e+06 0.000000000000e+00 0.000000000000e+00 0.000000000000e+00 9.649056327353e-04 2.624588405432e-04 1.716910905498e-02 0.000000000000e+00 0.000000000000e+00 0.000000000000e+00 0.000000000000e+00 0.000000000000e+00 
9.195000000000e+00 1.230358051351e-03 1.818132533859e-02 -9.105884042172e-04 1.457727113059e+05 1.229793777135e+05 1.000000000000e+05 3.217056037409e+04 5.485950906082e+02 1.800000000000e+06 1.153195289378e+05 1.671133136000e+06 6.684523792000e+06 0.000000000000e+00 0.000000000000e+00 0.000000000000e+00 9.695443267631e-04 2.634431606170e-04 1.725166126240e-02 0.000000000000e+00 0.000000000000e+00 0.000000000000e+00 0.000000000000e+00 0.000000000000e+00 
9.200000000000e+00 1.234814232658e-03 1.807179924213e-02 -8.809105850883e-04 1.460390129914e+05 1.241078131053e+05 1.000000000000e+05 3.214149775964e+04 5.470722981707e+02 1.800000000000e+06 1.157644257611e+05 1.671133136000e+06 6.684523792000e+06 0.000000000000e+00 0.000000000000e+00 0.000000000000e+00 9.732847790090e-04 2.643973138998e-04 1.731822953723e-02 0.000000000000e+00 0.000000000000e+00 0.000000000000e+00 0.000000000000e+00 0.000000000000e+00 
9.205000000000e+00 1.239115248201e-03 1.795988404961e-02 -8.485523813121e-04 1.462029067208e+05 1.251871946782e+05 1.000000000000e+05 3.211357321231e+04 5.456098382358e+02 1.800000000000e+06 1.161102678657e+05 1.671133136000e+06 6.684523792000e+06 0.000000000000e+00 0.000000000000e+00 0.000000000000e+00 9.761924326702e-04 2.653182431428e-04 1.736997841294e-02 0.000000000000e+00 0.000000000000e+00 0.000000000000e+00 0.000000000000e+00 0.000000000000e+00 
9.210000000000e+00 1.243248763410e-03 1.784616234633e-02 -8.139099756487e-04 1.462729016435e+05 1.262156084936e+05 1.000000000000e+05 3.208685203047e+04 5.442110388251e+02 1.800000000000e+06 1.163644372080e+05 1.671133136000e+06 6.684523792000e+06 0.000000000000e+00 0.000000000000e+00 0.000000000000e+00 9.783293512491e-04 2.662033072643e-04 1.740801226526e-02 0.000000000000e+00 0.000000000000e+00 0.000000000000e+00 0.000000000000e+00 0.000000000000e+00 
9.215000000000e+00 1.247204343368e-03 1.773130665358e-02 -7.773496215755e-04 1.462569155310e+05 1.271916449161e+05 1.000000000000e+05 3.206138673189e+04 5.428785565065e+02 1.800000000000e+06 1.165340354198e+05 1.671133136000e+06 6.684523792000e+06 0.000000000000e+00 0.000000000000e+00 0.000000000000e+00 9.797552414302e-04 2.670502719368e-04 1.743339352294e-02 0.000000000000e+00 0.000000000000e+00 0.000000000000e+00 0.000000000000e+00 0.000000000000e+00 
9.220000000000e+00 1.250973128276e-03 1.761428190222e-02 -7.391110096037e-04 1.461598651423e+05 1.281142909811e+05 1.000000000000e+05 3.203721955320e+04 5.416145066091e+02 1.800000000000e+06 1.166255556960e+05 1.671133136000e+06 6.684523792000e+06 0.000000000000e+00 0.000000000000e+00 0.000000000000e+00 9.805246944921e-04 2.678572429072e-04 1.744709370344e-02 0.000000000000e+00 0.000000000000e+00 0.000000000000e+00 0.000000000000e+00 0.000000000000e+00 
9.225000000000e+00 1.254547684874e-03 1.749677308490e-02 -6.995840051417e-04 1.459904359911e+05 1.289828719088e+05 1.000000000000e+05 3.201438354041e+04 5.404205300121e+02 1.800000000000e+06 1.166448147514e+05 1.671133136000e+06 6.684523792000e+06 0.000000000000e+00 0.000000000000e+00 0.000000000000e+00 9.806866142299e-04 2.686226237561e-04 1.744998293243e-02 0.000000000000e+00 0.000000000000e+00 0.000000000000e+00 0.000000000000e+00 0.000000000000e+00 
9.230000000000e+00 1.257921988718e-03 1.737750947626e-02 -6.588801700983e-04 1.457506347592e+05 1.297970281634e+05 1.000000000000e+05 3.199290314542e+04 5.392978135170e+02 1.800000000000e+06 1.165974085380e+05 1.671133136000e+06 6.684523792000e+06 0.000000000000e+00 0.000000000000e+00 0.000000000000e+00 9.802880483873e-04 2.693451266653e-04 1.744289850202e-02 0.000000000000e+00 0.000000000000e+00 0.000000000000e+00 0.000000000000e+00 0.000000000000e+00 
9.235000000000e+00 1.261091086201e-03 1.725733065765e-02 -6.173244003267e-04 1.454477179657e+05 1.305566185259e+05 1.000000000000e+05 3.197279631758e+04 5.382472143753e+02 1.800000000000e+06 1.164882693413e+05 1.671133136000e+06 6.684523792000e+06 0.000000000000e+00 0.000000000000e+00 0.000000000000e+00 9.793704649564e-04 2.700236909727e-04 1.742657827537e-02 0.000000000000e+00 0.000000000000e+00 0.000000000000e+00 0.000000000000e+00 0.000000000000e+00 
9.240000000000e+00 1.264051697565e-03 1.713800385206e-02 -5.752765926106e-04 1.450899500083e+05 1.312618518534e+05 1.000000000000e+05 3.195407094762e+04 5.372690705388e+02 1.800000000000e+06 1.163225396836e+05 1.671133136000e+06 6.684523792000e+06 0.000000000000e+00 0.000000000000e+00 0.000000000000e+00 9.779770994886e-04 2.706576144195e-04 1.740179150823e-02 0.000000000000e+00 0.000000000000e+00 0.000000000000e+00 0.000000000000e+00 0.000000000000e+00 
9.245000000000e+00 1.266802171361e-03 1.701885652571e-02 -5.329347393156e-04 1.446818789220e+05 1.319132626227e+05 1.000000000000e+05 3.193672544999e+04 5.363632265357e+02 1.800000000000e+06 1.161055985053e+05 1.671133136000e+06 6.684523792000e+06 0.000000000000e+00 0.000000000000e+00 0.000000000000e+00 9.761531752096e-04 2.712465433988e-04 1.736934298760e-02 0.000000000000e+00 0.000000000000e+00 0.000000000000e+00 0.000000000000e+00 0.000000000000e+00 
9.250000000000e+00 1.269341859668e-03 1.690230101095e-02 -4.906245939565e-04 1.442311972603e+05 1.325115533613e+05 1.000000000000e+05 3.192075268615e+04 5.355292470339e+02 1.800000000000e+06 1.158425809621e+05 1.671133136000e+06 6.684523792000e+06 0.000000000000e+00 0.000000000000e+00 0.000000000000e+00 9.739418657359e-04 2.717903391786e-04 1.733000081232e-02 0.000000000000e+00 0.000000000000e+00 0.000000000000e+00 0.000000000000e+00 0.000000000000e+00 
9.255000000000e+00 1.271671963416e-03 1.678966553363e-02 -4.487195941395e-04 1.437469922141e+05 1.330577875139e+05 1.000000000000e+05 3.190613477663e+04 5.347661445094e+02 1.800000000000e+06 1.155393284058e+05 1.671133136000e+06 6.684523792000e+06 0.000000000000e+00 0.000000000000e+00 0.000000000000e+00 9.713922819982e-04 2.722892589008e-04 1.728463881707e-02 0.000000000000e+00 0.000000000000e+00 0.000000000000e+00 0.000000000000e+00 0.000000000000e+00 
9.260000000000e+00 1.273795198699e-03 1.668225998101e-02 -4.075368224062e-04 1.432372074960e+05 1.335533041072e+05 1.000000000000e+05 3.189284535642e+04 5.340724944097e+02 1.800000000000e+06 1.152016796162e+05 1.671133136000e+06 6.684523792000e+06 0.000000000000e+00 0.000000000000e+00 0.000000000000e+00 9.685535133059e-04 2.727438841330e-04 1.723413045448e-02 0.000000000000e+00 0.000000000000e+00 0.000000000000e+00 0.000000000000e+00 0.000000000000e+00 
9.265000000000e+00 1.275716208973e-03 1.658255603920e-02 -3.674876907233e-04 1.427123479709e+05 1.339998098617e+05 1.000000000000e+05 3.188084697207e+04 5.334463040310e+02 1.800000000000e+06 1.148361962561e+05 1.671133136000e+06 6.684523792000e+06 0.000000000000e+00 0.000000000000e+00 0.000000000000e+00 9.654807265750e-04 2.731552091279e-04 1.717945724351e-02 0.000000000000e+00 0.000000000000e+00 0.000000000000e+00 0.000000000000e+00 0.000000000000e+00 
9.270000000000e+00 1.277441746636e-03 1.649288711635e-02 -3.289955353147e-04 1.421835707610e+05 1.343994179726e+05 1.000000000000e+05 3.187009004308e+04 5.328849563275e+02 1.800000000000e+06 1.144502440150e+05 1.671133136000e+06 6.684523792000e+06 0.000000000000e+00 0.000000000000e+00 0.000000000000e+00 9.622358485465e-04 2.735246797028e-04 1.712172100318e-02 0.000000000000e+00 0.000000000000e+00 0.000000000000e+00 0.000000000000e+00 0.000000000000e+00 
9.275000000000e+00 1.278980593997e-03 1.641512025440e-02 -2.924606892576e-04 1.416618688164e+05 1.347546284200e+05 1.000000000000e+05 3.186051339946e+04 5.323852370166e+02 1.800000000000e+06 1.140517363326e+05 1.671133136000e+06 6.684523792000e+06 0.000000000000e+00 0.000000000000e+00 0.000000000000e+00 9.588854111469e-04 2.738541763179e-04 1.706210553568e-02 0.000000000000e+00 0.000000000000e+00 0.000000000000e+00 0.000000000000e+00 0.000000000000e+00 
9.280000000000e+00 1.280343383605e-03 1.635050614502e-02 -2.582301838813e-04 1.411573486758e+05 1.350682877894e+05 1.000000000000e+05 3.185204540721e+04 5.319433922114e+02 1.800000000000e+06 1.136487795383e+05 1.671133136000e+06 6.684523792000e+06 0.000000000000e+00 0.000000000000e+00 0.000000000000e+00 9.554975680167e-04 2.741459756051e-04 1.700182354116e-02 0.000000000000e+00 0.000000000000e+00 0.000000000000e+00 0.000000000000e+00 0.000000000000e+00 
9.285000000000e+00 1.281542246758e-03 1.629953974616e-02 -2.265597789500e-04 1.406782911182e+05 1.353435122092e+05 1.000000000000e+05 3.184460613143e+04 5.315552396630e+02 1.800000000000e+06 1.132492772450e+05 1.671133136000e+06 6.684523792000e+06 0.000000000000e+00 0.000000000000e+00 0.000000000000e+00 9.521387684662e-04 2.744026751070e-04 1.694205743887e-02 0.000000000000e+00 0.000000000000e+00 0.000000000000e+00 0.000000000000e+00 0.000000000000e+00 
9.290000000000e+00 1.282590391249e-03 1.626198810357e-02 -1.976448804371e-04 1.402318156896e+05 1.355835964829e+05 1.000000000000e+05 3.183810986968e+04 5.312163009842e+02 1.800000000000e+06 1.128605064413e+05 1.671133136000e+06 6.684523792000e+06 0.000000000000e+00 0.000000000000e+00 0.000000000000e+00 9.488701934849e-04 2.746271028642e-04 1.688389595777e-02 0.000000000000e+00 0.000000000000e+00 0.000000000000e+00 0.000000000000e+00 0.000000000000e+00 
9.295000000000e+00 1.283501843698e-03 1.623701875490e-02 -1.715829488852e-04 1.398229587341e+05 1.357919625528e+05 1.000000000000e+05 3.183246667681e+04 5.309218793456e+02 1.800000000000e+06 1.124887923834e+05 1.671133136000e+06 6.684523792000e+06 0.000000000000e+00 0.000000000000e+00 0.000000000000e+00 9.457450224114e-04 2.748222622441e-04 1.682828547717e-02 0.000000000000e+00 0.000000000000e+00 0.000000000000e+00 0.000000000000e+00 0.000000000000e+00 
9.300000000000e+00 1.284290888374e-03 1.622335657377e-02 -1.483873145010e-04 1.394548885970e+05 1.359720393434e+05 1.000000000000e+05 3.182758573527e+04 5.306672345846e+02 1.800000000000e+06 1.121393263043e+05 1.671133136000e+06 6.684523792000e+06 0.000000000000e+00 0.000000000000e+00 0.000000000000e+00 9.428069003305e-04 2.749912117814e-04 1.677600274503e-02 0.000000000000e+00 0.000000000000e+00 0.000000000000e+00 0.000000000000e+00 0.000000000000e+00 
9.305000000000e+00 1.284971628589e-03 1.621943818285e-02 -1.279874905675e-04 1.391288223712e+05 1.361271712012e+05 1.000000000000e+05 3.182337796360e+04 5.304477182401e+02 1.800000000000e+06 1.118160383170e+05 1.671133136000e+06 6.684523792000e+06 0.000000000000e+00 0.000000000000e+00 0.000000000000e+00 9.400888695087e-04 2.751369712651e-04 1.672763585300e-02 0.000000000000e+00 0.000000000000e+00 0.000000000000e+00 0.000000000000e+00 0.000000000000e+00 
9.310000000000e+00 1.285557670272e-03 1.622351836914e-02 -1.102627036479e-04 1.388447430866e+05 1.362605539537e+05 1.000000000000e+05 3.181975785260e+04 5.302588693372e+02 1.800000000000e+06 1.115215861025e+05 1.671133136000e+06 6.684523792000e+06 0.000000000000e+00 0.000000000000e+00 0.000000000000e+00 9.376132742937e-04 2.752624539841e-04 1.668358253576e-02 0.000000000000e+00 0.000000000000e+00 0.000000000000e+00 0.000000000000e+00 0.000000000000e+00 
9.315000000000e+00 1.286061832327e-03 1.623378654497e-02 -9.501890492298e-05 1.386007924437e+05 1.363751763593e+05 1.000000000000e+05 3.181664517458e+04 5.300965020629e+02 1.800000000000e+06 1.112573774180e+05 1.671133136000e+06 6.684523792000e+06 0.000000000000e+00 0.000000000000e+00 0.000000000000e+00 9.353919503465e-04 2.753704047104e-04 1.664405353132e-02 0.000000000000e+00 0.000000000000e+00 0.000000000000e+00 0.000000000000e+00 0.000000000000e+00 
9.320000000000e+00 1.286495933965e-03 1.624859241046e-02 -8.203895271078e-05 1.383943939104e+05 1.364737781636e+05 1.000000000000e+05 3.181396618886e+04 5.299567693284e+02 1.800000000000e+06 1.110237349506e+05 1.671133136000e+06 6.684523792000e+06 0.000000000000e+00 0.000000000000e+00 0.000000000000e+00 9.334276106480e-04 2.754633541634e-04 1.660909722877e-02 0.000000000000e+00 0.000000000000e+00 0.000000000000e+00 0.000000000000e+00 0.000000000000e+00 
9.325000000000e+00 1.286870720832e-03 1.626647599273e-02 -7.110416588798e-05 1.382227327235e+05 1.365588386651e+05 1.000000000000e+05 3.181165401699e+04 5.298361824325e+02 1.800000000000e+06 1.108200768264e+05 1.671133136000e+06 6.684523792000e+06 0.000000000000e+00 0.000000000000e+00 0.000000000000e+00 9.317153631147e-04 2.755436031908e-04 1.657862667558e-02 0.000000000000e+00 0.000000000000e+00 0.000000000000e+00 0.000000000000e+00 0.000000000000e+00 
9.330000000000e+00 1.287195779775e-03 1.628612913271e-02 -6.197587808949e-05 1.380822972048e+05 1.366325616759e+05 1.000000000000e+05 3.180964912295e+04 5.297316351644e+02 1.800000000000e+06 1.106450888685e+05 1.671133136000e+06 6.684523792000e+06 0.000000000000e+00 0.000000000000e+00 0.000000000000e+00 9.302441588581e-04 2.756132045197e-04 1.655244534720e-02 0.000000000000e+00 0.000000000000e+00 0.000000000000e+00 0.000000000000e+00 0.000000000000e+00 
9.335000000000e+00 1.287479521748e-03 1.630642398888e-02 -5.441745444442e-05 1.379693836708e+05 1.366968750540e+05 1.000000000000e+05 3.180789936217e+04 5.296404066704e+02 1.800000000000e+06 1.104969118831e+05 1.671133136000e+06 6.684523792000e+06 0.000000000000e+00 0.000000000000e+00 0.000000000000e+00 9.289983667803e-04 2.756739590964e-04 1.653027516700e-02 0.000000000000e+00 0.000000000000e+00 0.000000000000e+00 0.000000000000e+00 0.000000000000e+00 
9.340000000000e+00 1.287729169479e-03 1.632630982992e-02 -4.818967378700e-05 1.378799798179e+05 1.367534305470e+05 1.000000000000e+05 3.180636002536e+04 5.295601633822e+02 1.800000000000e+06 1.103732335889e+05 1.671133136000e+06 6.684523792000e+06 0.000000000000e+00 0.000000000000e+00 0.000000000000e+00 9.279585464690e-04 2.757274134442e-04 1.651177026654e-02 0.000000000000e+00 0.000000000000e+00 0.000000000000e+00 0.000000000000e+00 0.000000000000e+00 
9.345000000000e+00 1.287950756369e-03 1.634482995707e-02 -4.306397588981e-05 1.378100695570e+05 1.368036055683e+05 1.000000000000e+05 3.180499381152e+04 5.294889578039e+02 1.800000000000e+06 1.102713799393e+05 1.671133136000e+06 6.684523792000e+06 0.000000000000e+00 0.000000000000e+00 0.000000000000e+00 9.271022159849e-04 2.757748594302e-04 1.649653064779e-02 0.000000000000e+00 0.000000000000e+00 0.000000000000e+00 0.000000000000e+00 0.000000000000e+00 
9.350000000000e+00 1.288149150440e-03 1.636126003183e-02 -3.881299641052e-05 1.377554133865e+05 1.368485101548e+05 1.000000000000e+05 3.180377066475e+04 5.294252196303e+02 1.800000000000e+06 1.101884278165e+05 1.671133136000e+06 6.684523792000e+06 0.000000000000e+00 0.000000000000e+00 0.000000000000e+00 9.264047993305e-04 2.758173393906e-04 1.648411903252e-02 0.000000000000e+00 0.000000000000e+00 0.000000000000e+00 0.000000000000e+00 0.000000000000e+00 
9.355000000000e+00 1.288328126081e-03 1.637482203332e-02 -3.521051658945e-05 1.377115607286e+05 1.368890043602e+05 1.000000000000e+05 3.180266731583e+04 5.293677318046e+02 1.800000000000e+06 1.101213112119e+05 1.671133136000e+06 6.684523792000e+06 0.000000000000e+00 0.000000000000e+00 0.000000000000e+00 9.258405191612e-04 2.758556614942e-04 1.647407676828e-02 0.000000000000e+00 0.000000000000e+00 0.000000000000e+00 0.000000000000e+00 0.000000000000e+00 
9.360000000000e+00 1.288490419924e-03 1.638504076354e-02 -3.206441153952e-05 1.376746301316e+05 1.369257117542e+05 1.000000000000e+05 3.180166690838e+04 5.293156119068e+02 1.800000000000e+06 1.100668702464e+05 1.671133136000e+06 6.684523792000e+06 0.000000000000e+00 0.000000000000e+00 0.000000000000e+00 9.253828089220e-04 2.758904117060e-04 1.646593113829e-02 0.000000000000e+00 0.000000000000e+00 0.000000000000e+00 0.000000000000e+00 0.000000000000e+00 
9.365000000000e+00 1.288637888034e-03 1.639177008869e-02 -2.921654771255e-05 1.376413401917e+05 1.369590556090e+05 1.000000000000e+05 3.180075801998e+04 5.292682611834e+02 1.800000000000e+06 1.100220442810e+05 1.671133136000e+06 6.684523792000e+06 0.000000000000e+00 0.000000000000e+00 0.000000000000e+00 9.250059364111e-04 2.759219874452e-04 1.645922425024e-02 0.000000000000e+00 0.000000000000e+00 0.000000000000e+00 0.000000000000e+00 0.000000000000e+00 
9.370000000000e+00 1.288771648634e-03 1.639475146300e-02 -2.651750815181e-05 1.376084499948e+05 1.369892916149e+05 1.000000000000e+05 3.179993378856e+04 5.292253183753e+02 1.800000000000e+06 1.099839708155e+05 1.671133136000e+06 6.684523792000e+06 0.000000000000e+00 0.000000000000e+00 0.000000000000e+00 9.246858352728e-04 2.759506281448e-04 1.645352786327e-02 0.000000000000e+00 0.000000000000e+00 0.000000000000e+00 0.000000000000e+00 0.000000000000e+00 
9.375000000000e+00 1.288892215324e-03 1.639342775637e-02 -2.383447898466e-05 1.375729724393e+05 1.370165383017e+05 1.000000000000e+05 3.179919108185e+04 5.291866167108e+02 1.800000000000e+06 1.099497828130e+05 1.671133136000e+06 6.684523792000e+06 0.000000000000e+00 0.000000000000e+00 0.000000000000e+00 9.243984010089e-04 2.759764437763e-04 1.644841307439e-02 0.000000000000e+00 0.000000000000e+00 0.000000000000e+00 0.000000000000e+00 0.000000000000e+00 
9.380000000000e+00 1.288999740721e-03 1.638703610130e-02 -2.095537947876e-05 1.375299904397e+05 1.370408322947e+05 1.000000000000e+05 3.179852904180e+04 5.291521055459e+02 1.800000000000e+06 1.099164940979e+05 1.671133136000e+06 6.684523792000e+06 0.000000000000e+00 0.000000000000e+00 0.000000000000e+00 9.241185274683e-04 2.759994670177e-04 1.644343317758e-02 0.000000000000e+00 0.000000000000e+00 0.000000000000e+00 0.000000000000e+00 0.000000000000e+00 
9.385000000000e+00 1.289093123139e-03 1.637458961143e-02 -1.774473168069e-05 1.374760941351e+05 1.370619266472e+05 1.000000000000e+05 3.179795451275e+04 5.291221369531e+02 1.800000000000e+06 1.098808900338e+05 1.671133136000e+06 6.684523792000e+06 0.000000000000e+00 0.000000000000e+00 0.000000000000e+00 9.238191877238e-04 2.760194619773e-04 1.643810730421e-02 0.000000000000e+00 0.000000000000e+00 0.000000000000e+00 0.000000000000e+00 0.000000000000e+00 
9.390000000000e+00 1.289170346063e-03 1.635462439975e-02 -1.394612740837e-05 1.374048453885e+05 1.370793677381e+05 1.000000000000e+05 3.179748004837e+04 5.290973566117e+02 1.800000000000e+06 1.098393606560e+05 1.671133136000e+06 6.684523792000e+06 0.000000000000e+00 0.000000000000e+00 0.000000000000e+00 9.234700311408e-04 2.760359968803e-04 1.643189546624e-02 0.000000000000e+00 0.000000000000e+00 0.000000000000e+00 0.000000000000e+00 0.000000000000e+00 
9.395000000000e+00 1.289227846504e-03 1.632442733251e-02 -9.200085945231e-06 1.373070518655e+05 1.370923526919e+05 1.000000000000e+05 3.179712779856e+04 5.290789064367e+02 1.800000000000e+06 1.097874890344e+05 1.671133136000e+06 6.684523792000e+06 0.000000000000e+00 0.000000000000e+00 0.000000000000e+00 9.230339225568e-04 2.760483088231e-04 1.642413703265e-02 0.000000000000e+00 0.000000000000e+00 0.000000000000e+00 0.000000000000e+00 0.000000000000e+00 
9.400000000000e+00 1.289259973884e-03 1.627877648111e-02 -2.947672274296e-06 1.371683933853e+05 1.370996071642e+05 1.000000000000e+05 3.179693289920e+04 5.290685982207e+02 1.800000000000e+06 1.097190373642e+05 1.671133136000e+06 6.684523792000e+06 0.000000000000e+00 0.000000000000e+00 0.000000000000e+00 9.224584178783e-04 2.760551879088e-04 1.641389912923e-02 0.000000000000e+00 0.000000000000e+00 0.000000000000e+00 0.000000000000e+00 0.000000000000e+00 
9.405000000000e+00 1.289257043451e-03 1.620974295973e-02 5.614567821210e-06 1.369679247357e+05 1.370989454816e+05 1.000000000000e+05 3.179695550976e+04 5.290695384486e+02 1.800000000000e+06 1.096245538970e+05 1.671133136000e+06 6.684523792000e+06 0.000000000000e+00 0.000000000000e+00 0.000000000000e+00 9.216640519067e-04 2.760545604471e-04 1.639976824810e-02 0.000000000000e+00 0.000000000000e+00 0.000000000000e+00 0.000000000000e+00 0.000000000000e+00 
9.410000000000e+00 1.289202329874e-03 1.610679987347e-02 1.823588469402e-05 1.366610135500e+05 1.370865906192e+05 1.000000000000e+05 3.179729974813e+04 5.290870938193e+02 1.800000000000e+06 1.094901921147e+05 1.671133136000e+06 6.684523792000e+06 0.000000000000e+00 0.000000000000e+00 0.000000000000e+00 9.205344105971e-04 2.760428452253e-04 1.637967349310e-02 0.000000000000e+00 0.000000000000e+00 0.000000000000e+00 0.000000000000e+00 0.000000000000e+00 
9.415000000000e+00 1.289072342080e-03 1.595778559572e-02 3.600160162618e-05 1.362169239489e+05 1.370572327086e+05 1.000000000000e+05 3.179811119123e+04 5.291288058163e+02 1.800000000000e+06 1.092968886430e+05 1.671133136000e+06 6.684523792000e+06 0.000000000000e+00 0.000000000000e+00 0.000000000000e+00 9.189092193904e-04 2.760150123555e-04 1.635076363974e-02 0.000000000000e+00 0.000000000000e+00 0.000000000000e+00 0.000000000000e+00 0.000000000000e+00 
9.420000000000e+00 1.288837920998e-03 1.575269889812e-02 6.032603317980e-05 1.355958228472e+05 1.370042692166e+05 1.000000000000e+05 3.179957073163e+04 5.292040444533e+02 1.800000000000e+06 1.090206848665e+05 1.671133136000e+06 6.684523792000e+06 0.000000000000e+00 0.000000000000e+00 0.000000000000e+00 9.165870471877e-04 2.759648183240e-04 1.630945494654e-02 0.000000000000e+00 0.000000000000e+00 0.000000000000e+00 0.000000000000e+00 0.000000000000e+00 
9.425000000000e+00 1.288463806882e-03 1.548919594013e-02 9.212664660313e-05 1.347678534842e+05 1.369196932661e+05 1.000000000000e+05 3.180189699773e+04 5.293241579296e+02 1.800000000000e+06 1.086360152938e+05 1.671133136000e+06 6.684523792000e+06 0.000000000000e+00 0.000000000000e+00 0.000000000000e+00 9.133529531418e-04 2.758847133454e-04 1.625192271938e-02 0.000000000000e+00 0.000000000000e+00 0.000000000000e+00 0.000000000000e+00 0.000000000000e+00 
9.430000000000e+00 1.287912720797e-03 1.517673957409e-02 1.310497822652e-04 1.337320463090e+05 1.367949945577e+05 1.000000000000e+05 3.180532103966e+04 5.295011790818e+02 1.800000000000e+06 1.081213601851e+05 1.671133136000e+06 6.684523792000e+06 0.000000000000e+00 0.000000000000e+00 0.000000000000e+00 9.090260109022e-04 2.757667152877e-04 1.617494676658e-02 0.000000000000e+00 0.000000000000e+00 0.000000000000e+00 0.000000000000e+00 0.000000000000e+00 
9.435000000000e+00 1.287152064914e-03 1.484113750479e-02 1.753562510293e-04 1.325205194931e+05 1.366226499704e+05 1.000000000000e+05 3.181004522738e+04 5.297456928320e+02 1.800000000000e+06 1.074668113939e+05 1.671133136000e+06 6.684523792000e+06 0.000000000000e+00 0.000000000000e+00 0.000000000000e+00 9.035229181217e-04 2.756038443332e-04 1.607704293708e-02 0.000000000000e+00 0.000000000000e+00 0.000000000000e+00 0.000000000000e+00 0.000000000000e+00 
9.440000000000e+00 1.286163231486e-03 1.452415547198e-02 2.213986982074e-04 1.312130346490e+05 1.363982157877e+05 1.000000000000e+05 3.181618566570e+04 5.300638568390e+02 1.800000000000e+06 1.066829040777e+05 1.671133136000e+06 6.684523792000e+06 0.000000000000e+00 0.000000000000e+00 0.000000000000e+00 8.969322487171e-04 2.753921162074e-04 1.595978451639e-02 0.000000000000e+00 0.000000000000e+00 0.000000000000e+00 0.000000000000e+00 0.000000000000e+00 
9.445000000000e+00 1.284949132729e-03 1.427088299686e-02 2.645447637292e-04 1.299175983099e+05 1.361220480501e+05 1.000000000000e+05 3.182372594910e+04 5.304549698162e+02 1.800000000000e+06 1.058044704638e+05 1.671133136000e+06 6.684523792000e+06 0.000000000000e+00 0.000000000000e+00 0.000000000000e+00 8.895468532457e-04 2.751321544717e-04 1.582837963538e-02 0.000000000000e+00 0.000000000000e+00 0.000000000000e+00 0.000000000000e+00 0.000000000000e+00 
9.450000000000e+00 1.283536050477e-03 1.411448567144e-02 3.002934675008e-04 1.287452662981e+05 1.357997751474e+05 1.000000000000e+05 3.183250560018e+04 5.309108354076e+02 1.800000000000e+06 1.048858819460e+05 1.671133136000e+06 6.684523792000e+06 0.000000000000e+00 0.000000000000e+00 0.000000000000e+00 8.818238570261e-04 2.748295865689e-04 1.569096051180e-02 0.000000000000e+00 0.000000000000e+00 0.000000000000e+00 0.000000000000e+00 0.000000000000e+00 
9.455000000000e+00 1.281969064874e-03 1.406556038117e-02 3.257206325517e-04 1.277754593895e+05 1.354413383192e+05 1.000000000000e+05 3.184224806920e+04 5.314171726055e+02 1.800000000000e+06 1.039894751934e+05 1.671133136000e+06 6.684523792000e+06 0.000000000000e+00 0.000000000000e+00 0.000000000000e+00 8.742873531093e-04 2.744940650186e-04 1.555685260237e-02 0.000000000000e+00 0.000000000000e+00 0.000000000000e+00 0.000000000000e+00 0.000000000000e+00 
9.460000000000e+00 1.280302276131e-03 1.411042182497e-02 3.401517505507e-04 1.270376834488e+05 1.350588389992e+05 1.000000000000e+05 3.185262069246e+04 5.319567104820e+02 1.800000000000e+06 1.031706678419e+05 1.671133136000e+06 6.684523792000e+06 0.000000000000e+00 0.000000000000e+00 0.000000000000e+00 8.674032630540e-04 2.741371737096e-04 1.543434787190e-02 0.000000000000e+00 0.000000000000e+00 0.000000000000e+00 0.000000000000e+00 0.000000000000e+00 
9.465000000000e+00 1.278589893763e-03 1.422544866618e-02 3.441221764619e-04 1.265334571816e+05 1.346645471134e+05 1.000000000000e+05 3.186328885814e+04 5.325120317424e+02 1.800000000000e+06 1.024690427649e+05 1.671133136000e+06 6.684523792000e+06 0.000000000000e+00 0.000000000000e+00 0.000000000000e+00 8.615043782841e-04 2.737705199347e-04 1.532936994698e-02 0.000000000000e+00 0.000000000000e+00 0.000000000000e+00 0.000000000000e+00 0.000000000000e+00 
9.470000000000e+00 1.276880755729e-03 1.438512372239e-02 3.391170977749e-04 1.262407317055e+05 1.342696525975e+05 1.000000000000e+05 3.187394984163e+04 5.330673399951e+02 1.800000000000e+06 1.019065429406e+05 1.671133136000e+06 6.684523792000e+06 0.000000000000e+00 0.000000000000e+00 0.000000000000e+00 8.567751835115e-04 2.734045608336e-04 1.524520346720e-02 0.000000000000e+00 0.000000000000e+00 0.000000000000e+00 0.000000000000e+00 0.000000000000e+00 
9.475000000000e+00 1.275214925278e-03 1.456234413025e-02 3.272601576983e-04 1.261200771000e+05 1.338834609386e+05 1.000000000000e+05 3.188435412509e+04 5.336095797419e+02 1.800000000000e+06 1.014886708884e+05 1.671133136000e+06 6.684523792000e+06 0.000000000000e+00 0.000000000000e+00 0.000000000000e+00 8.532619409471e-04 2.730478747133e-04 1.518267353106e-02 0.000000000000e+00 0.000000000000e+00 0.000000000000e+00 0.000000000000e+00 0.000000000000e+00 
9.480000000000e+00 1.273620659133e-03 1.473454837910e-02 3.108897203129e-04 1.261237596531e+05 1.335126500434e+05 1.000000000000e+05 3.189432465845e+04 5.341294544862e+02 1.800000000000e+06 1.012055485787e+05 1.671133136000e+06 6.684523792000e+06 0.000000000000e+00 0.000000000000e+00 0.000000000000e+00 8.508816014531e-04 2.727065118779e-04 1.514030384073e-02 0.000000000000e+00 0.000000000000e+00 0.000000000000e+00 0.000000000000e+00 0.000000000000e+00 
9.485000000000e+00 1.272116489069e-03 1.489162548190e-02 2.916530742931e-04 1.262177125796e+05 1.331617050342e+05 1.000000000000e+05 3.190374399742e+04 5.346207860538e+02 1.800000000000e+06 1.010395330472e+05 1.671133136000e+06 6.684523792000e+06 0.000000000000e+00 0.000000000000e+00 0.000000000000e+00 8.494858325131e-04 2.723844403344e-04 1.511545552711e-02 0.000000000000e+00 0.000000000000e+00 0.000000000000e+00 0.000000000000e+00 0.000000000000e+00 
9.490000000000e+00 1.270712776119e-03 1.502538434819e-02 2.710632140760e-04 1.263687765251e+05 1.328332401104e+05 1.000000000000e+05 3.191254539498e+04 5.350800382946e+02 1.800000000000e+06 1.009693232747e+05 1.671133136000e+06 6.684523792000e+06 0.000000000000e+00 0.000000000000e+00 0.000000000000e+00 8.488955466589e-04 2.720838785781e-04 1.510494231621e-02 0.000000000000e+00 0.000000000000e+00 0.000000000000e+00 0.000000000000e+00 0.000000000000e+00 
9.495000000000e+00 1.269412848362e-03 1.513198912691e-02 2.504063915601e-04 1.265472288905e+05 1.325282327118e+05 1.000000000000e+05 3.192070602893e+04 5.355059694555e+02 1.800000000000e+06 1.009722537595e+05 1.671133136000e+06 6.684523792000e+06 0.000000000000e+00 0.000000000000e+00 0.000000000000e+00 8.489201845925e-04 2.718055392140e-04 1.510537348258e-02 0.000000000000e+00 0.000000000000e+00 0.000000000000e+00 0.000000000000e+00 0.000000000000e+00 
9.500000000000e+00 1.268214802906e-03 1.521196465974e-02 2.305369280127e-04 1.267322005709e+05 1.322464229840e+05 1.000000000000e+05 3.192823586721e+04 5.358990596089e+02 1.800000000000e+06 1.010267320170e+05 1.671133136000e+06 6.684523792000e+06 0.000000000000e+00 0.000000000000e+00 0.000000000000e+00 8.493782083640e-04 2.715490147967e-04 1.511351853962e-02 0.000000000000e+00 0.000000000000e+00 0.000000000000e+00 0.000000000000e+00 0.000000000000e+00 
9.505000000000e+00 1.267113027305e-03 1.526684700249e-02 2.121012991624e-04 1.269067792613e+05 1.319866574600e+05 1.000000000000e+05 3.193516839597e+04 5.362610222830e+02 1.800000000000e+06 1.011135737098e+05 1.671133136000e+06 6.684523792000e+06 0.000000000000e+00 0.000000000000e+00 0.000000000000e+00 8.501083264226e-04 2.713131035943e-04 1.512650721073e-02 0.000000000000e+00 0.000000000000e+00 0.000000000000e+00 0.000000000000e+00 0.000000000000e+00 
9.510000000000e+00 1.266099686028e-03 1.530065888519e-02 1.953251367549e-04 1.270635300164e+05 1.317472323895e+05 1.000000000000e+05 3.194155122888e+04 5.365943215213e+02 1.800000000000e+06 1.012169793921e+05 1.671133136000e+06 6.684523792000e+06 0.000000000000e+00 0.000000000000e+00 0.000000000000e+00 8.509777055596e-04 2.710961278701e-04 1.514197546871e-02 0.000000000000e+00 0.000000000000e+00 0.000000000000e+00 0.000000000000e+00 0.000000000000e+00 
9.515000000000e+00 1.265165507047e-03 1.531539008667e-02 1.805195401986e-04 1.271926032839e+05 1.315260774184e+05 1.000000000000e+05 3.194744144560e+04 5.369019147732e+02 1.800000000000e+06 1.013242154237e+05 1.671133136000e+06 6.684523792000e+06 0.000000000000e+00 0.000000000000e+00 0.000000000000e+00 8.518792882066e-04 2.708961023055e-04 1.515801809787e-02 0.000000000000e+00 0.000000000000e+00 0.000000000000e+00 0.000000000000e+00 0.000000000000e+00 
9.520000000000e+00 1.264300554363e-03 1.531538799155e-02 1.676952519926e-04 1.272911873032e+05 1.313209389221e+05 1.000000000000e+05 3.195290049827e+04 5.371869981391e+02 1.800000000000e+06 1.014255122300e+05 1.671133136000e+06 6.684523792000e+06 0.000000000000e+00 0.000000000000e+00 0.000000000000e+00 8.527309370534e-04 2.707108994135e-04 1.517317317090e-02 0.000000000000e+00 0.000000000000e+00 0.000000000000e+00 0.000000000000e+00 0.000000000000e+00 
9.525000000000e+00 1.263495021437e-03 1.530408812932e-02 1.567790812915e-04 1.273585332638e+05 1.311295704692e+05 1.000000000000e+05 3.195798928346e+04 5.374527430771e+02 1.800000000000e+06 1.015140578228e+05 1.671133136000e+06 6.684523792000e+06 0.000000000000e+00 0.000000000000e+00 0.000000000000e+00 8.534753805828e-04 2.705384194268e-04 1.518642131088e-02 0.000000000000e+00 0.000000000000e+00 0.000000000000e+00 0.000000000000e+00 0.000000000000e+00 
9.530000000000e+00 1.262739617996e-03 1.528447769623e-02 1.476513734693e-04 1.273951539914e+05 1.309498280592e+05 1.000000000000e+05 3.196276567173e+04 5.377021662133e+02 1.800000000000e+06 1.015855055666e+05 1.671133136000e+06 6.684523792000e+06 0.000000000000e+00 0.000000000000e+00 0.000000000000e+00 8.540760746308e-04 2.703766731203e-04 1.519711201223e-02 0.000000000000e+00 0.000000000000e+00 0.000000000000e+00 0.000000000000e+00 0.000000000000e+00 
9.535000000000e+00 1.262025766937e-03 1.525888137764e-02 1.401786040555e-04 1.274020878473e+05 1.307797204053e+05 1.000000000000e+05 3.196728323382e+04 5.379380616868e+02 1.800000000000e+06 1.016374231978e+05 1.671133136000e+06 6.684523792000e+06 0.000000000000e+00 0.000000000000e+00 0.000000000000e+00 8.545125700388e-04 2.702238239725e-04 1.520488122371e-02 0.000000000000e+00 0.000000000000e+00 0.000000000000e+00 0.000000000000e+00 0.000000000000e+00 
9.540000000000e+00 1.261345613900e-03 1.522895113445e-02 1.341902076401e-04 1.273814578081e+05 1.306174143267e+05 1.000000000000e+05 3.197159112651e+04 5.381629955980e+02 1.800000000000e+06 1.016686475583e+05 1.671133136000e+06 6.684523792000e+06 0.000000000000e+00 0.000000000000e+00 0.000000000000e+00 8.547750876007e-04 2.700781902150e-04 1.520955481215e-02 0.000000000000e+00 0.000000000000e+00 0.000000000000e+00 0.000000000000e+00 0.000000000000e+00 
9.545000000000e+00 1.260692031049e-03 1.519580709382e-02 1.295431221396e-04 1.273349152080e+05 1.304612382602e+05 1.000000000000e+05 3.197573406961e+04 5.383793027565e+02 1.800000000000e+06 1.016788713884e+05 1.671133136000e+06 6.684523792000e+06 0.000000000000e+00 0.000000000000e+00 0.000000000000e+00 8.548610440428e-04 2.699382456418e-04 1.521108673138e-02 0.000000000000e+00 0.000000000000e+00 0.000000000000e+00 0.000000000000e+00 0.000000000000e+00 
9.550000000000e+00 1.260058690958e-03 1.516085716214e-02 1.260729814415e-04 1.272648313562e+05 1.303097021374e+05 1.000000000000e+05 3.197975182166e+04 5.385890605257e+02 1.800000000000e+06 1.016685160830e+05 1.671133136000e+06 6.684523792000e+06 0.000000000000e+00 0.000000000000e+00 0.000000000000e+00 8.547739822271e-04 2.698026354302e-04 1.520953993072e-02 0.000000000000e+00 0.000000000000e+00 0.000000000000e+00 0.000000000000e+00 0.000000000000e+00 
9.555000000000e+00 1.259440157545e-03 1.512464397060e-02 1.236368996068e-04 1.271732857409e+05 1.301615211338e+05 1.000000000000e+05 3.198367860008e+04 5.387940571819e+02 1.800000000000e+06 1.016386499624e+05 1.671133136000e+06 6.684523792000e+06 0.000000000000e+00 0.000000000000e+00 0.000000000000e+00 8.545228840132e-04 2.696701956112e-04 1.520507420388e-02 0.000000000000e+00 0.000000000000e+00 0.000000000000e+00 0.000000000000e+00 0.000000000000e+00 
9.560000000000e+00 1.258831611658e-03 1.508794548680e-02 1.220761487395e-04 1.270628989346e+05 1.300155516127e+05 1.000000000000e+05 3.198754478159e+04 5.389958815733e+02 1.800000000000e+06 1.015904500726e+05 1.671133136000e+06 6.684523792000e+06 0.000000000000e+00 0.000000000000e+00 0.000000000000e+00 8.541176453671e-04 2.695398943125e-04 1.519786559488e-02 0.000000000000e+00 0.000000000000e+00 0.000000000000e+00 0.000000000000e+00 0.000000000000e+00 
9.565000000000e+00 1.258228947011e-03 1.505104778027e-02 1.212610040467e-04 1.269357711085e+05 1.298708153757e+05 1.000000000000e+05 3.199137630081e+04 5.391958903563e+02 1.800000000000e+06 1.015253286268e+05 1.671133136000e+06 6.684523792000e+06 0.000000000000e+00 0.000000000000e+00 0.000000000000e+00 8.535701394167e-04 2.694108522994e-04 1.518812536730e-02 0.000000000000e+00 0.000000000000e+00 0.000000000000e+00 0.000000000000e+00 0.000000000000e+00 
9.570000000000e+00 1.257628636244e-03 1.501421906077e-02 1.210810037639e-04 1.267936825278e+05 1.297264686366e+05 1.000000000000e+05 3.199519548179e+04 5.393952515747e+02 1.800000000000e+06 1.014447211132e+05 1.671133136000e+06 6.684523792000e+06 0.000000000000e+00 0.000000000000e+00 0.000000000000e+00 8.528924349707e-04 2.692823142969e-04 1.517606826554e-02 0.000000000000e+00 0.000000000000e+00 0.000000000000e+00 0.000000000000e+00 0.000000000000e+00 
9.575000000000e+00 1.257027740732e-03 1.497780538726e-02 1.214356704774e-04 1.266383192099e+05 1.295818052909e+05 1.000000000000e+05 3.199902095866e+04 5.395949407061e+02 1.800000000000e+06 1.013501281180e+05 1.671133136000e+06 6.684523792000e+06 0.000000000000e+00 0.000000000000e+00 0.000000000000e+00 8.520971481468e-04 2.691536510896e-04 1.516191876718e-02 0.000000000000e+00 0.000000000000e+00 0.000000000000e+00 0.000000000000e+00 0.000000000000e+00 
9.580000000000e+00 1.256423860510e-03 1.494202036078e-02 1.222201400103e-04 1.264716087445e+05 1.294362457021e+05 1.000000000000e+05 3.200286797562e+04 5.397957566623e+02 1.800000000000e+06 1.012430618359e+05 1.671133136000e+06 6.684523792000e+06 0.000000000000e+00 0.000000000000e+00 0.000000000000e+00 8.511969926633e-04 2.690243487987e-04 1.514590309730e-02 0.000000000000e+00 0.000000000000e+00 0.000000000000e+00 0.000000000000e+00 0.000000000000e+00 
9.585000000000e+00 1.255815114419e-03 1.490704914250e-02 1.233453444921e-04 1.262952264169e+05 1.292893326695e+05 1.000000000000e+05 3.200674851458e+04 5.399983278157e+02 1.800000000000e+06 1.011250557764e+05 1.671133136000e+06 6.684523792000e+06 0.000000000000e+00 0.000000000000e+00 0.000000000000e+00 8.502048614381e-04 2.688940046323e-04 1.512825067148e-02 0.000000000000e+00 0.000000000000e+00 0.000000000000e+00 0.000000000000e+00 0.000000000000e+00 
9.590000000000e+00 1.255199980031e-03 1.487275538004e-02 1.247427050287e-04 1.261104412371e+05 1.291406934457e+05 1.000000000000e+05 3.201067230957e+04 5.402031647727e+02 1.800000000000e+06 1.009974612010e+05 1.671133136000e+06 6.684523792000e+06 0.000000000000e+00 0.000000000000e+00 0.000000000000e+00 8.491321151486e-04 2.687622926095e-04 1.510916366168e-02 0.000000000000e+00 0.000000000000e+00 0.000000000000e+00 0.000000000000e+00 0.000000000000e+00 
9.595000000000e+00 1.254577291778e-03 1.483927076196e-02 1.263398834563e-04 1.259187036821e+05 1.289900397709e+05 1.000000000000e+05 3.201464683915e+04 5.404106606262e+02 1.800000000000e+06 1.008615429493e+05 1.671133136000e+06 6.684523792000e+06 0.000000000000e+00 0.000000000000e+00 0.000000000000e+00 8.479893878846e-04 2.686289631600e-04 1.508883129151e-02 0.000000000000e+00 0.000000000000e+00 0.000000000000e+00 0.000000000000e+00 0.000000000000e+00 
9.600000000000e+00 1.253946204652e-03 1.480661369148e-02 1.280777157374e-04 1.257212257820e+05 1.288371595655e+05 1.000000000000e+05 3.201867756104e+04 5.406211026903e+02 1.800000000000e+06 1.007184808921e+05 1.671133136000e+06 6.684523792000e+06 0.000000000000e+00 0.000000000000e+00 0.000000000000e+00 8.467865993609e-04 2.684938353511e-04 1.506743008018e-02 0.000000000000e+00 0.000000000000e+00 0.000000000000e+00 0.000000000000e+00 0.000000000000e+00 
9.605000000000e+00 1.253306146328e-03 1.477476382622e-02 1.299071192913e-04 1.255190440610e+05 1.286819057634e+05 1.000000000000e+05 3.202276821063e+04 5.408346881364e+02 1.800000000000e+06 1.005693558630e+05 1.671133136000e+06 6.684523792000e+06 0.000000000000e+00 0.000000000000e+00 0.000000000000e+00 8.455328366442e-04 2.683567866375e-04 1.504512173268e-02 0.000000000000e+00 0.000000000000e+00 0.000000000000e+00 0.000000000000e+00 0.000000000000e+00 
9.610000000000e+00 1.252656771292e-03 1.474369565605e-02 1.317860759611e-04 1.253130813796e+05 1.285241855581e+05 1.000000000000e+05 3.202692108758e+04 5.410515390179e+02 1.800000000000e+06 1.004151399239e+05 1.671133136000e+06 6.684523792000e+06 0.000000000000e+00 0.000000000000e+00 0.000000000000e+00 8.442362723049e-04 2.682177430379e-04 1.502205168095e-02 0.000000000000e+00 0.000000000000e+00 0.000000000000e+00 0.000000000000e+00 0.000000000000e+00 
9.615000000000e+00 1.251997923834e-03 1.471336023866e-02 1.336806233536e-04 1.251041134692e+05 1.283639517354e+05 1.000000000000e+05 3.203113728881e+04 5.412717143838e+02 1.800000000000e+06 1.002566989377e+05 1.671133136000e+06 6.684523792000e+06 0.000000000000e+00 0.000000000000e+00 0.000000000000e+00 8.429041860506e-04 2.680766712120e-04 1.499834947012e-02 0.000000000000e+00 0.000000000000e+00 0.000000000000e+00 0.000000000000e+00 0.000000000000e+00 
9.620000000000e+00 1.251329599567e-03 1.468368667742e-02 1.355642826924e-04 1.248927730511e+05 1.282011935908e+05 1.000000000000e+05 3.203541695080e+04 5.414952229297e+02 1.800000000000e+06 1.000947896354e+05 1.671133136000e+06 6.684523792000e+06 0.000000000000e+00 0.000000000000e+00 0.000000000000e+00 8.415429400684e-04 2.679335702200e-04 1.497412831962e-02 0.000000000000e+00 0.000000000000e+00 0.000000000000e+00 0.000000000000e+00 0.000000000000e+00 
9.625000000000e+00 1.250651912942e-03 1.465461569778e-02 1.374150100700e-04 1.246796158937e+05 1.280359292482e+05 1.000000000000e+05 3.203975945296e+04 5.417220336865e+02 1.800000000000e+06 9.993006381663e+04 1.671133136000e+06 6.684523792000e+06 0.000000000000e+00 0.000000000000e+00 0.000000000000e+00 8.401580143358e-04 2.677884645683e-04 1.494948574925e-02 0.000000000000e+00 0.000000000000e+00 0.000000000000e+00 0.000000000000e+00 0.000000000000e+00 
9.630000000000e+00 1.249965063187e-03 1.462599893173e-02 1.392224780784e-04 1.244649342210e+05 1.278681975363e+05 1.000000000000e+05 3.204416363744e+04 5.419520872820e+02 1.800000000000e+06 9.976306531119e+04 1.671133136000e+06 6.684523792000e+06 0.000000000000e+00 0.000000000000e+00 0.000000000000e+00 8.387539810812e-04 2.676413969155e-04 1.492450313159e-02 0.000000000000e+00 0.000000000000e+00 0.000000000000e+00 0.000000000000e+00 0.000000000000e+00 
9.635000000000e+00 1.249269284101e-03 1.459771345733e-02 1.409769962385e-04 1.242490143266e+05 1.276980458547e+05 1.000000000000e+05 3.204862812331e+04 5.421853126613e+02 1.800000000000e+06 9.959420377193e+04 1.671133136000e+06 6.684523792000e+06 0.000000000000e+00 0.000000000000e+00 0.000000000000e+00 8.373342844444e-04 2.674924173225e-04 1.489924176351e-02 0.000000000000e+00 0.000000000000e+00 0.000000000000e+00 0.000000000000e+00 0.000000000000e+00 
9.640000000000e+00 1.248564838738e-03 1.456964668554e-02 1.426805960393e-04 1.240318638621e+05 1.275255289399e+05 1.000000000000e+05 3.205315134589e+04 5.424216288189e+02 1.800000000000e+06 9.942378687015e+04 1.671133136000e+06 6.684523792000e+06 0.000000000000e+00 0.000000000000e+00 0.000000000000e+00 8.359015111593e-04 2.673415797572e-04 1.487374768346e-02 0.000000000000e+00 0.000000000000e+00 0.000000000000e+00 0.000000000000e+00 0.000000000000e+00 
9.645000000000e+00 1.247851951448e-03 1.454164510610e-02 1.443369719175e-04 1.238134402513e+05 1.273506922497e+05 1.000000000000e+05 3.205773198717e+04 5.426609675754e+02 1.800000000000e+06 9.925202111883e+04 1.671133136000e+06 6.684523792000e+06 0.000000000000e+00 0.000000000000e+00 0.000000000000e+00 8.344573974757e-04 2.671889370919e-04 1.484805179820e-02 0.000000000000e+00 0.000000000000e+00 0.000000000000e+00 0.000000000000e+00 0.000000000000e+00 
9.650000000000e+00 1.247130858449e-03 1.451355593007e-02 1.459536803798e-04 1.235936091427e+05 1.271735843349e+05 1.000000000000e+05 3.206236865255e+04 5.429032566227e+02 1.800000000000e+06 9.907901326849e+04 1.671133136000e+06 6.684523792000e+06 0.000000000000e+00 0.000000000000e+00 0.000000000000e+00 8.330028408943e-04 2.670345374237e-04 1.482217008918e-02 0.000000000000e+00 0.000000000000e+00 0.000000000000e+00 0.000000000000e+00 0.000000000000e+00 
9.655000000000e+00 1.246401735230e-03 1.448522435273e-02 1.475418821892e-04 1.233721321592e+05 1.269942390003e+05 1.000000000000e+05 3.206706033748e+04 5.431484439234e+02 1.800000000000e+06 9.890477470490e+04 1.671133136000e+06 6.684523792000e+06 0.000000000000e+00 0.000000000000e+00 0.000000000000e+00 8.315379371405e-04 2.668784183277e-04 1.479610427053e-02 0.000000000000e+00 0.000000000000e+00 0.000000000000e+00 0.000000000000e+00 0.000000000000e+00 
9.660000000000e+00 1.245664690563e-03 1.445649145950e-02 1.491163381138e-04 1.231486649667e+05 1.268126737267e+05 1.000000000000e+05 3.207180646741e+04 5.433964998033e+02 1.800000000000e+06 9.872922676853e+04 1.671133136000e+06 6.684523792000e+06 0.000000000000e+00 0.000000000000e+00 0.000000000000e+00 8.300620248873e-04 2.667206030946e-04 1.476984258499e-02 0.000000000000e+00 0.000000000000e+00 0.000000000000e+00 0.000000000000e+00 0.000000000000e+00 
9.665000000000e+00 1.244919753555e-03 1.442720411113e-02 1.506938309477e-04 1.229227922637e+05 1.266288863546e+05 1.000000000000e+05 3.207660698187e+04 5.436474214053e+02 1.800000000000e+06 9.855220930470e+04 1.671133136000e+06 6.684523792000e+06 0.000000000000e+00 0.000000000000e+00 0.000000000000e+00 8.285737576409e-04 2.665610979562e-04 1.474336108239e-02 0.000000000000e+00 0.000000000000e+00 0.000000000000e+00 0.000000000000e+00 0.000000000000e+00 
9.670000000000e+00 1.244166863808e-03 1.439721058771e-02 1.522932471434e-04 1.226940228619e+05 1.264428525055e+05 1.000000000000e+05 3.208146239987e+04 5.439012361167e+02 1.800000000000e+06 9.837348946169e+04 1.671133136000e+06 6.684523792000e+06 0.000000000000e+00 0.000000000000e+00 0.000000000000e+00 8.270711777096e-04 2.663998899806e-04 1.471662493630e-02 0.000000000000e+00 0.000000000000e+00 0.000000000000e+00 0.000000000000e+00 0.000000000000e+00 
9.675000000000e+00 1.243405865045e-03 1.436636846730e-02 1.539334424632e-04 1.224618401846e+05 1.262545238299e+05 1.000000000000e+05 3.208637386207e+04 5.441580038519e+02 1.800000000000e+06 9.819277160490e+04 1.671133136000e+06 6.684523792000e+06 0.000000000000e+00 0.000000000000e+00 0.000000000000e+00 8.255517995574e-04 2.662369457058e-04 1.468958992669e-02 0.000000000000e+00 0.000000000000e+00 0.000000000000e+00 0.000000000000e+00 0.000000000000e+00 
9.680000000000e+00 1.242636501790e-03 1.433454428371e-02 1.556345640764e-04 1.222256685566e+05 1.260638269932e+05 1.000000000000e+05 3.209134315542e+04 5.444178183168e+02 1.800000000000e+06 9.800970743666e+04 1.671133136000e+06 6.684523792000e+06 0.000000000000e+00 0.000000000000e+00 0.000000000000e+00 8.240126948854e-04 2.660722104299e-04 1.466220395399e-02 0.000000000000e+00 0.000000000000e+00 0.000000000000e+00 0.000000000000e+00 0.000000000000e+00 
9.685000000000e+00 1.241858419886e-03 1.430162047276e-02 1.574160094751e-04 1.219849232774e+05 1.258706635990e+05 1.000000000000e+05 3.209637271132e+04 5.446808069879e+02 1.800000000000e+06 9.782390790619e+04 1.671133136000e+06 6.684523792000e+06 0.000000000000e+00 0.000000000000e+00 0.000000000000e+00 8.224505927649e-04 2.659056083208e-04 1.463440882046e-02 0.000000000000e+00 0.000000000000e+00 0.000000000000e+00 0.000000000000e+00 0.000000000000e+00 
9.690000000000e+00 1.241071170000e-03 1.426749074100e-02 1.592974536113e-04 1.217389859119e+05 1.256749108505e+05 1.000000000000e+05 3.210146558613e+04 5.449471300837e+02 1.800000000000e+06 9.763495488579e+04 1.671133136000e+06 6.684523792000e+06 0.000000000000e+00 0.000000000000e+00 0.000000000000e+00 8.208619778041e-04 2.657370431679e-04 1.460614197731e-02 0.000000000000e+00 0.000000000000e+00 0.000000000000e+00 0.000000000000e+00 0.000000000000e+00 
9.695000000000e+00 1.240274213518e-03 1.423207313793e-02 1.612931333488e-04 1.214873467945e+05 1.254764228048e+05 1.000000000000e+05 3.210662542263e+04 5.452169787290e+02 1.800000000000e+06 9.744241238987e+04 1.671133136000e+06 6.684523792000e+06 0.000000000000e+00 0.000000000000e+00 0.000000000000e+00 8.192431844713e-04 2.655663996438e-04 1.457733820260e-02 0.000000000000e+00 0.000000000000e+00 0.000000000000e+00 0.000000000000e+00 0.000000000000e+00 
9.700000000000e+00 1.239466931202e-03 1.419529582376e-02 1.634192063349e-04 1.212294253902e+05 1.252750323240e+05 1.000000000000e+05 3.211185640062e+04 5.454905721763e+02 1.800000000000e+06 9.724583850303e+04 1.671133136000e+06 6.684523792000e+06 0.000000000000e+00 0.000000000000e+00 0.000000000000e+00 8.175904973807e-04 2.653935451581e-04 1.454793138630e-02 0.000000000000e+00 0.000000000000e+00 0.000000000000e+00 0.000000000000e+00 0.000000000000e+00 
9.705000000000e+00 1.238648634698e-03 1.415710885723e-02 1.656885642076e-04 1.209647012213e+05 1.250705537501e+05 1.000000000000e+05 3.211716316195e+04 5.457681540518e+02 1.800000000000e+06 9.704479564179e+04 1.671133136000e+06 6.684523792000e+06 0.000000000000e+00 0.000000000000e+00 0.000000000000e+00 8.159002375665e-04 2.652183323210e-04 1.451785606518e-02 0.000000000000e+00 0.000000000000e+00 0.000000000000e+00 0.000000000000e+00 0.000000000000e+00 
9.710000000000e+00 1.237818576960e-03 1.411748278110e-02 1.681119678131e-04 1.206926884734e+05 1.248627853274e+05 1.000000000000e+05 3.212255074591e+04 5.460499889547e+02 1.800000000000e+06 9.683886133535e+04 1.671133136000e+06 6.684523792000e+06 0.000000000000e+00 0.000000000000e+00 0.000000000000e+00 8.141688531225e-04 2.650406011758e-04 1.448704903540e-02 0.000000000000e+00 0.000000000000e+00 0.000000000000e+00 0.000000000000e+00 0.000000000000e+00 
9.715000000000e+00 1.236975966926e-03 1.407640328103e-02 1.706981463600e-04 1.204129372749e+05 1.246515127099e+05 1.000000000000e+05 3.212802449609e+04 5.463363575977e+02 1.800000000000e+06 9.662763718230e+04 1.671133136000e+06 6.684523792000e+06 0.000000000000e+00 0.000000000000e+00 0.000000000000e+00 8.123929945047e-04 2.648601823411e-04 1.445545069310e-02 0.000000000000e+00 0.000000000000e+00 0.000000000000e+00 0.000000000000e+00 0.000000000000e+00 
9.720000000000e+00 1.236119982732e-03 1.403387437844e-02 1.734493736767e-04 1.201251470499e+05 1.244365121291e+05 1.000000000000e+05 3.213358997391e+04 5.466275524222e+02 1.800000000000e+06 9.641075621759e+04 1.671133136000e+06 6.684523792000e+06 0.000000000000e+00 0.000000000000e+00 0.000000000000e+00 8.105695764691e-04 2.646768998400e-04 1.442300613663e-02 0.000000000000e+00 0.000000000000e+00 0.000000000000e+00 0.000000000000e+00 0.000000000000e+00 
9.725000000000e+00 1.235249786031e-03 1.398991408822e-02 1.763685233727e-04 1.198289952626e+05 1.242175538679e+05 1.000000000000e+05 3.213925287100e+04 5.469238728181e+02 1.800000000000e+06 9.618788945810e+04 1.671133136000e+06 6.684523792000e+06 0.000000000000e+00 0.000000000000e+00 0.000000000000e+00 8.086958331034e-04 2.644905741669e-04 1.438966614560e-02 0.000000000000e+00 0.000000000000e+00 0.000000000000e+00 0.000000000000e+00 0.000000000000e+00 
9.730000000000e+00 1.234364536379e-03 1.394455520726e-02 1.794549049209e-04 1.195242445888e+05 1.239944057808e+05 1.000000000000e+05 3.214501891451e+04 5.472256202974e+02 1.800000000000e+06 9.595875080474e+04 1.671133136000e+06 6.684523792000e+06 0.000000000000e+00 0.000000000000e+00 0.000000000000e+00 8.067693590409e-04 2.643010253664e-04 1.435538791454e-02 0.000000000000e+00 0.000000000000e+00 0.000000000000e+00 0.000000000000e+00 0.000000000000e+00 
9.735000000000e+00 1.233463405650e-03 1.389784524802e-02 1.827043931562e-04 1.192107437498e+05 1.237668368567e+05 1.000000000000e+05 3.215089377410e+04 5.475330936302e+02 1.800000000000e+06 9.572310156580e+04 1.671133136000e+06 6.684523792000e+06 0.000000000000e+00 0.000000000000e+00 0.000000000000e+00 8.047881474904e-04 2.641080761212e-04 1.432013572957e-02 0.000000000000e+00 0.000000000000e+00 0.000000000000e+00 0.000000000000e+00 0.000000000000e+00 
9.740000000000e+00 1.232545591000e-03 1.384984237426e-02 1.861105317470e-04 1.188884037039e+05 1.235346204496e+05 1.000000000000e+05 3.215688297864e+04 5.478465844528e+02 1.800000000000e+06 9.548075263810e+04 1.671133136000e+06 6.684523792000e+06 0.000000000000e+00 0.000000000000e+00 0.000000000000e+00 8.027506085747e-04 2.639115545269e-04 1.428388129500e-02 0.000000000000e+00 0.000000000000e+00 0.000000000000e+00 0.000000000000e+00 0.000000000000e+00 
9.745000000000e+00 1.231610327822e-03 1.380061595751e-02 1.896646525826e-04 1.185571983204e+05 1.232975375428e+05 1.000000000000e+05 3.216299183179e+04 5.481663728487e+02 1.800000000000e+06 9.523156684755e+04 1.671133136000e+06 6.684523792000e+06 0.000000000000e+00 0.000000000000e+00 0.000000000000e+00 8.006555890081e-04 2.637112968667e-04 1.424660408341e-02 0.000000000000e+00 0.000000000000e+00 0.000000000000e+00 0.000000000000e+00 0.000000000000e+00 
9.750000000000e+00 1.230656900991e-03 1.375024179652e-02 1.933557328826e-04 1.182171712215e+05 1.230553796158e+05 1.000000000000e+05 3.216922533827e+04 5.484927234894e+02 1.800000000000e+06 9.497545949619e+04 1.671133136000e+06 6.684523792000e+06 0.000000000000e+00 0.000000000000e+00 0.000000000000e+00 7.985023766959e-04 2.635071500188e-04 1.420829141811e-02 0.000000000000e+00 0.000000000000e+00 0.000000000000e+00 0.000000000000e+00 0.000000000000e+00 
9.755000000000e+00 1.229684656064e-03 1.369880808083e-02 1.971704571287e-04 1.178684375788e+05 1.228079515357e+05 1.000000000000e+05 3.217558813001e+04 5.488258817625e+02 1.800000000000e+06 9.471239899820e+04 1.671133136000e+06 6.684523792000e+06 0.000000000000e+00 0.000000000000e+00 0.000000000000e+00 7.962907060814e-04 2.632989738544e-04 1.416893856749e-02 0.000000000000e+00 0.000000000000e+00 0.000000000000e+00 0.000000000000e+00 0.000000000000e+00 
9.760000000000e+00 1.228693009985e-03 1.364640600249e-02 2.010940232563e-04 1.175111671793e+05 1.225550743626e+05 1.000000000000e+05 3.218208439543e+04 5.491660700403e+02 1.800000000000e+06 9.444240754024e+04 1.671133136000e+06 6.684523792000e+06 0.000000000000e+00 0.000000000000e+00 0.000000000000e+00 7.940207636983e-04 2.630866435303e-04 1.412854884467e-02 0.000000000000e+00 0.000000000000e+00 0.000000000000e+00 0.000000000000e+00 0.000000000000e+00 
9.765000000000e+00 1.227681455759e-03 1.359312096764e-02 2.051105370946e-04 1.171455761824e+05 1.222965866522e+05 1.000000000000e+05 3.218871784766e+04 5.495134859907e+02 1.800000000000e+06 9.416555368581e+04 1.671133136000e+06 6.684523792000e+06 0.000000000000e+00 0.000000000000e+00 0.000000000000e+00 7.916931259913e-04 2.628700504888e-04 1.408713250158e-02 0.000000000000e+00 0.000000000000e+00 0.000000000000e+00 0.000000000000e+00 0.000000000000e+00 
9.770000000000e+00 1.226649570658e-03 1.353905243451e-02 2.091992416190e-04 1.167720245186e+05 1.220323466900e+05 1.000000000000e+05 3.219549166671e+04 5.498682996528e+02 1.800000000000e+06 9.388195308351e+04 1.671133136000e+06 6.684523792000e+06 0.000000000000e+00 0.000000000000e+00 0.000000000000e+00 7.893087652715e-04 2.626491042162e-04 1.404470683389e-02 0.000000000000e+00 0.000000000000e+00 0.000000000000e+00 0.000000000000e+00 0.000000000000e+00 
9.775000000000e+00 1.225597019420e-03 1.348428987552e-02 2.133461107724e-04 1.163907259257e+05 1.217622334767e+05 1.000000000000e+05 3.220240848291e+04 5.502306522109e+02 1.800000000000e+06 9.359176313419e+04 1.671133136000e+06 6.684523792000e+06 0.000000000000e+00 0.000000000000e+00 0.000000000000e+00 7.868690048802e-04 2.624237329266e-04 1.400129538393e-02 0.000000000000e+00 0.000000000000e+00 0.000000000000e+00 0.000000000000e+00 0.000000000000e+00 
9.780000000000e+00 1.224523561099e-03 1.342893621920e-02 2.175351301591e-04 1.160019688410e+05 1.214861486788e+05 1.000000000000e+05 3.220947032447e+04 5.506006534895e+02 1.800000000000e+06 9.329518346839e+04 1.671133136000e+06 6.684523792000e+06 0.000000000000e+00 0.000000000000e+00 0.000000000000e+00 7.843755232031e-04 2.621938850285e-04 1.395692801107e-02 0.000000000000e+00 0.000000000000e+00 0.000000000000e+00 0.000000000000e+00 0.000000000000e+00 
9.785000000000e+00 1.223429051213e-03 1.337309394717e-02 2.217459476990e-04 1.156061769923e+05 1.212040174058e+05 1.000000000000e+05 3.221667859910e+04 5.509783810426e+02 1.800000000000e+06 9.299245349365e+04 1.671133136000e+06 6.684523792000e+06 0.000000000000e+00 0.000000000000e+00 0.000000000000e+00 7.818303330497e-04 2.619595295861e-04 1.391164052613e-02 0.000000000000e+00 0.000000000000e+00 0.000000000000e+00 0.000000000000e+00 0.000000000000e+00 
9.790000000000e+00 1.222313443869e-03 1.331686081125e-02 2.259564649493e-04 1.152038456283e+05 1.209157890038e+05 1.000000000000e+05 3.222403407835e+04 5.513638792355e+02 1.800000000000e+06 9.268384744987e+04 1.671133136000e+06 6.684523792000e+06 0.000000000000e+00 0.000000000000e+00 0.000000000000e+00 7.792357400808e-04 2.617206567723e-04 1.386547395131e-02 0.000000000000e+00 0.000000000000e+00 0.000000000000e+00 0.000000000000e+00 0.000000000000e+00 
9.795000000000e+00 1.221176792535e-03 1.326033384592e-02 2.301475660650e-04 1.147954228097e+05 1.206214375277e+05 1.000000000000e+05 3.223153689166e+04 5.517571587718e+02 1.800000000000e+06 9.236967052285e+04 1.671133136000e+06 6.684523792000e+06 0.000000000000e+00 0.000000000000e+00 0.000000000000e+00 7.765943101341e-04 2.614772780362e-04 1.381847393874e-02 0.000000000000e+00 0.000000000000e+00 0.000000000000e+00 0.000000000000e+00 0.000000000000e+00 
9.800000000000e+00 1.220019249313e-03 1.320361038242e-02 2.342973376624e-04 1.143814557275e+05 1.203209618421e+05 1.000000000000e+05 3.223918652422e+04 5.521581967288e+02 1.800000000000e+06 9.205025546638e+04 1.671133136000e+06 6.684523792000e+06 0.000000000000e+00 0.000000000000e+00 0.000000000000e+00 7.739088408234e-04 2.612294259458e-04 1.377069026532e-02 0.000000000000e+00 0.000000000000e+00 0.000000000000e+00 0.000000000000e+00 0.000000000000e+00 
9.805000000000e+00 1.218841063290e-03 1.314677956466e-02 2.383879641251e-04 1.139624162440e+05 1.200143855003e+05 1.000000000000e+05 3.224698182783e+04 5.525669368988e+02 1.800000000000e+06 9.172595850267e+04 1.671133136000e+06 6.684523792000e+06 0.000000000000e+00 0.000000000000e+00 0.000000000000e+00 7.711823270728e-04 2.609771538351e-04 1.372217621918e-02 0.000000000000e+00 0.000000000000e+00 0.000000000000e+00 0.000000000000e+00 0.000000000000e+00 
9.810000000000e+00 1.217642578974e-03 1.308993357328e-02 2.424005370614e-04 1.135388322235e+05 1.197017566593e+05 1.000000000000e+05 3.225492102429e+04 5.529832900910e+02 1.800000000000e+06 9.139715644601e+04 1.671133136000e+06 6.684523792000e+06 0.000000000000e+00 0.000000000000e+00 0.000000000000e+00 7.684179369336e-04 2.607205354702e-04 1.367298816912e-02 0.000000000000e+00 0.000000000000e+00 0.000000000000e+00 0.000000000000e+00 0.000000000000e+00 
9.815000000000e+00 1.216424233802e-03 1.303315793926e-02 2.463169534565e-04 1.131112392679e+05 1.193831477620e+05 1.000000000000e+05 3.226300171868e+04 5.534071347499e+02 1.800000000000e+06 9.106424378362e+04 1.671133136000e+06 6.684523792000e+06 0.000000000000e+00 0.000000000000e+00 0.000000000000e+00 7.656189870410e-04 2.604596645148e-04 1.362318512843e-02 0.000000000000e+00 0.000000000000e+00 0.000000000000e+00 0.000000000000e+00 0.000000000000e+00 
9.820000000000e+00 1.215186553685e-03 1.297653397685e-02 2.501201458394e-04 1.126801740292e+05 1.190586547146e+05 1.000000000000e+05 3.227122092482e+04 5.538383182511e+02 1.800000000000e+06 9.072762781949e+04 1.671133136000e+06 6.684523792000e+06 0.000000000000e+00 0.000000000000e+00 0.000000000000e+00 7.627889017873e-04 2.601946535764e-04 1.357282802820e-02 0.000000000000e+00 0.000000000000e+00 0.000000000000e+00 0.000000000000e+00 0.000000000000e+00 
9.825000000000e+00 1.213930148854e-03 1.292014062721e-02 2.537933796296e-04 1.122461913552e+05 1.187283961417e+05 1.000000000000e+05 3.227957508805e+04 5.542766580927e+02 1.800000000000e+06 9.038772576759e+04 1.671133136000e+06 6.684523792000e+06 0.000000000000e+00 0.000000000000e+00 0.000000000000e+00 7.599311888820e-04 2.599256333174e-04 1.352197928231e-02 0.000000000000e+00 0.000000000000e+00 0.000000000000e+00 0.000000000000e+00 0.000000000000e+00 
9.830000000000e+00 1.212655708941e-03 1.286405132912e-02 2.573215415707e-04 1.118098304366e+05 1.183925124377e+05 1.000000000000e+05 3.228806011441e+04 5.547219433575e+02 1.800000000000e+06 9.004496161683e+04 1.671133136000e+06 6.684523792000e+06 0.000000000000e+00 0.000000000000e+00 0.000000000000e+00 7.570494129950e-04 2.596527514012e-04 1.347070231862e-02 0.000000000000e+00 0.000000000000e+00 0.000000000000e+00 0.000000000000e+00 0.000000000000e+00 
9.835000000000e+00 1.211363997591e-03 1.280833409816e-02 2.606902817565e-04 1.113716354858e+05 1.180511646883e+05 1.000000000000e+05 3.229667140173e+04 5.551739363433e+02 1.800000000000e+06 8.969976290862e+04 1.671133136000e+06 6.684523792000e+06 0.000000000000e+00 0.000000000000e+00 0.000000000000e+00 7.541471686637e-04 2.593761713391e-04 1.341906109686e-02 0.000000000000e+00 0.000000000000e+00 0.000000000000e+00 0.000000000000e+00 0.000000000000e+00 
9.840000000000e+00 1.210055846119e-03 1.275305102471e-02 2.638860857713e-04 1.109321524549e+05 1.177045333280e+05 1.000000000000e+05 3.230540387784e+04 5.556323745382e+02 1.800000000000e+06 8.935255692079e+04 1.671133136000e+06 6.684523792000e+06 0.000000000000e+00 0.000000000000e+00 0.000000000000e+00 7.512280482093e-04 2.590960711312e-04 1.336711953782e-02 0.000000000000e+00 0.000000000000e+00 0.000000000000e+00 0.000000000000e+00 0.000000000000e+00 
9.845000000000e+00 1.208732147344e-03 1.269826136128e-02 2.668979421697e-04 1.104918847377e+05 1.173528168289e+05 1.000000000000e+05 3.231425203866e+04 5.560969725436e+02 1.800000000000e+06 8.900376823457e+04 1.671133136000e+06 6.684523792000e+06 0.000000000000e+00 0.000000000000e+00 0.000000000000e+00 7.482956212814e-04 2.588126419476e-04 1.331494115879e-02 0.000000000000e+00 0.000000000000e+00 0.000000000000e+00 0.000000000000e+00 0.000000000000e+00 
9.850000000000e+00 1.207393849750e-03 1.264401915410e-02 2.697153605056e-04 1.100513424591e+05 1.169962304569e+05 1.000000000000e+05 3.232320998231e+04 5.565674239005e+02 1.800000000000e+06 8.865381711710e+04 1.671133136000e+06 6.684523792000e+06 0.000000000000e+00 0.000000000000e+00 0.000000000000e+00 7.453534212594e-04 2.585260868769e-04 1.326258883214e-02 0.000000000000e+00 0.000000000000e+00 0.000000000000e+00 0.000000000000e+00 0.000000000000e+00 
9.855000000000e+00 1.206041950237e-03 1.259037084615e-02 2.723293966087e-04 1.096110142719e+05 1.166350046321e+05 1.000000000000e+05 3.233227145470e+04 5.570434034247e+02 1.800000000000e+06 8.830311584310e+04 1.671133136000e+06 6.684523792000e+06 0.000000000000e+00 0.000000000000e+00 0.000000000000e+00 7.424049143262e-04 2.582366193743e-04 1.321012423498e-02 0.000000000000e+00 0.000000000000e+00 0.000000000000e+00 0.000000000000e+00 0.000000000000e+00 
9.860000000000e+00 1.204677487092e-03 1.253735851941e-02 2.747324060687e-04 1.091713717564e+05 1.162693833216e+05 1.000000000000e+05 3.234142989313e+04 5.575245694853e+02 1.800000000000e+06 8.795206620231e+04 1.671133136000e+06 6.684523792000e+06 0.000000000000e+00 0.000000000000e+00 0.000000000000e+00 7.394534785132e-04 2.579444617571e-04 1.315760747609e-02 0.000000000000e+00 0.000000000000e+00 0.000000000000e+00 0.000000000000e+00 0.000000000000e+00 
9.865000000000e+00 1.203301533493e-03 1.248502002496e-02 2.769181323373e-04 1.087328653169e+05 1.158996225453e+05 1.000000000000e+05 3.235067846700e+04 5.580105661186e+02 1.800000000000e+06 8.760105807758e+04 1.671133136000e+06 6.684523792000e+06 0.000000000000e+00 0.000000000000e+00 0.000000000000e+00 7.365023917450e-04 2.576498438133e-04 1.310509688313e-02 0.000000000000e+00 0.000000000000e+00 0.000000000000e+00 0.000000000000e+00 0.000000000000e+00 
9.870000000000e+00 1.201915191114e-03 1.243338844790e-02 2.788814366524e-04 1.082959293176e+05 1.155259888801e+05 1.000000000000e+05 3.236001011798e+04 5.585010251264e+02 1.800000000000e+06 8.725046819797e+04 1.671133136000e+06 6.684523792000e+06 0.000000000000e+00 0.000000000000e+00 0.000000000000e+00 7.335548213557e-04 2.573530014327e-04 1.305264881616e-02 0.000000000000e+00 0.000000000000e+00 0.000000000000e+00 0.000000000000e+00 0.000000000000e+00 
9.875000000000e+00 1.200519582960e-03 1.238248897959e-02 2.806188068990e-04 1.078609667941e+05 1.151487577252e+05 1.000000000000e+05 3.236941760617e+04 5.589955684726e+02 1.800000000000e+06 8.690065761351e+04 1.671133136000e+06 6.684523792000e+06 0.000000000000e+00 0.000000000000e+00 0.000000000000e+00 7.306138028593e-04 2.570541750718e-04 1.300031729003e-02 0.000000000000e+00 0.000000000000e+00 0.000000000000e+00 0.000000000000e+00 0.000000000000e+00 
9.880000000000e+00 1.199115844757e-03 1.233233738153e-02 2.821282033286e-04 1.074283508202e+05 1.147682111397e+05 1.000000000000e+05 3.237889356617e+04 5.594938112170e+02 1.800000000000e+06 8.655196722703e+04 1.671133136000e+06 6.684523792000e+06 0.000000000000e+00 0.000000000000e+00 0.000000000000e+00 7.276822023826e-04 2.567536079114e-04 1.294815330604e-02 0.000000000000e+00 0.000000000000e+00 0.000000000000e+00 0.000000000000e+00 0.000000000000e+00 
9.885000000000e+00 1.197705122830e-03 1.228297217332e-02 2.834077081619e-04 1.069984588526e+05 1.143846374031e+05 1.000000000000e+05 3.238843051902e+04 5.599953621748e+02 1.800000000000e+06 8.620472440052e+04 1.671133136000e+06 6.684523792000e+06 0.000000000000e+00 0.000000000000e+00 0.000000000000e+00 7.247627722084e-04 2.564515454020e-04 1.289620583798e-02 0.000000000000e+00 0.000000000000e+00 0.000000000000e+00 0.000000000000e+00 0.000000000000e+00 
9.890000000000e+00 1.196288564769e-03 1.223437792840e-02 2.844599262954e-04 1.065715552327e+05 1.139983285879e+05 1.000000000000e+05 3.239802093665e+04 5.604998271602e+02 1.800000000000e+06 8.585923467349e+04 1.671133136000e+06 6.684523792000e+06 0.000000000000e+00 0.000000000000e+00 0.000000000000e+00 7.218580811480e-04 2.561482332642e-04 1.284452059860e-02 0.000000000000e+00 0.000000000000e+00 0.000000000000e+00 0.000000000000e+00 0.000000000000e+00 
9.895000000000e+00 1.194867311783e-03 1.218657056089e-02 2.852847571994e-04 1.061479770306e+05 1.136095785479e+05 1.000000000000e+05 3.240765728864e+04 5.610068116601e+02 1.800000000000e+06 8.551578140523e+04 1.671133136000e+06 6.684523792000e+06 0.000000000000e+00 0.000000000000e+00 0.000000000000e+00 7.189705115332e-04 2.558439158530e-04 1.279313998016e-02 0.000000000000e+00 0.000000000000e+00 0.000000000000e+00 0.000000000000e+00 0.000000000000e+00 
9.900000000000e+00 1.193442495210e-03 1.213955148984e-02 2.858848677987e-04 1.057279902449e+05 1.132186820003e+05 1.000000000000e+05 3.241733206880e+04 5.615159220595e+02 1.800000000000e+06 8.517462605861e+04 1.671133136000e+06 6.684523792000e+06 0.000000000000e+00 0.000000000000e+00 0.000000000000e+00 7.161022616027e-04 2.555388354093e-04 1.274210309989e-02 0.000000000000e+00 0.000000000000e+00 0.000000000000e+00 0.000000000000e+00 0.000000000000e+00 
9.905000000000e+00 1.192015231344e-03 1.209332372674e-02 2.862646523791e-04 1.053118149220e+05 1.128259331241e+05 1.000000000000e+05 3.242703782957e+04 5.620267674823e+02 1.800000000000e+06 8.483601069084e+04 1.671133136000e+06 6.684523792000e+06 0.000000000000e+00 0.000000000000e+00 0.000000000000e+00 7.132553664428e-04 2.552332309532e-04 1.269144617178e-02 0.000000000000e+00 0.000000000000e+00 0.000000000000e+00 0.000000000000e+00 0.000000000000e+00 
9.910000000000e+00 1.190586615829e-03 1.204787727203e-02 2.864260656736e-04 1.048997326249e+05 1.124316240007e+05 1.000000000000e+05 3.243676721810e+04 5.625389618163e+02 1.800000000000e+06 8.450015436124e+04 1.671133136000e+06 6.684523792000e+06 0.000000000000e+00 0.000000000000e+00 0.000000000000e+00 7.104316677859e-04 2.549273370831e-04 1.264120196955e-02 0.000000000000e+00 0.000000000000e+00 0.000000000000e+00 0.000000000000e+00 0.000000000000e+00 
9.915000000000e+00 1.189157718875e-03 1.200321256325e-02 2.863772356518e-04 1.044918586239e+05 1.120360432512e+05 1.000000000000e+05 3.244651301448e+04 5.630521254653e+02 1.800000000000e+06 8.416725666055e+04 1.671133136000e+06 6.684523792000e+06 0.000000000000e+00 0.000000000000e+00 0.000000000000e+00 7.076328436833e-04 2.546213829512e-04 1.259140035414e-02 0.000000000000e+00 0.000000000000e+00 0.000000000000e+00 0.000000000000e+00 0.000000000000e+00 
9.920000000000e+00 1.187729582203e-03 1.195931156880e-02 2.861239265626e-04 1.040883647030e+05 1.116394751199e+05 1.000000000000e+05 3.245626814863e+04 5.635658865039e+02 1.800000000000e+06 8.383749052131e+04 1.671133136000e+06 6.684523792000e+06 0.000000000000e+00 0.000000000000e+00 0.000000000000e+00 7.048603480583e-04 2.543155916099e-04 1.254206719905e-02 0.000000000000e+00 0.000000000000e+00 0.000000000000e+00 0.000000000000e+00 0.000000000000e+00 
9.925000000000e+00 1.186303212795e-03 1.191616536332e-02 2.856726606847e-04 1.036893952154e+05 1.112421976457e+05 1.000000000000e+05 3.246602574608e+04 5.640798829989e+02 1.800000000000e+06 8.351101203322e+04 1.671133136000e+06 6.684523792000e+06 0.000000000000e+00 0.000000000000e+00 0.000000000000e+00 7.021154932288e-04 2.540101786736e-04 1.249322585737e-02 0.000000000000e+00 0.000000000000e+00 0.000000000000e+00 0.000000000000e+00 0.000000000000e+00 
9.930000000000e+00 1.184879582663e-03 1.187377046757e-02 2.850306549832e-04 1.032950683171e+05 1.108444824770e+05 1.000000000000e+05 3.247577913111e+04 5.645937631871e+02 1.800000000000e+06 8.318795564078e+04 1.671133136000e+06 6.684523792000e+06 0.000000000000e+00 0.000000000000e+00 0.000000000000e+00 6.993994095316e-04 2.537053522685e-04 1.244489644350e-02 0.000000000000e+00 0.000000000000e+00 0.000000000000e+00 0.000000000000e+00 0.000000000000e+00 
9.935000000000e+00 1.183459623938e-03 1.183208160343e-02 2.842069970510e-04 1.029054429764e+05 1.104465933663e+05 1.000000000000e+05 3.248552186288e+04 5.651071873498e+02 1.800000000000e+06 8.286843332350e+04 1.671133136000e+06 6.684523792000e+06 0.000000000000e+00 0.000000000000e+00 0.000000000000e+00 6.967130384300e-04 2.534013119818e-04 1.239709571373e-02 0.000000000000e+00 0.000000000000e+00 0.000000000000e+00 0.000000000000e+00 0.000000000000e+00 
9.940000000000e+00 1.182044226954e-03 1.179109978985e-02 2.832097227499e-04 1.025205954323e+05 1.100487854755e+05 1.000000000000e+05 3.249524774890e+04 5.656198286257e+02 1.800000000000e+06 8.255253784557e+04 1.671133136000e+06 6.684523792000e+06 0.000000000000e+00 0.000000000000e+00 0.000000000000e+00 6.940571598351e-04 2.530982484507e-04 1.234983754635e-02 0.000000000000e+00 0.000000000000e+00 0.000000000000e+00 0.000000000000e+00 0.000000000000e+00 
9.945000000000e+00 1.180634237147e-03 1.175079402052e-02 2.820482524145e-04 1.021405534426e+05 1.096513043331e+05 1.000000000000e+05 3.250495086994e+04 5.661313742630e+02 1.800000000000e+06 8.224034319153e+04 1.671133136000e+06 6.684523792000e+06 0.000000000000e+00 0.000000000000e+00 0.000000000000e+00 6.914323957691e-04 2.527963426995e-04 1.230313301226e-02 0.000000000000e+00 0.000000000000e+00 0.000000000000e+00 0.000000000000e+00 0.000000000000e+00 
9.950000000000e+00 1.179230454635e-03 1.171114707663e-02 2.807313827470e-04 1.017653491650e+05 1.092543855276e+05 1.000000000000e+05 3.251462558419e+04 5.666415259129e+02 1.800000000000e+06 8.193190502078e+04 1.671133136000e+06 6.684523792000e+06 0.000000000000e+00 0.000000000000e+00 0.000000000000e+00 6.888392141860e-04 2.524957660487e-04 1.225699043979e-02 0.000000000000e+00 0.000000000000e+00 0.000000000000e+00 0.000000000000e+00 0.000000000000e+00 
9.955000000000e+00 1.177833632687e-03 1.167213450382e-02 2.792686503695e-04 1.013949821833e+05 1.088582540789e+05 1.000000000000e+05 3.252426654105e+04 5.671500003328e+02 1.800000000000e+06 8.162726202933e+04 1.671133136000e+06 6.684523792000e+06 0.000000000000e+00 0.000000000000e+00 0.000000000000e+00 6.862779404211e-04 2.521966797875e-04 1.221141561985e-02 0.000000000000e+00 0.000000000000e+00 0.000000000000e+00 0.000000000000e+00 0.000000000000e+00 
9.960000000000e+00 1.176444476668e-03 1.163373108983e-02 2.776697502646e-04 1.010294343572e+05 1.084631239359e+05 1.000000000000e+05 3.253386869068e+04 5.676565299199e+02 1.800000000000e+06 8.132643666740e+04 1.671133136000e+06 6.684523792000e+06 0.000000000000e+00 0.000000000000e+00 0.000000000000e+00 6.837487632237e-04 2.518992349483e-04 1.216641191291e-02 0.000000000000e+00 0.000000000000e+00 0.000000000000e+00 0.000000000000e+00 0.000000000000e+00 
9.965000000000e+00 1.175063643110e-03 1.159591314005e-02 2.759444139054e-04 1.006686725428e+05 1.080691974985e+05 1.000000000000e+05 3.254342729296e+04 5.681608632098e+02 1.800000000000e+06 8.102943561584e+04 1.671133136000e+06 6.684523792000e+06 0.000000000000e+00 0.000000000000e+00 0.000000000000e+00 6.812517387628e-04 2.516035721069e-04 1.212198032007e-02 0.000000000000e+00 0.000000000000e+00 0.000000000000e+00 0.000000000000e+00 0.000000000000e+00 
9.970000000000e+00 1.173691740428e-03 1.155865653518e-02 2.741022687744e-04 1.003126523394e+05 1.076766656063e+05 1.000000000000e+05 3.255293791523e+04 5.686627647731e+02 1.800000000000e+06 8.073625249496e+04 1.671133136000e+06 6.684523792000e+06 0.000000000000e+00 0.000000000000e+00 0.000000000000e+00 6.787868134012e-04 2.513098215364e-04 1.207811988845e-02 0.000000000000e+00 0.000000000000e+00 0.000000000000e+00 0.000000000000e+00 0.000000000000e+00 
9.975000000000e+00 1.172329328335e-03 1.152193568098e-02 2.721530210964e-04 9.996131279990e+04 1.072857071556e+05 1.000000000000e+05 3.256239643904e+04 5.691620155876e+02 1.800000000000e+06 8.044686759978e+04 1.671133136000e+06 6.684523792000e+06 0.000000000000e+00 0.000000000000e+00 0.000000000000e+00 6.763538214704e-04 2.510181030826e-04 1.203482767172e-02 0.000000000000e+00 0.000000000000e+00 0.000000000000e+00 0.000000000000e+00 0.000000000000e+00 
9.980000000000e+00 1.170976918185e-03 1.148572556109e-02 2.701062548848e-04 9.961458170879e+04 1.068964889763e+05 1.000000000000e+05 3.257179906045e+04 5.696584130764e+02 1.800000000000e+06 8.016124900422e+04 1.671133136000e+06 6.684523792000e+06 0.000000000000e+00 0.000000000000e+00 0.000000000000e+00 6.739524945530e-04 2.507285262357e-04 1.199209889510e-02 0.000000000000e+00 0.000000000000e+00 0.000000000000e+00 0.000000000000e+00 0.000000000000e+00 
9.985000000000e+00 1.169634973625e-03 1.145000095218e-02 2.679714630109e-04 9.927237475650e+04 1.065091658043e+05 1.000000000000e+05 3.258114228814e+04 5.701517710245e+02 1.800000000000e+06 7.987935386113e+04 1.671133136000e+06 6.684523792000e+06 0.000000000000e+00 0.000000000000e+00 0.000000000000e+00 6.715824724133e-04 2.504411902715e-04 1.194992714992e-02 0.000000000000e+00 0.000000000000e+00 0.000000000000e+00 0.000000000000e+00 0.000000000000e+00 
9.990000000000e+00 1.168303911480e-03 1.141473614422e-02 2.657580113104e-04 9.893459659108e+04 1.061238803215e+05 1.000000000000e+05 3.259042293986e+04 5.706419194110e+02 1.800000000000e+06 7.960112946986e+04 1.671133136000e+06 6.684523792000e+06 0.000000000000e+00 0.000000000000e+00 0.000000000000e+00 6.692433119726e-04 2.501561844401e-04 1.190830455337e-02 0.000000000000e+00 0.000000000000e+00 0.000000000000e+00 0.000000000000e+00 0.000000000000e+00 
9.995000000000e+00 1.166984104517e-03 1.137991526847e-02 2.634748715350e-04 9.860114871866e+04 1.057407637482e+05 1.000000000000e+05 3.259963812556e+04 5.711287035420e+02 1.800000000000e+06 7.932651725339e+04 1.671133136000e+06 6.684523792000e+06 0.000000000000e+00 0.000000000000e+00 0.000000000000e+00 6.669345207471e-04 2.498735885584e-04 1.186722234279e-02 0.000000000000e+00 0.000000000000e+00 0.000000000000e+00 0.000000000000e+00 0.000000000000e+00 
1.000000000000e+01 1.165675878398e-03 1.134549373059e-02 2.611321087834e-04 9.827188812415e+04 1.053599347550e+05 1.000000000000e+05 3.260878527203e+04 5.716119853230e+02 1.800000000000e+06 7.905544533910e+04 1.671133136000e+06 6.684523792000e+06 0.000000000000e+00 0.000000000000e+00 0.000000000000e+00 6.646554944707e-04 2.495934723565e-04 1.182666976836e-02 0.000000000000e+00 0.000000000000e+00 0.000000000000e+00 0.000000000000e+00 0.000000000000e+00 
