9.000000000000e+00 2.913595398720e-02 1.394658488411e-01 4.820717515420e-03 1.052438509129e+05 1.033785049283e+05 1.029906919943e+05 5.830485380686e+03 6.329316042502e+02 2.600000000000e+06 0.000000000000e+00 -8.752000000000e-01 -8.752000000000e-01 0.000000000000e+00 0.000000000000e+00 0.000000000000e+00 -0.000000000000e+00 1.627084573631e-02 0.000000000000e+00 0.000000000000e+00 0.000000000000e+00 0.000000000000e+00 0.000000000000e+00 0.000000000000e+00 
9.005000000000e+00 2.911223937984e-02 1.377445781311e-01 4.885356623053e-03 1.048880165374e+05 1.030610777760e+05 1.029687678623e+05 5.831682415827e+03 6.331346007362e+02 2.600000000000e+06 0.000000000000e+00 -8.752000000000e-01 -8.752000000000e-01 0.000000000000e+00 0.000000000000e+00 0.000000000000e+00 -0.000000000000e+00 1.625760243899e-02 0.000000000000e+00 0.000000000000e+00 0.000000000000e+00 0.000000000000e+00 0.000000000000e+00 0.000000000000e+00 
9.010000000000e+00 2.908822317224e-02 1.360575714023e-01 4.945976431777e-03 1.045282442771e+05 1.027389530803e+05 1.029467205922e+05 5.832895951622e+03 6.333419652452e+02 2.600000000000e+06 0.000000000000e+00 -8.752000000000e-01 -8.752000000000e-01 0.000000000000e+00 0.000000000000e+00 0.000000000000e+00 -0.000000000000e+00 1.624419070894e-02 0.000000000000e+00 0.000000000000e+00 0.000000000000e+00 0.000000000000e+00 0.000000000000e+00 0.000000000000e+00 
9.015000000000e+00 2.906392525038e-02 1.344075230835e-01 5.002488065917e-03 1.041648223259e+05 1.024123715122e+05 1.029245730776e+05 5.834125035054e+03 6.335535827731e+02 2.600000000000e+06 0.000000000000e+00 -8.752000000000e-01 -8.752000000000e-01 0.000000000000e+00 0.000000000000e+00 0.000000000000e+00 -0.000000000000e+00 1.623062165228e-02 0.000000000000e+00 0.000000000000e+00 0.000000000000e+00 0.000000000000e+00 0.000000000000e+00 0.000000000000e+00 
9.020000000000e+00 2.903936565372e-02 1.327965006352e-01 5.054884772126e-03 1.037980233773e+05 1.020815776213e+05 1.029023478286e+05 5.835368703652e+03 6.337693311902e+02 2.600000000000e+06 0.000000000000e+00 -8.752000000000e-01 -8.752000000000e-01 0.000000000000e+00 0.000000000000e+00 0.000000000000e+00 -0.000000000000e+00 1.621690646081e-02 0.000000000000e+00 0.000000000000e+00 0.000000000000e+00 0.000000000000e+00 0.000000000000e+00 0.000000000000e+00 
9.025000000000e+00 2.901456442634e-02 1.312262290115e-01 5.103149790774e-03 1.034281240680e+05 1.017468179206e+05 1.028800668268e+05 5.836625990188e+03 6.339890824028e+02 2.600000000000e+06 0.000000000000e+00 -8.752000000000e-01 -8.752000000000e-01 0.000000000000e+00 0.000000000000e+00 0.000000000000e+00 -0.000000000000e+00 1.620305632890e-02 0.000000000000e+00 0.000000000000e+00 0.000000000000e+00 0.000000000000e+00 0.000000000000e+00 0.000000000000e+00 
9.030000000000e+00 2.898954152544e-02 1.296979396426e-01 5.147331983591e-03 1.030553859358e+05 1.014083397178e+05 1.028577514379e+05 5.837895929381e+03 6.342127030838e+02 2.600000000000e+06 0.000000000000e+00 -8.752000000000e-01 -8.752000000000e-01 0.000000000000e+00 0.000000000000e+00 0.000000000000e+00 -0.000000000000e+00 1.618908240231e-02 0.000000000000e+00 0.000000000000e+00 0.000000000000e+00 0.000000000000e+00 0.000000000000e+00 0.000000000000e+00 
9.035000000000e+00 2.896431690404e-02 1.282129707586e-01 5.187422282340e-03 1.026800856634e+05 1.010663922929e+05 1.028354224843e+05 5.839177550014e+03 6.344400538838e+02 2.600000000000e+06 0.000000000000e+00 -8.752000000000e-01 -8.752000000000e-01 0.000000000000e+00 0.000000000000e+00 0.000000000000e+00 -0.000000000000e+00 1.617499582440e-02 0.000000000000e+00 0.000000000000e+00 0.000000000000e+00 0.000000000000e+00 0.000000000000e+00 0.000000000000e+00 
9.040000000000e+00 2.893891034654e-02 1.267722077378e-01 5.223477378179e-03 1.023024836568e+05 1.007212247227e+05 1.028131000976e+05 5.840469886782e+03 6.346709908762e+02 2.600000000000e+06 0.000000000000e+00 -8.752000000000e-01 -8.752000000000e-01 0.000000000000e+00 0.000000000000e+00 0.000000000000e+00 -0.000000000000e+00 1.616080764425e-02 0.000000000000e+00 0.000000000000e+00 0.000000000000e+00 0.000000000000e+00 0.000000000000e+00 0.000000000000e+00 
9.045000000000e+00 2.891334125169e-02 1.253762110784e-01 5.255612244225e-03 1.019228225779e+05 1.003730829577e+05 1.027908035358e+05 5.841771991076e+03 6.349053675761e+02 2.600000000000e+06 0.000000000000e+00 -8.752000000000e-01 -8.752000000000e-01 0.000000000000e+00 0.000000000000e+00 0.000000000000e+00 -0.000000000000e+00 1.614652869543e-02 0.000000000000e+00 0.000000000000e+00 0.000000000000e+00 0.000000000000e+00 0.000000000000e+00 0.000000000000e+00 
9.050000000000e+00 2.888762869540e-02 1.240254372588e-01 5.283880937507e-03 1.015413563514e+05 1.000222106757e+05 1.027685512490e+05 5.843082924349e+03 6.351430344770e+02 2.600000000000e+06 0.000000000000e+00 -8.752000000000e-01 -8.752000000000e-01 0.000000000000e+00 0.000000000000e+00 0.000000000000e+00 -0.000000000000e+00 1.613216958396e-02 0.000000000000e+00 0.000000000000e+00 0.000000000000e+00 0.000000000000e+00 0.000000000000e+00 0.000000000000e+00 
9.055000000000e+00 2.886179120276e-02 1.227201537029e-01 5.308336662287e-03 1.011583327101e+05 9.966884616124e+04 1.027463606973e+05 5.844401771516e+03 6.353838412934e+02 2.600000000000e+06 0.000000000000e+00 -8.752000000000e-01 -8.752000000000e-01 0.000000000000e+00 0.000000000000e+00 0.000000000000e+00 -0.000000000000e+00 1.611774079655e-02 0.000000000000e+00 0.000000000000e+00 0.000000000000e+00 0.000000000000e+00 0.000000000000e+00 0.000000000000e+00 
9.060000000000e+00 2.883584747190e-02 1.214601358790e-01 5.329032788332e-03 1.007740035213e+05 9.931323220000e+04 1.027242489850e+05 5.845727604085e+03 6.356276303393e+02 2.600000000000e+06 0.000000000000e+00 -8.752000000000e-01 -8.752000000000e-01 0.000000000000e+00 0.000000000000e+00 0.000000000000e+00 -0.000000000000e+00 1.610325263365e-02 0.000000000000e+00 0.000000000000e+00 0.000000000000e+00 0.000000000000e+00 0.000000000000e+00 0.000000000000e+00 
9.065000000000e+00 2.880981653268e-02 1.202448017766e-01 5.345738955798e-03 1.003886945707e+05 9.895561832905e+04 1.027022329927e+05 5.847059463604e+03 6.358742349611e+02 2.600000000000e+06 0.000000000000e+00 -8.752000000000e-01 -8.752000000000e-01 0.000000000000e+00 0.000000000000e+00 0.000000000000e+00 -0.000000000000e+00 1.608871576923e-02 0.000000000000e+00 0.000000000000e+00 0.000000000000e+00 0.000000000000e+00 0.000000000000e+00 0.000000000000e+00 
9.070000000000e+00 2.878372118891e-02 1.190793704015e-01 5.356774985353e-03 1.000031338749e+05 9.859630837587e+04 1.026803322480e+05 5.848396150874e+03 6.361234464259e+02 2.600000000000e+06 0.000000000000e+00 -8.752000000000e-01 -8.752000000000e-01 0.000000000000e+00 0.000000000000e+00 0.000000000000e+00 -0.000000000000e+00 1.607414293745e-02 0.000000000000e+00 0.000000000000e+00 0.000000000000e+00 0.000000000000e+00 0.000000000000e+00 0.000000000000e+00 
9.075000000000e+00 2.875760354182e-02 1.180007560159e-01 5.355255522852e-03 9.961957692965e+04 9.823587555714e+04 1.026585816874e+05 5.849735317720e+03 6.363748624912e+02 2.600000000000e+06 0.000000000000e+00 -8.752000000000e-01 -8.752000000000e-01 0.000000000000e+00 0.000000000000e+00 0.000000000000e+00 -0.000000000000e+00 1.605955764882e-02 0.000000000000e+00 0.000000000000e+00 0.000000000000e+00 0.000000000000e+00 0.000000000000e+00 0.000000000000e+00 
9.080000000000e+00 2.873156660844e-02 1.171327229747e-01 5.322599296834e-03 9.924397823486e+04 9.787574184538e+04 1.026370653065e+05 5.851071130951e+03 6.366274747977e+02 2.600000000000e+06 0.000000000000e+00 -8.752000000000e-01 -8.752000000000e-01 0.000000000000e+00 0.000000000000e+00 0.000000000000e+00 -0.000000000000e+00 1.604501743180e-02 0.000000000000e+00 0.000000000000e+00 0.000000000000e+00 0.000000000000e+00 0.000000000000e+00 0.000000000000e+00 
9.085000000000e+00 2.870584149005e-02 1.167447339229e-01 5.225555178035e-03 9.888771891306e+04 9.751911971060e+04 1.026159691316e+05 5.852390708107e+03 6.368789870667e+02 2.600000000000e+06 0.000000000000e+00 -8.752000000000e-01 -8.752000000000e-01 0.000000000000e+00 0.000000000000e+00 0.000000000000e+00 -0.000000000000e+00 1.603065134280e-02 0.000000000000e+00 0.000000000000e+00 0.000000000000e+00 0.000000000000e+00 0.000000000000e+00 0.000000000000e+00 
9.090000000000e+00 2.868087121760e-02 1.173150519061e-01 5.008849636282e-03 9.857064034419e+04 9.717219781553e+04 1.025956453763e+05 5.853669540235e+03 6.371249404765e+02 2.600000000000e+06 0.000000000000e+00 -8.752000000000e-01 -8.752000000000e-01 0.000000000000e+00 0.000000000000e+00 0.000000000000e+00 -0.000000000000e+00 1.601670678957e-02 0.000000000000e+00 0.000000000000e+00 0.000000000000e+00 0.000000000000e+00 0.000000000000e+00 0.000000000000e+00 
9.095000000000e+00 2.865743942115e-02 1.196213137517e-01 4.593785840476e-03 9.832333213039e+04 9.684596410054e+04 1.025767102974e+05 5.854864752393e+03 6.373573640757e+02 2.600000000000e+06 0.000000000000e+00 -8.752000000000e-01 -8.752000000000e-01 0.000000000000e+00 0.000000000000e+00 0.000000000000e+00 -0.000000000000e+00 1.600362138665e-02 0.000000000000e+00 0.000000000000e+00 0.000000000000e+00 0.000000000000e+00 0.000000000000e+00 0.000000000000e+00 
9.100000000000e+00 2.863671345659e-02 1.246472401566e-01 3.898048418339e-03 9.818306088603e+04 9.655684742280e+04 1.025600712065e+05 5.855913380535e+03 6.375642527888e+02 2.600000000000e+06 0.000000000000e+00 -8.752000000000e-01 -8.752000000000e-01 0.000000000000e+00 0.000000000000e+00 0.000000000000e+00 -0.000000000000e+00 1.599204704006e-02 0.000000000000e+00 0.000000000000e+00 0.000000000000e+00 0.000000000000e+00 0.000000000000e+00 0.000000000000e+00 
9.105000000000e+00 2.862027430471e-02 1.335561296619e-01 2.842291413902e-03 9.819258803614e+04 9.632715795605e+04 1.025469462604e+05 5.856730982596e+03 6.377292176902e+02 2.600000000000e+06 0.000000000000e+00 -8.752000000000e-01 -8.752000000000e-01 0.000000000000e+00 0.000000000000e+00 0.000000000000e+00 -0.000000000000e+00 1.598286664526e-02 0.000000000000e+00 0.000000000000e+00 0.000000000000e+00 0.000000000000e+00 0.000000000000e+00 0.000000000000e+00 
9.110000000000e+00 2.860982949110e-02 1.470547419343e-01 1.437199782356e-03 9.837489504015e+04 9.618105085869e+04 1.025386404001e+05 5.857229096560e+03 6.378344276699e+02 2.600000000000e+06 0.000000000000e+00 -8.752000000000e-01 -8.752000000000e-01 0.000000000000e+00 0.000000000000e+00 0.000000000000e+00 -0.000000000000e+00 1.597703376816e-02 0.000000000000e+00 0.000000000000e+00 0.000000000000e+00 0.000000000000e+00 0.000000000000e+00 0.000000000000e+00 
9.115000000000e+00 2.860730511210e-02 1.659343281268e-01 -3.911549816407e-04 9.877620925985e+04 9.614571865181e+04 1.025366368430e+05 5.857305539804e+03 6.378599018515e+02 2.600000000000e+06 0.000000000000e+00 -8.752000000000e-01 -8.752000000000e-01 0.000000000000e+00 0.000000000000e+00 0.000000000000e+00 -0.000000000000e+00 1.597562403543e-02 0.000000000000e+00 0.000000000000e+00 0.000000000000e+00 0.000000000000e+00 0.000000000000e+00 0.000000000000e+00 
9.120000000000e+00 2.861480845774e-02 1.907072305100e-01 -2.662195460841e-03 9.943182839028e+04 9.625071564751e+04 1.025425965291e+05 5.856850776684e+03 6.377842363634e+02 2.600000000000e+06 0.000000000000e+00 -8.752000000000e-01 -8.752000000000e-01 0.000000000000e+00 0.000000000000e+00 0.000000000000e+00 -0.000000000000e+00 1.597981425848e-02 0.000000000000e+00 0.000000000000e+00 0.000000000000e+00 0.000000000000e+00 0.000000000000e+00 0.000000000000e+00 
9.125000000000e+00 2.863430108890e-02 2.218278905713e-01 -5.341981117729e-03 1.003612466291e+05 9.652316218316e+04 1.025581411689e+05 5.855765247303e+03 6.375884126266e+02 2.600000000000e+06 0.000000000000e+00 -8.752000000000e-01 -8.752000000000e-01 0.000000000000e+00 0.000000000000e+00 0.000000000000e+00 -0.000000000000e+00 1.599069986087e-02 0.000000000000e+00 0.000000000000e+00 0.000000000000e+00 0.000000000000e+00 0.000000000000e+00 0.000000000000e+00 
9.130000000000e+00 2.866762723617e-02 2.592134141443e-01 -8.383650640541e-03 1.015780427435e+05 9.698788771274e+04 1.025849268241e+05 5.853957237450e+03 6.372561168437e+02 2.600000000000e+06 0.000000000000e+00 -8.752000000000e-01 -8.752000000000e-01 0.000000000000e+00 0.000000000000e+00 0.000000000000e+00 -0.000000000000e+00 1.600931073628e-02 0.000000000000e+00 0.000000000000e+00 0.000000000000e+00 0.000000000000e+00 0.000000000000e+00 0.000000000000e+00 
9.135000000000e+00 2.871636506108e-02 3.023403983899e-01 -1.171248811875e-02 1.030839831558e+05 9.766510227978e+04 1.026245796549e+05 5.851351518693e+03 6.367758683395e+02 2.600000000000e+06 0.000000000000e+00 -8.752000000000e-01 -8.752000000000e-01 0.000000000000e+00 0.000000000000e+00 0.000000000000e+00 -0.000000000000e+00 1.603652818929e-02 0.000000000000e+00 0.000000000000e+00 0.000000000000e+00 0.000000000000e+00 0.000000000000e+00 0.000000000000e+00 
9.140000000000e+00 2.878163368365e-02 3.502883344080e-01 -1.523454185205e-02 1.048683349239e+05 9.856753010122e+04 1.026785875942e+05 5.847899408302e+03 6.361434682311e+02 2.600000000000e+06 0.000000000000e+00 -8.752000000000e-01 -8.752000000000e-01 0.000000000000e+00 0.000000000000e+00 0.000000000000e+00 -0.000000000000e+00 1.607297717911e-02 0.000000000000e+00 0.000000000000e+00 0.000000000000e+00 0.000000000000e+00 0.000000000000e+00 0.000000000000e+00 
9.145000000000e+00 2.886405952295e-02 4.018809836051e-01 -1.884419217041e-02 1.069094842597e+05 9.969990033401e+04 1.027483020594e+05 5.843580369217e+03 6.353626210038e+02 2.600000000000e+06 0.000000000000e+00 -8.752000000000e-01 -8.752000000000e-01 0.000000000000e+00 0.000000000000e+00 0.000000000000e+00 -0.000000000000e+00 1.611900753002e-02 0.000000000000e+00 0.000000000000e+00 0.000000000000e+00 0.000000000000e+00 0.000000000000e+00 0.000000000000e+00 
9.150000000000e+00 2.896381179010e-02 4.557553979026e-01 -2.242664156684e-02 1.091765207585e+05 1.010595373105e+05 1.028349770524e+05 5.838399922615e+03 6.344446261987e+02 2.600000000000e+06 0.000000000000e+00 -8.752000000000e-01 -8.752000000000e-01 0.000000000000e+00 0.000000000000e+00 0.000000000000e+00 -0.000000000000e+00 1.617471374576e-02 0.000000000000e+00 0.000000000000e+00 0.000000000000e+00 0.000000000000e+00 0.000000000000e+00 0.000000000000e+00 
9.155000000000e+00 2.908054380779e-02 5.104584370795e-01 -2.587304784334e-02 1.116325770150e+05 1.026358107185e+05 1.029397036984e+05 5.832391694969e+03 6.334086495177e+02 2.600000000000e+06 0.000000000000e+00 -8.752000000000e-01 -8.752000000000e-01 0.000000000000e+00 0.000000000000e+00 0.000000000000e+00 -0.000000000000e+00 1.623990220555e-02 0.000000000000e+00 0.000000000000e+00 0.000000000000e+00 0.000000000000e+00 0.000000000000e+00 0.000000000000e+00 
9.160000000000e+00 2.921333537762e-02 5.645105052428e-01 -2.911057863666e-02 1.142416746466e+05 1.044097915832e+05 1.030633060137e+05 5.825618592158e+03 6.322815147360e+02 2.600000000000e+06 0.000000000000e+00 -8.752000000000e-01 -8.752000000000e-01 0.000000000000e+00 0.000000000000e+00 0.000000000000e+00 -0.000000000000e+00 1.631405910020e-02 0.000000000000e+00 0.000000000000e+00 0.000000000000e+00 0.000000000000e+00 0.000000000000e+00 0.000000000000e+00 
9.165000000000e+00 2.936098446509e-02 6.165485454085e-01 -3.206536045552e-02 1.169646460008e+05 1.063586808984e+05 1.032065317596e+05 5.818158122694e+03 6.310941947489e+02 2.600000000000e+06 0.000000000000e+00 -8.752000000000e-01 -8.752000000000e-01 0.000000000000e+00 0.000000000000e+00 0.000000000000e+00 -0.000000000000e+00 1.639651308595e-02 0.000000000000e+00 0.000000000000e+00 0.000000000000e+00 0.000000000000e+00 0.000000000000e+00 0.000000000000e+00 
9.170000000000e+00 2.952198392930e-02 6.654254592012e-01 -3.468239856043e-02 1.197638773241e+05 1.084559610189e+05 1.033699532863e+05 5.810102043287e+03 6.298810394119e+02 2.600000000000e+06 0.000000000000e+00 -8.752000000000e-01 -8.752000000000e-01 0.000000000000e+00 0.000000000000e+00 0.000000000000e+00 -0.000000000000e+00 1.648642253108e-02 0.000000000000e+00 0.000000000000e+00 0.000000000000e+00 0.000000000000e+00 0.000000000000e+00 0.000000000000e+00 
9.175000000000e+00 2.969460354558e-02 7.102026473235e-01 -3.692150120730e-02 1.226037502371e+05 1.106729385506e+05 1.035539506762e+05 5.801551412950e+03 6.286779703275e+02 2.600000000000e+06 0.000000000000e+00 -8.752000000000e-01 -8.752000000000e-01 0.000000000000e+00 0.000000000000e+00 0.000000000000e+00 -0.000000000000e+00 1.658282119921e-02 0.000000000000e+00 0.000000000000e+00 0.000000000000e+00 0.000000000000e+00 0.000000000000e+00 0.000000000000e+00 
9.180000000000e+00 2.987697287650e-02 7.501979137414e-01 -3.876288669344e-02 1.254531380676e+05 1.129802036502e+05 1.037586951883e+05 5.792611502003e+03 6.275207124786e+02 2.600000000000e+06 0.000000000000e+00 -8.752000000000e-01 -8.752000000000e-01 0.000000000000e+00 0.000000000000e+00 0.000000000000e+00 -0.000000000000e+00 1.668466455273e-02 0.000000000000e+00 0.000000000000e+00 0.000000000000e+00 0.000000000000e+00 0.000000000000e+00 0.000000000000e+00 
9.185000000000e+00 3.006716149272e-02 7.849684848410e-01 -4.019932707314e-02 1.282846196114e+05 1.153489289589e+05 1.039841375232e+05 5.783387454351e+03 6.264431812678e+02 2.600000000000e+06 0.000000000000e+00 -8.752000000000e-01 -8.752000000000e-01 0.000000000000e+00 0.000000000000e+00 0.000000000000e+00 -0.000000000000e+00 1.679087455185e-02 0.000000000000e+00 0.000000000000e+00 0.000000000000e+00 0.000000000000e+00 0.000000000000e+00 0.000000000000e+00 
9.190000000000e+00 3.026316681538e-02 8.142377171563e-01 -4.123784902855e-02 1.310745393035e+05 1.177509022840e+05 1.042298934718e+05 5.773984358970e+03 6.254765193601e+02 2.600000000000e+06 0.000000000000e+00 -8.752000000000e-01 -8.752000000000e-01 0.000000000000e+00 0.000000000000e+00 0.000000000000e+00 -0.000000000000e+00 1.690033286516e-02 0.000000000000e+00 0.000000000000e+00 0.000000000000e+00 0.000000000000e+00 0.000000000000e+00 0.000000000000e+00 
9.195000000000e+00 3.046306213436e-02 8.380283467708e-01 -4.190544168342e-02 1.338059211043e+05 1.201604358201e+05 1.044953325400e+05 5.764499715752e+03 6.246474137351e+02 2.600000000000e+06 0.000000000000e+00 -8.752000000000e-01 -8.752000000000e-01 0.000000000000e+00 0.000000000000e+00 0.000000000000e+00 -0.000000000000e+00 1.701196352982e-02 0.000000000000e+00 0.000000000000e+00 0.000000000000e+00 0.000000000000e+00 0.000000000000e+00 0.000000000000e+00 
9.200000000000e+00 3.066511082678e-02 8.565136105017e-01 -4.221878899729e-02 1.364629440426e+05 1.225556501057e+05 1.047796809050e+05 5.755018967992e+03 6.239772178627e+02 2.600000000000e+06 0.000000000000e+00 -8.752000000000e-01 -8.752000000000e-01 0.000000000000e+00 0.000000000000e+00 0.000000000000e+00 -0.000000000000e+00 1.712479673637e-02 0.000000000000e+00 0.000000000000e+00 0.000000000000e+00 0.000000000000e+00 0.000000000000e+00 0.000000000000e+00 
9.205000000000e+00 3.086767091268e-02 8.699660398765e-01 -4.219755602411e-02 1.390323950961e+05 1.249171595740e+05 1.050818662907e+05 5.745619913996e+03 6.234821753874e+02 2.600000000000e+06 0.000000000000e+00 -8.752000000000e-01 -8.752000000000e-01 0.000000000000e+00 0.000000000000e+00 0.000000000000e+00 -0.000000000000e+00 1.723791552827e-02 0.000000000000e+00 0.000000000000e+00 0.000000000000e+00 0.000000000000e+00 0.000000000000e+00 0.000000000000e+00 
9.210000000000e+00 3.106924209610e-02 8.787342454811e-01 -4.187431034170e-02 1.415060975164e+05 1.272284652019e+05 1.054005563891e+05 5.736370506913e+03 6.231731081130e+02 2.600000000000e+06 0.000000000000e+00 -8.752000000000e-01 -8.752000000000e-01 0.000000000000e+00 0.000000000000e+00 0.000000000000e+00 -0.000000000000e+00 1.735048207185e-02 0.000000000000e+00 0.000000000000e+00 0.000000000000e+00 0.000000000000e+00 0.000000000000e+00 0.000000000000e+00 
9.215000000000e+00 3.126846641391e-02 8.832182756644e-01 -4.127858560294e-02 1.438771999765e+05 1.294757595594e+05 1.057341531390e+05 5.727329627163e+03 6.230554819552e+02 2.600000000000e+06 0.000000000000e+00 -8.752000000000e-01 -8.752000000000e-01 0.000000000000e+00 0.000000000000e+00 0.000000000000e+00 -0.000000000000e+00 1.746173801854e-02 0.000000000000e+00 0.000000000000e+00 0.000000000000e+00 0.000000000000e+00 0.000000000000e+00 0.000000000000e+00 
9.220000000000e+00 3.146411474911e-02 8.838149279945e-01 -4.043642117113e-02 1.461397347264e+05 1.316475714353e+05 1.060807748127e+05 5.718548090800e+03 6.231295974911e+02 2.600000000000e+06 0.000000000000e+00 -8.752000000000e-01 -8.752000000000e-01 0.000000000000e+00 0.000000000000e+00 0.000000000000e+00 -0.000000000000e+00 1.757099697344e-02 0.000000000000e+00 0.000000000000e+00 0.000000000000e+00 0.000000000000e+00 0.000000000000e+00 0.000000000000e+00 
9.225000000000e+00 3.165508433914e-02 8.809057814805e-01 -3.937341467604e-02 1.482890750211e+05 1.337345468084e+05 1.064382649760e+05 5.710069057040e+03 6.233908549659e+02 2.600000000000e+06 0.000000000000e+00 -8.752000000000e-01 -8.752000000000e-01 0.000000000000e+00 0.000000000000e+00 0.000000000000e+00 -0.000000000000e+00 1.767764310367e-02 0.000000000000e+00 0.000000000000e+00 0.000000000000e+00 0.000000000000e+00 0.000000000000e+00 0.000000000000e+00 
9.230000000000e+00 3.184038968275e-02 8.748431760166e-01 -3.811304192898e-02 1.503213401126e+05 1.357291691611e+05 1.068042002855e+05 5.701928851061e+03 6.238301141212e+02 2.600000000000e+06 0.000000000000e+00 -8.752000000000e-01 -8.752000000000e-01 0.000000000000e+00 0.000000000000e+00 0.000000000000e+00 -0.000000000000e+00 1.778112606048e-02 0.000000000000e+00 0.000000000000e+00 0.000000000000e+00 0.000000000000e+00 0.000000000000e+00 0.000000000000e+00 
9.235000000000e+00 3.201914591995e-02 8.659321732529e-01 -3.667462275503e-02 1.522326870867e+05 1.376254198540e+05 1.071758901975e+05 5.694158096544e+03 6.244340922099e+02 2.600000000000e+06 0.000000000000e+00 -8.752000000000e-01 -8.752000000000e-01 0.000000000000e+00 0.000000000000e+00 0.000000000000e+00 -0.000000000000e+00 1.788095169772e-02 0.000000000000e+00 0.000000000000e+00 0.000000000000e+00 0.000000000000e+00 0.000000000000e+00 0.000000000000e+00 
9.240000000000e+00 3.219055467710e-02 8.544304869930e-01 -3.507503706621e-02 1.540194370950e+05 1.394184909246e+05 1.075503846845e+05 5.686782597998e+03 6.251857854888e+02 2.600000000000e+06 0.000000000000e+00 -8.752000000000e-01 -8.752000000000e-01 0.000000000000e+00 0.000000000000e+00 0.000000000000e+00 -0.000000000000e+00 1.797667416713e-02 0.000000000000e+00 0.000000000000e+00 0.000000000000e+00 0.000000000000e+00 0.000000000000e+00 0.000000000000e+00 
9.245000000000e+00 3.235389034818e-02 8.405478004842e-01 -3.332893875353e-02 1.556779145902e+05 1.411045257537e+05 1.079244861426e+05 5.679824204716e+03 6.260649087287e+02 2.600000000000e+06 0.000000000000e+00 -8.752000000000e-01 -8.752000000000e-01 0.000000000000e+00 0.000000000000e+00 0.000000000000e+00 -0.000000000000e+00 1.806788825715e-02 0.000000000000e+00 0.000000000000e+00 0.000000000000e+00 0.000000000000e+00 0.000000000000e+00 0.000000000000e+00 
9.250000000000e+00 3.250848918524e-02 8.244489909050e-01 -3.145032917043e-02 1.572046098084e+05 1.426804095040e+05 1.082947708563e+05 5.673301484870e+03 6.270483621722e+02 2.600000000000e+06 0.000000000000e+00 -8.752000000000e-01 -8.752000000000e-01 0.000000000000e+00 0.000000000000e+00 0.000000000000e+00 -0.000000000000e+00 1.815422330057e-02 0.000000000000e+00 0.000000000000e+00 0.000000000000e+00 0.000000000000e+00 0.000000000000e+00 0.000000000000e+00 
9.255000000000e+00 3.265376193769e-02 8.063010961189e-01 -2.945491188709e-02 1.585967899118e+05 1.441438126055e+05 1.086576742666e+05 5.667229364771e+03 6.281108975010e+02 2.600000000000e+06 0.000000000000e+00 -8.752000000000e-01 -8.752000000000e-01 0.000000000000e+00 0.000000000000e+00 0.000000000000e+00 -0.000000000000e+00 1.823535023288e-02 0.000000000000e+00 0.000000000000e+00 0.000000000000e+00 0.000000000000e+00 0.000000000000e+00 0.000000000000e+00 
9.260000000000e+00 3.278918050844e-02 7.862382318754e-01 -2.735422836847e-02 1.598511847638e+05 1.454929769995e+05 1.090095245071e+05 5.661620076523e+03 6.292256925159e+02 2.600000000000e+06 0.000000000000e+00 -8.752000000000e-01 -8.752000000000e-01 0.000000000000e+00 0.000000000000e+00 0.000000000000e+00 -0.000000000000e+00 1.831097414048e-02 0.000000000000e+00 0.000000000000e+00 0.000000000000e+00 0.000000000000e+00 0.000000000000e+00 0.000000000000e+00 
9.265000000000e+00 3.291428350245e-02 7.644003163742e-01 -2.516325761346e-02 1.609655815833e+05 1.467267055697e+05 1.093466274852e+05 5.656482950935e+03 6.303650777380e+02 2.600000000000e+06 0.000000000000e+00 -8.752000000000e-01 -8.752000000000e-01 0.000000000000e+00 0.000000000000e+00 0.000000000000e+00 -0.000000000000e+00 1.838083735932e-02 0.000000000000e+00 0.000000000000e+00 0.000000000000e+00 0.000000000000e+00 0.000000000000e+00 0.000000000000e+00 
9.270000000000e+00 3.302866653028e-02 7.409152111483e-01 -2.289472282641e-02 1.619376227526e+05 1.478442084556e+05 1.096653177068e+05 5.651825170033e+03 6.315011595983e+02 2.600000000000e+06 0.000000000000e+00 -8.752000000000e-01 -8.752000000000e-01 0.000000000000e+00 0.000000000000e+00 0.000000000000e+00 -0.000000000000e+00 1.844471405991e-02 0.000000000000e+00 0.000000000000e+00 0.000000000000e+00 0.000000000000e+00 0.000000000000e+00 0.000000000000e+00 
9.275000000000e+00 3.313200151099e-02 7.159201640439e-01 -2.056578244406e-02 1.627663933117e+05 1.488452423345e+05 1.099620918818e+05 5.647650998867e+03 6.326067230665e+02 2.600000000000e+06 0.000000000000e+00 -8.752000000000e-01 -8.752000000000e-01 0.000000000000e+00 0.000000000000e+00 0.000000000000e+00 -0.000000000000e+00 1.850242102696e-02 0.000000000000e+00 0.000000000000e+00 0.000000000000e+00 0.000000000000e+00 0.000000000000e+00 0.000000000000e+00 
9.280000000000e+00 3.322405053744e-02 6.895900877405e-01 -1.819476247054e-02 1.634520077795e+05 1.497301967015e+05 1.102337363707e+05 5.643961498588e+03 6.336561359072e+02 2.600000000000e+06 0.000000000000e+00 -8.752000000000e-01 -8.752000000000e-01 0.000000000000e+00 0.000000000000e+00 0.000000000000e+00 -0.000000000000e+00 1.855382540233e-02 0.000000000000e+00 0.000000000000e+00 0.000000000000e+00 0.000000000000e+00 0.000000000000e+00 0.000000000000e+00 
9.285000000000e+00 3.330464651133e-02 6.621019068641e-01 -1.579767401834e-02 1.639947711628e+05 1.504998682675e+05 1.104773550765e+05 5.640755577978e+03 6.346258389538e+02 2.600000000000e+06 0.000000000000e+00 -8.752000000000e-01 -8.752000000000e-01 0.000000000000e+00 0.000000000000e+00 0.000000000000e+00 -0.000000000000e+00 1.859883387080e-02 0.000000000000e+00 0.000000000000e+00 0.000000000000e+00 0.000000000000e+00 0.000000000000e+00 0.000000000000e+00 
9.290000000000e+00 3.337375181419e-02 6.337427473869e-01 -1.340958055847e-02 1.644000576139e+05 1.511559911547e+05 1.106906250239e+05 5.638027246176e+03 6.354956862560e+02 2.600000000000e+06 0.000000000000e+00 -8.752000000000e-01 -8.752000000000e-01 0.000000000000e+00 0.000000000000e+00 0.000000000000e+00 -0.000000000000e+00 1.863742542454e-02 0.000000000000e+00 0.000000000000e+00 0.000000000000e+00 0.000000000000e+00 0.000000000000e+00 0.000000000000e+00 
9.295000000000e+00 3.343146905275e-02 6.048247473750e-01 -1.105194963668e-02 1.646722728390e+05 1.517013084745e+05 1.108719086711e+05 5.635766129281e+03 6.362497118404e+02 2.600000000000e+06 0.000000000000e+00 -8.752000000000e-01 -8.752000000000e-01 0.000000000000e+00 0.000000000000e+00 0.000000000000e+00 -0.000000000000e+00 1.866965736382e-02 0.000000000000e+00 0.000000000000e+00 0.000000000000e+00 0.000000000000e+00 0.000000000000e+00 0.000000000000e+00 
9.300000000000e+00 3.347797851757e-02 5.756136966611e-01 -8.740031702098e-03 1.648155861873e+05 1.521389684458e+05 1.110201139883e+05 5.633959888685e+03 6.368757422417e+02 2.600000000000e+06 0.000000000000e+00 -8.752000000000e-01 -8.752000000000e-01 0.000000000000e+00 0.000000000000e+00 0.000000000000e+00 -0.000000000000e+00 1.869563037107e-02 0.000000000000e+00 0.000000000000e+00 0.000000000000e+00 0.000000000000e+00 0.000000000000e+00 0.000000000000e+00 
9.305000000000e+00 3.351355813239e-02 5.463998916779e-01 -6.497716264497e-03 1.648370602721e+05 1.524727184244e+05 1.111347861973e+05 5.632593079508e+03 6.373658513944e+02 2.600000000000e+06 0.000000000000e+00 -8.752000000000e-01 -8.752000000000e-01 0.000000000000e+00 0.000000000000e+00 0.000000000000e+00 -0.000000000000e+00 1.871549965152e-02 0.000000000000e+00 0.000000000000e+00 0.000000000000e+00 0.000000000000e+00 0.000000000000e+00 0.000000000000e+00 
9.310000000000e+00 3.353855053595e-02 5.173834275627e-01 -4.322371492360e-03 1.647396270338e+05 1.527066096376e+05 1.112160139058e+05 5.631649303220e+03 6.377159640365e+02 2.600000000000e+06 0.000000000000e+00 -8.752000000000e-01 -8.752000000000e-01 0.000000000000e+00 0.000000000000e+00 0.000000000000e+00 -0.000000000000e+00 1.872945655017e-02 0.000000000000e+00 0.000000000000e+00 0.000000000000e+00 0.000000000000e+00 0.000000000000e+00 0.000000000000e+00 
9.315000000000e+00 3.355344785206e-02 4.890228262695e-01 -2.282593796365e-03 1.645416740700e+05 1.528458119483e+05 1.112646994464e+05 5.631105410203e+03 6.379269610249e+02 2.600000000000e+06 0.000000000000e+00 -8.752000000000e-01 -8.752000000000e-01 0.000000000000e+00 0.000000000000e+00 0.000000000000e+00 -0.000000000000e+00 1.873777589134e-02 0.000000000000e+00 0.000000000000e+00 0.000000000000e+00 0.000000000000e+00 0.000000000000e+00 0.000000000000e+00 
9.320000000000e+00 3.355910636490e-02 4.618226351399e-01 -3.942983502871e-04 1.642563492385e+05 1.528986439272e+05 1.112832445222e+05 5.630925881737e+03 6.380075571751e+02 2.600000000000e+06 0.000000000000e+00 -8.752000000000e-01 -8.752000000000e-01 0.000000000000e+00 0.000000000000e+00 0.000000000000e+00 -0.000000000000e+00 1.874093586315e-02 0.000000000000e+00 0.000000000000e+00 0.000000000000e+00 0.000000000000e+00 0.000000000000e+00 0.000000000000e+00 
9.325000000000e+00 3.355672673868e-02 4.359943938012e-01 1.340319401729e-03 1.638987329719e+05 1.528764288166e+05 1.112754420553e+05 5.631062536302e+03 6.379736329677e+02 2.600000000000e+06 0.000000000000e+00 -8.752000000000e-01 -8.752000000000e-01 0.000000000000e+00 0.000000000000e+00 0.000000000000e+00 -0.000000000000e+00 1.873960697127e-02 0.000000000000e+00 0.000000000000e+00 0.000000000000e+00 0.000000000000e+00 0.000000000000e+00 0.000000000000e+00 
9.330000000000e+00 3.354620758211e-02 4.115889272658e-01 2.974100985777e-03 1.634572261723e+05 1.527781779492e+05 1.112410126456e+05 5.631520870578e+03 6.378241986401e+02 2.600000000000e+06 0.000000000000e+00 -8.752000000000e-01 -8.752000000000e-01 0.000000000000e+00 0.000000000000e+00 0.000000000000e+00 -0.000000000000e+00 1.873373259418e-02 0.000000000000e+00 0.000000000000e+00 0.000000000000e+00 0.000000000000e+00 0.000000000000e+00 0.000000000000e+00 
9.335000000000e+00 3.352798467013e-02 3.887160626497e-01 4.423761981075e-03 1.629528259617e+05 1.526077840308e+05 1.111816052802e+05 5.632282163564e+03 6.375673592588e+02 2.600000000000e+06 0.000000000000e+00 -8.752000000000e-01 -8.752000000000e-01 0.000000000000e+00 0.000000000000e+00 0.000000000000e+00 -0.000000000000e+00 1.872355608852e-02 0.000000000000e+00 0.000000000000e+00 0.000000000000e+00 0.000000000000e+00 0.000000000000e+00 0.000000000000e+00 
9.340000000000e+00 3.350301829624e-02 3.674632721420e-01 5.686732335972e-03 1.623980431625e+05 1.523739462920e+05 1.111006987689e+05 5.633309067301e+03 6.372196488717e+02 2.600000000000e+06 0.000000000000e+00 -8.752000000000e-01 -8.752000000000e-01 0.000000000000e+00 0.000000000000e+00 0.000000000000e+00 -0.000000000000e+00 1.870961372605e-02 0.000000000000e+00 0.000000000000e+00 0.000000000000e+00 0.000000000000e+00 0.000000000000e+00 0.000000000000e+00 
9.345000000000e+00 3.347241727302e-02 3.478983187707e-01 6.789508298230e-03 1.618018706501e+05 1.520867190879e+05 1.110022920868e+05 5.634559117089e+03 6.368000154920e+02 2.600000000000e+06 0.000000000000e+00 -8.752000000000e-01 -8.752000000000e-01 0.000000000000e+00 0.000000000000e+00 0.000000000000e+00 -0.000000000000e+00 1.869252471837e-02 0.000000000000e+00 0.000000000000e+00 0.000000000000e+00 0.000000000000e+00 0.000000000000e+00 0.000000000000e+00 
9.350000000000e+00 3.343682190937e-02 3.300163579976e-01 7.746628872234e-03 1.611696932919e+05 1.517517595971e+05 1.108888688167e+05 5.636008269377e+03 6.363209221645e+02 2.600000000000e+06 0.000000000000e+00 -8.752000000000e-01 -8.752000000000e-01 0.000000000000e+00 0.000000000000e+00 0.000000000000e+00 -0.000000000000e+00 1.867264664319e-02 0.000000000000e+00 0.000000000000e+00 0.000000000000e+00 0.000000000000e+00 0.000000000000e+00 0.000000000000e+00 
9.355000000000e+00 3.339692304609e-02 3.137827225325e-01 8.563789422277e-03 1.605092493058e+05 1.513752072024e+05 1.107630551095e+05 5.637630201583e+03 6.357953711041e+02 2.600000000000e+06 0.000000000000e+00 -8.752000000000e-01 -8.752000000000e-01 0.000000000000e+00 0.000000000000e+00 0.000000000000e+00 -0.000000000000e+00 1.865036529756e-02 0.000000000000e+00 0.000000000000e+00 0.000000000000e+00 0.000000000000e+00 0.000000000000e+00 0.000000000000e+00 
9.360000000000e+00 3.335337973985e-02 2.991417091834e-01 9.250832668279e-03 1.598271101609e+05 1.509629323272e+05 1.106273280268e+05 5.639399844896e+03 6.352355426316e+02 2.600000000000e+06 0.000000000000e+00 -8.752000000000e-01 -8.752000000000e-01 0.000000000000e+00 0.000000000000e+00 0.000000000000e+00 -0.000000000000e+00 1.862604872882e-02 0.000000000000e+00 0.000000000000e+00 0.000000000000e+00 0.000000000000e+00 0.000000000000e+00 0.000000000000e+00 
9.365000000000e+00 3.330680023751e-02 2.860207200747e-01 9.818799530674e-03 1.591289820184e+05 1.505203699382e+05 1.104839402638e+05 5.641294034403e+03 6.346524105265e+02 2.600000000000e+06 0.000000000000e+00 -8.752000000000e-01 -8.752000000000e-01 0.000000000000e+00 0.000000000000e+00 0.000000000000e+00 -0.000000000000e+00 1.860003660975e-02 0.000000000000e+00 0.000000000000e+00 0.000000000000e+00 0.000000000000e+00 0.000000000000e+00 0.000000000000e+00 
9.370000000000e+00 3.325773882491e-02 2.743338508514e-01 1.027530722651e-02 1.584205377025e+05 1.500524965975e+05 1.103349035772e+05 5.643291502695e+03 6.340556394753e+02 2.600000000000e+06 0.000000000000e+00 -8.752000000000e-01 -8.752000000000e-01 0.000000000000e+00 0.000000000000e+00 0.000000000000e+00 -0.000000000000e+00 1.857263847884e-02 0.000000000000e+00 0.000000000000e+00 0.000000000000e+00 0.000000000000e+00 0.000000000000e+00 0.000000000000e+00 
9.375000000000e+00 3.320671727380e-02 2.639990964522e-01 1.062814851943e-02 1.577069978692e+05 1.495640387608e+05 1.101820517324e+05 5.645372089863e+03 6.334538220435e+02 2.600000000000e+06 0.000000000000e+00 -8.752000000000e-01 -8.752000000000e-01 0.000000000000e+00 0.000000000000e+00 0.000000000000e+00 -0.000000000000e+00 1.854414571721e-02 0.000000000000e+00 0.000000000000e+00 0.000000000000e+00 0.000000000000e+00 0.000000000000e+00 0.000000000000e+00 
9.380000000000e+00 3.315421566485e-02 2.549342898557e-01 1.088635647472e-02 1.569928053174e+05 1.490593877428e+05 1.100270125616e+05 5.647517136948e+03 6.328543608515e+02 2.600000000000e+06 0.000000000000e+00 -8.752000000000e-01 -8.752000000000e-01 0.000000000000e+00 0.000000000000e+00 0.000000000000e+00 -0.000000000000e+00 1.851482642381e-02 0.000000000000e+00 0.000000000000e+00 0.000000000000e+00 0.000000000000e+00 0.000000000000e+00 0.000000000000e+00 
9.385000000000e+00 3.310067370855e-02 2.470555467794e-01 1.105746264338e-02 1.562821648200e+05 1.485426115288e+05 1.098712159955e+05 5.649709372206e+03 6.322635138752e+02 2.600000000000e+06 0.000000000000e+00 -8.752000000000e-01 -8.752000000000e-01 0.000000000000e+00 0.000000000000e+00 0.000000000000e+00 -0.000000000000e+00 1.848492615300e-02 0.000000000000e+00 0.000000000000e+00 0.000000000000e+00 0.000000000000e+00 0.000000000000e+00 0.000000000000e+00 
9.390000000000e+00 3.304649803730e-02 2.402970447424e-01 1.114810048659e-02 1.555790210349e+05 1.480175226776e+05 1.097159212981e+05 5.651932640116e+03 6.316865218337e+02 2.600000000000e+06 0.000000000000e+00 -8.752000000000e-01 -8.752000000000e-01 0.000000000000e+00 0.000000000000e+00 0.000000000000e+00 -0.000000000000e+00 1.845467198686e-02 0.000000000000e+00 0.000000000000e+00 0.000000000000e+00 0.000000000000e+00 0.000000000000e+00 0.000000000000e+00 
9.395000000000e+00 3.299208055762e-02 2.345858177861e-01 1.116746479521e-02 1.548866224244e+05 1.474878541048e+05 1.095622752555e+05 5.654171245373e+03 6.311278470578e+02 2.600000000000e+06 0.000000000000e+00 -8.752000000000e-01 -8.752000000000e-01 0.000000000000e+00 0.000000000000e+00 0.000000000000e+00 -0.000000000000e+00 1.842428278384e-02 0.000000000000e+00 0.000000000000e+00 0.000000000000e+00 0.000000000000e+00 0.000000000000e+00 0.000000000000e+00 
9.400000000000e+00 3.293775388547e-02 2.298512660312e-01 1.112092600079e-02 1.542081916977e+05 1.469568217012e+05 1.094111933688e+05 5.656411644083e+03 6.305907727864e+02 2.600000000000e+06 0.000000000000e+00 -8.752000000000e-01 -8.752000000000e-01 0.000000000000e+00 0.000000000000e+00 0.000000000000e+00 -0.000000000000e+00 1.839394429187e-02 0.000000000000e+00 0.000000000000e+00 0.000000000000e+00 0.000000000000e+00 0.000000000000e+00 0.000000000000e+00 
9.405000000000e+00 3.288382096609e-02 2.260348409138e-01 1.101400070124e-02 1.535465375930e+05 1.464274044702e+05 1.092634548350e+05 5.658641352860e+03 6.300778037520e+02 2.600000000000e+06 0.000000000000e+00 -8.752000000000e-01 -8.752000000000e-01 0.000000000000e+00 0.000000000000e+00 0.000000000000e+00 -0.000000000000e+00 1.836382568938e-02 0.000000000000e+00 0.000000000000e+00 0.000000000000e+00 0.000000000000e+00 0.000000000000e+00 0.000000000000e+00 
9.410000000000e+00 3.283055346991e-02 2.230749745450e-01 1.085311289215e-02 1.529038865511e+05 1.459023226918e+05 1.091197068253e+05 5.660849056641e+03 6.295907246303e+02 2.600000000000e+06 0.000000000000e+00 -8.752000000000e-01 -8.752000000000e-01 0.000000000000e+00 0.000000000000e+00 0.000000000000e+00 -0.000000000000e+00 1.833407868955e-02 0.000000000000e+00 0.000000000000e+00 0.000000000000e+00 0.000000000000e+00 0.000000000000e+00 0.000000000000e+00 
9.415000000000e+00 3.277819255857e-02 2.209084705644e-01 1.064416348167e-02 1.522821710008e+05 1.453840385784e+05 1.089804755248e+05 5.663024565839e+03 6.291306845205e+02 2.600000000000e+06 0.000000000000e+00 -8.752000000000e-01 -8.752000000000e-01 0.000000000000e+00 0.000000000000e+00 0.000000000000e+00 -0.000000000000e+00 1.830483796802e-02 0.000000000000e+00 0.000000000000e+00 0.000000000000e+00 0.000000000000e+00 0.000000000000e+00 0.000000000000e+00 
9.420000000000e+00 3.272694866595e-02 2.194599410014e-01 1.039729472017e-02 1.516820943740e+05 1.448747468997e+05 1.088461742923e+05 5.665158968898e+03 6.286982714990e+02 2.600000000000e+06 0.000000000000e+00 -8.752000000000e-01 -8.752000000000e-01 0.000000000000e+00 0.000000000000e+00 0.000000000000e+00 -0.000000000000e+00 1.827622104068e-02 0.000000000000e+00 0.000000000000e+00 0.000000000000e+00 0.000000000000e+00 0.000000000000e+00 0.000000000000e+00 
9.425000000000e+00 3.267697599329e-02 2.186251573099e-01 1.012472118975e-02 1.511032257966e+05 1.443761125301e+05 1.087170466591e+05 5.667245673823e+03 6.282933849790e+02 2.600000000000e+06 0.000000000000e+00 -8.752000000000e-01 -8.752000000000e-01 0.000000000000e+00 0.000000000000e+00 0.000000000000e+00 -0.000000000000e+00 1.824831402054e-02 0.000000000000e+00 0.000000000000e+00 0.000000000000e+00 0.000000000000e+00 0.000000000000e+00 0.000000000000e+00 
9.430000000000e+00 3.262835710710e-02 2.182597465315e-01 9.840061318969e-03 1.505439331583e+05 1.438891034914e+05 1.085931397290e+05 5.669281078824e+03 6.279152302785e+02 2.600000000000e+06 0.000000000000e+00 -8.752000000000e-01 -8.752000000000e-01 0.000000000000e+00 0.000000000000e+00 0.000000000000e+00 -0.000000000000e+00 1.822116301651e-02 0.000000000000e+00 0.000000000000e+00 0.000000000000e+00 0.000000000000e+00 0.000000000000e+00 0.000000000000e+00 
9.435000000000e+00 3.258110031597e-02 2.181720023484e-01 9.561999503655e-03 1.500006247383e+05 1.434139497582e+05 1.084743114176e+05 5.671264820420e+03 6.275624255647e+02 2.600000000000e+06 0.000000000000e+00 -8.752000000000e-01 -8.752000000000e-01 0.000000000000e+00 0.000000000000e+00 0.000000000000e+00 -0.000000000000e+00 1.819477266849e-02 0.000000000000e+00 0.000000000000e+00 0.000000000000e+00 0.000000000000e+00 0.000000000000e+00 0.000000000000e+00 
9.440000000000e+00 3.253511355044e-02 2.181126493389e-01 9.314329772172e-03 1.494673998008e+05 1.429498648079e+05 1.083601787309e+05 5.673200923378e+03 6.272329357761e+02 2.600000000000e+06 0.000000000000e+00 -8.752000000000e-01 -8.752000000000e-01 0.000000000000e+00 0.000000000000e+00 0.000000000000e+00 -0.000000000000e+00 1.816909156071e-02 0.000000000000e+00 0.000000000000e+00 0.000000000000e+00 0.000000000000e+00 0.000000000000e+00 0.000000000000e+00 
9.445000000000e+00 3.249017950378e-02 2.177669902049e-01 9.124846020232e-03 1.489359432922e+05 1.424947753064e+05 1.082500724652e+05 5.675098881143e+03 6.269240471036e+02 2.600000000000e+06 0.000000000000e+00 -8.752000000000e-01 -8.752000000000e-01 0.000000000000e+00 0.000000000000e+00 0.000000000000e+00 -0.000000000000e+00 1.814399833915e-02 0.000000000000e+00 0.000000000000e+00 0.000000000000e+00 0.000000000000e+00 0.000000000000e+00 0.000000000000e+00 
9.450000000000e+00 3.244594005851e-02 2.167657314515e-01 9.022498835895e-03 1.483958835976e+05 1.420451411143e+05 1.081430170758e+05 5.676974309203e+03 6.266324288721e+02 2.600000000000e+06 0.000000000000e+00 -8.752000000000e-01 -8.752000000000e-01 0.000000000000e+00 0.000000000000e+00 0.000000000000e+00 -0.000000000000e+00 1.811929301471e-02 0.000000000000e+00 0.000000000000e+00 0.000000000000e+00 0.000000000000e+00 0.000000000000e+00 0.000000000000e+00 
9.455000000000e+00 3.240190154081e-02 2.146994474840e-01 9.035106290664e-03 1.478353075875e+05 1.415959853647e+05 1.080377614836e+05 5.678848731549e+03 6.263543389460e+02 2.600000000000e+06 0.000000000000e+00 -8.752000000000e-01 -8.752000000000e-01 0.000000000000e+00 0.000000000000e+00 0.000000000000e+00 -0.000000000000e+00 1.809469989739e-02 0.000000000000e+00 0.000000000000e+00 0.000000000000e+00 0.000000000000e+00 0.000000000000e+00 0.000000000000e+00 
9.460000000000e+00 3.235745637527e-02 2.112008331732e-01 9.181721773423e-03 1.472425503483e+05 1.411410931156e+05 1.079328471668e+05 5.680748528853e+03 6.260859161130e+02 2.600000000000e+06 0.000000000000e+00 -8.752000000000e-01 -8.752000000000e-01 0.000000000000e+00 0.000000000000e+00 0.000000000000e+00 -0.000000000000e+00 1.806987968936e-02 0.000000000000e+00 0.000000000000e+00 0.000000000000e+00 0.000000000000e+00 0.000000000000e+00 0.000000000000e+00 
9.465000000000e+00 3.231193422100e-02 2.059767610008e-01 9.469801145907e-03 1.466074140927e+05 1.406735155372e+05 1.078267419385e+05 5.682702736984e+03 6.258236152096e+02 2.600000000000e+06 0.000000000000e+00 -8.752000000000e-01 -8.752000000000e-01 0.000000000000e+00 0.000000000000e+00 0.000000000000e+00 -0.000000000000e+00 1.804445804171e-02 0.000000000000e+00 0.000000000000e+00 0.000000000000e+00 0.000000000000e+00 0.000000000000e+00 0.000000000000e+00 
9.470000000000e+00 3.226467004966e-02 1.988962559658e-01 9.890486560919e-03 1.459229857718e+05 1.401862564019e+05 1.077180057891e+05 5.684740047393e+03 6.255646714127e+02 2.600000000000e+06 0.000000000000e+00 -8.752000000000e-01 -8.752000000000e-01 0.000000000000e+00 0.000000000000e+00 0.000000000000e+00 -0.000000000000e+00 1.801806357225e-02 0.000000000000e+00 0.000000000000e+00 0.000000000000e+00 0.000000000000e+00 0.000000000000e+00 0.000000000000e+00 
9.475000000000e+00 3.221508772408e-02 1.900190882777e-01 1.041795184768e-02 1.451868538486e+05 1.396731308053e+05 1.076054819368e+05 5.686885207788e+03 6.253075521156e+02 2.600000000000e+06 0.000000000000e+00 -8.752000000000e-01 -8.752000000000e-01 0.000000000000e+00 0.000000000000e+00 0.000000000000e+00 -0.000000000000e+00 1.799037453974e-02 0.000000000000e+00 0.000000000000e+00 0.000000000000e+00 0.000000000000e+00 0.000000000000e+00 0.000000000000e+00 
9.480000000000e+00 3.216277187817e-02 1.796214037579e-01 1.101225730280e-02 1.444014846779e+05 1.391295200764e+05 1.074884475794e+05 5.689155963982e+03 6.250522189787e+02 2.600000000000e+06 0.000000000000e+00 -8.752000000000e-01 -8.752000000000e-01 0.000000000000e+00 0.000000000000e+00 0.000000000000e+00 -0.000000000000e+00 1.796115898478e-02 0.000000000000e+00 0.000000000000e+00 0.000000000000e+00 0.000000000000e+00 0.000000000000e+00 0.000000000000e+00 
9.485000000000e+00 3.210752409029e-02 1.681692303770e-01 1.162592457956e-02 1.435736570376e+05 1.385529823779e+05 1.073667153018e+05 5.691560719748e+03 6.248001785304e+02 2.600000000000e+06 0.000000000000e+00 -8.752000000000e-01 -8.752000000000e-01 0.000000000000e+00 0.000000000000e+00 0.000000000000e+00 -0.000000000000e+00 1.793030609969e-02 0.000000000000e+00 0.000000000000e+00 0.000000000000e+00 0.000000000000e+00 0.000000000000e+00 0.000000000000e+00 
9.490000000000e+00 3.204938199076e-02 1.562568158065e-01 1.220919365044e-02 1.427136867198e+05 1.379434948690e+05 1.072406400322e+05 5.694097715716e+03 6.245542407785e+02 2.600000000000e+06 0.000000000000e+00 -8.752000000000e-01 -8.752000000000e-01 0.000000000000e+00 0.000000000000e+00 0.000000000000e+00 -0.000000000000e+00 1.789783689897e-02 0.000000000000e+00 0.000000000000e+00 0.000000000000e+00 0.000000000000e+00 0.000000000000e+00 0.000000000000e+00 
9.495000000000e+00 3.198861747998e-02 1.445407959253e-01 1.271639704170e-02 1.418341503424e+05 1.373034894173e+05 1.071110733783e+05 5.696755111331e+03 6.243181166502e+02 2.600000000000e+06 0.000000000000e+00 -8.752000000000e-01 -8.752000000000e-01 0.000000000000e+00 0.000000000000e+00 0.000000000000e+00 -0.000000000000e+00 1.786390322420e-02 0.000000000000e+00 0.000000000000e+00 0.000000000000e+00 0.000000000000e+00 0.000000000000e+00 0.000000000000e+00 
9.500000000000e+00 3.192570468726e-02 1.336612022329e-01 1.310971406395e-02 1.409487357934e+05 1.366375757133e+05 1.069792516893e+05 5.699512304866e+03 6.240958768235e+02 2.600000000000e+06 0.000000000000e+00 -8.752000000000e-01 -8.752000000000e-01 0.000000000000e+00 0.000000000000e+00 0.000000000000e+00 -0.000000000000e+00 1.782876985082e-02 0.000000000000e+00 0.000000000000e+00 0.000000000000e+00 0.000000000000e+00 0.000000000000e+00 0.000000000000e+00 
9.505000000000e+00 3.186126888966e-02 1.241772190020e-01 1.336403731435e-02 1.400706022091e+05 1.359520582293e+05 1.068466505638e+05 5.702342132557e+03 6.238913991685e+02 2.600000000000e+06 0.000000000000e+00 -8.752000000000e-01 -8.752000000000e-01 0.000000000000e+00 0.000000000000e+00 0.000000000000e+00 -0.000000000000e+00 1.779278596206e-02 0.000000000000e+00 0.000000000000e+00 0.000000000000e+00 0.000000000000e+00 0.000000000000e+00 0.000000000000e+00 
9.510000000000e+00 3.179601098900e-02 1.164851722749e-01 1.347028473094e-02 1.392107148408e+05 1.352541778369e+05 1.067148025460e+05 5.705214147541e+03 6.237078637432e+02 2.600000000000e+06 0.000000000000e+00 -8.752000000000e-01 -8.752000000000e-01 0.000000000000e+00 0.000000000000e+00 0.000000000000e+00 -0.000000000000e+00 1.775634297348e-02 0.000000000000e+00 0.000000000000e+00 0.000000000000e+00 0.000000000000e+00 0.000000000000e+00 0.000000000000e+00 
9.515000000000e+00 3.173064790413e-02 1.108248676591e-01 1.342761466089e-02 1.383786365312e+05 1.345514992464e+05 1.065851655674e+05 5.708096983162e+03 6.235474687291e+02 2.600000000000e+06 0.000000000000e+00 -8.752000000000e-01 -8.752000000000e-01 0.000000000000e+00 0.000000000000e+00 0.000000000000e+00 -0.000000000000e+00 1.771984124527e-02 0.000000000000e+00 0.000000000000e+00 0.000000000000e+00 0.000000000000e+00 0.000000000000e+00 0.000000000000e+00 
9.520000000000e+00 3.166588610937e-02 1.072883102294e-01 1.324318174835e-02 1.375822111364e+05 1.338516342394e+05 1.064590716751e+05 5.710959504788e+03 6.234113673256e+02 2.600000000000e+06 0.000000000000e+00 -8.752000000000e-01 -8.752000000000e-01 0.000000000000e+00 0.000000000000e+00 0.000000000000e+00 -0.000000000000e+00 1.768367530490e-02 0.000000000000e+00 0.000000000000e+00 0.000000000000e+00 0.000000000000e+00 0.000000000000e+00 0.000000000000e+00 
9.525000000000e+00 3.160235872340e-02 1.058024996314e-01 1.293838750005e-02 1.368254300516e+05 1.331615547942e+05 1.063376151880e+05 5.713773788741e+03 6.232996295259e+02 2.600000000000e+06 0.000000000000e+00 -8.752000000000e-01 -8.752000000000e-01 0.000000000000e+00 0.000000000000e+00 0.000000000000e+00 -0.000000000000e+00 1.764819871473e-02 0.000000000000e+00 0.000000000000e+00 0.000000000000e+00 0.000000000000e+00 0.000000000000e+00 0.000000000000e+00 
9.530000000000e+00 3.154057785771e-02 1.061428425586e-01 1.254154518533e-02 1.361092818515e+05 1.324870483882e+05 1.062215839032e+05 5.716517132554e+03 6.232113678917e+02 2.600000000000e+06 0.000000000000e+00 -8.752000000000e-01 -8.752000000000e-01 0.000000000000e+00 0.000000000000e+00 0.000000000000e+00 -0.000000000000e+00 1.761369746116e-02 0.000000000000e+00 0.000000000000e+00 0.000000000000e+00 0.000000000000e+00 0.000000000000e+00 0.000000000000e+00 
9.535000000000e+00 3.148091509489e-02 1.079860916368e-01 1.208187870370e-02 1.354327134794e+05 1.318324649959e+05 1.061114508100e+05 5.719172881896e+03 6.231449816961e+02 2.600000000000e+06 0.000000000000e+00 -8.752000000000e-01 -8.752000000000e-01 0.000000000000e+00 0.000000000000e+00 0.000000000000e+00 -0.000000000000e+00 1.758037905287e-02 0.000000000000e+00 0.000000000000e+00 0.000000000000e+00 0.000000000000e+00 0.000000000000e+00 0.000000000000e+00 
9.540000000000e+00 3.142359354140e-02 1.109480770108e-01 1.159003693902e-02 1.347924058823e+05 1.312005860012e+05 1.060073880775e+05 5.721730919026e+03 6.230984263865e+02 2.600000000000e+06 0.000000000000e+00 -8.752000000000e-01 -8.752000000000e-01 0.000000000000e+00 0.000000000000e+00 0.000000000000e+00 -0.000000000000e+00 1.754836808267e-02 0.000000000000e+00 0.000000000000e+00 0.000000000000e+00 0.000000000000e+00 0.000000000000e+00 0.000000000000e+00 
9.545000000000e+00 3.136869724541e-02 1.146216705715e-01 1.109238563165e-02 1.341840752551e+05 1.305926855907e+05 1.059093099242e+05 5.724187203005e+03 6.230694743128e+02 2.600000000000e+06 0.000000000000e+00 -8.752000000000e-01 -8.752000000000e-01 0.000000000000e+00 0.000000000000e+00 0.000000000000e+00 -0.000000000000e+00 1.751771148688e-02 0.000000000000e+00 0.000000000000e+00 0.000000000000e+00 0.000000000000e+00 0.000000000000e+00 0.000000000000e+00 
9.550000000000e+00 3.131618524459e-02 1.186192111217e-01 1.061297345657e-02 1.336022478693e+05 1.300086499160e+05 1.058169183580e+05 5.726543282751e+03 6.230559270784e+02 2.600000000000e+06 0.000000000000e+00 -8.752000000000e-01 -8.752000000000e-01 0.000000000000e+00 0.000000000000e+00 0.000000000000e+00 -0.000000000000e+00 1.748838639029e-02 0.000000000000e+00 0.000000000000e+00 0.000000000000e+00 0.000000000000e+00 0.000000000000e+00 0.000000000000e+00 
9.555000000000e+00 3.126591152690e-02 1.225996775078e-01 1.016874210173e-02 1.330415255714e+05 1.294471700503e+05 1.057297535958e+05 5.728805343026e+03 6.230557744494e+02 2.600000000000e+06 0.000000000000e+00 -8.752000000000e-01 -8.752000000000e-01 0.000000000000e+00 0.000000000000e+00 0.000000000000e+00 -0.000000000000e+00 1.746031125309e-02 0.000000000000e+00 0.000000000000e+00 0.000000000000e+00 0.000000000000e+00 0.000000000000e+00 0.000000000000e+00 
9.560000000000e+00 3.121766936693e-02 1.262861083721e-01 9.771331150306e-03 1.324967962513e+05 1.289062174738e+05 1.056472803148e+05 5.730982293632e+03 6.230672904363e+02 2.600000000000e+06 0.000000000000e+00 -8.752000000000e-01 -8.752000000000e-01 0.000000000000e+00 0.000000000000e+00 0.000000000000e+00 -0.000000000000e+00 1.743337063040e-02 0.000000000000e+00 0.000000000000e+00 0.000000000000e+00 0.000000000000e+00 0.000000000000e+00 0.000000000000e+00 
9.565000000000e+00 3.117120738301e-02 1.294713954522e-01 9.428155523786e-03 1.319632258025e+05 1.283832144684e+05 1.055689187034e+05 5.733085091052e+03 6.230890681893e+02 2.600000000000e+06 0.000000000000e+00 -8.752000000000e-01 -8.752000000000e-01 0.000000000000e+00 0.000000000000e+00 0.000000000000e+00 -0.000000000000e+00 1.740742413921e-02 0.000000000000e+00 0.000000000000e+00 0.000000000000e+00 0.000000000000e+00 0.000000000000e+00 0.000000000000e+00 
9.570000000000e+00 3.112625641944e-02 1.320217530988e-01 9.141330107664e-03 1.314368435309e+05 1.278753321058e+05 1.054940906730e+05 5.735125496566e+03 6.231200188028e+02 2.600000000000e+06 0.000000000000e+00 -8.752000000000e-01 -8.752000000000e-01 0.000000000000e+00 0.000000000000e+00 0.000000000000e+00 -0.000000000000e+00 1.738232147071e-02 0.000000000000e+00 0.000000000000e+00 0.000000000000e+00 0.000000000000e+00 0.000000000000e+00 0.000000000000e+00 
9.575000000000e+00 3.108254535462e-02 1.338766249679e-01 8.909686120085e-03 1.309143319515e+05 1.273796693444e+05 1.054222444724e+05 5.737115405343e+03 6.231593457950e+02 2.600000000000e+06 0.000000000000e+00 -8.752000000000e-01 -8.752000000000e-01 0.000000000000e+00 0.000000000000e+00 0.000000000000e+00 -0.000000000000e+00 1.735791121823e-02 0.000000000000e+00 0.000000000000e+00 0.000000000000e+00 0.000000000000e+00 0.000000000000e+00 0.000000000000e+00 
9.580000000000e+00 3.103982307363e-02 1.350417667673e-01 8.727292387556e-03 1.303936345521e+05 1.268935058806e+05 1.053528876492e+05 5.739065791945e+03 6.232064957128e+02 2.600000000000e+06 0.000000000000e+00 -8.752000000000e-01 -8.752000000000e-01 0.000000000000e+00 0.000000000000e+00 0.000000000000e+00 -0.000000000000e+00 1.733405314774e-02 0.000000000000e+00 0.000000000000e+00 0.000000000000e+00 0.000000000000e+00 0.000000000000e+00 0.000000000000e+00 
9.585000000000e+00 3.099786929816e-02 1.355691069656e-01 8.587376124181e-03 1.298732744828e+05 1.264144321426e+05 1.052856001677e+05 5.740986300050e+03 6.232611029204e+02 2.600000000000e+06 0.000000000000e+00 -8.752000000000e-01 -8.752000000000e-01 0.000000000000e+00 0.000000000000e+00 0.000000000000e+00 -0.000000000000e+00 1.731062424578e-02 0.000000000000e+00 0.000000000000e+00 0.000000000000e+00 0.000000000000e+00 0.000000000000e+00 0.000000000000e+00 
9.590000000000e+00 3.095650227536e-02 1.355479564738e-01 8.481125324313e-03 1.293527139334e+05 1.259404450532e+05 1.052200419386e+05 5.742884836533e+03 6.233229324524e+02 2.600000000000e+06 0.000000000000e+00 -8.752000000000e-01 -8.752000000000e-01 0.000000000000e+00 0.000000000000e+00 0.000000000000e+00 -0.000000000000e+00 1.728752301328e-02 0.000000000000e+00 0.000000000000e+00 0.000000000000e+00 0.000000000000e+00 0.000000000000e+00 0.000000000000e+00 
9.595000000000e+00 3.091557998387e-02 1.350833259524e-01 8.400972638492e-03 1.288316753088e+05 1.254699703049e+05 1.051559499370e+05 5.744767581652e+03 6.233918307381e+02 2.600000000000e+06 0.000000000000e+00 -8.752000000000e-01 -8.752000000000e-01 0.000000000000e+00 0.000000000000e+00 0.000000000000e+00 -0.000000000000e+00 1.726467013903e-02 0.000000000000e+00 0.000000000000e+00 0.000000000000e+00 0.000000000000e+00 0.000000000000e+00 0.000000000000e+00 
9.600000000000e+00 3.087500475350e-02 1.343017486416e-01 8.336356921441e-03 1.283111093380e+05 1.250019239056e+05 1.050931408909e+05 5.746638641075e+03 6.234676724551e+02 2.600000000000e+06 0.000000000000e+00 -8.752000000000e-01 -8.752000000000e-01 0.000000000000e+00 0.000000000000e+00 0.000000000000e+00 -0.000000000000e+00 1.724201107953e-02 0.000000000000e+00 0.000000000000e+00 0.000000000000e+00 0.000000000000e+00 0.000000000000e+00 0.000000000000e+00 
9.605000000000e+00 3.083472759263e-02 1.333390734588e-01 8.277529168901e-03 1.277924461457e+05 1.245357711097e+05 1.050315133752e+05 5.748499925029e+03 6.235503061231e+02 2.600000000000e+06 0.000000000000e+00 -8.752000000000e-01 -8.752000000000e-01 0.000000000000e+00 0.000000000000e+00 0.000000000000e+00 -0.000000000000e+00 1.721951847563e-02 0.000000000000e+00 0.000000000000e+00 0.000000000000e+00 0.000000000000e+00 0.000000000000e+00 0.000000000000e+00 
9.610000000000e+00 3.079474228821e-02 1.323253060339e-01 8.216826822075e-03 1.272772462568e+05 1.240714672188e+05 1.049710343569e+05 5.750351432938e+03 6.236395213520e+02 2.600000000000e+06 0.000000000000e+00 -8.752000000000e-01 -8.752000000000e-01 0.000000000000e+00 0.000000000000e+00 0.000000000000e+00 -0.000000000000e+00 1.719718885768e-02 0.000000000000e+00 0.000000000000e+00 0.000000000000e+00 0.000000000000e+00 0.000000000000e+00 0.000000000000e+00 
9.615000000000e+00 3.075507426109e-02 1.313726677219e-01 8.148236023844e-03 1.267671470260e+05 1.236093357295e+05 1.049117188004e+05 5.752191739847e+03 6.237350376511e+02 2.600000000000e+06 0.000000000000e+00 -8.752000000000e-01 -8.752000000000e-01 0.000000000000e+00 0.000000000000e+00 0.000000000000e+00 -0.000000000000e+00 1.717503642185e-02 0.000000000000e+00 0.000000000000e+00 0.000000000000e+00 0.000000000000e+00 0.000000000000e+00 0.000000000000e+00 
9.620000000000e+00 3.071577269103e-02 1.305708883458e-01 8.067789948120e-03 1.262636719805e+05 1.231499821420e+05 1.048536154094e+05 5.754018359651e+03 6.238364979077e+02 2.600000000000e+06 0.000000000000e+00 -8.752000000000e-01 -8.752000000000e-01 0.000000000000e+00 0.000000000000e+00 0.000000000000e+00 -0.000000000000e+00 1.715308863236e-02 0.000000000000e+00 0.000000000000e+00 0.000000000000e+00 0.000000000000e+00 0.000000000000e+00 0.000000000000e+00 
9.625000000000e+00 3.067690354224e-02 1.299873652504e-01 7.972469389585e-03 1.257683738315e+05 1.226942164758e+05 1.047967946097e+05 5.755828030578e+03 6.239434687370e+02 2.600000000000e+06 0.000000000000e+00 -8.752000000000e-01 -8.752000000000e-01 0.000000000000e+00 0.000000000000e+00 0.000000000000e+00 -0.000000000000e+00 1.713138232661e-02 0.000000000000e+00 0.000000000000e+00 0.000000000000e+00 0.000000000000e+00 0.000000000000e+00 0.000000000000e+00 
9.630000000000e+00 3.063855059347e-02 1.296664361964e-01 7.860801137749e-03 1.252827182728e+05 1.222430684223e+05 1.047413488394e+05 5.757616676296e+03 6.240554249334e+02 2.600000000000e+06 0.000000000000e+00 -8.752000000000e-01 -8.752000000000e-01 0.000000000000e+00 0.000000000000e+00 0.000000000000e+00 -0.000000000000e+00 1.710996429052e-02 0.000000000000e+00 0.000000000000e+00 0.000000000000e+00 0.000000000000e+00 0.000000000000e+00 0.000000000000e+00 
9.635000000000e+00 3.060079483186e-02 1.296344580370e-01 7.732963162642e-03 1.248077851106e+05 1.217975468888e+05 1.046873620776e+05 5.759380367260e+03 6.241718023566e+02 2.600000000000e+06 0.000000000000e+00 -8.752000000000e-01 -8.752000000000e-01 0.000000000000e+00 0.000000000000e+00 0.000000000000e+00 -0.000000000000e+00 1.708887975096e-02 0.000000000000e+00 0.000000000000e+00 0.000000000000e+00 0.000000000000e+00 0.000000000000e+00 0.000000000000e+00 
9.640000000000e+00 3.056371211019e-02 1.298991366629e-01 7.589736139380e-03 1.243444610050e+05 1.213586113799e+05 1.046349070646e+05 5.761115404794e+03 6.242920108227e+02 2.600000000000e+06 0.000000000000e+00 -8.752000000000e-01 -8.752000000000e-01 0.000000000000e+00 0.000000000000e+00 0.000000000000e+00 -0.000000000000e+00 1.706817106760e-02 0.000000000000e+00 0.000000000000e+00 0.000000000000e+00 0.000000000000e+00 0.000000000000e+00 0.000000000000e+00 
9.645000000000e+00 3.052737120339e-02 1.304499194897e-01 7.432974596005e-03 1.238933090356e+05 1.209271475695e+05 1.045840432786e+05 5.762818428818e+03 6.244154477574e+02 2.600000000000e+06 0.000000000000e+00 -8.752000000000e-01 -8.752000000000e-01 0.000000000000e+00 0.000000000000e+00 0.000000000000e+00 -0.000000000000e+00 1.704787664751e-02 0.000000000000e+00 0.000000000000e+00 0.000000000000e+00 0.000000000000e+00 0.000000000000e+00 0.000000000000e+00 
9.650000000000e+00 3.049183165515e-02 1.312651538559e-01 7.264519879706e-03 1.234547739433e+05 1.205039399378e+05 1.045348147664e+05 5.764486494057e+03 6.245415141430e+02 2.600000000000e+06 0.000000000000e+00 -8.752000000000e-01 -8.752000000000e-01 0.000000000000e+00 0.000000000000e+00 0.000000000000e+00 -0.000000000000e+00 1.702802974259e-02 0.000000000000e+00 0.000000000000e+00 0.000000000000e+00 0.000000000000e+00 0.000000000000e+00 0.000000000000e+00 
9.655000000000e+00 3.045714065819e-02 1.323116147907e-01 7.087485622090e-03 1.230288585426e+05 1.200896324155e+05 1.044872467895e+05 5.766117257360e+03 6.246696355832e+02 2.600000000000e+06 0.000000000000e+00 -8.752000000000e-01 -8.752000000000e-01 0.000000000000e+00 0.000000000000e+00 0.000000000000e+00 -0.000000000000e+00 1.700865670741e-02 0.000000000000e+00 0.000000000000e+00 0.000000000000e+00 0.000000000000e+00 0.000000000000e+00 0.000000000000e+00 
9.660000000000e+00 3.042333191007e-02 1.335521638537e-01 6.904122075441e-03 1.226155719939e+05 1.196847121456e+05 1.044413453265e+05 5.767708979665e+03 6.247992776809e+02 2.600000000000e+06 0.000000000000e+00 -8.752000000000e-01 -8.752000000000e-01 0.000000000000e+00 0.000000000000e+00 0.000000000000e+00 -0.000000000000e+00 1.698977636022e-02 0.000000000000e+00 0.000000000000e+00 0.000000000000e+00 0.000000000000e+00 0.000000000000e+00 0.000000000000e+00 
9.665000000000e+00 3.039042828993e-02 1.349490914776e-01 6.716979902568e-03 1.222147110473e+05 1.192895390759e+05 1.043971016896e+05 5.769260437158e+03 6.249299460696e+02 2.600000000000e+06 0.000000000000e+00 -8.752000000000e-01 -8.752000000000e-01 0.000000000000e+00 0.000000000000e+00 0.000000000000e+00 -0.000000000000e+00 1.697140147779e-02 0.000000000000e+00 0.000000000000e+00 0.000000000000e+00 0.000000000000e+00 0.000000000000e+00 0.000000000000e+00 
9.670000000000e+00 3.035844018374e-02 1.364634839927e-01 6.528447810152e-03 1.218259374804e+05 1.189043237339e+05 1.043544910771e+05 5.770770992836e+03 6.250612015588e+02 2.600000000000e+06 0.000000000000e+00 -8.752000000000e-01 -8.752000000000e-01 0.000000000000e+00 0.000000000000e+00 0.000000000000e+00 -0.000000000000e+00 1.695353786010e-02 0.000000000000e+00 0.000000000000e+00 0.000000000000e+00 0.000000000000e+00 0.000000000000e+00 0.000000000000e+00 
9.675000000000e+00 3.032736720643e-02 1.380591136834e-01 6.340676333532e-03 1.214488172847e+05 1.185291458755e+05 1.043134756318e+05 5.772240517645e+03 6.251926611958e+02 2.600000000000e+06 0.000000000000e+00 -8.752000000000e-01 -8.752000000000e-01 0.000000000000e+00 0.000000000000e+00 0.000000000000e+00 -0.000000000000e+00 1.693618529213e-02 0.000000000000e+00 0.000000000000e+00 0.000000000000e+00 0.000000000000e+00 0.000000000000e+00 0.000000000000e+00 
9.680000000000e+00 3.029719966934e-02 1.397033664448e-01 6.155398215531e-03 1.210828795605e+05 1.181639705090e+05 1.042740069648e+05 5.773669319751e+03 6.253239983522e+02 2.600000000000e+06 0.000000000000e+00 -8.752000000000e-01 -8.752000000000e-01 0.000000000000e+00 0.000000000000e+00 0.000000000000e+00 -0.000000000000e+00 1.691933836328e-02 0.000000000000e+00 0.000000000000e+00 0.000000000000e+00 0.000000000000e+00 0.000000000000e+00 0.000000000000e+00 
9.685000000000e+00 3.026792076261e-02 1.413689605919e-01 5.973909718921e-03 1.207276501114e+05 1.178086729980e+05 1.042360294352e+05 5.775058043195e+03 6.254549378404e+02 2.600000000000e+06 0.000000000000e+00 -8.752000000000e-01 -8.752000000000e-01 0.000000000000e+00 0.000000000000e+00 0.000000000000e+00 -0.000000000000e+00 1.690298768615e-02 0.000000000000e+00 0.000000000000e+00 0.000000000000e+00 0.000000000000e+00 0.000000000000e+00 0.000000000000e+00 
9.690000000000e+00 3.023950801442e-02 1.430334786302e-01 5.797305196584e-03 1.203826195936e+05 1.174630558490e+05 1.041994823094e+05 5.776407606861e+03 6.255852523471e+02 2.600000000000e+06 0.000000000000e+00 -8.752000000000e-01 -8.752000000000e-01 0.000000000000e+00 0.000000000000e+00 0.000000000000e+00 -0.000000000000e+00 1.688712071146e-02 0.000000000000e+00 0.000000000000e+00 0.000000000000e+00 0.000000000000e+00 0.000000000000e+00 0.000000000000e+00 
9.695000000000e+00 3.021193522279e-02 1.446803447248e-01 5.626043516863e-03 1.200473654740e+05 1.171268715964e+05 1.041643023925e+05 5.777719101704e+03 6.257147552767e+02 2.600000000000e+06 0.000000000000e+00 -8.752000000000e-01 -8.752000000000e-01 0.000000000000e+00 0.000000000000e+00 0.000000000000e+00 -0.000000000000e+00 1.687172280684e-02 0.000000000000e+00 0.000000000000e+00 0.000000000000e+00 0.000000000000e+00 0.000000000000e+00 0.000000000000e+00 
9.700000000000e+00 3.018517551157e-02 1.463002206942e-01 5.460163277086e-03 1.197215465550e+05 1.167998598234e+05 1.041304279375e+05 5.778993651157e+03 6.258432866486e+02 2.600000000000e+06 0.000000000000e+00 -8.752000000000e-01 -8.752000000000e-01 0.000000000000e+00 0.000000000000e+00 0.000000000000e+00 -0.000000000000e+00 1.685677896340e-02 0.000000000000e+00 0.000000000000e+00 0.000000000000e+00 0.000000000000e+00 0.000000000000e+00 0.000000000000e+00 
9.705000000000e+00 3.015920162942e-02 1.478882411594e-01 5.299648971872e-03 1.194048264810e+05 1.164817509078e+05 1.040977989176e+05 5.780232406586e+03 6.259707106652e+02 2.600000000000e+06 0.000000000000e+00 -8.752000000000e-01 -8.752000000000e-01 0.000000000000e+00 0.000000000000e+00 0.000000000000e+00 -0.000000000000e+00 1.684227396277e-02 0.000000000000e+00 0.000000000000e+00 0.000000000000e+00 0.000000000000e+00 0.000000000000e+00 0.000000000000e+00 
9.710000000000e+00 3.013398848087e-02 1.494427257846e-01 5.144048257810e-03 1.190969931521e+05 1.161722972419e+05 1.040663600585e+05 5.781436414927e+03 6.260969018603e+02 2.600000000000e+06 0.000000000000e+00 -8.752000000000e-01 -8.752000000000e-01 0.000000000000e+00 0.000000000000e+00 0.000000000000e+00 -0.000000000000e+00 1.682819379047e-02 0.000000000000e+00 0.000000000000e+00 0.000000000000e+00 0.000000000000e+00 0.000000000000e+00 0.000000000000e+00 
9.715000000000e+00 3.010951813479e-02 1.509677873565e-01 4.992884922949e-03 1.187979358657e+05 1.158713353385e+05 1.040360668000e+05 5.782606388497e+03 6.262217171146e+02 2.600000000000e+06 0.000000000000e+00 -8.752000000000e-01 -8.752000000000e-01 0.000000000000e+00 0.000000000000e+00 0.000000000000e+00 -0.000000000000e+00 1.681452843296e-02 0.000000000000e+00 0.000000000000e+00 0.000000000000e+00 0.000000000000e+00 0.000000000000e+00 0.000000000000e+00 
9.720000000000e+00 3.008576642976e-02 1.524670958988e-01 4.846375704338e-03 1.185073040295e+05 1.155786216227e+05 1.040068684738e+05 5.783743366279e+03 6.263450615154e+02 2.600000000000e+06 0.000000000000e+00 -8.752000000000e-01 -8.752000000000e-01 0.000000000000e+00 0.000000000000e+00 0.000000000000e+00 -0.000000000000e+00 1.680126439739e-02 0.000000000000e+00 0.000000000000e+00 0.000000000000e+00 0.000000000000e+00 0.000000000000e+00 0.000000000000e+00 
9.725000000000e+00 3.006271133880e-02 1.539461398632e-01 4.703650519787e-03 1.182250162255e+05 1.152939351802e+05 1.039787186571e+05 5.784848263475e+03 6.264668457607e+02 2.600000000000e+06 0.000000000000e+00 -8.752000000000e-01 -8.752000000000e-01 0.000000000000e+00 0.000000000000e+00 0.000000000000e+00 -0.000000000000e+00 1.678838938290e-02 0.000000000000e+00 0.000000000000e+00 0.000000000000e+00 0.000000000000e+00 0.000000000000e+00 0.000000000000e+00 
9.730000000000e+00 3.004033520442e-02 1.554106717032e-01 4.564171117605e-03 1.179509759326e+05 1.150171058243e+05 1.039515776961e+05 5.785921802151e+03 6.265869722343e+02 2.600000000000e+06 0.000000000000e+00 -8.752000000000e-01 -8.752000000000e-01 0.000000000000e+00 0.000000000000e+00 0.000000000000e+00 -0.000000000000e+00 1.677589352873e-02 0.000000000000e+00 0.000000000000e+00 0.000000000000e+00 0.000000000000e+00 0.000000000000e+00 0.000000000000e+00 
9.735000000000e+00 3.001862266269e-02 1.568659541445e-01 4.427537298618e-03 1.176850863022e+05 1.147479889617e+05 1.039254099621e+05 5.786964604533e+03 6.267053438033e+02 2.600000000000e+06 0.000000000000e+00 -8.752000000000e-01 -8.752000000000e-01 0.000000000000e+00 0.000000000000e+00 0.000000000000e+00 -0.000000000000e+00 1.676376825497e-02 0.000000000000e+00 0.000000000000e+00 0.000000000000e+00 0.000000000000e+00 0.000000000000e+00 0.000000000000e+00 
9.740000000000e+00 2.999756015002e-02 1.583164959165e-01 4.293454854980e-03 1.174272505586e+05 1.144864598108e+05 1.039001831112e+05 5.787977215106e+03 6.268218650061e+02 2.600000000000e+06 0.000000000000e+00 -8.752000000000e-01 -8.752000000000e-01 0.000000000000e+00 0.000000000000e+00 0.000000000000e+00 -0.000000000000e+00 1.675200598709e-02 0.000000000000e+00 0.000000000000e+00 0.000000000000e+00 0.000000000000e+00 0.000000000000e+00 0.000000000000e+00 
9.745000000000e+00 2.997713537031e-02 1.597656918661e-01 4.161710173749e-03 1.171773703781e+05 1.142324070425e+05 1.038758673311e+05 5.788960124999e+03 6.269364438116e+02 2.600000000000e+06 0.000000000000e+00 -8.752000000000e-01 -8.752000000000e-01 0.000000000000e+00 0.000000000000e+00 0.000000000000e+00 -0.000000000000e+00 1.674059985838e-02 0.000000000000e+00 0.000000000000e+00 0.000000000000e+00 0.000000000000e+00 0.000000000000e+00 0.000000000000e+00 
9.750000000000e+00 2.995733678574e-02 1.612151601976e-01 4.032249245996e-03 1.169353212142e+05 1.139857266315e+05 1.038524346457e+05 5.789913798339e+03 6.270489935758e+02 2.600000000000e+06 0.000000000000e+00 -8.752000000000e-01 -8.752000000000e-01 0.000000000000e+00 0.000000000000e+00 0.000000000000e+00 -0.000000000000e+00 1.672954342561e-02 0.000000000000e+00 0.000000000000e+00 0.000000000000e+00 0.000000000000e+00 0.000000000000e+00 0.000000000000e+00 
9.755000000000e+00 2.993815260244e-02 1.626644823907e-01 3.905213000333e-03 1.167009303503e+05 1.137463093254e+05 1.038298576554e+05 5.790838722014e+03 6.271594382104e+02 2.600000000000e+06 0.000000000000e+00 -8.752000000000e-01 -8.752000000000e-01 0.000000000000e+00 0.000000000000e+00 0.000000000000e+00 -0.000000000000e+00 1.671883010253e-02 0.000000000000e+00 0.000000000000e+00 0.000000000000e+00 0.000000000000e+00 0.000000000000e+00 0.000000000000e+00 
9.760000000000e+00 2.991957044590e-02 1.641112765104e-01 3.780833364281e-03 1.164739955570e+05 1.135140366172e+05 1.038081091253e+05 5.791735418423e+03 6.272677137716e+02 2.600000000000e+06 0.000000000000e+00 -8.752000000000e-01 -8.752000000000e-01 0.000000000000e+00 0.000000000000e+00 0.000000000000e+00 -0.000000000000e+00 1.670845297866e-02 0.000000000000e+00 0.000000000000e+00 0.000000000000e+00 0.000000000000e+00 0.000000000000e+00 0.000000000000e+00 
9.765000000000e+00 2.990157639346e-02 1.655511288485e-01 3.659536533842e-03 1.162542485200e+05 1.132887686265e+05 1.037871608390e+05 5.792604495263e+03 6.273737739956e+02 2.600000000000e+06 0.000000000000e+00 -8.752000000000e-01 -8.752000000000e-01 0.000000000000e+00 0.000000000000e+00 0.000000000000e+00 -0.000000000000e+00 1.669840427894e-02 0.000000000000e+00 0.000000000000e+00 0.000000000000e+00 0.000000000000e+00 0.000000000000e+00 0.000000000000e+00 
9.770000000000e+00 2.988415385290e-02 1.669780313750e-01 3.541760369083e-03 1.160413802245e+05 1.130703299493e+05 1.037669823096e+05 5.793446695030e+03 6.274775971205e+02 2.600000000000e+06 0.000000000000e+00 -8.752000000000e-01 -8.752000000000e-01 0.000000000000e+00 0.000000000000e+00 0.000000000000e+00 -0.000000000000e+00 1.668867473753e-02 0.000000000000e+00 0.000000000000e+00 0.000000000000e+00 0.000000000000e+00 0.000000000000e+00 0.000000000000e+00 
9.775000000000e+00 2.986728417652e-02 1.683846154860e-01 3.427991193700e-03 1.158350410184e+05 1.128585172053e+05 1.037475415203e+05 5.794262866573e+03 6.275791825809e+02 2.600000000000e+06 0.000000000000e+00 -8.752000000000e-01 -8.752000000000e-01 0.000000000000e+00 0.000000000000e+00 0.000000000000e+00 -0.000000000000e+00 1.667925394069e-02 0.000000000000e+00 0.000000000000e+00 0.000000000000e+00 0.000000000000e+00 0.000000000000e+00 0.000000000000e+00 
9.780000000000e+00 2.985094638393e-02 1.697625899843e-01 3.318742077868e-03 1.156348415920e+05 1.126530954557e+05 1.037288046181e+05 5.795053978144e+03 6.276785528619e+02 2.600000000000e+06 0.000000000000e+00 -8.752000000000e-01 -8.752000000000e-01 0.000000000000e+00 0.000000000000e+00 0.000000000000e+00 -0.000000000000e+00 1.667013017203e-02 0.000000000000e+00 0.000000000000e+00 0.000000000000e+00 0.000000000000e+00 0.000000000000e+00 0.000000000000e+00 
9.785000000000e+00 2.983511661727e-02 1.711026685847e-01 3.214637575202e-03 1.154403263070e+05 1.124537912360e+05 1.037107353086e+05 5.795821146499e+03 6.277757570556e+02 2.600000000000e+06 0.000000000000e+00 -8.752000000000e-01 -8.752000000000e-01 0.000000000000e+00 0.000000000000e+00 0.000000000000e+00 -0.000000000000e+00 1.666129010822e-02 0.000000000000e+00 0.000000000000e+00 0.000000000000e+00 0.000000000000e+00 0.000000000000e+00 0.000000000000e+00 
9.790000000000e+00 2.981976820282e-02 1.723949971713e-01 3.116277149975e-03 1.152510046677e+05 1.122602932010e+05 1.036932949504e+05 5.796565630347e+03 6.278708707781e+02 2.600000000000e+06 0.000000000000e+00 -8.752000000000e-01 -8.752000000000e-01 0.000000000000e+00 0.000000000000e+00 0.000000000000e+00 -0.000000000000e+00 1.665271885344e-02 0.000000000000e+00 0.000000000000e+00 0.000000000000e+00 0.000000000000e+00 0.000000000000e+00 0.000000000000e+00 
9.795000000000e+00 2.980487161204e-02 1.736293873865e-01 3.024258001897e-03 1.150663455974e+05 1.120722515208e+05 1.036764425294e+05 5.797288833109e+03 6.279639966464e+02 2.600000000000e+06 0.000000000000e+00 -8.752000000000e-01 -8.752000000000e-01 0.000000000000e+00 0.000000000000e+00 0.000000000000e+00 -0.000000000000e+00 1.664439991762e-02 0.000000000000e+00 0.000000000000e+00 0.000000000000e+00 0.000000000000e+00 0.000000000000e+00 0.000000000000e+00 
9.800000000000e+00 2.979039456030e-02 1.747958471921e-01 2.939147315325e-03 1.148857850111e+05 1.118892790283e+05 1.036601347857e+05 5.797992297526e+03 6.280552638548e+02 2.600000000000e+06 0.000000000000e+00 -8.752000000000e-01 -8.752000000000e-01 0.000000000000e+00 0.000000000000e+00 0.000000000000e+00 -0.000000000000e+00 1.663631527152e-02 0.000000000000e+00 0.000000000000e+00 0.000000000000e+00 0.000000000000e+00 0.000000000000e+00 0.000000000000e+00 
9.805000000000e+00 2.977630232789e-02 1.758845479521e-01 2.861445325994e-03 1.147087385690e+05 1.117109552027e+05 1.036443265836e+05 5.798677689112e+03 6.281448262709e+02 2.600000000000e+06 0.000000000000e+00 -8.752000000000e-01 -8.752000000000e-01 0.000000000000e+00 0.000000000000e+00 0.000000000000e+00 -0.000000000000e+00 1.662844552610e-02 0.000000000000e+00 0.000000000000e+00 0.000000000000e+00 0.000000000000e+00 0.000000000000e+00 0.000000000000e+00 
9.810000000000e+00 2.976255783298e-02 1.768858288773e-01 2.791661731878e-03 1.145345854185e+05 1.115368270401e+05 1.036289709946e+05 5.799346794830e+03 6.282328620165e+02 2.600000000000e+06 0.000000000000e+00 -8.752000000000e-01 -8.752000000000e-01 0.000000000000e+00 0.000000000000e+00 0.000000000000e+00 -0.000000000000e+00 1.662076997316e-02 0.000000000000e+00 0.000000000000e+00 0.000000000000e+00 0.000000000000e+00 0.000000000000e+00 0.000000000000e+00 
9.815000000000e+00 2.974912159431e-02 1.777905690872e-01 2.730270144926e-03 1.143626779334e+05 1.113664085364e+05 1.036140192572e+05 5.800001523717e+03 6.283195737417e+02 2.600000000000e+06 0.000000000000e+00 -8.752000000000e-01 -8.752000000000e-01 0.000000000000e+00 0.000000000000e+00 0.000000000000e+00 -0.000000000000e+00 1.661326656457e-02 0.000000000000e+00 0.000000000000e+00 0.000000000000e+00 0.000000000000e+00 0.000000000000e+00 0.000000000000e+00 
9.820000000000e+00 2.973595198622e-02 1.785903461723e-01 2.677668788795e-03 1.141923541144e+05 1.111991838772e+05 1.035994210613e+05 5.800643893393e+03 6.284051870147e+02 2.600000000000e+06 0.000000000000e+00 -8.752000000000e-01 -8.752000000000e-01 0.000000000000e+00 0.000000000000e+00 0.000000000000e+00 -0.000000000000e+00 1.660591205465e-02 0.000000000000e+00 0.000000000000e+00 0.000000000000e+00 0.000000000000e+00 0.000000000000e+00 0.000000000000e+00 
9.825000000000e+00 2.972300562826e-02 1.792771801439e-01 2.634232869471e-03 1.140229311213e+05 1.110346123556e+05 1.035851249773e+05 5.801276012537e+03 6.284899477807e+02 2.600000000000e+06 0.000000000000e+00 -8.752000000000e-01 -8.752000000000e-01 0.000000000000e+00 0.000000000000e+00 0.000000000000e+00 -0.000000000000e+00 1.659868221779e-02 0.000000000000e+00 0.000000000000e+00 0.000000000000e+00 0.000000000000e+00 0.000000000000e+00 0.000000000000e+00 
9.830000000000e+00 2.971023740502e-02 1.798436390932e-01 2.600229690129e-03 1.138537247552e+05 1.108721286037e+05 1.035710784735e+05 5.801900077551e+03 6.285741221993e+02 2.600000000000e+06 0.000000000000e+00 -8.752000000000e-01 -8.752000000000e-01 0.000000000000e+00 0.000000000000e+00 0.000000000000e+00 -0.000000000000e+00 1.659155185949e-02 0.000000000000e+00 0.000000000000e+00 0.000000000000e+00 0.000000000000e+00 0.000000000000e+00 0.000000000000e+00 
9.835000000000e+00 2.969760153878e-02 1.802840634812e-01 2.575744153674e-03 1.136840812451e+05 1.107111562313e+05 1.035572290882e+05 5.802518317961e+03 6.286579895165e+02 2.600000000000e+06 0.000000000000e+00 -8.752000000000e-01 -8.752000000000e-01 0.000000000000e+00 0.000000000000e+00 0.000000000000e+00 -0.000000000000e+00 1.658449541537e-02 0.000000000000e+00 0.000000000000e+00 0.000000000000e+00 0.000000000000e+00 0.000000000000e+00 0.000000000000e+00 
9.840000000000e+00 2.968505188251e-02 1.805938743770e-01 2.560870317818e-03 1.135133379248e+05 1.105511115859e+05 1.035435247338e+05 5.803132987381e+03 6.287418399405e+02 2.600000000000e+06 0.000000000000e+00 -8.752000000000e-01 -8.752000000000e-01 0.000000000000e+00 0.000000000000e+00 0.000000000000e+00 -0.000000000000e+00 1.657748711483e-02 0.000000000000e+00 0.000000000000e+00 0.000000000000e+00 0.000000000000e+00 0.000000000000e+00 0.000000000000e+00 
9.845000000000e+00 2.967254208423e-02 1.807695628406e-01 2.555585200229e-03 1.133408541293e+05 1.103914058721e+05 1.035299138587e+05 5.803746351836e+03 6.288259733812e+02 2.600000000000e+06 0.000000000000e+00 -8.752000000000e-01 -8.752000000000e-01 0.000000000000e+00 0.000000000000e+00 0.000000000000e+00 -0.000000000000e+00 1.657050107281e-02 0.000000000000e+00 0.000000000000e+00 0.000000000000e+00 0.000000000000e+00 0.000000000000e+00 0.000000000000e+00 
9.850000000000e+00 2.966002615379e-02 1.808089551165e-01 2.559792857510e-03 1.131660090838e+05 1.102314524072e+05 1.035163460498e+05 5.804360663146e+03 6.289106954894e+02 2.600000000000e+06 0.000000000000e+00 -8.752000000000e-01 -8.752000000000e-01 0.000000000000e+00 0.000000000000e+00 0.000000000000e+00 -0.000000000000e+00 1.656351160631e-02 0.000000000000e+00 0.000000000000e+00 0.000000000000e+00 0.000000000000e+00 0.000000000000e+00 0.000000000000e+00 
9.855000000000e+00 2.964745877791e-02 1.807109229613e-01 2.573315332749e-03 1.129882083551e+05 1.100706706785e+05 1.035027723551e+05 5.804978143127e+03 6.289963153440e+02 2.600000000000e+06 0.000000000000e+00 -8.752000000000e-01 -8.752000000000e-01 0.000000000000e+00 0.000000000000e+00 0.000000000000e+00 -0.000000000000e+00 1.655649341034e-02 0.000000000000e+00 0.000000000000e+00 0.000000000000e+00 0.000000000000e+00 0.000000000000e+00 0.000000000000e+00 
9.860000000000e+00 2.963479515669e-02 1.804752609318e-01 2.595967289567e-03 1.128068646100e+05 1.099084842714e+05 1.034891450933e+05 5.805600993673e+03 6.290831464221e+02 2.600000000000e+06 0.000000000000e+00 -8.752000000000e-01 -8.752000000000e-01 0.000000000000e+00 0.000000000000e+00 0.000000000000e+00 -0.000000000000e+00 1.654942146657e-02 0.000000000000e+00 0.000000000000e+00 0.000000000000e+00 0.000000000000e+00 0.000000000000e+00 0.000000000000e+00 
9.865000000000e+00 2.962199242351e-02 1.801030587936e-01 2.627311325638e-03 1.126214730559e+05 1.097443390745e+05 1.034754193664e+05 5.806231320014e+03 6.291714967192e+02 2.600000000000e+06 0.000000000000e+00 -8.752000000000e-01 -8.752000000000e-01 0.000000000000e+00 0.000000000000e+00 0.000000000000e+00 -0.000000000000e+00 1.654227183634e-02 0.000000000000e+00 0.000000000000e+00 0.000000000000e+00 0.000000000000e+00 0.000000000000e+00 0.000000000000e+00 
9.870000000000e+00 2.960900994729e-02 1.795966012631e-01 2.666992738067e-03 1.124315395619e+05 1.095777072311e+05 1.034615533537e+05 5.806871125129e+03 6.292616663404e+02 2.600000000000e+06 0.000000000000e+00 -8.752000000000e-01 -8.752000000000e-01 0.000000000000e+00 0.000000000000e+00 0.000000000000e+00 -0.000000000000e+00 1.653502182939e-02 0.000000000000e+00 0.000000000000e+00 0.000000000000e+00 0.000000000000e+00 0.000000000000e+00 0.000000000000e+00 
9.875000000000e+00 2.959580889275e-02 1.789591592218e-01 2.714570033078e-03 1.122366131269e+05 1.094080815628e+05 1.034475078131e+05 5.807522326429e+03 6.293539502609e+02 2.600000000000e+06 0.000000000000e+00 -8.752000000000e-01 -8.752000000000e-01 0.000000000000e+00 0.000000000000e+00 0.000000000000e+00 -0.000000000000e+00 1.652764975835e-02 0.000000000000e+00 0.000000000000e+00 0.000000000000e+00 0.000000000000e+00 0.000000000000e+00 0.000000000000e+00 
9.880000000000e+00 2.958235266188e-02 1.781947945359e-01 2.769540529367e-03 1.120362862589e+05 1.092349812854e+05 1.034332465301e+05 5.808186734631e+03 6.294486350204e+02 2.600000000000e+06 0.000000000000e+00 -8.752000000000e-01 -8.752000000000e-01 0.000000000000e+00 0.000000000000e+00 0.000000000000e+00 -0.000000000000e+00 1.652013518520e-02 0.000000000000e+00 0.000000000000e+00 0.000000000000e+00 0.000000000000e+00 0.000000000000e+00 0.000000000000e+00 
9.885000000000e+00 2.956860719679e-02 1.773084216579e-01 2.831382656275e-03 1.118301896150e+05 1.090579559696e+05 1.034187366109e+05 5.808866039882e+03 6.295459963072e+02 2.600000000000e+06 0.000000000000e+00 -8.752000000000e-01 -8.752000000000e-01 0.000000000000e+00 0.000000000000e+00 0.000000000000e+00 -0.000000000000e+00 1.651245909046e-02 0.000000000000e+00 0.000000000000e+00 0.000000000000e+00 0.000000000000e+00 0.000000000000e+00 0.000000000000e+00 
9.890000000000e+00 2.955454067917e-02 1.763050861621e-01 2.899588592751e-03 1.116179803973e+05 1.088765817402e+05 1.034039481365e+05 5.809561827324e+03 6.296463007843e+02 2.600000000000e+06 0.000000000000e+00 -8.752000000000e-01 -8.752000000000e-01 0.000000000000e+00 0.000000000000e+00 0.000000000000e+00 -0.000000000000e+00 1.650460370535e-02 0.000000000000e+00 0.000000000000e+00 0.000000000000e+00 0.000000000000e+00 0.000000000000e+00 0.000000000000e+00 
9.895000000000e+00 2.954012432054e-02 1.751911113898e-01 2.973491052581e-03 1.113993930398e+05 1.086904715360e+05 1.033888549639e+05 5.810275533032e+03 6.297498001467e+02 2.600000000000e+06 0.000000000000e+00 -8.752000000000e-01 -8.752000000000e-01 0.000000000000e+00 0.000000000000e+00 0.000000000000e+00 -0.000000000000e+00 1.649655295306e-02 0.000000000000e+00 0.000000000000e+00 0.000000000000e+00 0.000000000000e+00 0.000000000000e+00 0.000000000000e+00 
9.900000000000e+00 2.952533253121e-02 1.739733014114e-01 3.052651227494e-03 1.111741530234e+05 1.084992774139e+05 1.033734348589e+05 5.811008446386e+03 6.298567294401e+02 2.600000000000e+06 0.000000000000e+00 -8.752000000000e-01 -8.752000000000e-01 0.000000000000e+00 0.000000000000e+00 0.000000000000e+00 -0.000000000000e+00 1.648829254314e-02 0.000000000000e+00 0.000000000000e+00 0.000000000000e+00 0.000000000000e+00 0.000000000000e+00 0.000000000000e+00 
9.905000000000e+00 2.951014140966e-02 1.726578574894e-01 3.136195012580e-03 1.109421076235e+05 1.083026711270e+05 1.033576678830e+05 5.811761765602e+03 6.299673175709e+02 2.600000000000e+06 0.000000000000e+00 -8.752000000000e-01 -8.752000000000e-01 0.000000000000e+00 0.000000000000e+00 0.000000000000e+00 -0.000000000000e+00 1.647980912789e-02 0.000000000000e+00 0.000000000000e+00 0.000000000000e+00 0.000000000000e+00 0.000000000000e+00 0.000000000000e+00 
9.910000000000e+00 2.949453272919e-02 1.712546843376e-01 3.223483116551e-03 1.107031286970e+05 1.081003958471e+05 1.033415404858e+05 5.812536419377e+03 6.300817578039e+02 2.600000000000e+06 0.000000000000e+00 -8.752000000000e-01 -8.752000000000e-01 0.000000000000e+00 0.000000000000e+00 0.000000000000e+00 -0.000000000000e+00 1.647109252870e-02 0.000000000000e+00 0.000000000000e+00 0.000000000000e+00 0.000000000000e+00 0.000000000000e+00 0.000000000000e+00 
9.915000000000e+00 2.947848951728e-02 1.697703467643e-01 3.314038422628e-03 1.104570673444e+05 1.078922091436e+05 1.033250408546e+05 5.813333282927e+03 6.302002392666e+02 2.600000000000e+06 0.000000000000e+00 -8.752000000000e-01 -8.752000000000e-01 0.000000000000e+00 0.000000000000e+00 0.000000000000e+00 -0.000000000000e+00 1.646213326733e-02 0.000000000000e+00 0.000000000000e+00 0.000000000000e+00 0.000000000000e+00 0.000000000000e+00 0.000000000000e+00 
9.920000000000e+00 2.946199769374e-02 1.682122092893e-01 3.407325604108e-03 1.102038274227e+05 1.076779043035e+05 1.033081605721e+05 5.814153090469e+03 6.303229345746e+02 2.600000000000e+06 0.000000000000e+00 -8.752000000000e-01 -8.752000000000e-01 0.000000000000e+00 0.000000000000e+00 0.000000000000e+00 -0.000000000000e+00 1.645292348075e-02 0.000000000000e+00 0.000000000000e+00 0.000000000000e+00 0.000000000000e+00 0.000000000000e+00 0.000000000000e+00 
9.925000000000e+00 2.944504554208e-02 1.665886669486e-01 3.502525887783e-03 1.099434100695e+05 1.074573036250e+05 1.032908940221e+05 5.814996454612e+03 6.304500031829e+02 2.600000000000e+06 0.000000000000e+00 -8.752000000000e-01 -8.752000000000e-01 0.000000000000e+00 0.000000000000e+00 0.000000000000e+00 -0.000000000000e+00 1.644345662596e-02 0.000000000000e+00 0.000000000000e+00 0.000000000000e+00 0.000000000000e+00 0.000000000000e+00 0.000000000000e+00 
9.930000000000e+00 2.942762592830e-02 1.649084207210e-01 3.598943643352e-03 1.096758518930e+05 1.072302874996e+05 1.032732405827e+05 5.815863767415e+03 6.305815740345e+02 2.600000000000e+06 0.000000000000e+00 -8.752000000000e-01 -8.752000000000e-01 0.000000000000e+00 0.000000000000e+00 0.000000000000e+00 -0.000000000000e+00 1.643372871899e-02 0.000000000000e+00 0.000000000000e+00 0.000000000000e+00 0.000000000000e+00 0.000000000000e+00 0.000000000000e+00 
9.935000000000e+00 2.940973554276e-02 1.631796200426e-01 3.695875163149e-03 1.094012446961e+05 1.069967848959e+05 1.032552037523e+05 5.816755233462e+03 6.307177501186e+02 2.600000000000e+06 0.000000000000e+00 -8.752000000000e-01 -8.752000000000e-01 0.000000000000e+00 0.000000000000e+00 0.000000000000e+00 -0.000000000000e+00 1.642373791160e-02 0.000000000000e+00 0.000000000000e+00 0.000000000000e+00 0.000000000000e+00 0.000000000000e+00 0.000000000000e+00 
9.940000000000e+00 2.939137551836e-02 1.614103897215e-01 3.792987286544e-03 1.091196572867e+05 1.067567817892e+05 1.032367916682e+05 5.817670849157e+03 6.308586026110e+02 2.600000000000e+06 0.000000000000e+00 -8.752000000000e-01 -8.752000000000e-01 0.000000000000e+00 0.000000000000e+00 0.000000000000e+00 -0.000000000000e+00 1.641348483645e-02 0.000000000000e+00 0.000000000000e+00 0.000000000000e+00 0.000000000000e+00 0.000000000000e+00 0.000000000000e+00 
9.945000000000e+00 2.937254682575e-02 1.596082362012e-01 3.889907146923e-03 1.088311649385e+05 1.065102612655e+05 1.032180124037e+05 5.818610619318e+03 6.310042052574e+02 2.600000000000e+06 0.000000000000e+00 -8.752000000000e-01 -8.752000000000e-01 0.000000000000e+00 0.000000000000e+00 0.000000000000e+00 -0.000000000000e+00 1.640297003558e-02 0.000000000000e+00 0.000000000000e+00 0.000000000000e+00 0.000000000000e+00 0.000000000000e+00 0.000000000000e+00 
9.950000000000e+00 2.935325164683e-02 1.577805493296e-01 3.986250507585e-03 1.085358623426e+05 1.062572215290e+05 1.031988753253e+05 5.819574489563e+03 6.311546236230e+02 2.600000000000e+06 0.000000000000e+00 -8.752000000000e-01 -8.752000000000e-01 0.000000000000e+00 0.000000000000e+00 0.000000000000e+00 -0.000000000000e+00 1.639219472749e-02 0.000000000000e+00 0.000000000000e+00 0.000000000000e+00 0.000000000000e+00 0.000000000000e+00 0.000000000000e+00 
9.955000000000e+00 2.933349292312e-02 1.559341430481e-01 4.081492770410e-03 1.082338871452e+05 1.059976700954e+05 1.031793906084e+05 5.820562364850e+03 6.313099182177e+02 2.600000000000e+06 0.000000000000e+00 -8.752000000000e-01 -8.752000000000e-01 0.000000000000e+00 0.000000000000e+00 0.000000000000e+00 -0.000000000000e+00 1.638116055483e-02 0.000000000000e+00 0.000000000000e+00 0.000000000000e+00 0.000000000000e+00 0.000000000000e+00 0.000000000000e+00 
9.960000000000e+00 2.931327752741e-02 1.540759729273e-01 4.175001540125e-03 1.079254576983e+05 1.057316656535e+05 1.031595723087e+05 5.821573951807e+03 6.314701189434e+02 2.600000000000e+06 0.000000000000e+00 -8.752000000000e-01 -8.752000000000e-01 0.000000000000e+00 0.000000000000e+00 0.000000000000e+00 -0.000000000000e+00 1.636987135570e-02 0.000000000000e+00 0.000000000000e+00 0.000000000000e+00 0.000000000000e+00 0.000000000000e+00 0.000000000000e+00 
9.965000000000e+00 2.929261503531e-02 1.522126078013e-01 4.266371363371e-03 1.076107786093e+05 1.054593023237e+05 1.031394370449e+05 5.822608828699e+03 6.316352335636e+02 2.600000000000e+06 0.000000000000e+00 -8.752000000000e-01 -8.752000000000e-01 0.000000000000e+00 0.000000000000e+00 0.000000000000e+00 -0.000000000000e+00 1.635833247755e-02 0.000000000000e+00 0.000000000000e+00 0.000000000000e+00 0.000000000000e+00 0.000000000000e+00 0.000000000000e+00 
9.970000000000e+00 2.927151672838e-02 1.503500447964e-01 4.355210123583e-03 1.072900760961e+05 1.051806968347e+05 1.031190029442e+05 5.823666488430e+03 6.318052547335e+02 2.600000000000e+06 0.000000000000e+00 -8.752000000000e-01 -8.752000000000e-01 0.000000000000e+00 0.000000000000e+00 0.000000000000e+00 -0.000000000000e+00 1.634655022053e-02 0.000000000000e+00 0.000000000000e+00 0.000000000000e+00 0.000000000000e+00 0.000000000000e+00 0.000000000000e+00 
9.975000000000e+00 2.924999594439e-02 1.484943715584e-01 4.441213267781e-03 1.069635859544e+05 1.048959934141e+05 1.030982899131e+05 5.824746322578e+03 6.319801564085e+02 2.600000000000e+06 0.000000000000e+00 -8.752000000000e-01 -8.752000000000e-01 0.000000000000e+00 0.000000000000e+00 0.000000000000e+00 -0.000000000000e+00 1.633453203303e-02 0.000000000000e+00 0.000000000000e+00 0.000000000000e+00 0.000000000000e+00 0.000000000000e+00 0.000000000000e+00 
9.980000000000e+00 2.922806699960e-02 1.466503385597e-01 4.524167815844e-03 1.066315373924e+05 1.046053498007e+05 1.030773185334e+05 5.825847674889e+03 6.321599018398e+02 2.600000000000e+06 0.000000000000e+00 -8.752000000000e-01 -8.752000000000e-01 0.000000000000e+00 0.000000000000e+00 0.000000000000e+00 -0.000000000000e+00 1.632228590993e-02 0.000000000000e+00 0.000000000000e+00 0.000000000000e+00 0.000000000000e+00 0.000000000000e+00 0.000000000000e+00 
9.985000000000e+00 2.920574556071e-02 1.448229568114e-01 4.603781828512e-03 1.062941980507e+05 1.043089423745e+05 1.030561103689e+05 5.826969817307e+03 6.323444399722e+02 2.600000000000e+06 0.000000000000e+00 -8.752000000000e-01 -8.752000000000e-01 0.000000000000e+00 0.000000000000e+00 0.000000000000e+00 -0.000000000000e+00 1.630982060021e-02 0.000000000000e+00 0.000000000000e+00 0.000000000000e+00 0.000000000000e+00 0.000000000000e+00 0.000000000000e+00 
9.990000000000e+00 2.918304880841e-02 1.430164436780e-01 4.679874750509e-03 1.059518323249e+05 1.040069685777e+05 1.030346880632e+05 5.828111946707e+03 6.325337034224e+02 2.600000000000e+06 0.000000000000e+00 -8.752000000000e-01 -8.752000000000e-01 0.000000000000e+00 0.000000000000e+00 0.000000000000e+00 -0.000000000000e+00 1.629714556957e-02 0.000000000000e+00 0.000000000000e+00 0.000000000000e+00 0.000000000000e+00 0.000000000000e+00 0.000000000000e+00 
9.995000000000e+00 2.915999403546e-02 1.412348414083e-01 4.752283543028e-03 1.056047032256e+05 1.036996284772e+05 1.030130739676e+05 5.829273252155e+03 6.327276196058e+02 2.600000000000e+06 0.000000000000e+00 -8.752000000000e-01 -8.752000000000e-01 0.000000000000e+00 0.000000000000e+00 0.000000000000e+00 -0.000000000000e+00 1.628427076753e-02 0.000000000000e+00 0.000000000000e+00 0.000000000000e+00 0.000000000000e+00 0.000000000000e+00 0.000000000000e+00 
1.000000000000e+01 2.913659959046e-02 1.394818654634e-01 4.820847888607e-03 1.052530894357e+05 1.033871374764e+05 1.029912909996e+05 5.830452866762e+03 6.329261024885e+02 2.600000000000e+06 0.000000000000e+00 -8.752000000000e-01 -8.752000000000e-01 0.000000000000e+00 0.000000000000e+00 0.000000000000e+00 -0.000000000000e+00 1.627120626996e-02 0.000000000000e+00 0.000000000000e+00 0.000000000000e+00 0.000000000000e+00 0.000000000000e+00 0.000000000000e+00 
