9.000000000000e+00 4.649350320679e-02 1.028844001225e-01 7.933998658363e-03 1.067728396505e+05 1.049377954842e+05 1.029135031508e+05 4.677587816284e+03 6.097060564148e+02 2.600000000000e+06 0.000000000000e+00 -8.752000000000e-01 -8.752000000000e-01 0.000000000000e+00 0.000000000000e+00 0.000000000000e+00 -0.000000000000e+00 9.383812133531e-02 0.000000000000e+00 0.000000000000e+00 0.000000000000e+00 0.000000000000e+00 0.000000000000e+00 0.000000000000e+00 
9.005000000000e+00 4.645316960857e-02 1.008377423823e-01 8.176941630107e-03 1.064027248744e+05 1.046249724184e+05 1.028906822925e+05 4.678616723781e+03 6.099047327631e+02 2.600000000000e+06 0.000000000000e+00 -8.752000000000e-01 -8.752000000000e-01 0.000000000000e+00 0.000000000000e+00 0.000000000000e+00 -0.000000000000e+00 9.375671997579e-02 0.000000000000e+00 0.000000000000e+00 0.000000000000e+00 0.000000000000e+00 0.000000000000e+00 0.000000000000e+00 
9.010000000000e+00 4.641165237546e-02 9.884718502878e-02 8.408537342820e-03 1.060236392159e+05 1.043022573789e+05 1.028673691971e+05 4.679676854185e+03 6.101113258263e+02 2.600000000000e+06 0.000000000000e+00 -8.752000000000e-01 -8.752000000000e-01 0.000000000000e+00 0.000000000000e+00 0.000000000000e+00 -0.000000000000e+00 9.367293013520e-02 0.000000000000e+00 0.000000000000e+00 0.000000000000e+00 0.000000000000e+00 0.000000000000e+00 0.000000000000e+00 
9.015000000000e+00 4.636900982655e-02 9.691681359376e-02 8.628224790812e-03 1.056361007543e+05 1.039700412474e+05 1.028436102601e+05 4.680766832880e+03 6.103257102482e+02 2.600000000000e+06 0.000000000000e+00 -8.752000000000e-01 -8.752000000000e-01 0.000000000000e+00 0.000000000000e+00 0.000000000000e+00 -0.000000000000e+00 9.358686949258e-02 0.000000000000e+00 0.000000000000e+00 0.000000000000e+00 0.000000000000e+00 0.000000000000e+00 0.000000000000e+00 
9.020000000000e+00 4.632530294265e-02 9.505033177275e-02 8.835612722375e-03 1.052406290876e+05 1.036287378770e+05 1.028194525100e+05 4.681885216008e+03 6.105477379626e+02 2.600000000000e+06 0.000000000000e+00 -8.752000000000e-01 -8.752000000000e-01 0.000000000000e+00 0.000000000000e+00 0.000000000000e+00 -0.000000000000e+00 9.349866044201e-02 0.000000000000e+00 0.000000000000e+00 0.000000000000e+00 0.000000000000e+00 0.000000000000e+00 0.000000000000e+00 
9.025000000000e+00 4.628059343696e-02 9.325028968938e-02 9.030377388796e-03 1.048377433343e+05 1.032787694987e+05 1.027949424368e+05 4.683030536594e+03 6.107772467222e+02 2.600000000000e+06 0.000000000000e+00 -8.752000000000e-01 -8.752000000000e-01 0.000000000000e+00 0.000000000000e+00 0.000000000000e+00 -0.000000000000e+00 9.340842904624e-02 0.000000000000e+00 0.000000000000e+00 0.000000000000e+00 0.000000000000e+00 0.000000000000e+00 0.000000000000e+00 
9.030000000000e+00 4.623494548171e-02 9.151907840301e-02 9.212269221459e-03 1.044279759954e+05 1.029205806353e+05 1.027701268555e+05 4.684201259861e+03 6.110140502241e+02 2.600000000000e+06 0.000000000000e+00 -8.752000000000e-01 -8.752000000000e-01 0.000000000000e+00 0.000000000000e+00 0.000000000000e+00 -0.000000000000e+00 9.331630385721e-02 0.000000000000e+00 0.000000000000e+00 0.000000000000e+00 0.000000000000e+00 0.000000000000e+00 0.000000000000e+00 
9.035000000000e+00 4.618842402316e-02 8.985881798308e-02 9.381094756183e-03 1.040118615191e+05 1.025546253439e+05 1.027450518973e+05 4.685395825059e+03 6.112579457018e+02 2.600000000000e+06 0.000000000000e+00 -8.752000000000e-01 -8.752000000000e-01 0.000000000000e+00 0.000000000000e+00 0.000000000000e+00 -0.000000000000e+00 9.322241590726e-02 0.000000000000e+00 0.000000000000e+00 0.000000000000e+00 0.000000000000e+00 0.000000000000e+00 0.000000000000e+00 
9.040000000000e+00 4.614109465806e-02 8.827098021588e-02 9.536761103937e-03 1.035899293510e+05 1.021813665861e+05 1.027197628828e+05 4.686612648942e+03 6.115087138093e+02 2.600000000000e+06 0.000000000000e+00 -8.752000000000e-01 -8.752000000000e-01 0.000000000000e+00 0.000000000000e+00 0.000000000000e+00 -0.000000000000e+00 9.312689756005e-02 0.000000000000e+00 0.000000000000e+00 0.000000000000e+00 0.000000000000e+00 0.000000000000e+00 0.000000000000e+00 
9.045000000000e+00 4.609302331166e-02 8.675665049106e-02 9.679228072342e-03 1.031627079398e+05 1.018012740043e+05 1.026943041010e+05 4.687850132456e+03 6.117661196788e+02 2.600000000000e+06 0.000000000000e+00 -8.752000000000e-01 -8.752000000000e-01 0.000000000000e+00 0.000000000000e+00 0.000000000000e+00 -0.000000000000e+00 9.302988184367e-02 0.000000000000e+00 0.000000000000e+00 0.000000000000e+00 0.000000000000e+00 0.000000000000e+00 0.000000000000e+00 
9.050000000000e+00 4.604427594905e-02 8.531656123748e-02 9.808510823389e-03 1.027307220744e+05 1.014148219114e+05 1.026687186202e+05 4.689106667734e+03 6.120299139726e+02 2.600000000000e+06 0.000000000000e+00 -8.752000000000e-01 -8.752000000000e-01 0.000000000000e+00 0.000000000000e+00 0.000000000000e+00 -0.000000000000e+00 9.293150186760e-02 0.000000000000e+00 0.000000000000e+00 0.000000000000e+00 0.000000000000e+00 0.000000000000e+00 0.000000000000e+00 
9.055000000000e+00 4.599491834699e-02 8.395117311934e-02 9.924667982304e-03 1.022944927038e+05 1.010224877131e+05 1.026430481457e+05 4.690380643334e+03 6.122998337667e+02 2.600000000000e+06 0.000000000000e+00 -8.752000000000e-01 -8.752000000000e-01 0.000000000000e+00 0.000000000000e+00 0.000000000000e+00 -0.000000000000e+00 9.283189036235e-02 0.000000000000e+00 0.000000000000e+00 0.000000000000e+00 0.000000000000e+00 0.000000000000e+00 0.000000000000e+00 
9.060000000000e+00 4.594501583324e-02 8.266062459379e-02 1.002781127204e-02 1.018545334808e+05 1.006247500264e+05 1.026173328728e+05 4.691670450852e+03 6.125756037614e+02 2.600000000000e+06 0.000000000000e+00 -8.752000000000e-01 -8.752000000000e-01 0.000000000000e+00 0.000000000000e+00 0.000000000000e+00 -0.000000000000e+00 9.273117915167e-02 0.000000000000e+00 0.000000000000e+00 0.000000000000e+00 0.000000000000e+00 0.000000000000e+00 0.000000000000e+00 
9.065000000000e+00 4.589463308392e-02 8.144481083345e-02 1.011808735866e-02 1.014113516015e+05 1.002220872124e+05 1.025916113829e+05 4.692974489551e+03 6.128569373212e+02 2.600000000000e+06 0.000000000000e+00 -8.752000000000e-01 -8.752000000000e-01 0.000000000000e+00 0.000000000000e+00 0.000000000000e+00 -0.000000000000e+00 9.262949874420e-02 0.000000000000e+00 0.000000000000e+00 0.000000000000e+00 0.000000000000e+00 0.000000000000e+00 0.000000000000e+00 
9.070000000000e+00 4.584383397716e-02 8.030349717574e-02 1.019564647673e-02 1.009654509531e+05 9.981497631758e+04 1.025659205788e+05 4.694291169338e+03 6.131435373281e+02 2.600000000000e+06 0.000000000000e+00 -8.752000000000e-01 -8.752000000000e-01 0.000000000000e+00 0.000000000000e+00 0.000000000000e+00 -0.000000000000e+00 9.252697803921e-02 0.000000000000e+00 0.000000000000e+00 0.000000000000e+00 0.000000000000e+00 0.000000000000e+00 0.000000000000e+00 
9.075000000000e+00 4.579268219420e-02 7.923749546511e-02 1.026037883196e-02 1.005173739920e+05 9.940389799224e+04 1.025402960031e+05 4.695618889443e+03 6.134350928627e+02 2.600000000000e+06 0.000000000000e+00 -8.752000000000e-01 -8.752000000000e-01 0.000000000000e+00 0.000000000000e+00 0.000000000000e+00 -0.000000000000e+00 9.242374558059e-02 0.000000000000e+00 0.000000000000e+00 0.000000000000e+00 0.000000000000e+00 0.000000000000e+00 0.000000000000e+00 
9.080000000000e+00 4.574124413698e-02 7.825229429319e-02 1.031118439584e-02 1.000678289906e+05 9.898936016796e+04 1.025147732866e+05 4.696955946746e+03 6.137312623271e+02 2.600000000000e+06 0.000000000000e+00 -8.752000000000e-01 -8.752000000000e-01 0.000000000000e+00 0.000000000000e+00 0.000000000000e+00 -0.000000000000e+00 9.231993551260e-02 0.000000000000e+00 0.000000000000e+00 0.000000000000e+00 0.000000000000e+00 0.000000000000e+00 0.000000000000e+00 
9.085000000000e+00 4.568959850029e-02 7.736798385754e-02 1.034408471753e-02 9.961803763944e+04 9.857197597513e+04 1.024893927739e+05 4.698300245173e+03 6.140316167127e+02 2.600000000000e+06 0.000000000000e+00 -8.752000000000e-01 -8.752000000000e-01 0.000000000000e+00 0.000000000000e+00 0.000000000000e+00 -0.000000000000e+00 9.221570710799e-02 0.000000000000e+00 0.000000000000e+00 0.000000000000e+00 0.000000000000e+00 0.000000000000e+00 0.000000000000e+00 
9.090000000000e+00 4.563786057927e-02 7.663975965987e-02 1.034862612057e-02 9.917045265279e+04 9.815266256099e+04 1.024642110209e+05 4.699648581326e+03 6.143354926477e+02 2.600000000000e+06 0.000000000000e+00 -8.752000000000e-01 -8.752000000000e-01 0.000000000000e+00 0.000000000000e+00 0.000000000000e+00 -0.000000000000e+00 9.211129291001e-02 0.000000000000e+00 0.000000000000e+00 0.000000000000e+00 0.000000000000e+00 0.000000000000e+00 0.000000000000e+00 
9.095000000000e+00 4.558622851742e-02 7.618793497766e-02 1.030343777059e-02 9.872979167149e+04 9.773302184197e+04 1.024393221507e+05 4.700995331810e+03 6.146417064653e+02 2.600000000000e+06 0.000000000000e+00 -8.752000000000e-01 -8.752000000000e-01 0.000000000000e+00 0.000000000000e+00 0.000000000000e+00 -0.000000000000e+00 9.200709112937e-02 0.000000000000e+00 0.000000000000e+00 0.000000000000e+00 0.000000000000e+00 0.000000000000e+00 0.000000000000e+00 
9.100000000000e+00 4.553505214469e-02 7.623435273089e-02 1.016994756244e-02 9.830453684510e+04 9.731591198044e+04 1.024148887076e+05 4.702330497170e+03 6.149481170860e+02 2.600000000000e+06 0.000000000000e+00 -8.752000000000e-01 -8.752000000000e-01 0.000000000000e+00 0.000000000000e+00 0.000000000000e+00 -0.000000000000e+00 9.190381034222e-02 0.000000000000e+00 0.000000000000e+00 0.000000000000e+00 0.000000000000e+00 0.000000000000e+00 0.000000000000e+00 
9.105000000000e+00 4.548493868042e-02 7.714462659983e-02 9.887039769021e-03 9.790863763710e+04 9.690632966058e+04 1.023911881458e+05 4.703636782055e+03 6.152509436807e+02 2.600000000000e+06 0.000000000000e+00 -8.752000000000e-01 -8.752000000000e-01 0.000000000000e+00 0.000000000000e+00 0.000000000000e+00 -0.000000000000e+00 9.180268243573e-02 0.000000000000e+00 0.000000000000e+00 0.000000000000e+00 0.000000000000e+00 0.000000000000e+00 0.000000000000e+00 
9.110000000000e+00 4.543685937455e-02 7.943263104083e-02 9.373009845290e-03 9.756220777549e+04 9.651231268358e+04 1.023686574183e+05 4.704886784416e+03 6.155440483071e+02 2.600000000000e+06 0.000000000000e+00 -8.752000000000e-01 -8.752000000000e-01 0.000000000000e+00 0.000000000000e+00 0.000000000000e+00 -0.000000000000e+00 9.170567128724e-02 0.000000000000e+00 0.000000000000e+00 0.000000000000e+00 0.000000000000e+00 0.000000000000e+00 0.000000000000e+00 
9.115000000000e+00 4.539223431307e-02 8.372197907377e-02 8.534289828945e-03 9.729107026150e+04 9.614567164913e+04 1.023479259648e+05 4.706040890787e+03 6.158183341525e+02 2.600000000000e+06 0.000000000000e+00 -8.752000000000e-01 -8.752000000000e-01 0.000000000000e+00 0.000000000000e+00 0.000000000000e+00 -0.000000000000e+00 9.161564609379e-02 0.000000000000e+00 0.000000000000e+00 0.000000000000e+00 0.000000000000e+00 0.000000000000e+00 0.000000000000e+00 
9.120000000000e+00 4.535295718670e-02 9.067034909309e-02 7.275859622386e-03 9.712550642263e+04 9.582222455894e+04 1.023298217124e+05 4.707046796512e+03 6.160615235315e+02 2.600000000000e+06 0.000000000000e+00 -8.752000000000e-01 -8.752000000000e-01 0.000000000000e+00 0.000000000000e+00 0.000000000000e+00 -0.000000000000e+00 9.153643170837e-02 0.000000000000e+00 0.000000000000e+00 0.000000000000e+00 0.000000000000e+00 0.000000000000e+00 0.000000000000e+00 
9.125000000000e+00 4.532134896255e-02 1.008491633134e-01 5.526171375512e-03 9.709627689879e+04 9.556142301280e+04 1.023153487030e+05 4.707841257757e+03 6.162584307620e+02 2.600000000000e+06 0.000000000000e+00 -8.752000000000e-01 -8.752000000000e-01 0.000000000000e+00 0.000000000000e+00 0.000000000000e+00 -0.000000000000e+00 9.147270706479e-02 0.000000000000e+00 0.000000000000e+00 0.000000000000e+00 0.000000000000e+00 0.000000000000e+00 0.000000000000e+00 
9.130000000000e+00 4.530003425773e-02 1.147078808403e-01 3.216797735128e-03 9.723628631859e+04 9.538529771617e+04 1.023056372201e+05 4.708352983973e+03 6.163918156451e+02 2.600000000000e+06 0.000000000000e+00 -8.752000000000e-01 -8.752000000000e-01 0.000000000000e+00 0.000000000000e+00 0.000000000000e+00 -0.000000000000e+00 9.142976906126e-02 0.000000000000e+00 0.000000000000e+00 0.000000000000e+00 0.000000000000e+00 0.000000000000e+00 0.000000000000e+00 
9.135000000000e+00 4.529204630742e-02 1.328016046147e-01 2.673794218881e-04 9.758344674249e+04 9.531923932181e+04 1.023020076977e+05 4.708499720481e+03 6.164419279763e+02 2.600000000000e+06 0.000000000000e+00 -8.752000000000e-01 -8.752000000000e-01 0.000000000000e+00 0.000000000000e+00 0.000000000000e+00 -0.000000000000e+00 9.141370728596e-02 0.000000000000e+00 0.000000000000e+00 0.000000000000e+00 0.000000000000e+00 0.000000000000e+00 0.000000000000e+00 
9.140000000000e+00 4.530009700509e-02 1.547533618500e-01 -3.262446342330e-03 9.815258169999e+04 9.538581650649e+04 1.023056657524e+05 4.708211067536e+03 6.163914222690e+02 2.600000000000e+06 0.000000000000e+00 -8.752000000000e-01 -8.752000000000e-01 0.000000000000e+00 0.000000000000e+00 0.000000000000e+00 -0.000000000000e+00 9.142996798092e-02 0.000000000000e+00 0.000000000000e+00 0.000000000000e+00 0.000000000000e+00 0.000000000000e+00 0.000000000000e+00 
9.145000000000e+00 4.532740064849e-02 1.810058288864e-01 -7.391467503854e-03 9.897323693514e+04 9.561139098453e+04 1.023181130676e+05 4.707402412658e+03 6.162206483795e+02 2.600000000000e+06 0.000000000000e+00 -8.752000000000e-01 -8.752000000000e-01 0.000000000000e+00 0.000000000000e+00 0.000000000000e+00 -0.000000000000e+00 9.148511943955e-02 0.000000000000e+00 0.000000000000e+00 0.000000000000e+00 0.000000000000e+00 0.000000000000e+00 0.000000000000e+00 
9.150000000000e+00 4.537692645418e-02 2.113580154475e-01 -1.208618088842e-02 1.000644184355e+05 9.601969450455e+04 1.023408541840e+05 4.705997926354e+03 6.159129176414e+02 2.600000000000e+06 0.000000000000e+00 -8.752000000000e-01 -8.752000000000e-01 0.000000000000e+00 0.000000000000e+00 0.000000000000e+00 -0.000000000000e+00 9.158516165205e-02 0.000000000000e+00 0.000000000000e+00 0.000000000000e+00 0.000000000000e+00 0.000000000000e+00 0.000000000000e+00 
9.155000000000e+00 4.545129050095e-02 2.453169197721e-01 -1.726215140722e-02 1.014336768916e+05 9.663068713568e+04 1.023753988059e+05 4.703933848284e+03 6.154558087482e+02 2.600000000000e+06 0.000000000000e+00 -8.752000000000e-01 -8.752000000000e-01 0.000000000000e+00 0.000000000000e+00 0.000000000000e+00 -0.000000000000e+00 9.173536423592e-02 0.000000000000e+00 0.000000000000e+00 0.000000000000e+00 0.000000000000e+00 0.000000000000e+00 0.000000000000e+00 
9.160000000000e+00 4.555260047366e-02 2.821699968307e-01 -2.280502852762e-02 1.030787084000e+05 9.745907035916e+04 1.024232406013e+05 4.701162506994e+03 6.148427251066e+02 2.600000000000e+06 0.000000000000e+00 -8.752000000000e-01 -8.752000000000e-01 0.000000000000e+00 0.000000000000e+00 0.000000000000e+00 -0.000000000000e+00 9.193997189544e-02 0.000000000000e+00 0.000000000000e+00 0.000000000000e+00 0.000000000000e+00 0.000000000000e+00 0.000000000000e+00 
9.165000000000e+00 4.568233746631e-02 3.210561376702e-01 -2.858316545062e-02 1.049882619445e+05 9.851319999545e+04 1.024858440139e+05 4.697655376203e+03 6.140740836649e+02 2.600000000000e+06 0.000000000000e+00 -8.752000000000e-01 -8.752000000000e-01 0.000000000000e+00 0.000000000000e+00 0.000000000000e+00 -0.000000000000e+00 9.220196661573e-02 0.000000000000e+00 0.000000000000e+00 0.000000000000e+00 0.000000000000e+00 0.000000000000e+00 0.000000000000e+00 
9.170000000000e+00 4.584129778398e-02 3.610263245292e-01 -3.445342670394e-02 1.071427789333e+05 9.979462136103e+04 1.025646443037e+05 4.693404472196e+03 6.131579231850e+02 2.600000000000e+06 0.000000000000e+00 -8.752000000000e-01 -8.752000000000e-01 0.000000000000e+00 0.000000000000e+00 0.000000000000e+00 -0.000000000000e+00 9.252294998506e-02 0.000000000000e+00 0.000000000000e+00 0.000000000000e+00 0.000000000000e+00 0.000000000000e+00 0.000000000000e+00 
9.175000000000e+00 4.602952950304e-02 4.010633006910e-01 -4.026585983769e-02 1.095149938585e+05 1.012977154597e+05 1.026610244089e+05 4.688423636096e+03 6.121102604348e+02 2.600000000000e+06 0.000000000000e+00 -8.752000000000e-01 -8.752000000000e-01 0.000000000000e+00 0.000000000000e+00 0.000000000000e+00 -0.000000000000e+00 9.290300636724e-02 0.000000000000e+00 0.000000000000e+00 0.000000000000e+00 0.000000000000e+00 0.000000000000e+00 0.000000000000e+00 
9.180000000000e+00 4.624634739569e-02 4.401818125411e-01 -4.587663688439e-02 1.120724511913e+05 1.030101317553e+05 1.027763055840e+05 4.682747325065e+03 6.109546678659e+02 2.600000000000e+06 0.000000000000e+00 -8.752000000000e-01 -8.752000000000e-01 0.000000000000e+00 0.000000000000e+00 0.000000000000e+00 -0.000000000000e+00 9.334070351621e-02 0.000000000000e+00 0.000000000000e+00 0.000000000000e+00 0.000000000000e+00 0.000000000000e+00 0.000000000000e+00 
9.185000000000e+00 4.649038669480e-02 4.774825571612e-01 -5.115786211188e-02 1.147799086233e+05 1.049136484019e+05 1.029117337347e+05 4.676428254006e+03 6.097213363658e+02 2.600000000000e+06 0.000000000000e+00 -8.752000000000e-01 -8.752000000000e-01 0.000000000000e+00 0.000000000000e+00 0.000000000000e+00 -0.000000000000e+00 9.383327832079e-02 0.000000000000e+00 0.000000000000e+00 0.000000000000e+00 0.000000000000e+00 0.000000000000e+00 0.000000000000e+00 
9.190000000000e+00 4.675967660214e-02 5.121609439574e-01 -5.599466229980e-02 1.176001027152e+05 1.069852583293e+05 1.030684534842e+05 4.669534660697e+03 6.084457727951e+02 2.600000000000e+06 0.000000000000e+00 -8.752000000000e-01 -8.752000000000e-01 0.000000000000e+00 0.000000000000e+00 0.000000000000e+00 -0.000000000000e+00 9.437676304075e-02 0.000000000000e+00 0.000000000000e+00 0.000000000000e+00 0.000000000000e+00 0.000000000000e+00 0.000000000000e+00 
9.195000000000e+00 4.705173997118e-02 5.435617072870e-01 -6.029868223004e-02 1.204968470717e+05 1.091984741672e+05 1.032474771169e+05 4.662146512675e+03 6.071671647320e+02 2.600000000000e+06 0.000000000000e+00 -8.752000000000e-01 -8.752000000000e-01 0.000000000000e+00 0.000000000000e+00 0.000000000000e+00 -0.000000000000e+00 9.496616475852e-02 0.000000000000e+00 0.000000000000e+00 0.000000000000e+00 0.000000000000e+00 0.000000000000e+00 0.000000000000e+00 
9.200000000000e+00 4.736372529018e-02 5.712148351048e-01 -6.400927260941e-02 1.234365119457e+05 1.115248323816e+05 1.034496599437e+05 4.654351226030e+03 6.059264962341e+02 2.600000000000e+06 0.000000000000e+00 -8.752000000000e-01 -8.752000000000e-01 0.000000000000e+00 0.000000000000e+00 0.000000000000e+00 -0.000000000000e+00 9.559570541710e-02 0.000000000000e+00 0.000000000000e+00 0.000000000000e+00 0.000000000000e+00 0.000000000000e+00 0.000000000000e+00 
9.205000000000e+00 4.769251255726e-02 5.947997745469e-01 -6.707948464153e-02 1.263871154839e+05 1.139351034759e+05 1.036756540250e+05 4.646240493495e+03 6.047647727473e+02 2.600000000000e+06 0.000000000000e+00 -8.752000000000e-01 -8.752000000000e-01 0.000000000000e+00 0.000000000000e+00 0.000000000000e+00 -0.000000000000e+00 9.625909539878e-02 0.000000000000e+00 0.000000000000e+00 0.000000000000e+00 0.000000000000e+00 0.000000000000e+00 0.000000000000e+00 
9.210000000000e+00 4.803477868086e-02 6.141278478586e-01 -6.948942211438e-02 1.293205907843e+05 1.164000978356e+05 1.039258293511e+05 4.637907703952e+03 6.037214010667e+02 2.600000000000e+06 0.000000000000e+00 -8.752000000000e-01 -8.752000000000e-01 0.000000000000e+00 0.000000000000e+00 0.000000000000e+00 -0.000000000000e+00 9.694969687345e-02 0.000000000000e+00 0.000000000000e+00 0.000000000000e+00 0.000000000000e+00 0.000000000000e+00 0.000000000000e+00 
9.215000000000e+00 4.838721215848e-02 6.291817470771e-01 -7.123626350922e-02 1.322129412241e+05 1.188924162665e+05 1.042003084820e+05 4.629442445589e+03 6.028322285777e+02 2.600000000000e+06 0.000000000000e+00 -8.752000000000e-01 -8.752000000000e-01 0.000000000000e+00 0.000000000000e+00 0.000000000000e+00 -0.000000000000e+00 9.766082523097e-02 0.000000000000e+00 0.000000000000e+00 0.000000000000e+00 0.000000000000e+00 0.000000000000e+00 0.000000000000e+00 
9.220000000000e+00 4.874653822048e-02 6.400481048441e-01 -7.233593736207e-02 1.350443542955e+05 1.213866726890e+05 1.044988861303e+05 4.620929655345e+03 6.021284784129e+02 2.600000000000e+06 0.000000000000e+00 -8.752000000000e-01 -8.752000000000e-01 0.000000000000e+00 0.000000000000e+00 0.000000000000e+00 -0.000000000000e+00 9.838586923145e-02 0.000000000000e+00 0.000000000000e+00 0.000000000000e+00 0.000000000000e+00 0.000000000000e+00 0.000000000000e+00 
9.225000000000e+00 4.910959837315e-02 6.469024984857e-01 -7.281611500548e-02 1.377985548357e+05 1.238600113497e+05 1.048209999281e+05 4.612447800254e+03 6.016356911193e+02 2.600000000000e+06 0.000000000000e+00 -8.752000000000e-01 -8.752000000000e-01 0.000000000000e+00 0.000000000000e+00 0.000000000000e+00 -0.000000000000e+00 9.911845320831e-02 0.000000000000e+00 0.000000000000e+00 0.000000000000e+00 0.000000000000e+00 0.000000000000e+00 0.000000000000e+00 
9.230000000000e+00 4.947340099891e-02 6.499844166923e-01 -7.271395240427e-02 1.404625357383e+05 1.262923282822e+05 1.051656988373e+05 4.604067832247e+03 6.013729964827e+02 2.600000000000e+06 0.000000000000e+00 -8.752000000000e-01 -8.752000000000e-01 0.000000000000e+00 0.000000000000e+00 0.000000000000e+00 -0.000000000000e+00 9.985254033070e-02 0.000000000000e+00 0.000000000000e+00 0.000000000000e+00 0.000000000000e+00 0.000000000000e+00 0.000000000000e+00 
9.235000000000e+00 4.983515995463e-02 6.495753544766e-01 -7.207335666916e-02 1.430261433201e+05 1.286663464485e+05 1.055316229520e+05 4.595852571014e+03 6.013526657714e+02 2.600000000000e+06 0.000000000000e+00 -8.752000000000e-01 -8.752000000000e-01 0.000000000000e+00 0.000000000000e+00 0.000000000000e+00 -0.000000000000e+00 1.005825074208e-01 0.000000000000e+00 0.000000000000e+00 0.000000000000e+00 0.000000000000e+00 0.000000000000e+00 0.000000000000e+00 
9.240000000000e+00 5.019231010129e-02 6.459638854886e-01 -7.093720764688e-02 1.454809136753e+05 1.309674982270e+05 1.059169835204e+05 4.587856810470e+03 6.015799333885e+02 2.600000000000e+06 0.000000000000e+00 -8.752000000000e-01 -8.752000000000e-01 0.000000000000e+00 0.000000000000e+00 0.000000000000e+00 -0.000000000000e+00 1.013031754744e-01 0.000000000000e+00 0.000000000000e+00 0.000000000000e+00 0.000000000000e+00 0.000000000000e+00 0.000000000000e+00 
9.245000000000e+00 5.054249561192e-02 6.394240970360e-01 -6.934822570213e-02 1.478198377655e+05 1.331836206459e+05 1.063195322231e+05 4.580127915310e+03 6.020530077732e+02 2.600000000000e+06 0.000000000000e+00 -8.752000000000e-01 -8.752000000000e-01 0.000000000000e+00 0.000000000000e+00 0.000000000000e+00 -0.000000000000e+00 1.020097914157e-01 0.000000000000e+00 0.000000000000e+00 0.000000000000e+00 0.000000000000e+00 0.000000000000e+00 0.000000000000e+00 
9.250000000000e+00 5.088357335371e-02 6.302211476342e-01 -6.734853066293e-02 1.500371112870e+05 1.353047543049e+05 1.067365622251e+05 4.572706119640e+03 6.027632579968e+02 2.600000000000e+06 0.000000000000e+00 -8.752000000000e-01 -8.752000000000e-01 0.000000000000e+00 0.000000000000e+00 0.000000000000e+00 -0.000000000000e+00 1.026980314210e-01 0.000000000000e+00 0.000000000000e+00 0.000000000000e+00 0.000000000000e+00 0.000000000000e+00 0.000000000000e+00 
9.255000000000e+00 5.121360539636e-02 6.186055021812e-01 -6.497846786123e-02 1.521277633882e+05 1.373228828333e+05 1.071649157697e+05 4.565625094456e+03 6.036955786707e+02 2.600000000000e+06 0.000000000000e+00 -8.752000000000e-01 -8.752000000000e-01 0.000000000000e+00 0.000000000000e+00 0.000000000000e+00 -0.000000000000e+00 1.033639856194e-01 0.000000000000e+00 0.000000000000e+00 0.000000000000e+00 0.000000000000e+00 0.000000000000e+00 0.000000000000e+00 
9.260000000000e+00 5.153085146518e-02 6.048132751544e-01 -6.227733198760e-02 1.540875570432e+05 1.392316895645e+05 1.076010091300e+05 4.558912478173e+03 6.048289209668e+02 2.600000000000e+06 0.000000000000e+00 -8.752000000000e-01 -8.752000000000e-01 0.000000000000e+00 0.000000000000e+00 0.000000000000e+00 -0.000000000000e+00 1.040041428232e-01 0.000000000000e+00 0.000000000000e+00 0.000000000000e+00 0.000000000000e+00 0.000000000000e+00 0.000000000000e+00 
9.265000000000e+00 5.183376181066e-02 5.890670427221e-01 -5.928189048871e-02 1.559126758047e+05 1.410263363470e+05 1.080408758178e+05 4.552590432996e+03 6.061369828100e+02 2.600000000000e+06 0.000000000000e+00 -8.752000000000e-01 -8.752000000000e-01 0.000000000000e+00 0.000000000000e+00 0.000000000000e+00 -0.000000000000e+00 1.046153760255e-01 0.000000000000e+00 0.000000000000e+00 0.000000000000e+00 0.000000000000e+00 0.000000000000e+00 0.000000000000e+00 
9.270000000000e+00 5.212096305352e-02 5.715703581889e-01 -5.602668375343e-02 1.575996128561e+05 1.427032220527e+05 1.084802160227e+05 4.546676304054e+03 6.075890027172e+02 2.600000000000e+06 0.000000000000e+00 -8.752000000000e-01 -8.752000000000e-01 0.000000000000e+00 0.000000000000e+00 0.000000000000e+00 -0.000000000000e+00 1.051949139372e-01 0.000000000000e+00 0.000000000000e+00 0.000000000000e+00 0.000000000000e+00 0.000000000000e+00 0.000000000000e+00 
9.275000000000e+00 5.239125029446e-02 5.525150968062e-01 -5.254490867137e-02 1.591452056131e+05 1.442598006978e+05 1.089144689509e+05 4.541183118330e+03 6.091506785865e+02 2.600000000000e+06 0.000000000000e+00 -8.752000000000e-01 -8.752000000000e-01 0.000000000000e+00 0.000000000000e+00 0.000000000000e+00 -0.000000000000e+00 1.057403251157e-01 0.000000000000e+00 0.000000000000e+00 0.000000000000e+00 0.000000000000e+00 0.000000000000e+00 0.000000000000e+00 
9.280000000000e+00 5.264358413667e-02 5.320903805026e-01 -4.886998529496e-02 1.605468104880e+05 1.456944470255e+05 1.093389069923e+05 4.536119958037e+03 6.107852044422e+02 2.600000000000e+06 0.000000000000e+00 -8.752000000000e-01 -8.752000000000e-01 0.000000000000e+00 0.000000000000e+00 0.000000000000e+00 -0.000000000000e+00 1.062495120695e-01 0.000000000000e+00 0.000000000000e+00 0.000000000000e+00 0.000000000000e+00 0.000000000000e+00 0.000000000000e+00 
9.285000000000e+00 5.287709540617e-02 5.104917064795e-01 -4.503611882134e-02 1.618024424921e+05 1.470063818736e+05 1.097487563499e+05 4.531492187616e+03 6.124544344335e+02 2.600000000000e+06 0.000000000000e+00 -8.752000000000e-01 -8.752000000000e-01 0.000000000000e+00 0.000000000000e+00 0.000000000000e+00 -0.000000000000e+00 1.067207207677e-01 0.000000000000e+00 0.000000000000e+00 0.000000000000e+00 0.000000000000e+00 0.000000000000e+00 0.000000000000e+00 
9.290000000000e+00 5.309108553095e-02 4.879176773812e-01 -4.107790553647e-02 1.629108009823e+05 1.481955869921e+05 1.101393216261e+05 4.527301776968e+03 6.141200697032e+02 2.600000000000e+06 0.000000000000e+00 -8.752000000000e-01 -8.752000000000e-01 0.000000000000e+00 0.000000000000e+00 0.000000000000e+00 -0.000000000000e+00 1.071525414221e-01 0.000000000000e+00 0.000000000000e+00 0.000000000000e+00 0.000000000000e+00 0.000000000000e+00 0.000000000000e+00 
9.295000000000e+00 5.328503826167e-02 4.645851874726e-01 -3.703293142573e-02 1.638717319042e+05 1.492627969313e+05 1.105061374527e+05 4.523547329540e+03 6.157449378190e+02 2.600000000000e+06 0.000000000000e+00 -8.752000000000e-01 -8.752000000000e-01 0.000000000000e+00 0.000000000000e+00 0.000000000000e+00 -0.000000000000e+00 1.075439323331e-01 0.000000000000e+00 0.000000000000e+00 0.000000000000e+00 0.000000000000e+00 0.000000000000e+00 0.000000000000e+00 
9.300000000000e+00 5.345862794536e-02 4.407230818525e-01 -3.293981599161e-02 1.646861702550e+05 1.502094835138e+05 1.108451171326e+05 4.520224243633e+03 6.172942247443e+02 2.600000000000e+06 0.000000000000e+00 -8.752000000000e-01 -8.752000000000e-01 0.000000000000e+00 0.000000000000e+00 0.000000000000e+00 -0.000000000000e+00 1.078942350496e-01 0.000000000000e+00 0.000000000000e+00 0.000000000000e+00 0.000000000000e+00 0.000000000000e+00 0.000000000000e+00 
9.305000000000e+00 5.361174114681e-02 4.165869267751e-01 -2.884187433304e-02 1.653568143115e+05 1.510379251679e+05 1.111527242545e+05 4.517324486992e+03 6.187367545240e+02 2.600000000000e+06 0.000000000000e+00 -8.752000000000e-01 -8.752000000000e-01 0.000000000000e+00 0.000000000000e+00 0.000000000000e+00 -0.000000000000e+00 1.082032081469e-01 0.000000000000e+00 0.000000000000e+00 0.000000000000e+00 0.000000000000e+00 0.000000000000e+00 0.000000000000e+00 
9.310000000000e+00 5.374447855728e-02 3.924456131601e-01 -2.478151728323e-02 1.658876375159e+05 1.517511810453e+05 1.114260961601e+05 4.514836884383e+03 6.200459736937e+02 2.600000000000e+06 0.000000000000e+00 -8.752000000000e-01 -8.752000000000e-01 0.000000000000e+00 0.000000000000e+00 0.000000000000e+00 -0.000000000000e+00 1.084710595262e-01 0.000000000000e+00 0.000000000000e+00 0.000000000000e+00 0.000000000000e+00 0.000000000000e+00 0.000000000000e+00 
9.315000000000e+00 5.385713680902e-02 3.685461429364e-01 -2.079714963250e-02 1.662835340947e+05 1.523529734931e+05 1.116631047459e+05 4.512747688617e+03 6.212005290081e+02 2.600000000000e+06 0.000000000000e+00 -8.752000000000e-01 -8.752000000000e-01 0.000000000000e+00 0.000000000000e+00 0.000000000000e+00 -0.000000000000e+00 1.086983958188e-01 0.000000000000e+00 0.000000000000e+00 0.000000000000e+00 0.000000000000e+00 0.000000000000e+00 0.000000000000e+00 
9.320000000000e+00 5.395020068914e-02 3.451313899093e-01 -1.692699527865e-02 1.665507845258e+05 1.528476430745e+05 1.118624110186e+05 4.511040762777e+03 6.221846981483e+02 2.600000000000e+06 0.000000000000e+00 -8.752000000000e-01 -8.752000000000e-01 0.000000000000e+00 0.000000000000e+00 0.000000000000e+00 -0.000000000000e+00 1.088862031327e-01 0.000000000000e+00 0.000000000000e+00 0.000000000000e+00 0.000000000000e+00 0.000000000000e+00 0.000000000000e+00 
9.325000000000e+00 5.402436640330e-02 3.224739127546e-01 -1.321716663424e-02 1.666981866144e+05 1.532402808278e+05 1.120235603422e+05 4.509697041063e+03 6.229889283309e+02 2.600000000000e+06 0.000000000000e+00 -8.752000000000e-01 -8.752000000000e-01 0.000000000000e+00 0.000000000000e+00 0.000000000000e+00 -0.000000000000e+00 1.090358957876e-01 0.000000000000e+00 0.000000000000e+00 0.000000000000e+00 0.000000000000e+00 0.000000000000e+00 0.000000000000e+00 
9.330000000000e+00 5.408055388079e-02 3.008547029994e-01 -9.708495141074e-03 1.667357796162e+05 1.535368114025e+05 1.121470302287e+05 4.508694518693e+03 6.236100639463e+02 2.600000000000e+06 0.000000000000e+00 -8.752000000000e-01 -8.752000000000e-01 0.000000000000e+00 0.000000000000e+00 0.000000000000e+00 -0.000000000000e+00 1.091493255002e-01 0.000000000000e+00 0.000000000000e+00 0.000000000000e+00 0.000000000000e+00 0.000000000000e+00 0.000000000000e+00 
9.335000000000e+00 5.411984512841e-02 2.804801180069e-01 -6.428604127095e-03 1.666735800624e+05 1.537436974417e+05 1.122340868552e+05 4.508009489040e+03 6.240505271138e+02 2.600000000000e+06 0.000000000000e+00 -8.752000000000e-01 -8.752000000000e-01 0.000000000000e+00 0.000000000000e+00 0.000000000000e+00 -0.000000000000e+00 1.092286661699e-01 0.000000000000e+00 0.000000000000e+00 0.000000000000e+00 0.000000000000e+00 0.000000000000e+00 0.000000000000e+00 
9.340000000000e+00 5.414344083490e-02 2.615019453517e-01 -3.398092626636e-03 1.665219543473e+05 1.538677522600e+05 1.122866521514e+05 4.507617130551e+03 6.243174672912e+02 2.600000000000e+06 0.000000000000e+00 -8.752000000000e-01 -8.752000000000e-01 0.000000000000e+00 0.000000000000e+00 0.000000000000e+00 -0.000000000000e+00 1.092763285892e-01 0.000000000000e+00 0.000000000000e+00 0.000000000000e+00 0.000000000000e+00 0.000000000000e+00 0.000000000000e+00 
9.345000000000e+00 5.415259559575e-02 2.439791338203e-01 -6.220704790858e-04 1.662902185723e+05 1.539158458067e+05 1.123071044440e+05 4.507492716399e+03 6.244215275948e+02 2.600000000000e+06 0.000000000000e+00 -8.752000000000e-01 -8.752000000000e-01 0.000000000000e+00 0.000000000000e+00 0.000000000000e+00 -0.000000000000e+00 1.092948399371e-01 0.000000000000e+00 0.000000000000e+00 0.000000000000e+00 0.000000000000e+00 0.000000000000e+00 0.000000000000e+00 
9.350000000000e+00 5.414841570602e-02 2.279863655938e-01 1.926456865958e-03 1.659833083302e+05 1.538938898251e+05 1.122977623019e+05 4.507615540019e+03 6.243739814987e+02 2.600000000000e+06 0.000000000000e+00 -8.752000000000e-01 -8.752000000000e-01 0.000000000000e+00 0.000000000000e+00 0.000000000000e+00 -0.000000000000e+00 1.092869259683e-01 0.000000000000e+00 0.000000000000e+00 0.000000000000e+00 0.000000000000e+00 0.000000000000e+00 0.000000000000e+00 
9.355000000000e+00 5.413265697826e-02 2.137710722807e-01 4.121720334854e-03 1.656277218537e+05 1.538110733622e+05 1.122626018317e+05 4.507950521103e+03 6.241952421959e+02 2.600000000000e+06 0.000000000000e+00 -8.752000000000e-01 -8.752000000000e-01 0.000000000000e+00 0.000000000000e+00 0.000000000000e+00 -0.000000000000e+00 1.092556116758e-01 0.000000000000e+00 0.000000000000e+00 0.000000000000e+00 0.000000000000e+00 0.000000000000e+00 0.000000000000e+00 
9.360000000000e+00 5.410657820426e-02 2.010403617209e-01 6.073621841355e-03 1.652208939430e+05 1.536738847171e+05 1.122046255128e+05 4.508476350862e+03 6.239012380641e+02 2.600000000000e+06 0.000000000000e+00 -8.752000000000e-01 -8.752000000000e-01 0.000000000000e+00 0.000000000000e+00 0.000000000000e+00 -0.000000000000e+00 1.092033281089e-01 0.000000000000e+00 0.000000000000e+00 0.000000000000e+00 0.000000000000e+00 0.000000000000e+00 0.000000000000e+00 
9.365000000000e+00 5.407139787062e-02 1.897315492617e-01 7.784868906109e-03 1.647716503120e+05 1.534885448710e+05 1.121268283164e+05 4.509170825595e+03 6.235081468716e+02 2.600000000000e+06 0.000000000000e+00 -8.752000000000e-01 -8.752000000000e-01 0.000000000000e+00 0.000000000000e+00 0.000000000000e+00 -0.000000000000e+00 1.091325700731e-01 0.000000000000e+00 0.000000000000e+00 0.000000000000e+00 0.000000000000e+00 0.000000000000e+00 0.000000000000e+00 
9.370000000000e+00 5.402830996782e-02 1.798170652726e-01 9.260827004204e-03 1.642884183534e+05 1.532611191702e+05 1.120321870756e+05 4.510012337769e+03 6.230321887938e+02 2.600000000000e+06 0.000000000000e+00 -8.752000000000e-01 -8.752000000000e-01 0.000000000000e+00 0.000000000000e+00 0.000000000000e+00 -0.000000000000e+00 1.090457744734e-01 0.000000000000e+00 0.000000000000e+00 0.000000000000e+00 0.000000000000e+00 0.000000000000e+00 0.000000000000e+00 
9.375000000000e+00 5.397844307501e-02 1.712123436383e-01 1.052089158748e-02 1.637776587380e+05 1.529973248756e+05 1.119235331126e+05 4.510980757348e+03 6.224888582570e+02 2.600000000000e+06 0.000000000000e+00 -8.752000000000e-01 -8.752000000000e-01 0.000000000000e+00 0.000000000000e+00 0.000000000000e+00 -0.000000000000e+00 1.089452354608e-01 0.000000000000e+00 0.000000000000e+00 0.000000000000e+00 0.000000000000e+00 0.000000000000e+00 0.000000000000e+00 
9.380000000000e+00 5.392282876622e-02 1.638078019261e-01 1.158398042992e-02 1.632451757566e+05 1.527023806772e+05 1.118034572791e+05 4.512057717174e+03 6.218923584294e+02 2.600000000000e+06 0.000000000000e+00 -8.752000000000e-01 -8.752000000000e-01 0.000000000000e+00 0.000000000000e+00 0.000000000000e+00 -0.000000000000e+00 1.088330495348e-01 0.000000000000e+00 0.000000000000e+00 0.000000000000e+00 0.000000000000e+00 0.000000000000e+00 0.000000000000e+00 
9.385000000000e+00 5.386242201664e-02 1.575243292363e-01 1.246032691894e-02 1.626971483116e+05 1.523811256972e+05 1.116743377368e+05 4.513226041945e+03 6.212556807130e+02 2.600000000000e+06 0.000000000000e+00 -8.752000000000e-01 -8.752000000000e-01 0.000000000000e+00 0.000000000000e+00 0.000000000000e+00 -0.000000000000e+00 1.087111586759e-01 0.000000000000e+00 0.000000000000e+00 0.000000000000e+00 0.000000000000e+00 0.000000000000e+00 0.000000000000e+00 
9.390000000000e+00 5.379811538364e-02 1.522840083379e-01 1.316534146891e-02 1.621387184286e+05 1.520381028239e+05 1.115383592315e+05 4.514469690466e+03 6.205906576843e+02 2.600000000000e+06 0.000000000000e+00 -8.752000000000e-01 -8.752000000000e-01 0.000000000000e+00 0.000000000000e+00 0.000000000000e+00 -0.000000000000e+00 1.085813736416e-01 0.000000000000e+00 0.000000000000e+00 0.000000000000e+00 0.000000000000e+00 0.000000000000e+00 0.000000000000e+00 
9.395000000000e+00 5.373072535269e-02 1.480026750130e-01 1.371350675807e-02 1.615745438165e+05 1.516774909233e+05 1.113974782187e+05 4.515773895037e+03 6.199077669986e+02 2.600000000000e+06 0.000000000000e+00 -8.752000000000e-01 -8.752000000000e-01 0.000000000000e+00 0.000000000000e+00 0.000000000000e+00 -0.000000000000e+00 1.084453487053e-01 0.000000000000e+00 0.000000000000e+00 0.000000000000e+00 0.000000000000e+00 0.000000000000e+00 0.000000000000e+00 
9.400000000000e+00 5.366099505517e-02 1.445949179485e-01 1.411985185820e-02 1.610086524201e+05 1.513031209041e+05 1.112534282148e+05 4.517125132671e+03 6.192161518795e+02 2.600000000000e+06 0.000000000000e+00 -8.752000000000e-01 -8.752000000000e-01 0.000000000000e+00 0.000000000000e+00 0.000000000000e+00 -0.000000000000e+00 1.083045887555e-01 0.000000000000e+00 0.000000000000e+00 0.000000000000e+00 0.000000000000e+00 0.000000000000e+00 0.000000000000e+00 
9.405000000000e+00 5.358959030460e-02 1.419706989163e-01 1.440007926092e-02 1.604443955932e+05 1.509184536221e+05 1.111077149182e+05 4.518511210491e+03 6.185236057807e+02 2.600000000000e+06 0.000000000000e+00 -8.752000000000e-01 -8.752000000000e-01 0.000000000000e+00 0.000000000000e+00 0.000000000000e+00 -0.000000000000e+00 1.081604416143e-01 0.000000000000e+00 0.000000000000e+00 0.000000000000e+00 0.000000000000e+00 0.000000000000e+00 0.000000000000e+00 
9.410000000000e+00 5.351709660130e-02 1.400354788109e-01 1.457038779596e-02 1.598844437871e+05 1.505265606442e+05 1.109616166790e+05 4.519921335701e+03 6.178365957795e+02 2.600000000000e+06 0.000000000000e+00 -8.752000000000e-01 -8.752000000000e-01 0.000000000000e+00 0.000000000000e+00 0.000000000000e+00 -0.000000000000e+00 1.080140921937e-01 0.000000000000e+00 0.000000000000e+00 0.000000000000e+00 0.000000000000e+00 0.000000000000e+00 0.000000000000e+00 
9.415000000000e+00 5.344401805628e-02 1.386923072520e-01 1.464711877243e-02 1.593308177694e+05 1.501301135450e+05 1.108161912203e+05 4.521346151523e+03 6.171603254588e+02 2.600000000000e+06 0.000000000000e+00 -8.752000000000e-01 -8.752000000000e-01 0.000000000000e+00 0.000000000000e+00 0.000000000000e+00 -0.000000000000e+00 1.078665603636e-01 0.000000000000e+00 0.000000000000e+00 0.000000000000e+00 0.000000000000e+00 0.000000000000e+00 0.000000000000e+00 
9.420000000000e+00 5.337077540413e-02 1.378405981514e-01 1.464713676537e-02 1.587848333496e+05 1.497313669296e+05 1.106722820323e+05 4.522777808012e+03 6.164988031869e+02 2.600000000000e+06 0.000000000000e+00 -8.752000000000e-01 -8.752000000000e-01 0.000000000000e+00 0.000000000000e+00 0.000000000000e+00 -0.000000000000e+00 1.077186971020e-01 0.000000000000e+00 0.000000000000e+00 0.000000000000e+00 0.000000000000e+00 0.000000000000e+00 0.000000000000e+00 
9.425000000000e+00 5.329770493391e-02 1.373776153337e-01 1.458744685647e-02 1.582471376662e+05 1.493321454071e+05 1.105305275182e+05 4.524210004536e+03 6.158549280736e+02 2.600000000000e+06 0.000000000000e+00 -8.752000000000e-01 -8.752000000000e-01 0.000000000000e+00 0.000000000000e+00 0.000000000000e+00 -0.000000000000e+00 1.075711824452e-01 0.000000000000e+00 0.000000000000e+00 0.000000000000e+00 0.000000000000e+00 0.000000000000e+00 0.000000000000e+00 
9.430000000000e+00 5.322505427938e-02 1.371935161365e-01 1.448643079877e-02 1.577175433100e+05 1.489338126454e+05 1.103913645179e+05 4.525638124296e+03 6.152305535736e+02 2.600000000000e+06 0.000000000000e+00 -8.752000000000e-01 -8.752000000000e-01 0.000000000000e+00 0.000000000000e+00 0.000000000000e+00 -0.000000000000e+00 1.074245174561e-01 0.000000000000e+00 0.000000000000e+00 0.000000000000e+00 0.000000000000e+00 0.000000000000e+00 0.000000000000e+00 
9.435000000000e+00 5.315297476236e-02 1.371674556325e-01 1.436397986664e-02 1.571949580198e+05 1.485372206463e+05 1.102550257860e+05 4.527059419586e+03 6.146265276246e+02 2.600000000000e+06 0.000000000000e+00 -8.752000000000e-01 -8.752000000000e-01 0.000000000000e+00 0.000000000000e+00 0.000000000000e+00 -0.000000000000e+00 1.072790085839e-01 0.000000000000e+00 0.000000000000e+00 0.000000000000e+00 0.000000000000e+00 0.000000000000e+00 0.000000000000e+00 
9.440000000000e+00 5.308151323244e-02 1.371657652024e-01 1.424204520268e-02 1.566772640043e+05 1.481426552545e+05 1.101215371536e+05 4.528473216971e+03 6.140427354963e+02 2.600000000000e+06 0.000000000000e+00 -8.752000000000e-01 -8.752000000000e-01 0.000000000000e+00 0.000000000000e+00 0.000000000000e+00 -0.000000000000e+00 1.071347508223e-01 0.000000000000e+00 0.000000000000e+00 0.000000000000e+00 0.000000000000e+00 0.000000000000e+00 0.000000000000e+00 
9.445000000000e+00 5.301059820091e-02 1.370351871160e-01 1.414557396474e-02 1.561611109071e+05 1.477497491090e+05 1.099907046989e+05 4.529881245189e+03 6.134781032473e+02 2.600000000000e+06 0.000000000000e+00 -8.752000000000e-01 -8.752000000000e-01 0.000000000000e+00 0.000000000000e+00 0.000000000000e+00 -0.000000000000e+00 1.069916000661e-01 0.000000000000e+00 0.000000000000e+00 0.000000000000e+00 0.000000000000e+00 0.000000000000e+00 0.000000000000e+00 
9.450000000000e+00 5.294002653053e-02 1.366042374361e-01 1.410227833579e-02 1.556418418963e+05 1.473573962015e+05 1.098621040669e+05 4.531287935468e+03 6.129306169489e+02 2.600000000000e+06 0.000000000000e+00 -8.752000000000e-01 -8.752000000000e-01 0.000000000000e+00 0.000000000000e+00 0.000000000000e+00 -0.000000000000e+00 1.068491464483e-01 0.000000000000e+00 0.000000000000e+00 0.000000000000e+00 0.000000000000e+00 0.000000000000e+00 0.000000000000e+00 
9.455000000000e+00 5.286945283460e-02 1.356755996617e-01 1.414362990281e-02 1.551133020557e+05 1.469636800803e+05 1.097350757209e+05 4.532700693500e+03 6.123973731721e+02 2.600000000000e+06 0.000000000000e+00 -8.752000000000e-01 -8.752000000000e-01 0.000000000000e+00 0.000000000000e+00 0.000000000000e+00 -0.000000000000e+00 1.067066842713e-01 0.000000000000e+00 0.000000000000e+00 0.000000000000e+00 0.000000000000e+00 0.000000000000e+00 0.000000000000e+00 
9.460000000000e+00 5.279836331708e-02 1.340348742512e-01 1.430373988246e-02 1.545677660836e+05 1.465657133530e+05 1.096086936723e+05 4.534130450554e+03 6.118745266429e+02 2.600000000000e+06 0.000000000000e+00 -8.752000000000e-01 -8.752000000000e-01 0.000000000000e+00 0.000000000000e+00 0.000000000000e+00 -0.000000000000e+00 1.065631733917e-01 0.000000000000e+00 0.000000000000e+00 0.000000000000e+00 0.000000000000e+00 0.000000000000e+00 0.000000000000e+00 
9.465000000000e+00 5.272607516844e-02 1.314585403064e-01 1.461570035868e-02 1.539963408939e+05 1.461596171933e+05 1.094817823290e+05 4.535591665220e+03 6.113574516773e+02 2.600000000000e+06 0.000000000000e+00 -8.752000000000e-01 -8.752000000000e-01 0.000000000000e+00 0.000000000000e+00 0.000000000000e+00 -0.000000000000e+00 1.064172363733e-01 0.000000000000e+00 0.000000000000e+00 0.000000000000e+00 0.000000000000e+00 0.000000000000e+00 0.000000000000e+00 
9.470000000000e+00 5.265173837197e-02 1.277254580411e-01 1.511178177594e-02 1.533889531143e+05 1.457405127437e+05 1.093529384565e+05 4.537102349409e+03 6.108409305383e+02 2.600000000000e+06 0.000000000000e+00 -8.752000000000e-01 -8.752000000000e-01 0.000000000000e+00 0.000000000000e+00 0.000000000000e+00 -0.000000000000e+00 1.062671543612e-01 0.000000000000e+00 0.000000000000e+00 0.000000000000e+00 0.000000000000e+00 0.000000000000e+00 0.000000000000e+00 
9.475000000000e+00 5.257436436249e-02 1.226572118150e-01 1.581506267122e-02 1.527355002983e+05 1.453026621767e+05 1.092206004745e+05 4.538683402450e+03 6.103195375076e+02 2.600000000000e+06 0.000000000000e+00 -8.752000000000e-01 -8.752000000000e-01 0.000000000000e+00 0.000000000000e+00 0.000000000000e+00 -0.000000000000e+00 1.061109339831e-01 0.000000000000e+00 0.000000000000e+00 0.000000000000e+00 0.000000000000e+00 0.000000000000e+00 0.000000000000e+00 
9.480000000000e+00 5.249287965259e-02 1.161459316566e-01 1.673704920933e-02 1.520265177025e+05 1.448397515060e+05 1.090831586239e+05 4.540357542108e+03 6.097881765368e+02 2.600000000000e+06 0.000000000000e+00 -8.752000000000e-01 -8.752000000000e-01 0.000000000000e+00 0.000000000000e+00 0.000000000000e+00 -0.000000000000e+00 1.059464094294e-01 0.000000000000e+00 0.000000000000e+00 0.000000000000e+00 0.000000000000e+00 0.000000000000e+00 0.000000000000e+00 
9.485000000000e+00 5.240619184345e-02 1.081751203112e-01 1.787434432461e-02 1.512540471441e+05 1.443452466331e+05 1.089390814277e+05 4.542147954611e+03 6.092426597425e+02 2.600000000000e+06 0.000000000000e+00 -8.752000000000e-01 -8.752000000000e-01 0.000000000000e+00 0.000000000000e+00 0.000000000000e+00 -0.000000000000e+00 1.057713770904e-01 0.000000000000e+00 0.000000000000e+00 0.000000000000e+00 0.000000000000e+00 0.000000000000e+00 0.000000000000e+00 
9.490000000000e+00 5.231327549819e-02 9.884417966721e-02 1.920501385925e-02 1.504126947931e+05 1.438128683297e+05 1.087870676291e+05 4.544076512263e+03 6.086803436719e+02 2.600000000000e+06 0.000000000000e+00 -8.752000000000e-01 -8.752000000000e-01 0.000000000000e+00 0.000000000000e+00 0.000000000000e+00 -0.000000000000e+00 1.055837696790e-01 0.000000000000e+00 0.000000000000e+00 0.000000000000e+00 0.000000000000e+00 0.000000000000e+00 0.000000000000e+00 
9.495000000000e+00 5.221326178116e-02 8.836936699560e-02 2.069007286758e-02 1.495001444238e+05 1.432370991550e+05 1.086261920608e+05 4.546161969870e+03 6.081006770609e+02 2.600000000000e+06 0.000000000000e+00 -8.752000000000e-01 -8.752000000000e-01 0.000000000000e+00 0.000000000000e+00 0.000000000000e+00 -0.000000000000e+00 1.053818445719e-01 0.000000000000e+00 0.000000000000e+00 0.000000000000e+00 0.000000000000e+00 0.000000000000e+00 0.000000000000e+00 
9.500000000000e+00 5.210551975698e-02 7.707194351903e-02 2.227579931719e-02 1.485175208498e+05 1.426136569754e+05 1.084560222097e+05 4.548418299477e+03 6.075055534473e+02 2.600000000000e+06 0.000000000000e+00 -8.752000000000e-01 -8.752000000000e-01 0.000000000000e+00 0.000000000000e+00 0.000000000000e+00 -0.000000000000e+00 1.051643373686e-01 0.000000000000e+00 0.000000000000e+00 0.000000000000e+00 0.000000000000e+00 0.000000000000e+00 0.000000000000e+00 
9.505000000000e+00 5.198971809576e-02 6.535739720114e-02 2.389829366448e-02 1.474693567614e+05 1.419398729708e+05 1.082766859295e+05 4.550853414502e+03 6.068993875376e+02 2.600000000000e+06 0.000000000000e+00 -8.752000000000e-01 -8.752000000000e-01 0.000000000000e+00 0.000000000000e+00 0.000000000000e+00 -0.000000000000e+00 1.049305806027e-01 0.000000000000e+00 0.000000000000e+00 0.000000000000e+00 0.000000000000e+00 0.000000000000e+00 0.000000000000e+00 
9.510000000000e+00 5.186586396168e-02 5.367163024425e-02 2.548951628398e-02 1.463632212716e+05 1.412149560384e+05 1.080888864428e+05 4.553468337738e+03 6.062889058361e+02 2.600000000000e+06 0.000000000000e+00 -8.752000000000e-01 -8.752000000000e-01 0.000000000000e+00 0.000000000000e+00 0.000000000000e+00 -0.000000000000e+00 1.046805941823e-01 0.000000000000e+00 0.000000000000e+00 0.000000000000e+00 0.000000000000e+00 0.000000000000e+00 0.000000000000e+00 
9.515000000000e+00 5.173429263896e-02 4.244466365160e-02 2.698325916283e-02 1.452089842115e+05 1.404399857972e+05 1.078938295110e+05 4.556257350521e+03 6.056825644742e+02 2.600000000000e+06 0.000000000000e+00 -8.752000000000e-01 -8.752000000000e-01 0.000000000000e+00 0.000000000000e+00 0.000000000000e+00 -0.000000000000e+00 1.044150598638e-01 0.000000000000e+00 0.000000000000e+00 0.000000000000e+00 0.000000000000e+00 0.000000000000e+00 0.000000000000e+00 
9.520000000000e+00 5.159564838819e-02 3.207808212975e-02 2.832121453969e-02 1.440179934533e+05 1.396178636734e+05 1.076931331750e+05 4.559208307076e+03 6.050898759108e+02 2.600000000000e+06 0.000000000000e+00 -8.752000000000e-01 -8.752000000000e-01 0.000000000000e+00 0.000000000000e+00 0.000000000000e+00 -0.000000000000e+00 1.041352831906e-01 0.000000000000e+00 0.000000000000e+00 0.000000000000e+00 0.000000000000e+00 0.000000000000e+00 0.000000000000e+00 
9.525000000000e+00 5.145085541294e-02 2.292488385853e-02 2.945157438495e-02 1.428030351803e+05 1.387532117356e+05 1.074887233290e+05 4.562303012083e+03 6.045206842530e+02 2.600000000000e+06 0.000000000000e+00 -8.752000000000e-01 -8.752000000000e-01 0.000000000000e+00 0.000000000000e+00 0.000000000000e+00 -0.000000000000e+00 1.038431387701e-01 0.000000000000e+00 0.000000000000e+00 0.000000000000e+00 0.000000000000e+00 0.000000000000e+00 0.000000000000e+00 
9.530000000000e+00 5.130106388635e-02 1.526390921085e-02 3.033784956176e-02 1.415769118497e+05 1.378521229752e+05 1.072827004655e+05 4.565518326050e+03 6.039843924007e+02 2.600000000000e+06 0.000000000000e+00 -8.752000000000e-01 -8.752000000000e-01 0.000000000000e+00 0.000000000000e+00 0.000000000000e+00 -0.000000000000e+00 1.035409373005e-01 0.000000000000e+00 0.000000000000e+00 0.000000000000e+00 0.000000000000e+00 0.000000000000e+00 0.000000000000e+00 
9.535000000000e+00 5.114757667656e-02 9.260498709287e-03 3.096153037108e-02 1.403515691612e+05 1.369217858167e+05 1.070771946685e+05 4.568827610726e+03 6.034892522132e+02 2.600000000000e+06 0.000000000000e+00 -8.752000000000e-01 -8.752000000000e-01 0.000000000000e+00 0.000000000000e+00 0.000000000000e+00 -0.000000000000e+00 1.032312649916e-01 0.000000000000e+00 0.000000000000e+00 0.000000000000e+00 0.000000000000e+00 0.000000000000e+00 0.000000000000e+00 
9.540000000000e+00 5.099172195612e-02 4.963332369163e-03 3.132115739869e-02 1.391372235363e+05 1.359697585118e+05 1.068741715384e+05 4.572203343460e+03 6.030416991378e+02 2.600000000000e+06 0.000000000000e+00 -8.752000000000e-01 -8.752000000000e-01 0.000000000000e+00 0.000000000000e+00 0.000000000000e+00 -0.000000000000e+00 1.029168026726e-01 0.000000000000e+00 0.000000000000e+00 0.000000000000e+00 0.000000000000e+00 0.000000000000e+00 0.000000000000e+00 
9.545000000000e+00 5.083480193699e-02 2.333151329285e-03 3.142496667883e-02 1.379428168054e+05 1.350036758023e+05 1.066753661441e+05 4.575618062682e+03 6.026461834727e+02 2.600000000000e+06 0.000000000000e+00 -8.752000000000e-01 -8.752000000000e-01 0.000000000000e+00 0.000000000000e+00 0.000000000000e+00 -0.000000000000e+00 1.026001840848e-01 0.000000000000e+00 0.000000000000e+00 0.000000000000e+00 0.000000000000e+00 0.000000000000e+00 0.000000000000e+00 
9.550000000000e+00 5.067803325883e-02 1.253015937337e-03 3.129410453990e-02 1.367751623262e+05 1.340308842295e+05 1.064822223232e+05 4.579045747423e+03 6.023051376668e+02 2.600000000000e+06 0.000000000000e+00 -8.752000000000e-01 -8.752000000000e-01 0.000000000000e+00 0.000000000000e+00 0.000000000000e+00 -0.000000000000e+00 1.022838720540e-01 0.000000000000e+00 0.000000000000e+00 0.000000000000e+00 0.000000000000e+00 0.000000000000e+00 0.000000000000e+00 
9.555000000000e+00 5.052250432250e-02 1.547669604439e-03 3.095752610978e-02 1.356391993388e+05 1.330581612895e+05 1.062958673262e+05 4.582462726991e+03 6.020191271766e+02 2.600000000000e+06 0.000000000000e+00 -8.752000000000e-01 -8.752000000000e-01 0.000000000000e+00 0.000000000000e+00 0.000000000000e+00 -0.000000000000e+00 1.019700651334e-01 0.000000000000e+00 0.000000000000e+00 0.000000000000e+00 0.000000000000e+00 0.000000000000e+00 0.000000000000e+00 
9.560000000000e+00 5.036915061887e-02 3.002880946478e-03 3.044939995489e-02 1.345380930024e+05 1.320915312043e+05 1.061171166122e+05 4.585848278631e+03 6.017871258374e+02 2.600000000000e+06 0.000000000000e+00 -8.752000000000e-01 -8.752000000000e-01 0.000000000000e+00 0.000000000000e+00 0.000000000000e+00 -0.000000000000e+00 1.016606405881e-01 0.000000000000e+00 0.000000000000e+00 0.000000000000e+00 0.000000000000e+00 0.000000000000e+00 0.000000000000e+00 
9.565000000000e+00 5.021872753827e-02 5.394896980625e-03 2.980598879812e-02 1.334733837303e+05 1.311360538273e+05 1.059464795851e+05 4.589185293353e+03 6.016068334267e+02 2.600000000000e+06 0.000000000000e+00 -8.752000000000e-01 -8.752000000000e-01 0.000000000000e+00 0.000000000000e+00 0.000000000000e+00 -0.000000000000e+00 1.013571102536e-01 0.000000000000e+00 0.000000000000e+00 0.000000000000e+00 0.000000000000e+00 0.000000000000e+00 0.000000000000e+00 
9.570000000000e+00 5.007181053647e-02 8.493122697179e-03 2.906205070627e-02 1.324454098113e+05 1.301957793108e+05 1.057841975916e+05 4.592460336779e+03 6.014750458489e+02 2.600000000000e+06 0.000000000000e+00 -8.752000000000e-01 -8.752000000000e-01 0.000000000000e+00 0.000000000000e+00 0.000000000000e+00 -0.000000000000e+00 1.010606355531e-01 0.000000000000e+00 0.000000000000e+00 0.000000000000e+00 0.000000000000e+00 0.000000000000e+00 0.000000000000e+00 
9.575000000000e+00 4.992880648261e-02 1.208069294499e-02 2.825096325692e-02 1.314533711831e+05 1.292737746285e+05 1.056302901647e+05 4.595663522604e+03 6.013880008006e+02 2.600000000000e+06 0.000000000000e+00 -8.752000000000e-01 -8.752000000000e-01 0.000000000000e+00 0.000000000000e+00 0.000000000000e+00 -0.000000000000e+00 1.007720400131e-01 0.000000000000e+00 0.000000000000e+00 0.000000000000e+00 0.000000000000e+00 0.000000000000e+00 0.000000000000e+00 
9.580000000000e+00 4.978997327763e-02 1.597170954585e-02 2.740061706308e-02 1.304959751349e+05 1.283722078188e+05 1.054846040841e+05 4.598788102143e+03 6.013416723970e+02 2.600000000000e+06 0.000000000000e+00 -8.752000000000e-01 -8.752000000000e-01 0.000000000000e+00 0.000000000000e+00 0.000000000000e+00 -0.000000000000e+00 1.004918571182e-01 0.000000000000e+00 0.000000000000e+00 0.000000000000e+00 0.000000000000e+00 0.000000000000e+00 0.000000000000e+00 
9.585000000000e+00 4.965543914665e-02 2.000987767742e-02 2.653442366679e-02 1.295714631681e+05 1.274924368653e+05 1.053468553947e+05 4.601830137165e+03 6.013320016460e+02 2.600000000000e+06 0.000000000000e+00 -8.752000000000e-01 -8.752000000000e-01 0.000000000000e+00 0.000000000000e+00 0.000000000000e+00 -0.000000000000e+00 1.002203482954e-01 0.000000000000e+00 0.000000000000e+00 0.000000000000e+00 0.000000000000e+00 0.000000000000e+00 0.000000000000e+00 
9.590000000000e+00 4.952523252242e-02 2.407761726773e-02 2.566994787125e-02 1.286780107157e+05 1.266351754437e+05 1.052166759218e+05 4.604787864456e+03 6.013550655757e+02 2.600000000000e+06 0.000000000000e+00 -8.752000000000e-01 -8.752000000000e-01 0.000000000000e+00 0.000000000000e+00 0.000000000000e+00 -0.000000000000e+00 9.995757073990e-02 0.000000000000e+00 0.000000000000e+00 0.000000000000e+00 0.000000000000e+00 0.000000000000e+00 0.000000000000e+00 
9.595000000000e+00 4.939930956444e-02 2.809182494681e-02 2.481928336943e-02 1.278138982881e+05 1.258006525173e+05 1.050936508823e+05 4.607661122670e+03 6.014071812169e+02 2.600000000000e+06 0.000000000000e+00 -8.752000000000e-01 -8.752000000000e-01 0.000000000000e+00 0.000000000000e+00 0.000000000000e+00 -0.000000000000e+00 9.970343697469e-02 0.000000000000e+00 0.000000000000e+00 0.000000000000e+00 0.000000000000e+00 0.000000000000e+00 0.000000000000e+00 
9.600000000000e+00 4.927757571458e-02 3.199572081257e-02 2.399120117653e-02 1.269774164613e+05 1.249887405134e+05 1.049773455609e+05 4.610450929985e+03 6.014849600456e+02 2.600000000000e+06 0.000000000000e+00 -8.752000000000e-01 -8.752000000000e-01 0.000000000000e+00 0.000000000000e+00 0.000000000000e+00 -0.000000000000e+00 9.945775615283e-02 0.000000000000e+00 0.000000000000e+00 0.000000000000e+00 0.000000000000e+00 0.000000000000e+00 0.000000000000e+00 
9.605000000000e+00 4.915990336375e-02 3.575631415259e-02 2.319013345807e-02 1.261671319933e+05 1.241990637786e+05 1.048673246749e+05 4.613159074920e+03 6.015853277431e+02 2.600000000000e+06 0.000000000000e+00 -8.752000000000e-01 -8.752000000000e-01 0.000000000000e+00 0.000000000000e+00 0.000000000000e+00 -0.000000000000e+00 9.922027084744e-02 0.000000000000e+00 0.000000000000e+00 0.000000000000e+00 0.000000000000e+00 0.000000000000e+00 0.000000000000e+00 
9.610000000000e+00 4.904616162340e-02 3.937824761124e-02 2.241455255583e-02 1.253823279074e+05 1.234311940460e+05 1.047631800687e+05 4.615787400953e+03 6.017055022109e+02 2.600000000000e+06 0.000000000000e+00 -8.752000000000e-01 -8.752000000000e-01 0.000000000000e+00 0.000000000000e+00 0.000000000000e+00 -0.000000000000e+00 9.899071834446e-02 0.000000000000e+00 0.000000000000e+00 0.000000000000e+00 0.000000000000e+00 0.000000000000e+00 0.000000000000e+00 
9.615000000000e+00 4.893623092120e-02 4.288196043203e-02 2.166178572822e-02 1.246225221587e+05 1.226847500107e+05 1.046645414536e+05 4.618337554667e+03 6.018429549905e+02 2.600000000000e+06 0.000000000000e+00 -8.752000000000e-01 -8.752000000000e-01 0.000000000000e+00 0.000000000000e+00 0.000000000000e+00 -0.000000000000e+00 9.876885762692e-02 0.000000000000e+00 0.000000000000e+00 0.000000000000e+00 0.000000000000e+00 0.000000000000e+00 0.000000000000e+00 
9.620000000000e+00 4.883000911983e-02 4.629658964437e-02 2.092750712440e-02 1.238875812768e+05 1.219594422284e+05 1.045710784567e+05 4.620810822154e+03 6.019953711331e+02 2.600000000000e+06 0.000000000000e+00 -8.752000000000e-01 -8.752000000000e-01 0.000000000000e+00 0.000000000000e+00 0.000000000000e+00 -0.000000000000e+00 9.855448192322e-02 0.000000000000e+00 0.000000000000e+00 0.000000000000e+00 0.000000000000e+00 0.000000000000e+00 0.000000000000e+00 
9.625000000000e+00 4.872741828576e-02 4.965723224009e-02 2.020662534716e-02 1.231776641685e+05 1.212551236767e+05 1.044825029873e+05 4.623207975253e+03 6.021606047480e+02 2.600000000000e+06 0.000000000000e+00 -8.752000000000e-01 -8.752000000000e-01 0.000000000000e+00 0.000000000000e+00 0.000000000000e+00 -0.000000000000e+00 9.834743352856e-02 0.000000000000e+00 0.000000000000e+00 0.000000000000e+00 0.000000000000e+00 0.000000000000e+00 0.000000000000e+00 
9.630000000000e+00 4.862840631105e-02 5.299992001586e-02 1.949397118023e-02 1.224931495087e+05 1.205718058999e+05 1.043985670493e+05 4.625529233470e+03 6.023366410017e+02 2.600000000000e+06 0.000000000000e+00 -8.752000000000e-01 -8.752000000000e-01 0.000000000000e+00 0.000000000000e+00 0.000000000000e+00 -0.000000000000e+00 9.814760704116e-02 0.000000000000e+00 0.000000000000e+00 0.000000000000e+00 0.000000000000e+00 0.000000000000e+00 0.000000000000e+00 
9.635000000000e+00 4.853294551653e-02 5.635756885871e-02 1.878493403091e-02 1.218345445278e+05 1.199096541482e+05 1.043190583457e+05 4.627774297097e+03 6.025215666433e+02 2.600000000000e+06 0.000000000000e+00 -8.752000000000e-01 -8.752000000000e-01 0.000000000000e+00 0.000000000000e+00 0.000000000000e+00 -0.000000000000e+00 9.795494649604e-02 0.000000000000e+00 0.000000000000e+00 0.000000000000e+00 0.000000000000e+00 0.000000000000e+00 0.000000000000e+00 
9.640000000000e+00 4.844102877860e-02 5.975715749515e-02 1.807580404069e-02 1.212024103903e+05 1.192689645515e+05 1.042437943850e+05 4.629942435380e+03 6.027135508987e+02 2.600000000000e+06 0.000000000000e+00 -8.752000000000e-01 -8.752000000000e-01 0.000000000000e+00 0.000000000000e+00 0.000000000000e+00 -0.000000000000e+00 9.776943750785e-02 0.000000000000e+00 0.000000000000e+00 0.000000000000e+00 0.000000000000e+00 0.000000000000e+00 0.000000000000e+00 
9.645000000000e+00 4.835266396700e-02 6.321747091707e-02 1.736415776760e-02 1.205972676107e+05 1.186501283139e+05 1.041726158850e+05 4.632032618713e+03 6.029108368204e+02 2.600000000000e+06 0.000000000000e+00 -8.752000000000e-01 -8.752000000000e-01 0.000000000000e+00 0.000000000000e+00 0.000000000000e+00 -0.000000000000e+00 9.759109602078e-02 0.000000000000e+00 0.000000000000e+00 0.000000000000e+00 0.000000000000e+00 0.000000000000e+00 0.000000000000e+00 
9.650000000000e+00 4.826786793628e-02 6.674941887600e-02 1.664858526919e-02 1.200195813341e+05 1.180535913958e+05 1.041053805093e+05 4.634043651650e+03 6.031117408157e+02 2.600000000000e+06 0.000000000000e+00 -8.752000000000e-01 -8.752000000000e-01 0.000000000000e+00 0.000000000000e+00 0.000000000000e+00 -0.000000000000e+00 9.741995616186e-02 0.000000000000e+00 0.000000000000e+00 0.000000000000e+00 0.000000000000e+00 0.000000000000e+00 0.000000000000e+00 
9.655000000000e+00 4.818666079933e-02 7.035535256752e-02 1.592911418157e-02 1.194696591919e+05 1.174798148629e+05 1.040419574335e+05 4.635974316082e+03 6.033146578885e+02 2.600000000000e+06 0.000000000000e+00 -8.752000000000e-01 -8.752000000000e-01 0.000000000000e+00 0.000000000000e+00 0.000000000000e+00 -0.000000000000e+00 9.725605863228e-02 0.000000000000e+00 0.000000000000e+00 0.000000000000e+00 0.000000000000e+00 0.000000000000e+00 0.000000000000e+00 
9.660000000000e+00 4.810905889115e-02 7.402876279708e-02 1.520698140985e-02 1.189476218427e+05 1.169292247783e+05 1.039822214085e+05 4.637823535475e+03 6.035180756543e+02 2.600000000000e+06 0.000000000000e+00 -8.752000000000e-01 -8.752000000000e-01 0.000000000000e+00 0.000000000000e+00 0.000000000000e+00 -0.000000000000e+00 9.709943651263e-02 0.000000000000e+00 0.000000000000e+00 0.000000000000e+00 0.000000000000e+00 0.000000000000e+00 0.000000000000e+00 
9.665000000000e+00 4.803506947873e-02 7.775602232068e-02 1.448442338462e-02 1.184533850620e+05 1.164021733299e+05 1.039260486313e+05 4.639590500005e+03 6.037205887544e+02 2.600000000000e+06 0.000000000000e+00 -8.752000000000e-01 -8.752000000000e-01 0.000000000000e+00 0.000000000000e+00 0.000000000000e+00 -0.000000000000e+00 9.695010461731e-02 0.000000000000e+00 0.000000000000e+00 0.000000000000e+00 0.000000000000e+00 0.000000000000e+00 0.000000000000e+00 
9.670000000000e+00 4.796468646387e-02 8.151803823675e-02 1.376439836073e-02 1.179866587746e+05 1.158989063021e+05 1.038733136497e+05 4.641274767915e+03 6.039209135713e+02 2.600000000000e+06 0.000000000000e+00 -8.752000000000e-01 -8.752000000000e-01 0.000000000000e+00 0.000000000000e+00 0.000000000000e+00 -0.000000000000e+00 9.680805077664e-02 0.000000000000e+00 0.000000000000e+00 0.000000000000e+00 0.000000000000e+00 0.000000000000e+00 0.000000000000e+00 
9.675000000000e+00 4.789788775701e-02 8.529253807011e-02 1.305024486253e-02 1.175469681544e+05 1.154195420823e+05 1.038238876727e+05 4.642876326055e+03 6.041178998282e+02 2.600000000000e+06 0.000000000000e+00 -8.752000000000e-01 -8.752000000000e-01 0.000000000000e+00 0.000000000000e+00 0.000000000000e+00 -0.000000000000e+00 9.667323024856e-02 0.000000000000e+00 0.000000000000e+00 0.000000000000e+00 0.000000000000e+00 0.000000000000e+00 0.000000000000e+00 
9.680000000000e+00 4.783463383737e-02 8.905538312023e-02 1.234555687231e-02 1.171336566232e+05 1.149640591048e+05 1.037776377862e+05 4.644395626160e+03 6.043105389707e+02 2.600000000000e+06 0.000000000000e+00 -8.752000000000e-01 -8.752000000000e-01 0.000000000000e+00 0.000000000000e+00 0.000000000000e+00 -0.000000000000e+00 9.654556326104e-02 0.000000000000e+00 0.000000000000e+00 0.000000000000e+00 0.000000000000e+00 0.000000000000e+00 0.000000000000e+00 
9.685000000000e+00 4.777486718963e-02 9.278197119338e-02 1.165392153488e-02 1.167459141738e+05 1.145322897544e+05 1.037344267638e+05 4.645833596752e+03 6.044979693348e+02 2.600000000000e+06 0.000000000000e+00 -8.752000000000e-01 -8.752000000000e-01 0.000000000000e+00 0.000000000000e+00 0.000000000000e+00 -0.000000000000e+00 9.642493388491e-02 0.000000000000e+00 0.000000000000e+00 0.000000000000e+00 0.000000000000e+00 0.000000000000e+00 0.000000000000e+00 
9.690000000000e+00 4.771851290438e-02 9.644864531325e-02 1.097877228914e-02 1.163828005324e+05 1.141239229830e+05 1.036941136260e+05 4.647191628405e+03 6.046794765817e+02 2.600000000000e+06 0.000000000000e+00 -8.752000000000e-01 -8.752000000000e-01 0.000000000000e+00 0.000000000000e+00 0.000000000000e+00 -0.000000000000e+00 9.631119091989e-02 0.000000000000e+00 0.000000000000e+00 0.000000000000e+00 0.000000000000e+00 0.000000000000e+00 0.000000000000e+00 
9.695000000000e+00 4.766547910316e-02 1.000326634558e-01 1.032327274338e-02 1.160432633471e+05 1.137385060714e+05 1.036565539511e+05 4.648471563034e+03 6.048544932875e+02 2.600000000000e+06 0.000000000000e+00 -8.752000000000e-01 -8.752000000000e-01 0.000000000000e+00 0.000000000000e+00 0.000000000000e+00 -0.000000000000e+00 9.620414892123e-02 0.000000000000e+00 0.000000000000e+00 0.000000000000e+00 0.000000000000e+00 0.000000000000e+00 0.000000000000e+00 
9.700000000000e+00 4.761566160266e-02 1.035176633605e-01 9.689461083730e-03 1.157262877711e+05 1.133754776960e+05 1.036216030475e+05 4.649675563738e+03 6.050225829018e+02 2.600000000000e+06 0.000000000000e+00 -8.752000000000e-01 -8.752000000000e-01 0.000000000000e+00 0.000000000000e+00 0.000000000000e+00 -0.000000000000e+00 9.610359759536e-02 0.000000000000e+00 0.000000000000e+00 0.000000000000e+00 0.000000000000e+00 0.000000000000e+00 0.000000000000e+00 
9.705000000000e+00 4.756894768135e-02 1.068920369516e-01 9.078813307830e-03 1.154308538774e+05 1.130341952415e+05 1.035891182675e+05 4.650806033739e+03 6.051834241084e+02 2.600000000000e+06 0.000000000000e+00 -8.752000000000e-01 -8.752000000000e-01 0.000000000000e+00 0.000000000000e+00 0.000000000000e+00 -0.000000000000e+00 9.600930941169e-02 0.000000000000e+00 0.000000000000e+00 0.000000000000e+00 0.000000000000e+00 0.000000000000e+00 0.000000000000e+00 
9.710000000000e+00 4.752521752337e-02 1.101458167720e-01 8.492718000838e-03 1.151558865261e+05 1.127139456721e+05 1.035589595703e+05 4.651865589411e+03 6.053368015856e+02 2.600000000000e+06 0.000000000000e+00 -8.752000000000e-01 -8.752000000000e-01 0.000000000000e+00 0.000000000000e+00 0.000000000000e+00 -0.000000000000e+00 9.592104253674e-02 0.000000000000e+00 0.000000000000e+00 0.000000000000e+00 0.000000000000e+00 0.000000000000e+00 0.000000000000e+00 
9.715000000000e+00 4.748434685490e-02 1.132732127858e-01 7.931644912051e-03 1.149003864586e+05 1.124139654329e+05 1.035309908520e+05 4.652856976952e+03 6.054825918734e+02 2.600000000000e+06 0.000000000000e+00 -8.752000000000e-01 -8.752000000000e-01 0.000000000000e+00 0.000000000000e+00 0.000000000000e+00 -0.000000000000e+00 9.583854616362e-02 0.000000000000e+00 0.000000000000e+00 0.000000000000e+00 0.000000000000e+00 0.000000000000e+00 0.000000000000e+00 
9.720000000000e+00 4.744621023086e-02 1.162720150172e-01 7.395679841913e-03 1.146633874622e+05 1.121334654684e+05 1.035050816495e+05 4.653783000254e+03 6.056207460413e+02 2.600000000000e+06 0.000000000000e+00 -8.752000000000e-01 -8.752000000000e-01 0.000000000000e+00 0.000000000000e+00 0.000000000000e+00 -0.000000000000e+00 9.576156712513e-02 0.000000000000e+00 0.000000000000e+00 0.000000000000e+00 0.000000000000e+00 0.000000000000e+00 0.000000000000e+00 
9.725000000000e+00 4.741068255058e-02 1.191419793317e-01 6.884660134648e-03 1.144439515161e+05 1.118716434903e+05 1.034811075912e+05 4.654646483701e+03 6.057512781279e+02 2.600000000000e+06 0.000000000000e+00 -8.752000000000e-01 -8.752000000000e-01 0.000000000000e+00 0.000000000000e+00 0.000000000000e+00 -0.000000000000e+00 9.568985295395e-02 0.000000000000e+00 0.000000000000e+00 0.000000000000e+00 0.000000000000e+00 0.000000000000e+00 0.000000000000e+00 
9.730000000000e+00 4.737764062804e-02 1.218850322109e-01 6.398009089661e-03 1.142412040718e+05 1.116276967540e+05 1.034589508868e+05 4.655450227319e+03 6.058742533390e+02 2.600000000000e+06 0.000000000000e+00 -8.752000000000e-01 -8.752000000000e-01 0.000000000000e+00 0.000000000000e+00 0.000000000000e+00 -0.000000000000e+00 9.562315506576e-02 0.000000000000e+00 0.000000000000e+00 0.000000000000e+00 0.000000000000e+00 0.000000000000e+00 0.000000000000e+00 
9.735000000000e+00 4.734696501322e-02 1.245052102710e-01 5.934862443869e-03 1.140543328806e+05 1.114008367645e+05 1.034385009942e+05 4.656196961607e+03 6.059897753337e+02 2.600000000000e+06 0.000000000000e+00 -8.752000000000e-01 -8.752000000000e-01 0.000000000000e+00 0.000000000000e+00 0.000000000000e+00 -0.000000000000e+00 9.556123242559e-02 0.000000000000e+00 0.000000000000e+00 0.000000000000e+00 0.000000000000e+00 0.000000000000e+00 0.000000000000e+00 
9.740000000000e+00 4.731854121860e-02 1.270080780221e-01 5.494152620235e-03 1.138825875007e+05 1.111902996334e+05 1.034196549026e+05 4.656889316135e+03 6.060979758424e+02 2.600000000000e+06 0.000000000000e+00 -8.752000000000e-01 -8.752000000000e-01 0.000000000000e+00 0.000000000000e+00 0.000000000000e+00 -0.000000000000e+00 9.550385402264e-02 0.000000000000e+00 0.000000000000e+00 0.000000000000e+00 0.000000000000e+00 0.000000000000e+00 0.000000000000e+00 
9.745000000000e+00 4.729226016646e-02 1.293996190265e-01 5.074797747464e-03 1.137252585243e+05 1.109953506425e+05 1.034023169312e+05 4.657529809618e+03 6.061990075599e+02 2.600000000000e+06 0.000000000000e+00 -8.752000000000e-01 -8.752000000000e-01 0.000000000000e+00 0.000000000000e+00 0.000000000000e+00 -0.000000000000e+00 9.545079977222e-02 0.000000000000e+00 0.000000000000e+00 0.000000000000e+00 0.000000000000e+00 0.000000000000e+00 0.000000000000e+00 
9.750000000000e+00 4.726801832858e-02 1.316860408024e-01 4.675644431758e-03 1.135816868020e+05 1.108152864492e+05 1.033863983697e+05 4.658120842739e+03 6.062930386853e+02 2.600000000000e+06 0.000000000000e+00 -8.752000000000e-01 -8.752000000000e-01 0.000000000000e+00 0.000000000000e+00 0.000000000000e+00 -0.000000000000e+00 9.540186079725e-02 0.000000000000e+00 0.000000000000e+00 0.000000000000e+00 0.000000000000e+00 0.000000000000e+00 0.000000000000e+00 
9.755000000000e+00 4.724571787189e-02 1.338734758137e-01 4.295609155792e-03 1.134512463543e+05 1.106494372464e+05 1.033718171687e+05 4.658664695123e+03 6.063802479195e+02 2.600000000000e+06 0.000000000000e+00 -8.752000000000e-01 -8.752000000000e-01 0.000000000000e+00 0.000000000000e+00 0.000000000000e+00 -0.000000000000e+00 9.535683971340e-02 0.000000000000e+00 0.000000000000e+00 0.000000000000e+00 0.000000000000e+00 0.000000000000e+00 0.000000000000e+00 
9.760000000000e+00 4.722526578092e-02 1.359668476117e-01 3.933830955458e-03 1.133333173672e+05 1.104971612136e+05 1.033584970062e+05 4.659163548082e+03 6.064608239502e+02 2.600000000000e+06 0.000000000000e+00 -8.752000000000e-01 -8.752000000000e-01 0.000000000000e+00 0.000000000000e+00 0.000000000000e+00 -0.000000000000e+00 9.531554886035e-02 0.000000000000e+00 0.000000000000e+00 0.000000000000e+00 0.000000000000e+00 0.000000000000e+00 0.000000000000e+00 
9.765000000000e+00 4.720657218813e-02 1.379686673010e-01 3.589873774568e-03 1.132272460324e+05 1.103578329308e+05 1.033463658937e+05 4.659619528318e+03 6.065349686504e+02 2.600000000000e+06 0.000000000000e+00 -8.752000000000e-01 -8.752000000000e-01 0.000000000000e+00 0.000000000000e+00 0.000000000000e+00 -0.000000000000e+00 9.527780692976e-02 0.000000000000e+00 0.000000000000e+00 0.000000000000e+00 0.000000000000e+00 0.000000000000e+00 0.000000000000e+00 
9.770000000000e+00 4.718954875497e-02 1.398795401435e-01 3.263483335056e-03 1.131323638905e+05 1.102308320284e+05 1.033353548677e+05 4.660034741507e+03 6.066029006622e+02 2.600000000000e+06 0.000000000000e+00 -8.752000000000e-01 -8.752000000000e-01 0.000000000000e+00 0.000000000000e+00 0.000000000000e+00 -0.000000000000e+00 9.524343569646e-02 0.000000000000e+00 0.000000000000e+00 0.000000000000e+00 0.000000000000e+00 0.000000000000e+00 0.000000000000e+00 
9.775000000000e+00 4.717410715116e-02 1.416976255073e-01 2.954867646938e-03 1.130479384139e+05 1.101155324542e+05 1.033253967886e+05 4.660411314472e+03 6.066648590602e+02 2.600000000000e+06 0.000000000000e+00 -8.752000000000e-01 -8.752000000000e-01 0.000000000000e+00 0.000000000000e+00 0.000000000000e+00 -0.000000000000e+00 9.521225694824e-02 0.000000000000e+00 0.000000000000e+00 0.000000000000e+00 0.000000000000e+00 0.000000000000e+00 0.000000000000e+00 
9.780000000000e+00 4.716015851185e-02 1.434210080445e-01 2.664045193728e-03 1.129732554676e+05 1.100112989605e+05 1.033164258010e+05 4.660751394085e+03 6.067211034321e+02 2.600000000000e+06 0.000000000000e+00 -8.752000000000e-01 -8.752000000000e-01 0.000000000000e+00 0.000000000000e+00 0.000000000000e+00 -0.000000000000e+00 9.518409138559e-02 0.000000000000e+00 0.000000000000e+00 0.000000000000e+00 0.000000000000e+00 0.000000000000e+00 0.000000000000e+00 
9.785000000000e+00 4.714761274975e-02 1.450462805515e-01 2.391450608083e-03 1.129075334348e+05 1.099174824646e+05 1.033083767196e+05 4.661057175743e+03 6.067719147450e+02 2.600000000000e+06 0.000000000000e+00 -8.752000000000e-01 -8.752000000000e-01 0.000000000000e+00 0.000000000000e+00 0.000000000000e+00 -0.000000000000e+00 9.515875722756e-02 0.000000000000e+00 0.000000000000e+00 0.000000000000e+00 0.000000000000e+00 0.000000000000e+00 0.000000000000e+00 
9.790000000000e+00 4.713637716278e-02 1.465686535965e-01 2.137628980828e-03 1.128499527570e+05 1.098334100955e+05 1.033011839815e+05 4.661330930671e+03 6.068175992653e+02 2.600000000000e+06 0.000000000000e+00 -8.752000000000e-01 -8.752000000000e-01 0.000000000000e+00 0.000000000000e+00 0.000000000000e+00 -0.000000000000e+00 9.513606741559e-02 0.000000000000e+00 0.000000000000e+00 0.000000000000e+00 0.000000000000e+00 0.000000000000e+00 0.000000000000e+00 
9.795000000000e+00 4.712635613200e-02 1.479828023141e-01 1.903218661294e-03 1.127996560001e+05 1.097583833533e+05 1.032947813141e+05 4.661575012192e+03 6.068584882357e+02 2.600000000000e+06 0.000000000000e+00 -8.752000000000e-01 -8.752000000000e-01 0.000000000000e+00 0.000000000000e+00 0.000000000000e+00 -0.000000000000e+00 9.511582899044e-02 0.000000000000e+00 0.000000000000e+00 0.000000000000e+00 0.000000000000e+00 0.000000000000e+00 0.000000000000e+00 
9.800000000000e+00 4.711745079886e-02 1.492831154858e-01 1.688877405174e-03 1.127557552958e+05 1.096916760956e+05 1.032891013986e+05 4.661791861378e+03 6.068949377294e+02 2.600000000000e+06 0.000000000000e+00 -8.752000000000e-01 -8.752000000000e-01 0.000000000000e+00 0.000000000000e+00 0.000000000000e+00 -0.000000000000e+00 9.509784244615e-02 0.000000000000e+00 0.000000000000e+00 0.000000000000e+00 0.000000000000e+00 0.000000000000e+00 0.000000000000e+00 
9.805000000000e+00 4.710955921386e-02 1.504642891109e-01 1.495190720545e-03 1.127173459962e+05 1.096325360379e+05 1.032840758414e+05 4.661984000664e+03 6.069273266606e+02 2.600000000000e+06 0.000000000000e+00 -8.752000000000e-01 -8.752000000000e-01 0.000000000000e+00 0.000000000000e+00 0.000000000000e+00 -0.000000000000e+00 9.508190203107e-02 0.000000000000e+00 0.000000000000e+00 0.000000000000e+00 0.000000000000e+00 0.000000000000e+00 0.000000000000e+00 
9.810000000000e+00 4.710257503241e-02 1.515189253512e-01 1.323211490947e-03 1.126834243510e+05 1.095801753464e+05 1.032796342302e+05 4.662154076629e+03 6.069560608465e+02 2.600000000000e+06 0.000000000000e+00 -8.752000000000e-01 -8.752000000000e-01 0.000000000000e+00 0.000000000000e+00 0.000000000000e+00 -0.000000000000e+00 9.506779312388e-02 0.000000000000e+00 0.000000000000e+00 0.000000000000e+00 0.000000000000e+00 0.000000000000e+00 0.000000000000e+00 
9.815000000000e+00 4.709638921417e-02 1.524430909165e-01 1.173006189227e-03 1.126530952892e+05 1.095337837173e+05 1.032757051090e+05 4.662304787079e+03 6.069815648324e+02 2.600000000000e+06 0.000000000000e+00 -8.752000000000e-01 -8.752000000000e-01 0.000000000000e+00 0.000000000000e+00 0.000000000000e+00 -0.000000000000e+00 9.505529566488e-02 0.000000000000e+00 0.000000000000e+00 0.000000000000e+00 0.000000000000e+00 0.000000000000e+00 0.000000000000e+00 
9.820000000000e+00 4.709089216231e-02 1.532340696178e-01 1.045039092425e-03 1.126254055428e+05 1.094925447581e+05 1.032722172349e+05 4.662438855702e+03 6.070042719077e+02 2.600000000000e+06 0.000000000000e+00 -8.752000000000e-01 -8.752000000000e-01 0.000000000000e+00 0.000000000000e+00 0.000000000000e+00 -0.000000000000e+00 9.504418847001e-02 0.000000000000e+00 0.000000000000e+00 0.000000000000e+00 0.000000000000e+00 0.000000000000e+00 0.000000000000e+00 
9.825000000000e+00 4.708596951253e-02 1.538842194099e-01 9.404255573359e-04 1.125992756623e+05 1.094556047009e+05 1.032690968146e+05 4.662559141406e+03 6.070246404628e+02 2.600000000000e+06 0.000000000000e+00 -8.752000000000e-01 -8.752000000000e-01 0.000000000000e+00 0.000000000000e+00 0.000000000000e+00 -0.000000000000e+00 9.503424068503e-02 0.000000000000e+00 0.000000000000e+00 0.000000000000e+00 0.000000000000e+00 0.000000000000e+00 0.000000000000e+00 
9.830000000000e+00 4.708150428746e-02 1.543883418476e-01 8.595246321429e-04 1.125737053122e+05 1.094220888081e+05 1.032662687978e+05 4.662668555220e+03 6.070431442574e+02 2.600000000000e+06 0.000000000000e+00 -8.752000000000e-01 -8.752000000000e-01 0.000000000000e+00 0.000000000000e+00 0.000000000000e+00 -0.000000000000e+00 9.502521499857e-02 0.000000000000e+00 0.000000000000e+00 0.000000000000e+00 0.000000000000e+00 0.000000000000e+00 0.000000000000e+00 
9.835000000000e+00 4.707737813317e-02 1.547440519064e-01 8.024664874141e-04 1.125477131067e+05 1.093911108711e+05 1.032636575963e+05 4.662770039976e+03 6.070602665604e+02 2.600000000000e+06 0.000000000000e+00 -8.752000000000e-01 -8.752000000000e-01 0.000000000000e+00 0.000000000000e+00 0.000000000000e+00 -0.000000000000e+00 9.501687236703e-02 0.000000000000e+00 0.000000000000e+00 0.000000000000e+00 0.000000000000e+00 0.000000000000e+00 0.000000000000e+00 
9.840000000000e+00 4.707347103858e-02 1.549483525900e-01 7.695772166386e-04 1.125202776773e+05 1.093617712784e+05 1.032611868538e+05 4.662866585704e+03 6.070765007243e+02 2.600000000000e+06 0.000000000000e+00 -8.752000000000e-01 -8.752000000000e-01 0.000000000000e+00 0.000000000000e+00 0.000000000000e+00 -0.000000000000e+00 9.500897086981e-02 0.000000000000e+00 0.000000000000e+00 0.000000000000e+00 0.000000000000e+00 0.000000000000e+00 0.000000000000e+00 
9.845000000000e+00 4.706966143736e-02 1.549980356163e-01 7.610959492839e-04 1.124903762010e+05 1.093331579001e+05 1.032587794755e+05 4.662961221030e+03 6.070923493573e+02 2.600000000000e+06 0.000000000000e+00 -8.752000000000e-01 -8.752000000000e-01 0.000000000000e+00 0.000000000000e+00 0.000000000000e+00 -0.000000000000e+00 9.500126539335e-02 0.000000000000e+00 0.000000000000e+00 0.000000000000e+00 0.000000000000e+00 0.000000000000e+00 0.000000000000e+00 
9.850000000000e+00 4.706582744903e-02 1.548915595914e-01 7.769419346883e-04 1.124570255265e+05 1.093043554770e+05 1.032563583918e+05 4.663056977364e+03 6.071083189327e+02 2.600000000000e+06 0.000000000000e+00 -8.752000000000e-01 -8.752000000000e-01 0.000000000000e+00 0.000000000000e+00 0.000000000000e+00 -0.000000000000e+00 9.499351002002e-02 0.000000000000e+00 0.000000000000e+00 0.000000000000e+00 0.000000000000e+00 0.000000000000e+00 0.000000000000e+00 
9.855000000000e+00 4.706184781552e-02 1.546284138247e-01 8.169475274257e-04 1.124192586189e+05 1.092744526728e+05 1.032538471446e+05 4.663156870368e+03 6.071249158263e+02 2.600000000000e+06 0.000000000000e+00 -8.752000000000e-01 -8.752000000000e-01 0.000000000000e+00 0.000000000000e+00 0.000000000000e+00 -0.000000000000e+00 9.498545975377e-02 0.000000000000e+00 0.000000000000e+00 0.000000000000e+00 0.000000000000e+00 0.000000000000e+00 0.000000000000e+00 
9.860000000000e+00 4.705760274463e-02 1.542093610593e-01 8.807799146441e-04 1.123761417400e+05 1.092425483775e+05 1.032511704288e+05 4.663263877432e+03 6.071426429087e+02 2.600000000000e+06 0.000000000000e+00 -8.752000000000e-01 -8.752000000000e-01 0.000000000000e+00 0.000000000000e+00 0.000000000000e+00 -0.000000000000e+00 9.497687316753e-02 0.000000000000e+00 0.000000000000e+00 0.000000000000e+00 0.000000000000e+00 0.000000000000e+00 0.000000000000e+00 
9.865000000000e+00 4.705297360889e-02 1.536346979908e-01 9.682033094643e-04 1.123267368201e+05 1.092077493557e+05 1.032482539277e+05 4.663380950777e+03 6.071620010898e+02 2.600000000000e+06 0.000000000000e+00 -8.752000000000e-01 -8.752000000000e-01 0.000000000000e+00 0.000000000000e+00 0.000000000000e+00 -0.000000000000e+00 9.496751113160e-02 0.000000000000e+00 0.000000000000e+00 0.000000000000e+00 0.000000000000e+00 0.000000000000e+00 0.000000000000e+00 
9.870000000000e+00 4.704784474212e-02 1.529073846248e-01 1.078379809796e-03 1.122702092385e+05 1.091691836125e+05 1.032450254843e+05 4.663510958582e+03 6.071834822601e+02 2.600000000000e+06 0.000000000000e+00 -8.752000000000e-01 -8.752000000000e-01 0.000000000000e+00 0.000000000000e+00 0.000000000000e+00 -0.000000000000e+00 9.495714047950e-02 0.000000000000e+00 0.000000000000e+00 0.000000000000e+00 0.000000000000e+00 0.000000000000e+00 0.000000000000e+00 
9.875000000000e+00 4.704210364244e-02 1.520296430289e-01 1.210941208614e-03 1.122056861695e+05 1.091260017419e+05 1.032414152792e+05 4.663656702432e+03 6.072075690172e+02 2.600000000000e+06 0.000000000000e+00 -8.752000000000e-01 -8.752000000000e-01 0.000000000000e+00 0.000000000000e+00 0.000000000000e+00 -0.000000000000e+00 9.494553412774e-02 0.000000000000e+00 0.000000000000e+00 0.000000000000e+00 0.000000000000e+00 0.000000000000e+00 0.000000000000e+00 
9.880000000000e+00 4.703563953425e-02 1.510030659813e-01 1.365241913690e-03 1.121323443464e+05 1.090773658867e+05 1.032373549900e+05 4.663820938175e+03 6.072347414270e+02 2.600000000000e+06 0.000000000000e+00 -8.752000000000e-01 -8.752000000000e-01 0.000000000000e+00 0.000000000000e+00 0.000000000000e+00 -0.000000000000e+00 9.493246868869e-02 0.000000000000e+00 0.000000000000e+00 0.000000000000e+00 0.000000000000e+00 0.000000000000e+00 0.000000000000e+00 
9.885000000000e+00 4.702834749269e-02 1.498341364689e-01 1.539997135752e-03 1.120494918194e+05 1.090224805087e+05 1.032327804550e+05 4.664006266230e+03 6.072654605288e+02 2.600000000000e+06 0.000000000000e+00 -8.752000000000e-01 -8.752000000000e-01 0.000000000000e+00 0.000000000000e+00 0.000000000000e+00 -0.000000000000e+00 9.491773270214e-02 0.000000000000e+00 0.000000000000e+00 0.000000000000e+00 0.000000000000e+00 0.000000000000e+00 0.000000000000e+00 
9.890000000000e+00 4.702012804744e-02 1.485288243709e-01 1.734153312071e-03 1.119564482598e+05 1.089605891523e+05 1.032276314951e+05 4.664215159955e+03 6.073001708157e+02 2.600000000000e+06 0.000000000000e+00 -8.752000000000e-01 -8.752000000000e-01 0.000000000000e+00 0.000000000000e+00 0.000000000000e+00 -0.000000000000e+00 9.490112559643e-02 0.000000000000e+00 0.000000000000e+00 0.000000000000e+00 0.000000000000e+00 0.000000000000e+00 0.000000000000e+00 
9.895000000000e+00 4.701088778502e-02 1.470941936195e-01 1.946369317070e-03 1.118526189745e+05 1.088909787087e+05 1.032218523653e+05 4.664449940459e+03 6.073392985454e+02 2.600000000000e+06 0.000000000000e+00 -8.752000000000e-01 -8.752000000000e-01 0.000000000000e+00 0.000000000000e+00 0.000000000000e+00 -0.000000000000e+00 9.488245901011e-02 0.000000000000e+00 0.000000000000e+00 0.000000000000e+00 0.000000000000e+00 0.000000000000e+00 0.000000000000e+00 
9.900000000000e+00 4.700054009372e-02 1.455379540677e-01 2.175320008294e-03 1.117374602562e+05 1.088129847625e+05 1.032153922911e+05 4.664712764835e+03 6.073832494098e+02 2.600000000000e+06 0.000000000000e+00 -8.752000000000e-01 -8.752000000000e-01 0.000000000000e+00 0.000000000000e+00 0.000000000000e+00 -0.000000000000e+00 9.486155826167e-02 0.000000000000e+00 0.000000000000e+00 0.000000000000e+00 0.000000000000e+00 0.000000000000e+00 0.000000000000e+00 
9.905000000000e+00 4.698900534508e-02 1.438685166608e-01 2.419445739628e-03 1.116105142143e+05 1.087259927109e+05 1.032082056470e+05 4.665005616943e+03 6.074324085186e+02 2.600000000000e+06 0.000000000000e+00 -8.752000000000e-01 -8.752000000000e-01 0.000000000000e+00 0.000000000000e+00 0.000000000000e+00 -0.000000000000e+00 9.483826275781e-02 0.000000000000e+00 0.000000000000e+00 0.000000000000e+00 0.000000000000e+00 0.000000000000e+00 0.000000000000e+00 
9.910000000000e+00 4.697621200335e-02 1.420952293592e-01 2.677229998575e-03 1.114713806259e+05 1.086294459094e+05 1.032002527023e+05 4.665330285893e+03 6.074871363186e+02 2.600000000000e+06 0.000000000000e+00 -8.752000000000e-01 -8.752000000000e-01 0.000000000000e+00 0.000000000000e+00 0.000000000000e+00 -0.000000000000e+00 9.481242820642e-02 0.000000000000e+00 0.000000000000e+00 0.000000000000e+00 0.000000000000e+00 0.000000000000e+00 0.000000000000e+00 
9.915000000000e+00 4.696209566796e-02 1.402265528159e-01 2.947250784064e-03 1.113197021461e+05 1.085228382642e+05 1.031914990680e+05 4.665688391360e+03 6.075477731886e+02 2.600000000000e+06 0.000000000000e+00 -8.752000000000e-01 -8.752000000000e-01 0.000000000000e+00 0.000000000000e+00 0.000000000000e+00 -0.000000000000e+00 9.478392464935e-02 0.000000000000e+00 0.000000000000e+00 0.000000000000e+00 0.000000000000e+00 0.000000000000e+00 0.000000000000e+00 
9.920000000000e+00 4.694659915921e-02 1.382710371972e-01 3.228042160546e-03 1.111551834819e+05 1.084057147180e+05 1.031819157839e+05 4.666081378870e+03 6.076146394865e+02 2.600000000000e+06 0.000000000000e+00 -8.752000000000e-01 -8.752000000000e-01 0.000000000000e+00 0.000000000000e+00 0.000000000000e+00 -0.000000000000e+00 9.475263670227e-02 0.000000000000e+00 0.000000000000e+00 0.000000000000e+00 0.000000000000e+00 0.000000000000e+00 0.000000000000e+00 
9.925000000000e+00 4.692967287780e-02 1.362378049110e-01 3.518002200630e-03 1.109776066855e+05 1.082776738506e+05 1.031714795596e+05 4.666510509119e+03 6.076880342440e+02 2.600000000000e+06 0.000000000000e+00 -8.752000000000e-01 -8.752000000000e-01 0.000000000000e+00 0.000000000000e+00 0.000000000000e+00 -0.000000000000e+00 9.471846429832e-02 0.000000000000e+00 0.000000000000e+00 0.000000000000e+00 0.000000000000e+00 0.000000000000e+00 0.000000000000e+00 
9.930000000000e+00 4.691127574181e-02 1.341372015793e-01 3.815399445476e-03 1.107868380806e+05 1.081383749176e+05 1.031601733502e+05 4.666976834727e+03 6.077682311148e+02 2.600000000000e+06 0.000000000000e+00 -8.752000000000e-01 -8.752000000000e-01 0.000000000000e+00 0.000000000000e+00 0.000000000000e+00 -0.000000000000e+00 9.468132461983e-02 0.000000000000e+00 0.000000000000e+00 0.000000000000e+00 0.000000000000e+00 0.000000000000e+00 0.000000000000e+00 
9.935000000000e+00 4.689137494243e-02 1.319794726686e-01 4.118615136848e-03 1.105827939413e+05 1.079875360295e+05 1.031479861806e+05 4.667481211261e+03 6.078554791742e+02 2.600000000000e+06 0.000000000000e+00 -8.752000000000e-01 -8.752000000000e-01 0.000000000000e+00 0.000000000000e+00 0.000000000000e+00 -0.000000000000e+00 9.464115147764e-02 0.000000000000e+00 0.000000000000e+00 0.000000000000e+00 0.000000000000e+00 0.000000000000e+00 0.000000000000e+00 
9.940000000000e+00 4.686994588937e-02 1.297746994637e-01 4.426021337525e-03 1.103654565566e+05 1.078249338287e+05 1.031349130661e+05 4.668024295841e+03 6.079500026826e+02 2.600000000000e+06 0.000000000000e+00 -8.752000000000e-01 -8.752000000000e-01 0.000000000000e+00 0.000000000000e+00 0.000000000000e+00 -0.000000000000e+00 9.459789521767e-02 0.000000000000e+00 0.000000000000e+00 0.000000000000e+00 0.000000000000e+00 0.000000000000e+00 0.000000000000e+00 
9.945000000000e+00 4.684697199519e-02 1.275327567224e-01 4.736048393054e-03 1.101348636366e+05 1.076504020078e+05 1.031209548169e+05 4.668606553573e+03 6.080520013379e+02 2.600000000000e+06 0.000000000000e+00 -8.752000000000e-01 -8.752000000000e-01 0.000000000000e+00 0.000000000000e+00 0.000000000000e+00 -0.000000000000e+00 9.455152232717e-02 0.000000000000e+00 0.000000000000e+00 0.000000000000e+00 0.000000000000e+00 0.000000000000e+00 0.000000000000e+00 
9.950000000000e+00 4.682244430605e-02 1.252631099927e-01 5.047200671828e-03 1.098911034173e+05 1.074638287201e+05 1.031061177313e+05 4.669228266635e+03 6.081616510122e+02 2.600000000000e+06 0.000000000000e+00 -8.752000000000e-01 -8.752000000000e-01 0.000000000000e+00 0.000000000000e+00 0.000000000000e+00 -0.000000000000e+00 9.450201468909e-02 0.000000000000e+00 0.000000000000e+00 0.000000000000e+00 0.000000000000e+00 0.000000000000e+00 0.000000000000e+00 
9.955000000000e+00 4.679636115252e-02 1.229748086379e-01 5.358063898109e-03 1.096343110811e+05 1.072651541934e+05 1.030904132861e+05 4.669889542595e+03 6.082791042345e+02 2.600000000000e+06 0.000000000000e+00 -8.752000000000e-01 -8.752000000000e-01 0.000000000000e+00 0.000000000000e+00 0.000000000000e+00 -0.000000000000e+00 9.444936888047e-02 0.000000000000e+00 0.000000000000e+00 0.000000000000e+00 0.000000000000e+00 0.000000000000e+00 0.000000000000e+00 
9.960000000000e+00 4.676872783993e-02 1.206766985328e-01 5.667219998550e-03 1.093646779876e+05 1.070543686927e+05 1.030738578386e+05 4.670590319702e+03 6.084044903381e+02 2.600000000000e+06 0.000000000000e+00 -8.752000000000e-01 -8.752000000000e-01 0.000000000000e+00 0.000000000000e+00 0.000000000000e+00 -0.000000000000e+00 9.439359541996e-02 0.000000000000e+00 0.000000000000e+00 0.000000000000e+00 0.000000000000e+00 0.000000000000e+00 0.000000000000e+00 
9.965000000000e+00 4.673955668380e-02 1.183775703611e-01 5.973321863733e-03 1.090824422798e+05 1.068315131707e+05 1.030564725201e+05 4.671330366734e+03 6.085379138806e+02 2.600000000000e+06 0.000000000000e+00 -8.752000000000e-01 -8.752000000000e-01 0.000000000000e+00 0.000000000000e+00 0.000000000000e+00 -0.000000000000e+00 9.433471867308e-02 0.000000000000e+00 0.000000000000e+00 0.000000000000e+00 0.000000000000e+00 0.000000000000e+00 0.000000000000e+00 
9.970000000000e+00 4.670886648948e-02 1.160857503886e-01 6.275095884296e-03 1.087878846337e+05 1.065966757295e+05 1.030382827845e+05 4.672109295198e+03 6.086794554312e+02 2.600000000000e+06 0.000000000000e+00 -8.752000000000e-01 -8.752000000000e-01 0.000000000000e+00 0.000000000000e+00 0.000000000000e+00 -0.000000000000e+00 9.427277662346e-02 0.000000000000e+00 0.000000000000e+00 0.000000000000e+00 0.000000000000e+00 0.000000000000e+00 0.000000000000e+00 
9.975000000000e+00 4.667668222728e-02 1.138091649186e-01 6.571344588841e-03 1.084813256187e+05 1.063499896083e+05 1.030193180655e+05 4.672926566569e+03 6.088291713835e+02 2.600000000000e+06 0.000000000000e+00 -8.752000000000e-01 -8.752000000000e-01 0.000000000000e+00 0.000000000000e+00 0.000000000000e+00 -0.000000000000e+00 9.420781971579e-02 0.000000000000e+00 0.000000000000e+00 0.000000000000e+00 0.000000000000e+00 0.000000000000e+00 0.000000000000e+00 
9.980000000000e+00 4.664303453890e-02 1.115551254729e-01 6.860991267122e-03 1.081631159917e+05 1.060916299091e+05 1.029996113301e+05 4.673781504595e+03 6.089870944821e+02 2.600000000000e+06 0.000000000000e+00 -8.752000000000e-01 -8.752000000000e-01 0.000000000000e+00 0.000000000000e+00 0.000000000000e+00 -0.000000000000e+00 9.413990981203e-02 0.000000000000e+00 0.000000000000e+00 0.000000000000e+00 0.000000000000e+00 0.000000000000e+00 0.000000000000e+00 
9.985000000000e+00 4.660795939062e-02 1.093306953400e-01 7.142964262240e-03 1.078336498814e+05 1.058218114653e+05 1.029791987163e+05 4.674673300524e+03 6.091532336386e+02 2.600000000000e+06 0.000000000000e+00 -8.752000000000e-01 -8.752000000000e-01 0.000000000000e+00 0.000000000000e+00 0.000000000000e+00 -0.000000000000e+00 9.406911947855e-02 0.000000000000e+00 0.000000000000e+00 0.000000000000e+00 0.000000000000e+00 0.000000000000e+00 0.000000000000e+00 
9.990000000000e+00 4.657149775744e-02 1.071424280615e-01 7.416341814467e-03 1.074933430138e+05 1.055407869691e+05 1.029581191869e+05 4.675601022964e+03 6.093275735758e+02 2.600000000000e+06 0.000000000000e+00 -8.752000000000e-01 -8.752000000000e-01 0.000000000000e+00 0.000000000000e+00 0.000000000000e+00 -0.000000000000e+00 9.399553136277e-02 0.000000000000e+00 0.000000000000e+00 0.000000000000e+00 0.000000000000e+00 0.000000000000e+00 0.000000000000e+00 
9.995000000000e+00 4.653369497003e-02 1.049962032124e-01 7.680278653558e-03 1.071426376174e+05 1.052488425071e+05 1.029364139916e+05 4.676563631704e+03 6.095100761011e+02 2.600000000000e+06 0.000000000000e+00 -8.752000000000e-01 -8.752000000000e-01 0.000000000000e+00 0.000000000000e+00 0.000000000000e+00 -0.000000000000e+00 9.391923693685e-02 0.000000000000e+00 0.000000000000e+00 0.000000000000e+00 0.000000000000e+00 0.000000000000e+00 0.000000000000e+00 
1.000000000000e+01 4.649460034749e-02 1.028974258540e-01 7.934024863206e-03 1.067819972147e+05 1.049462952871e+05 1.029141263014e+05 4.677559986269e+03 6.097006800949e+02 2.600000000000e+06 0.000000000000e+00 -8.752000000000e-01 -8.752000000000e-01 0.000000000000e+00 0.000000000000e+00 0.000000000000e+00 -0.000000000000e+00 9.384033571799e-02 0.000000000000e+00 0.000000000000e+00 0.000000000000e+00 0.000000000000e+00 0.000000000000e+00 0.000000000000e+00 
