9.000000000000e+00 2.079891396823e-03 1.573201635592e-02 2.596870620766e-04 1.050449068395e+05 1.088920036449e+05 1.000000000000e+05 9.189350385133e+03 5.609415830739e+02 1.800000000000e+06 8.388078967748e+04 1.274851328000e+06 5.099414064000e+06 0.000000000000e+00 0.000000000000e+00 0.000000000000e+00 9.244334068775e-04 3.122891946341e-03 1.644967946662e-02 0.000000000000e+00 0.000000000000e+00 0.000000000000e+00 0.000000000000e+00 0.000000000000e+00 
9.005000000000e+00 2.078567847262e-03 1.566049291422e-02 2.673235540353e-04 1.047195853707e+05 1.086835950679e+05 1.000000000000e+05 9.190833016701e+03 5.612118479843e+02 1.800000000000e+06 8.364142237026e+04 1.274851328000e+06 5.099414064000e+06 0.000000000000e+00 0.000000000000e+00 0.000000000000e+00 9.217953876582e-04 3.120906026344e-03 1.640276032228e-02 0.000000000000e+00 0.000000000000e+00 0.000000000000e+00 0.000000000000e+00 0.000000000000e+00 
9.010000000000e+00 2.077205227915e-03 1.558776555841e-02 2.751626881997e-04 1.043844178513e+05 1.084686857654e+05 1.000000000000e+05 9.192360633866e+03 5.614903449822e+02 1.800000000000e+06 8.339361675973e+04 1.274851328000e+06 5.099414064000e+06 0.000000000000e+00 0.000000000000e+00 0.000000000000e+00 9.190643715856e-04 3.118861895276e-03 1.635418575115e-02 0.000000000000e+00 0.000000000000e+00 0.000000000000e+00 0.000000000000e+00 0.000000000000e+00 
9.015000000000e+00 2.075802657911e-03 1.551395295372e-02 2.831645931234e-04 1.040398036565e+05 1.082471052238e+05 1.000000000000e+05 9.193934283714e+03 5.617772769827e+02 1.800000000000e+06 8.313765434931e+04 1.274851328000e+06 5.099414064000e+06 0.000000000000e+00 0.000000000000e+00 0.000000000000e+00 9.162434610528e-04 3.116758204729e-03 1.630401091830e-02 0.000000000000e+00 0.000000000000e+00 0.000000000000e+00 0.000000000000e+00 0.000000000000e+00 
9.020000000000e+00 2.074359467536e-03 1.543918858865e-02 2.912890693965e-04 1.036861806765e+05 1.080187143884e+05 1.000000000000e+05 9.195554783881e+03 5.620728050623e+02 1.800000000000e+06 8.287383208588e+04 1.274851328000e+06 5.099414064000e+06 0.000000000000e+00 0.000000000000e+00 0.000000000000e+00 9.133359286521e-04 3.114593904351e-03 1.625229400568e-02 0.000000000000e+00 0.000000000000e+00 0.000000000000e+00 0.000000000000e+00 0.000000000000e+00 
9.025000000000e+00 2.072875247611e-03 1.536360048575e-02 2.994972964205e-04 1.033240083992e+05 1.077834137159e+05 1.000000000000e+05 9.197222668548e+03 5.623770381714e+02 1.800000000000e+06 8.260246764778e+04 1.274851328000e+06 5.099414064000e+06 0.000000000000e+00 0.000000000000e+00 0.000000000000e+00 9.103452754526e-04 3.112368244237e-03 1.619909726865e-02 0.000000000000e+00 0.000000000000e+00 0.000000000000e+00 0.000000000000e+00 0.000000000000e+00 
9.030000000000e+00 2.071349692912e-03 1.528730627550e-02 3.077519881190e-04 1.029537406731e+05 1.075411185960e+05 1.000000000000e+05 9.198938362680e+03 5.626900650496e+02 1.800000000000e+06 8.232389171065e+04 1.274851328000e+06 5.099414064000e+06 0.000000000000e+00 0.000000000000e+00 0.000000000000e+00 9.072751457647e-04 3.110080756443e-03 1.614448552489e-02 0.000000000000e+00 0.000000000000e+00 0.000000000000e+00 0.000000000000e+00 0.000000000000e+00 
9.035000000000e+00 2.069782669399e-03 1.521042722646e-02 3.160169566627e-04 1.025758433581e+05 1.072917701694e+05 1.000000000000e+05 9.200702105815e+03 5.630119403253e+02 1.800000000000e+06 8.203844715864e+04 1.274851328000e+06 5.099414064000e+06 0.000000000000e+00 0.000000000000e+00 0.000000000000e+00 9.041293184460e-04 3.107731247774e-03 1.608852598426e-02 0.000000000000e+00 0.000000000000e+00 0.000000000000e+00 0.000000000000e+00 0.000000000000e+00 
9.040000000000e+00 2.068174221308e-03 1.513307410116e-02 3.242581824549e-04 1.021907798810e+05 1.070353366857e+05 1.000000000000e+05 9.202513944544e+03 5.633426828903e+02 1.800000000000e+06 8.174648759376e+04 1.274851328000e+06 5.099414064000e+06 0.000000000000e+00 0.000000000000e+00 0.000000000000e+00 9.009116904733e-04 3.105319789092e-03 1.603128797039e-02 0.000000000000e+00 0.000000000000e+00 0.000000000000e+00 0.000000000000e+00 0.000000000000e+00 
9.045000000000e+00 2.066524603497e-03 1.505536236922e-02 3.324508943979e-04 1.017989109368e+05 1.067718189362e+05 1.000000000000e+05 9.204373703576e+03 5.636822690463e+02 1.800000000000e+06 8.144837165188e+04 1.274851328000e+06 5.099414064000e+06 0.000000000000e+00 0.000000000000e+00 0.000000000000e+00 8.976262143010e-04 3.102846699183e-03 1.597284179190e-02 0.000000000000e+00 0.000000000000e+00 0.000000000000e+00 0.000000000000e+00 0.000000000000e+00 
9.050000000000e+00 2.064834268907e-03 1.497740380427e-02 3.405596972692e-04 1.014007898082e+05 1.065012485810e+05 1.000000000000e+05 9.206280975353e+03 5.640306348428e+02 1.800000000000e+06 8.114447007762e+04 1.274851328000e+06 5.099414064000e+06 0.000000000000e+00 0.000000000000e+00 0.000000000000e+00 8.942769758315e-04 3.100312544866e-03 1.591326013252e-02 0.000000000000e+00 0.000000000000e+00 0.000000000000e+00 0.000000000000e+00 0.000000000000e+00 
9.055000000000e+00 2.063103732783e-03 1.489930079186e-02 3.485518044343e-04 1.009969431710e+05 1.062236666895e+05 1.000000000000e+05 9.208235286979e+03 5.643877038604e+02 1.800000000000e+06 8.083515606560e+04 1.274851328000e+06 5.099414064000e+06 0.000000000000e+00 0.000000000000e+00 0.000000000000e+00 8.908680879677e-04 3.097718117072e-03 1.585261616801e-02 0.000000000000e+00 0.000000000000e+00 0.000000000000e+00 0.000000000000e+00 0.000000000000e+00 
9.060000000000e+00 2.061333666224e-03 1.482114280301e-02 3.563991515896e-04 1.005878548507e+05 1.059391389275e+05 1.000000000000e+05 9.210235996918e+03 5.647533677739e+02 1.800000000000e+06 8.052080482052e+04 1.274851328000e+06 5.099414064000e+06 0.000000000000e+00 0.000000000000e+00 0.000000000000e+00 8.874036857660e-04 3.095064417545e-03 1.579098348090e-02 0.000000000000e+00 0.000000000000e+00 0.000000000000e+00 0.000000000000e+00 0.000000000000e+00 
9.065000000000e+00 2.059524864376e-03 1.474302731578e-02 3.640771775648e-04 1.001739789595e+05 1.056477507347e+05 1.000000000000e+05 9.212282328335e+03 5.651274927119e+02 1.800000000000e+06 8.020179189670e+04 1.274851328000e+06 5.099414064000e+06 0.000000000000e+00 0.000000000000e+00 0.000000000000e+00 8.838879081351e-04 3.092352647333e-03 1.572843571318e-02 0.000000000000e+00 0.000000000000e+00 0.000000000000e+00 0.000000000000e+00 0.000000000000e+00 
9.070000000000e+00 2.057678246814e-03 1.466504077108e-02 3.715611063730e-04 9.975579602954e+04 1.053496076554e+05 1.000000000000e+05 9.214373363350e+03 5.655099189811e+02 1.800000000000e+06 7.987849170487e+04 1.274851328000e+06 5.099414064000e+06 0.000000000000e+00 0.000000000000e+00 0.000000000000e+00 8.803248813810e-04 3.089584191278e-03 1.566504629185e-02 0.000000000000e+00 0.000000000000e+00 0.000000000000e+00 0.000000000000e+00 0.000000000000e+00 
9.075000000000e+00 2.055794849770e-03 1.458727208043e-02 3.788284078339e-04 9.933377509345e+04 1.050448343658e+05 1.000000000000e+05 9.216508053691e+03 5.659004624709e+02 1.800000000000e+06 7.955127800336e+04 1.274851328000e+06 5.099414064000e+06 0.000000000000e+00 0.000000000000e+00 0.000000000000e+00 8.767187246194e-04 3.086760607431e-03 1.560088851243e-02 0.000000000000e+00 0.000000000000e+00 0.000000000000e+00 0.000000000000e+00 0.000000000000e+00 
9.080000000000e+00 2.053875819868e-03 1.450982009453e-02 3.858568982898e-04 9.890840151161e+04 1.047335739402e+05 1.000000000000e+05 9.218685224556e+03 5.662989157494e+02 1.800000000000e+06 7.922052519881e+04 1.274851328000e+06 5.099414064000e+06 0.000000000000e+00 0.000000000000e+00 0.000000000000e+00 8.730735641110e-04 3.083883618820e-03 1.553603578672e-02 0.000000000000e+00 0.000000000000e+00 0.000000000000e+00 0.000000000000e+00 0.000000000000e+00 
9.085000000000e+00 2.051922423286e-03 1.443283820707e-02 3.926204058620e-04 9.848024441746e+04 1.044159896297e+05 1.000000000000e+05 9.220903558099e+03 5.667050459497e+02 1.800000000000e+06 7.888662071270e+04 1.274851328000e+06 5.099414064000e+06 0.000000000000e+00 0.000000000000e+00 0.000000000000e+00 8.693936695505e-04 3.080955127556e-03 1.547056402494e-02 0.000000000000e+00 0.000000000000e+00 0.000000000000e+00 0.000000000000e+00 0.000000000000e+00 
9.090000000000e+00 2.049936093664e-03 1.435664249230e-02 3.990775532568e-04 9.805013545851e+04 1.040922729964e+05 1.000000000000e+05 9.223161524699e+03 5.671185845591e+02 1.800000000000e+06 7.855000504994e+04 1.274851328000e+06 5.099414064000e+06 0.000000000000e+00 0.000000000000e+00 0.000000000000e+00 8.656838956544e-04 3.077977287267e-03 1.540455939170e-02 0.000000000000e+00 0.000000000000e+00 0.000000000000e+00 0.000000000000e+00 0.000000000000e+00 
9.095000000000e+00 2.047918560656e-03 1.428189820743e-02 4.051526040795e-04 9.761948309936e+04 1.037626653653e+05 1.000000000000e+05 9.225457212764e+03 5.675392002957e+02 1.800000000000e+06 7.821126872592e+04 1.274851328000e+06 5.099414064000e+06 0.000000000000e+00 0.000000000000e+00 0.000000000000e+00 8.619507503747e-04 3.074952698087e-03 1.533813714428e-02 0.000000000000e+00 0.000000000000e+00 0.000000000000e+00 0.000000000000e+00 0.000000000000e+00 
9.100000000000e+00 2.045872105360e-03 1.420989739688e-02 4.107032272354e-04 9.719081004707e+04 1.034275004180e+05 1.000000000000e+05 9.227787997465e+03 5.679664452345e+02 1.800000000000e+06 7.787133016021e+04 1.274851328000e+06 5.099414064000e+06 0.000000000000e+00 0.000000000000e+00 0.000000000000e+00 8.582043554297e-04 3.071884793874e-03 1.527147627589e-02 0.000000000000e+00 0.000000000000e+00 0.000000000000e+00 0.000000000000e+00 0.000000000000e+00 
9.105000000000e+00 2.043800033693e-03 1.414302932787e-02 4.154681277787e-04 9.676863910676e+04 1.030872832810e+05 1.000000000000e+05 9.230149934962e+03 5.683996548590e+02 1.800000000000e+06 7.753174617285e+04 1.274851328000e+06 5.099414064000e+06 0.000000000000e+00 0.000000000000e+00 0.000000000000e+00 8.544618682218e-04 3.068778551391e-03 1.520487999010e-02 0.000000000000e+00 0.000000000000e+00 0.000000000000e+00 0.000000000000e+00 0.000000000000e+00 
9.110000000000e+00 2.041707459640e-03 1.408515203099e-02 4.190084665007e-04 9.636053516344e+04 1.027428219397e+05 1.000000000000e+05 9.232536791346e+03 5.688377822896e+02 1.800000000000e+06 7.719518501738e+04 1.274851328000e+06 5.099414064000e+06 0.000000000000e+00 0.000000000000e+00 0.000000000000e+00 8.507526950396e-04 3.065641616144e-03 1.513886820073e-02 0.000000000000e+00 0.000000000000e+00 0.000000000000e+00 0.000000000000e+00 0.000000000000e+00 
9.115000000000e+00 2.039601672356e-03 1.404182452517e-02 4.206918456027e-04 9.597743779437e+04 1.023952919606e+05 1.000000000000e+05 9.234939589320e+03 5.692793183444e+02 1.800000000000e+06 7.686595104677e+04 1.274851328000e+06 5.099414064000e+06 0.000000000000e+00 0.000000000000e+00 0.000000000000e+00 8.471242732963e-04 3.062485722850e-03 1.507428027886e-02 0.000000000000e+00 0.000000000000e+00 0.000000000000e+00 0.000000000000e+00 0.000000000000e+00 
9.120000000000e+00 2.037495085338e-03 1.402038958584e-02 4.196385401938e-04 9.563501366405e+04 1.020467300285e+05 1.000000000000e+05 9.237343156697e+03 5.697216682820e+02 1.800000000000e+06 7.655055165569e+04 1.274851328000e+06 5.099414064000e+06 0.000000000000e+00 0.000000000000e+00 0.000000000000e+00 8.436483196870e-04 3.059328406341e-03 1.501238633303e-02 0.000000000000e+00 0.000000000000e+00 0.000000000000e+00 0.000000000000e+00 0.000000000000e+00 
9.125000000000e+00 2.035404265494e-03 1.402913414522e-02 4.148327805785e-04 9.535182661109e+04 1.016998838855e+05 1.000000000000e+05 9.239727329404e+03 5.701613481027e+02 1.800000000000e+06 7.625806084727e+04 1.274851328000e+06 5.099414064000e+06 0.000000000000e+00 0.000000000000e+00 0.000000000000e+00 8.404248369856e-04 3.056194536335e-03 1.495495943237e-02 0.000000000000e+00 0.000000000000e+00 0.000000000000e+00 0.000000000000e+00 0.000000000000e+00 
9.130000000000e+00 2.033351258806e-03 1.407681650107e-02 4.050983877453e-04 9.514995611228e+04 1.013584418921e+05 1.000000000000e+05 9.242065373344e+03 5.705936988924e+02 1.800000000000e+06 7.600012506547e+04 1.274851328000e+06 5.099414064000e+06 0.000000000000e+00 0.000000000000e+00 0.000000000000e+00 8.375821783215e-04 3.053117385062e-03 1.490427716629e-02 0.000000000000e+00 0.000000000000e+00 0.000000000000e+00 0.000000000000e+00 0.000000000000e+00 
9.135000000000e+00 2.031363578918e-03 1.417266971019e-02 3.890728774173e-04 9.505540679115e+04 1.010270417789e+05 1.000000000000e+05 9.244323929754e+03 5.710128816404e+02 1.800000000000e+06 7.579083133546e+04 1.274851328000e+06 5.099414064000e+06 0.000000000000e+00 0.000000000000e+00 0.000000000000e+00 8.352755939819e-04 3.050139451428e-03 1.486309590515e-02 0.000000000000e+00 0.000000000000e+00 0.000000000000e+00 0.000000000000e+00 0.000000000000e+00 
9.140000000000e+00 2.029465560582e-03 1.432434691270e-02 3.652014340567e-04 9.509672032452e+04 1.007098326724e+05 1.000000000000e+05 9.246472904317e+03 5.714136981621e+02 1.800000000000e+06 7.564658189867e+04 1.274851328000e+06 5.099414064000e+06 0.000000000000e+00 0.000000000000e+00 0.000000000000e+00 8.336858497889e-04 3.047313082764e-03 1.483462807040e-02 0.000000000000e+00 0.000000000000e+00 0.000000000000e+00 0.000000000000e+00 0.000000000000e+00 
9.145000000000e+00 2.027701056550e-03 1.454466721017e-02 3.325403755437e-04 9.529648321847e+04 1.004142710944e+05 1.000000000000e+05 9.248460383648e+03 5.717867961422e+02 1.800000000000e+06 7.558595397170e+04 1.274851328000e+06 5.099414064000e+06 0.000000000000e+00 0.000000000000e+00 0.000000000000e+00 8.330176815313e-04 3.044701279006e-03 1.482250831756e-02 0.000000000000e+00 0.000000000000e+00 0.000000000000e+00 0.000000000000e+00 0.000000000000e+00 
9.150000000000e+00 2.026129195467e-03 1.483488680213e-02 2.900162164577e-04 9.568189867951e+04 1.001504358001e+05 1.000000000000e+05 9.250216539730e+03 5.721195479974e+02 1.800000000000e+06 7.562944399752e+04 1.274851328000e+06 5.099414064000e+06 0.000000000000e+00 0.000000000000e+00 0.000000000000e+00 8.334969764079e-04 3.042376743739e-03 1.483075995152e-02 0.000000000000e+00 0.000000000000e+00 0.000000000000e+00 0.000000000000e+00 0.000000000000e+00 
9.155000000000e+00 2.024799409083e-03 1.519555067985e-02 2.369340850513e-04 9.627258199151e+04 9.992683256321e+04 1.000000000000e+05 9.251682970740e+03 5.724013400338e+02 1.800000000000e+06 7.579476327130e+04 1.274851328000e+06 5.099414064000e+06 0.000000000000e+00 0.000000000000e+00 0.000000000000e+00 8.353189270603e-04 3.040415778184e-03 1.486285889410e-02 0.000000000000e+00 0.000000000000e+00 0.000000000000e+00 0.000000000000e+00 0.000000000000e+00 
9.160000000000e+00 2.023767029455e-03 1.563455571072e-02 1.721879653696e-04 9.709528579191e+04 9.975298489177e+04 1.000000000000e+05 9.252793919447e+03 5.726202901209e+02 1.800000000000e+06 7.610067887331e+04 1.274851328000e+06 5.099414064000e+06 0.000000000000e+00 0.000000000000e+00 0.000000000000e+00 8.386903617270e-04 3.038902948567e-03 1.492248208483e-02 0.000000000000e+00 0.000000000000e+00 0.000000000000e+00 0.000000000000e+00 0.000000000000e+00 
9.165000000000e+00 2.023091451298e-03 1.614962339550e-02 9.549389163881e-05 9.816442649780e+04 9.963910079016e+04 1.000000000000e+05 9.253479960976e+03 5.727636543859e+02 1.800000000000e+06 7.656493392830e+04 1.274851328000e+06 5.099414064000e+06 0.000000000000e+00 0.000000000000e+00 0.000000000000e+00 8.438068238370e-04 3.037927125980e-03 1.501311562829e-02 0.000000000000e+00 0.000000000000e+00 0.000000000000e+00 0.000000000000e+00 0.000000000000e+00 
9.170000000000e+00 2.022832643646e-03 1.673678091440e-02 6.866699012820e-06 9.948938761191e+04 9.959544767243e+04 1.000000000000e+05 9.253671528355e+03 5.728185938613e+02 1.800000000000e+06 7.720240838571e+04 1.274851328000e+06 5.099414064000e+06 0.000000000000e+00 0.000000000000e+00 0.000000000000e+00 8.508323023372e-04 3.037578159414e-03 1.513768516020e-02 0.000000000000e+00 0.000000000000e+00 0.000000000000e+00 0.000000000000e+00 0.000000000000e+00 
9.175000000000e+00 2.023023986972e-03 1.740299843242e-02 -9.290768770721e-05 1.010625312596e+05 9.962772291920e+04 1.000000000000e+05 9.253330949445e+03 5.727779746980e+02 1.800000000000e+06 7.802444078453e+04 1.274851328000e+06 5.099414064000e+06 0.000000000000e+00 0.000000000000e+00 0.000000000000e+00 8.598917569982e-04 3.037931214188e-03 1.529842469647e-02 0.000000000000e+00 0.000000000000e+00 0.000000000000e+00 0.000000000000e+00 0.000000000000e+00 
9.180000000000e+00 2.023742431805e-03 1.810835604382e-02 -2.037336738906e-04 1.028935004496e+05 9.974884006390e+04 1.000000000000e+05 9.252370009221e+03 5.726255087925e+02 1.800000000000e+06 7.903739158898e+04 1.274851328000e+06 5.099414064000e+06 0.000000000000e+00 0.000000000000e+00 0.000000000000e+00 8.710552852238e-04 3.039078093308e-03 1.549659306653e-02 0.000000000000e+00 0.000000000000e+00 0.000000000000e+00 0.000000000000e+00 0.000000000000e+00 
9.185000000000e+00 2.025050546466e-03 1.885750916699e-02 -3.240203858208e-04 1.049655483012e+05 9.996908936706e+04 1.000000000000e+05 9.250719587047e+03 5.723481019987e+02 1.800000000000e+06 8.024316379385e+04 1.274851328000e+06 5.099414064000e+06 0.000000000000e+00 0.000000000000e+00 0.000000000000e+00 8.843438595393e-04 3.041099435777e-03 1.573257506016e-02 0.000000000000e+00 0.000000000000e+00 0.000000000000e+00 0.000000000000e+00 0.000000000000e+00 
9.190000000000e+00 2.026990536335e-03 1.963766824563e-02 -4.523078821674e-04 1.072597414713e+05 1.002950743519e+05 1.000000000000e+05 9.248334770575e+03 5.719371629679e+02 1.800000000000e+06 8.163869654903e+04 1.274851328000e+06 5.099414064000e+06 0.000000000000e+00 0.000000000000e+00 0.000000000000e+00 8.997237469275e-04 3.044060023771e-03 1.600578291010e-02 0.000000000000e+00 0.000000000000e+00 0.000000000000e+00 0.000000000000e+00 0.000000000000e+00 
9.195000000000e+00 2.029597088293e-03 2.043574376837e-02 -5.869368046152e-04 1.097521259905e+05 1.007318383630e+05 1.000000000000e+05 9.245180583571e+03 5.713859055061e+02 1.800000000000e+06 8.321604360829e+04 1.274851328000e+06 5.099414064000e+06 0.000000000000e+00 0.000000000000e+00 0.000000000000e+00 9.171073733983e-04 3.048012477800e-03 1.631466986051e-02 0.000000000000e+00 0.000000000000e+00 0.000000000000e+00 0.000000000000e+00 0.000000000000e+00 
9.200000000000e+00 2.032896497682e-03 2.123923884339e-02 -7.261692249921e-04 1.124156031531e+05 1.012826924016e+05 1.000000000000e+05 9.241232925417e+03 5.706895524705e+02 1.800000000000e+06 8.496285705660e+04 1.274851328000e+06 5.099414064000e+06 0.000000000000e+00 0.000000000000e+00 0.000000000000e+00 9.363586550493e-04 3.052996635398e-03 1.665682424734e-02 0.000000000000e+00 0.000000000000e+00 0.000000000000e+00 0.000000000000e+00 0.000000000000e+00 
9.205000000000e+00 2.036906038044e-03 2.203619762220e-02 -8.681947512057e-04 1.152201276472e+05 1.019491031159e+05 1.000000000000e+05 9.236479302894e+03 5.698454747505e+02 1.800000000000e+06 8.686315561584e+04 1.274851328000e+06 5.099414064000e+06 0.000000000000e+00 0.000000000000e+00 0.000000000000e+00 9.573014654110e-04 3.059039138331e-03 1.702912040657e-02 0.000000000000e+00 0.000000000000e+00 0.000000000000e+00 0.000000000000e+00 0.000000000000e+00 
9.210000000000e+00 2.041632464912e-03 2.281578845697e-02 -1.011215233227e-03 1.181340185476e+05 1.027304605474e+05 1.000000000000e+05 9.230920377025e+03 5.688534959193e+02 1.800000000000e+06 8.889789653091e+04 1.274851328000e+06 5.099414064000e+06 0.000000000000e+00 0.000000000000e+00 0.000000000000e+00 9.797259380879e-04 3.066152956150e-03 1.742783043375e-02 0.000000000000e+00 0.000000000000e+00 0.000000000000e+00 0.000000000000e+00 0.000000000000e+00 
9.215000000000e+00 2.047076064163e-03 2.356903054811e-02 -1.153540786663e-03 1.211263045989e+05 1.036247843884e+05 1.000000000000e+05 9.224565102333e+03 5.677150177515e+02 1.800000000000e+06 9.104594699155e+04 1.274851328000e+06 5.099414064000e+06 0.000000000000e+00 0.000000000000e+00 0.000000000000e+00 1.003399172604e-03 3.074337898626e-03 1.784881421768e-02 0.000000000000e+00 0.000000000000e+00 0.000000000000e+00 0.000000000000e+00 0.000000000000e+00 
9.220000000000e+00 2.053226515262e-03 2.428858002628e-02 -1.293808240955e-03 1.241696165914e+05 1.046280936726e+05 1.000000000000e+05 9.217434999860e+03 5.664338518557e+02 1.800000000000e+06 9.328492096930e+04 1.274851328000e+06 5.099414064000e+06 0.000000000000e+00 0.000000000000e+00 0.000000000000e+00 1.028074457018e-03 3.083581461761e-03 1.828768375074e-02 0.000000000000e+00 0.000000000000e+00 0.000000000000e+00 0.000000000000e+00 0.000000000000e+00 
9.225000000000e+00 2.060067062060e-03 2.496902970018e-02 -1.430409509886e-03 1.272323752780e+05 1.057351632126e+05 1.000000000000e+05 9.209559850511e+03 5.650152980769e+02 1.800000000000e+06 9.559212794818e+04 1.274851328000e+06 5.099414064000e+06 0.000000000000e+00 0.000000000000e+00 0.000000000000e+00 1.053501723691e-03 3.093860100270e-03 1.873998936457e-02 0.000000000000e+00 0.000000000000e+00 0.000000000000e+00 0.000000000000e+00 0.000000000000e+00 
9.230000000000e+00 2.067575316169e-03 2.560613616939e-02 -1.562070883911e-03 1.302878781435e+05 1.069397257742e+05 1.000000000000e+05 9.200975855516e+03 5.634659277004e+02 1.800000000000e+06 9.794510215001e+04 1.274851328000e+06 5.099414064000e+06 0.000000000000e+00 0.000000000000e+00 0.000000000000e+00 1.079433381775e-03 3.105140189893e-03 1.920132425131e-02 0.000000000000e+00 0.000000000000e+00 0.000000000000e+00 0.000000000000e+00 0.000000000000e+00 
9.235000000000e+00 2.075723124770e-03 2.619726004382e-02 -1.687706185012e-03 1.333121594782e+05 1.082345291625e+05 1.000000000000e+05 9.191725693985e+03 5.617935557534e+02 1.800000000000e+06 1.003222276042e+05 1.274851328000e+06 5.099414064000e+06 0.000000000000e+00 0.000000000000e+00 0.000000000000e+00 1.105631205980e-03 3.117379459281e-03 1.966744681150e-02 0.000000000000e+00 0.000000000000e+00 0.000000000000e+00 0.000000000000e+00 0.000000000000e+00 
9.240000000000e+00 2.084477401452e-03 2.674090003560e-02 -1.806395441737e-03 1.362838747094e+05 1.096115523508e+05 1.000000000000e+05 9.181857332766e+03 5.600070107799e+02 1.800000000000e+06 1.027031547900e+05 1.274851328000e+06 5.099414064000e+06 0.000000000000e+00 0.000000000000e+00 0.000000000000e+00 1.131870928309e-03 3.130528235994e-03 2.013436292366e-02 0.000000000000e+00 0.000000000000e+00 0.000000000000e+00 0.000000000000e+00 0.000000000000e+00 
9.245000000000e+00 2.093800945265e-03 2.723636720798e-02 -1.917363741628e-03 1.391841519194e+05 1.110622161185e+05 1.000000000000e+05 9.171422859817e+03 5.581159090218e+02 1.800000000000e+06 1.050691088032e+05 1.274851328000e+06 5.099414064000e+06 0.000000000000e+00 0.000000000000e+00 0.000000000000e+00 1.157945634298e-03 3.144530678172e-03 2.059838682077e-02 0.000000000000e+00 0.000000000000e+00 0.000000000000e+00 0.000000000000e+00 0.000000000000e+00 
9.250000000000e+00 2.103653097783e-03 2.768320786966e-02 -2.019897092487e-03 1.419954740180e+05 1.125775618387e+05 1.000000000000e+05 9.160477589181e+03 5.561304655714e+02 1.800000000000e+06 1.074029642905e+05 1.274851328000e+06 5.099414064000e+06 0.000000000000e+00 0.000000000000e+00 0.000000000000e+00 1.183666588852e-03 3.159325969643e-03 2.105615598243e-02 0.000000000000e+00 0.000000000000e+00 0.000000000000e+00 0.000000000000e+00 0.000000000000e+00 
9.255000000000e+00 2.113990426915e-03 2.808237367068e-02 -2.113567339997e-03 1.447050489205e+05 1.141484260399e+05 1.000000000000e+05 9.149078807366e+03 5.540613054563e+02 1.800000000000e+06 1.096893481100e+05 1.274851328000e+06 5.099414064000e+06 0.000000000000e+00 0.000000000000e+00 0.000000000000e+00 1.208864367651e-03 3.174848989238e-03 2.150465149853e-02 0.000000000000e+00 0.000000000000e+00 0.000000000000e+00 0.000000000000e+00 0.000000000000e+00 
9.260000000000e+00 2.124766956905e-03 2.843408302624e-02 -2.197863139033e-03 1.472994214703e+05 1.157655365036e+05 1.000000000000e+05 9.137285727830e+03 5.519193717553e+02 1.800000000000e+06 1.119145720849e+05 1.274851328000e+06 5.099414064000e+06 0.000000000000e+00 0.000000000000e+00 0.000000000000e+00 1.233388116033e-03 3.191030593196e-03 2.194118537952e-02 0.000000000000e+00 0.000000000000e+00 0.000000000000e+00 0.000000000000e+00 0.000000000000e+00 
9.265000000000e+00 2.135934687028e-03 2.873905841778e-02 -2.272461792031e-03 1.497684624034e+05 1.174196436671e+05 1.000000000000e+05 9.125158420189e+03 5.497157814757e+02 1.800000000000e+06 1.140664130689e+05 1.274851328000e+06 5.099414064000e+06 0.000000000000e+00 0.000000000000e+00 0.000000000000e+00 1.257103125149e-03 3.207798676650e-03 2.236335679555e-02 0.000000000000e+00 0.000000000000e+00 0.000000000000e+00 0.000000000000e+00 0.000000000000e+00 
9.270000000000e+00 2.147443975785e-03 2.899787761165e-02 -2.337026251289e-03 1.521024322639e+05 1.191016209881e+05 1.000000000000e+05 9.112757463154e+03 5.474617154872e+02 1.800000000000e+06 1.161341589799e+05 1.274851328000e+06 5.099414064000e+06 0.000000000000e+00 0.000000000000e+00 0.000000000000e+00 1.279891339285e-03 3.225078715246e-03 2.276906182632e-02 0.000000000000e+00 0.000000000000e+00 0.000000000000e+00 0.000000000000e+00 0.000000000000e+00 
9.275000000000e+00 2.159243617080e-03 2.921106361766e-02 -2.391265526357e-03 1.542928173566e+05 1.208025105928e+05 1.000000000000e+05 9.100143657587e+03 5.451683753631e+02 1.800000000000e+06 1.181082916408e+05 1.274851328000e+06 5.099414064000e+06 0.000000000000e+00 0.000000000000e+00 0.000000000000e+00 1.301647860515e-03 3.242793854880e-03 2.315643103741e-02 0.000000000000e+00 0.000000000000e+00 0.000000000000e+00 0.000000000000e+00 0.000000000000e+00 
9.280000000000e+00 2.171281209561e-03 2.937929546048e-02 -2.434942450231e-03 1.563324176076e+05 1.225136031065e+05 1.000000000000e+05 9.087377514583e+03 5.428468887404e+02 1.800000000000e+06 1.199805153350e+05 1.274851328000e+06 5.099414064000e+06 0.000000000000e+00 0.000000000000e+00 0.000000000000e+00 1.322281263404e-03 3.260865480788e-03 2.352383483432e-02 0.000000000000e+00 0.000000000000e+00 0.000000000000e+00 0.000000000000e+00 0.000000000000e+00 
9.285000000000e+00 2.183503235322e-03 2.950305229077e-02 -2.467842287006e-03 1.582148436884e+05 1.242264663263e+05 1.000000000000e+05 9.074519127258e+03 5.405082776868e+02 1.800000000000e+06 1.217435491087e+05 1.274851328000e+06 5.099414064000e+06 0.000000000000e+00 0.000000000000e+00 0.000000000000e+00 1.341711306017e-03 3.279213345615e-03 2.386984309234e-02 0.000000000000e+00 0.000000000000e+00 0.000000000000e+00 0.000000000000e+00 0.000000000000e+00 
9.290000000000e+00 2.195855217288e-03 2.958288121901e-02 -2.489788941563e-03 1.599346885322e+05 1.259329776278e+05 1.000000000000e+05 9.061627931713e+03 5.381634172047e+02 1.800000000000e+06 1.233910260827e+05 1.274851328000e+06 5.099414064000e+06 0.000000000000e+00 0.000000000000e+00 0.000000000000e+00 1.359867820252e-03 3.297755818774e-03 2.419320509515e-02 0.000000000000e+00 0.000000000000e+00 0.000000000000e+00 0.000000000000e+00 0.000000000000e+00 
9.295000000000e+00 2.208282437703e-03 2.961972269411e-02 -2.500674022999e-03 1.614879188085e+05 1.276254245631e+05 1.000000000000e+05 9.048761903667e+03 5.358228941017e+02 1.800000000000e+06 1.249174918716e+05 1.274851328000e+06 5.099414064000e+06 0.000000000000e+00 0.000000000000e+00 0.000000000000e+00 1.376690694419e-03 3.316410295081e-03 2.449284888263e-02 0.000000000000e+00 0.000000000000e+00 0.000000000000e+00 0.000000000000e+00 0.000000000000e+00 
9.300000000000e+00 2.220729696657e-03 2.961454761987e-02 -2.500434552165e-03 1.628714412935e+05 1.292964637668e+05 1.000000000000e+05 9.035977844819e+03 5.334970549547e+02 1.800000000000e+06 1.263184188163e+05 1.274851328000e+06 5.099414064000e+06 0.000000000000e+00 0.000000000000e+00 0.000000000000e+00 1.392130030090e-03 3.335093632097e-03 2.476788447142e-02 0.000000000000e+00 0.000000000000e+00 0.000000000000e+00 0.000000000000e+00 0.000000000000e+00 
9.305000000000e+00 2.233141094604e-03 2.956860898016e-02 -2.489076690206e-03 1.640833025306e+05 1.309390811000e+05 1.000000000000e+05 9.023331602258e+03 5.311960511924e+02 1.800000000000e+06 1.275901427259e+05 1.274851328000e+06 5.099414064000e+06 0.000000000000e+00 0.000000000000e+00 0.000000000000e+00 1.406145444954e-03 3.353722505743e-03 2.501759109349e-02 0.000000000000e+00 0.000000000000e+00 0.000000000000e+00 0.000000000000e+00 0.000000000000e+00 
9.310000000000e+00 2.245461448596e-03 2.948376124079e-02 -2.466712358469e-03 1.651232219997e+05 1.325467615994e+05 1.000000000000e+05 9.010876634121e+03 5.289295864050e+02 1.800000000000e+06 1.287299787122e+05 1.274851328000e+06 5.099414064000e+06 0.000000000000e+00 0.000000000000e+00 0.000000000000e+00 1.418707349391e-03 3.372214136526e-03 2.524143967129e-02 0.000000000000e+00 0.000000000000e+00 0.000000000000e+00 0.000000000000e+00 0.000000000000e+00 
9.315000000000e+00 2.257636457410e-03 2.936242447561e-02 -2.433575978561e-03 1.659927002549e+05 1.341134804052e+05 1.000000000000e+05 8.998663926197e+03 5.267069062756e+02 1.800000000000e+06 1.297363194278e+05 1.274851328000e+06 5.099414064000e+06 0.000000000000e+00 0.000000000000e+00 0.000000000000e+00 1.429798029149e-03 3.390487066174e-03 2.543911219962e-02 0.000000000000e+00 0.000000000000e+00 0.000000000000e+00 0.000000000000e+00 0.000000000000e+00 
9.320000000000e+00 2.269613356467e-03 2.920757854785e-02 -2.390035644831e-03 1.666951029507e+05 1.356337513567e+05 1.000000000000e+05 8.986741445096e+03 5.245367037098e+02 1.800000000000e+06 1.306088257111e+05 1.274851328000e+06 5.099414064000e+06 0.000000000000e+00 0.000000000000e+00 0.000000000000e+00 1.439413746397e-03 3.408461885799e-03 2.561053913559e-02 0.000000000000e+00 0.000000000000e+00 0.000000000000e+00 0.000000000000e+00 0.000000000000e+00 
9.325000000000e+00 2.281341160743e-03 2.902124079923e-02 -2.336397401258e-03 1.672330336952e+05 1.371026161916e+05 1.000000000000e+05 8.975154247828e+03 5.224271046787e+02 1.800000000000e+06 1.313481571319e+05 1.274851328000e+06 5.099414064000e+06 0.000000000000e+00 0.000000000000e+00 0.000000000000e+00 1.447561770120e-03 3.426061600578e-03 2.575584783181e-02 0.000000000000e+00 0.000000000000e+00 0.000000000000e+00 0.000000000000e+00 0.000000000000e+00 
9.330000000000e+00 2.292771231985e-03 2.880725530605e-02 -2.273296063279e-03 1.676133736214e+05 1.385156708420e+05 1.000000000000e+05 8.963943674418e+03 5.203855990791e+02 1.800000000000e+06 1.319559856929e+05 1.274851328000e+06 5.099414064000e+06 0.000000000000e+00 0.000000000000e+00 0.000000000000e+00 1.454260527124e-03 3.443213055699e-03 2.587536277109e-02 0.000000000000e+00 0.000000000000e+00 0.000000000000e+00 0.000000000000e+00 0.000000000000e+00 
9.335000000000e+00 2.303865605664e-03 2.857073325579e-02 -2.200644741987e-03 1.678345900151e+05 1.398700283677e+05 1.000000000000e+05 8.953140467269e+03 5.184176041349e+02 1.800000000000e+06 1.324354570288e+05 1.274851328000e+06 5.099414064000e+06 0.000000000000e+00 0.000000000000e+00 0.000000000000e+00 1.459544684823e-03 3.459848546727e-03 2.596969723501e-02 0.000000000000e+00 0.000000000000e+00 0.000000000000e+00 0.000000000000e+00 0.000000000000e+00 
9.340000000000e+00 2.314590915943e-03 2.831548864300e-02 -2.120068414163e-03 1.679170891580e+05 1.411634848995e+05 1.000000000000e+05 8.942768582957e+03 5.165276139775e+02 1.800000000000e+06 1.327912486672e+05 1.274851328000e+06 5.099414064000e+06 0.000000000000e+00 0.000000000000e+00 0.000000000000e+00 1.463465793312e-03 3.475906702112e-03 2.603976489287e-02 0.000000000000e+00 0.000000000000e+00 0.000000000000e+00 0.000000000000e+00 0.000000000000e+00 
9.345000000000e+00 2.324904673624e-03 2.804376650437e-02 -2.032523866108e-03 1.678712149458e+05 1.423928404154e+05 1.000000000000e+05 8.932861118370e+03 5.147216366018e+02 1.800000000000e+06 1.330290010822e+05 1.274851328000e+06 5.099414064000e+06 0.000000000000e+00 0.000000000000e+00 0.000000000000e+00 1.466086015127e-03 3.491332801813e-03 2.608667036962e-02 0.000000000000e+00 0.000000000000e+00 0.000000000000e+00 0.000000000000e+00 0.000000000000e+00 
9.350000000000e+00 2.334768297136e-03 2.776075821421e-02 -1.938948075998e-03 1.677069766888e+05 1.435554667884e+05 1.000000000000e+05 8.923446947895e+03 5.130049001545e+02 1.800000000000e+06 1.331552939110e+05 1.274851328000e+06 5.099414064000e+06 0.000000000000e+00 0.000000000000e+00 0.000000000000e+00 1.467477863134e-03 3.506079556480e-03 2.611170123199e-02 0.000000000000e+00 0.000000000000e+00 0.000000000000e+00 0.000000000000e+00 0.000000000000e+00 
9.355000000000e+00 2.344153849534e-03 2.747005162760e-02 -1.840098457996e-03 1.674327659986e+05 1.446500401873e+05 1.000000000000e+05 8.914544629809e+03 5.113807295835e+02 1.800000000000e+06 1.331773098845e+05 1.274851328000e+06 5.099414064000e+06 0.000000000000e+00 0.000000000000e+00 0.000000000000e+00 1.467720496775e-03 3.520105110578e-03 2.611626533666e-02 0.000000000000e+00 0.000000000000e+00 0.000000000000e+00 0.000000000000e+00 0.000000000000e+00 
9.360000000000e+00 2.353036349757e-03 2.717423692863e-02 -1.737626349500e-03 1.670678624079e+05 1.456755748058e+05 1.000000000000e+05 8.906168982023e+03 5.098519332943e+02 1.800000000000e+06 1.331018568546e+05 1.274851328000e+06 5.099414064000e+06 0.000000000000e+00 0.000000000000e+00 0.000000000000e+00 1.466888944023e-03 3.533373154848e-03 2.610169570911e-02 0.000000000000e+00 0.000000000000e+00 0.000000000000e+00 0.000000000000e+00 0.000000000000e+00 
9.365000000000e+00 2.361402404902e-03 2.688583473260e-02 -1.632510239171e-03 1.666238442684e+05 1.466323755617e+05 1.000000000000e+05 8.898324595577e+03 5.084193535280e+02 1.800000000000e+06 1.329402833389e+05 1.274851328000e+06 5.099414064000e+06 0.000000000000e+00 0.000000000000e+00 0.000000000000e+00 1.465108274621e-03 3.545862774760e-03 2.607020965245e-02 0.000000000000e+00 0.000000000000e+00 0.000000000000e+00 0.000000000000e+00 0.000000000000e+00 
9.370000000000e+00 2.369239918494e-03 2.660061067033e-02 -1.525628738832e-03 1.661107950270e+05 1.475208079224e+05 1.000000000000e+05 8.891015246572e+03 5.070836725169e+02 1.800000000000e+06 1.327020545905e+05 1.274851328000e+06 5.099414064000e+06 0.000000000000e+00 0.000000000000e+00 0.000000000000e+00 1.462482803231e-03 3.557557764876e-03 2.602366934796e-02 0.000000000000e+00 0.000000000000e+00 0.000000000000e+00 0.000000000000e+00 0.000000000000e+00 
9.375000000000e+00 2.376541296832e-03 2.632138422262e-02 -1.417940930284e-03 1.655398828468e+05 1.483416477901e+05 1.000000000000e+05 8.884240742432e+03 5.058448782166e+02 1.800000000000e+06 1.323963478521e+05 1.274851328000e+06 5.099414064000e+06 0.000000000000e+00 0.000000000000e+00 0.000000000000e+00 1.459113670408e-03 3.568449281011e-03 2.596387434180e-02 0.000000000000e+00 0.000000000000e+00 0.000000000000e+00 0.000000000000e+00 0.000000000000e+00 
9.380000000000e+00 2.383303753688e-03 2.604969071767e-02 -1.310303496235e-03 1.649211990495e+05 1.490960942875e+05 1.000000000000e+05 8.877996906794e+03 5.047022311931e+02 1.800000000000e+06 1.320320508997e+05 1.274851328000e+06 5.099414064000e+06 0.000000000000e+00 0.000000000000e+00 0.000000000000e+00 1.455098826556e-03 3.578534973079e-03 2.589256847674e-02 0.000000000000e+00 0.000000000000e+00 0.000000000000e+00 0.000000000000e+00 0.000000000000e+00 
9.385000000000e+00 2.389529131150e-03 2.578743957864e-02 -1.203558785445e-03 1.642648669486e+05 1.497857324415e+05 1.000000000000e+05 8.872275734471e+03 5.036543101598e+02 1.800000000000e+06 1.316177853418e+05 1.274851328000e+06 5.099414064000e+06 0.000000000000e+00 0.000000000000e+00 0.000000000000e+00 1.450533288694e-03 3.587818827602e-03 2.581144292265e-02 0.000000000000e+00 0.000000000000e+00 0.000000000000e+00 0.000000000000e+00 0.000000000000e+00 
9.390000000000e+00 2.395223218344e-03 2.553558702837e-02 -1.098409795221e-03 1.635795178509e+05 1.504124462512e+05 1.000000000000e+05 8.867066201672e+03 5.026991371351e+02 1.800000000000e+06 1.311617411772e+05 1.274851328000e+06 5.099414064000e+06 0.000000000000e+00 0.000000000000e+00 0.000000000000e+00 1.445507317165e-03 3.596310431829e-03 2.572210508101e-02 0.000000000000e+00 0.000000000000e+00 0.000000000000e+00 0.000000000000e+00 0.000000000000e+00 
9.395000000000e+00 2.400395470409e-03 2.529529249630e-02 -9.955289864845e-04 1.628736301991e+05 1.509783821893e+05 1.000000000000e+05 8.862354447419e+03 5.018342302001e+02 1.800000000000e+06 1.306716731319e+05 1.274851328000e+06 5.099414064000e+06 0.000000000000e+00 0.000000000000e+00 0.000000000000e+00 1.440106375253e-03 3.604024574308e-03 2.562607664399e-02 0.000000000000e+00 0.000000000000e+00 0.000000000000e+00 0.000000000000e+00 0.000000000000e+00 
9.400000000000e+00 2.405058572607e-03 2.506724675914e-02 -8.954946825897e-04 1.621547674116e+05 1.514859000880e+05 1.000000000000e+05 8.858124250267e+03 5.010566785199e+02 1.800000000000e+06 1.301548600750e+05 1.274851328000e+06 5.099414064000e+06 0.000000000000e+00 0.000000000000e+00 0.000000000000e+00 1.434410681915e-03 3.610980660609e-03 2.552478631289e-02 0.000000000000e+00 0.000000000000e+00 0.000000000000e+00 0.000000000000e+00 0.000000000000e+00 
9.405000000000e+00 2.409227841155e-03 2.485172751582e-02 -7.987768973610e-04 1.614293955441e+05 1.519375103875e+05 1.000000000000e+05 8.854357590584e+03 5.003632410960e+02 1.800000000000e+06 1.296179966170e+05 1.274851328000e+06 5.099414064000e+06 0.000000000000e+00 0.000000000000e+00 0.000000000000e+00 1.428494017117e-03 3.617201995465e-03 2.541954846187e-02 0.000000000000e+00 0.000000000000e+00 0.000000000000e+00 0.000000000000e+00 0.000000000000e+00 
9.410000000000e+00 2.412920914714e-03 2.464873966229e-02 -7.057502283600e-04 1.607030469798e+05 1.523358463051e+05 1.000000000000e+05 8.851034903088e+03 4.997503942349e+02 1.800000000000e+06 1.290671165082e+05 1.274851328000e+06 5.099414064000e+06 0.000000000000e+00 0.000000000000e+00 0.000000000000e+00 1.422422877613e-03 3.622714984394e-03 2.531154797075e-02 0.000000000000e+00 0.000000000000e+00 0.000000000000e+00 0.000000000000e+00 0.000000000000e+00 
9.415000000000e+00 2.416157143954e-03 2.445793109323e-02 -6.166905788369e-04 1.599802526997e+05 1.526836056731e+05 1.000000000000e+05 8.848135614676e+03 4.992144271606e+02 1.800000000000e+06 1.285075487580e+05 1.274851328000e+06 5.099414064000e+06 0.000000000000e+00 0.000000000000e+00 0.000000000000e+00 1.416255993352e-03 3.627548429714e-03 2.520183165725e-02 0.000000000000e+00 0.000000000000e+00 0.000000000000e+00 0.000000000000e+00 0.000000000000e+00 
9.420000000000e+00 2.418957079230e-03 2.427878676218e-02 -5.317910954930e-04 1.592647051835e+05 1.529835054055e+05 1.000000000000e+05 8.845638564382e+03 4.987515195451e+02 1.800000000000e+06 1.279438956466e+05 1.274851328000e+06 5.099414064000e+06 0.000000000000e+00 0.000000000000e+00 0.000000000000e+00 1.410044085142e-03 3.631732848773e-03 2.509130378046e-02 0.000000000000e+00 0.000000000000e+00 0.000000000000e+00 0.000000000000e+00 0.000000000000e+00 
9.425000000000e+00 2.421342029065e-03 2.411051361694e-02 -4.511501230153e-04 1.585590903420e+05 1.532382447171e+05 1.000000000000e+05 8.843522380096e+03 4.983578062620e+02 1.800000000000e+06 1.273800306989e+05 1.274851328000e+06 5.099414064000e+06 0.000000000000e+00 0.000000000000e+00 0.000000000000e+00 1.403829842326e-03 3.635299805430e-03 2.498072576094e-02 0.000000000000e+00 0.000000000000e+00 0.000000000000e+00 0.000000000000e+00 0.000000000000e+00 
9.430000000000e+00 2.423333799226e-03 2.395232932694e-02 -3.747914849572e-04 1.578653146422e+05 1.534504880954e+05 1.000000000000e+05 8.841765655846e+03 4.980294118493e+02 1.800000000000e+06 1.268191194802e+05 1.274851328000e+06 5.099414064000e+06 0.000000000000e+00 0.000000000000e+00 0.000000000000e+00 1.397648151968e-03 3.638281295437e-03 2.487072004628e-02 0.000000000000e+00 0.000000000000e+00 0.000000000000e+00 0.000000000000e+00 0.000000000000e+00 
9.435000000000e+00 2.424954182468e-03 2.380307864880e-02 -3.026744596169e-04 1.571845784434e+05 1.536228216686e+05 1.000000000000e+05 8.840347368132e+03 4.977625260258e+02 1.800000000000e+06 1.262636375734e+05 1.274851328000e+06 5.099414064000e+06 0.000000000000e+00 0.000000000000e+00 0.000000000000e+00 1.391526296969e-03 3.640709192078e-03 2.476177380398e-02 0.000000000000e+00 0.000000000000e+00 0.000000000000e+00 0.000000000000e+00 0.000000000000e+00 
9.440000000000e+00 2.426224222158e-03 2.366149383208e-02 -2.346778536090e-04 1.565171161939e+05 1.537576854694e+05 1.000000000000e+05 8.839247524793e+03 4.975535164302e+02 1.800000000000e+06 1.257153669436e+05 1.274851328000e+06 5.099414064000e+06 0.000000000000e+00 0.000000000000e+00 0.000000000000e+00 1.385483916012e-03 3.642614772810e-03 2.465423816391e-02 0.000000000000e+00 0.000000000000e+00 0.000000000000e+00 0.000000000000e+00 0.000000000000e+00 
9.445000000000e+00 2.427164204161e-03 2.352613924931e-02 -1.706071510452e-04 1.558622805546e+05 1.538573825556e+05 1.000000000000e+05 8.838447125473e+03 4.973989218466e+02 1.800000000000e+06 1.251753990303e+05 1.274851328000e+06 5.099414064000e+06 0.000000000000e+00 0.000000000000e+00 0.000000000000e+00 1.379533037633e-03 3.644028093480e-03 2.454832884021e-02 0.000000000000e+00 0.000000000000e+00 0.000000000000e+00 0.000000000000e+00 0.000000000000e+00 
9.450000000000e+00 2.427805726056e-03 2.338124382405e-02 -1.110138741204e-04 1.552294341601e+05 1.539253664213e+05 1.000000000000e+05 8.837916280522e+03 4.972934612824e+02 1.800000000000e+06 1.246440737460e+05 1.274851328000e+06 5.099414064000e+06 0.000000000000e+00 0.000000000000e+00 0.000000000000e+00 1.373677407940e-03 3.644983823277e-03 2.444411447403e-02 0.000000000000e+00 0.000000000000e+00 0.000000000000e+00 0.000000000000e+00 0.000000000000e+00 
9.455000000000e+00 2.428195733173e-03 2.323438324443e-02 -5.478544449889e-05 1.546100772317e+05 1.539666736983e+05 1.000000000000e+05 8.837612800848e+03 4.972293664146e+02 1.800000000000e+06 1.241210393951e+05 1.274851328000e+06 5.099414064000e+06 0.000000000000e+00 0.000000000000e+00 0.000000000000e+00 1.367913150966e-03 3.645523515444e-03 2.434152762092e-02 0.000000000000e+00 0.000000000000e+00 0.000000000000e+00 0.000000000000e+00 0.000000000000e+00 
9.460000000000e+00 2.428341153215e-03 2.309728564924e-02 -6.469405751224e-07 1.539896683434e+05 1.539820713171e+05 1.000000000000e+05 8.837531444476e+03 4.972054713273e+02 1.800000000000e+06 1.236052029231e+05 1.274851328000e+06 5.099414064000e+06 0.000000000000e+00 0.000000000000e+00 0.000000000000e+00 1.362228220375e-03 3.645668746303e-03 2.424035598367e-02 0.000000000000e+00 0.000000000000e+00 0.000000000000e+00 0.000000000000e+00 0.000000000000e+00 
9.465000000000e+00 2.428219730634e-03 2.296746783217e-02 5.181386359815e-05 1.533607187157e+05 1.539692148049e+05 1.000000000000e+05 8.837692968139e+03 4.972254230702e+02 1.800000000000e+06 1.230947720210e+05 1.274851328000e+06 5.099414064000e+06 0.000000000000e+00 0.000000000000e+00 0.000000000000e+00 1.356602863489e-03 3.645424238019e-03 2.414024973807e-02 0.000000000000e+00 0.000000000000e+00 0.000000000000e+00 0.000000000000e+00 0.000000000000e+00 
9.470000000000e+00 2.427835914693e-03 2.283230727327e-02 1.024569625045e-04 1.527250362492e+05 1.539285644427e+05 1.000000000000e+05 8.838093226412e+03 4.972884994872e+02 1.800000000000e+06 1.225869164133e+05 1.274851328000e+06 5.099414064000e+06 0.000000000000e+00 0.000000000000e+00 0.000000000000e+00 1.351005888408e-03 3.644796558094e-03 2.404065651403e-02 0.000000000000e+00 0.000000000000e+00 0.000000000000e+00 0.000000000000e+00 0.000000000000e+00 
9.475000000000e+00 2.427198875827e-03 2.268884927500e-02 1.519251705600e-04 1.520757404374e+05 1.538610580052e+05 1.000000000000e+05 8.838724589859e+03 4.973932211418e+02 1.800000000000e+06 1.220779818589e+05 1.274851328000e+06 5.099414064000e+06 0.000000000000e+00 0.000000000000e+00 0.000000000000e+00 1.345397022471e-03 3.643796663609e-03 2.394086165545e-02 0.000000000000e+00 0.000000000000e+00 0.000000000000e+00 0.000000000000e+00 0.000000000000e+00 
9.480000000000e+00 2.426314695511e-03 2.253408910271e-02 2.008934550747e-04 1.514052367971e+05 1.537672856983e+05 1.000000000000e+05 8.839582374637e+03 4.975386330770e+02 1.800000000000e+06 1.215635172904e+05 1.274851328000e+06 5.099414064000e+06 0.000000000000e+00 0.000000000000e+00 0.000000000000e+00 1.339727211354e-03 3.642430567204e-03 2.383999412939e-02 0.000000000000e+00 0.000000000000e+00 0.000000000000e+00 0.000000000000e+00 0.000000000000e+00 
9.485000000000e+00 2.425185713459e-03 2.236526671409e-02 2.500225399339e-04 1.507056734527e+05 1.536474213412e+05 1.000000000000e+05 8.840665396087e+03 4.977244118144e+02 1.800000000000e+06 1.210384142627e+05 1.274851328000e+06 5.099414064000e+06 0.000000000000e+00 0.000000000000e+00 0.000000000000e+00 1.333940155906e-03 3.640699283802e-03 2.373705356389e-02 0.000000000000e+00 0.000000000000e+00 0.000000000000e+00 0.000000000000e+00 0.000000000000e+00 
9.490000000000e+00 2.423810538164e-03 2.218020841409e-02 2.999170097740e-04 1.499694157914e+05 1.535012221393e+05 1.000000000000e+05 8.841975925511e+03 4.979508647047e+02 1.800000000000e+06 1.204971265242e+05 1.274851328000e+06 5.099414064000e+06 0.000000000000e+00 0.000000000000e+00 0.000000000000e+00 1.327974731998e-03 3.638599079686e-03 2.363095305423e-02 0.000000000000e+00 0.000000000000e+00 0.000000000000e+00 0.000000000000e+00 0.000000000000e+00 
9.495000000000e+00 2.422184547136e-03 2.197745024429e-02 3.510859547170e-04 1.491895462396e+05 1.533280790387e+05 1.000000000000e+05 8.843519205650e+03 4.982188498516e+02 1.800000000000e+06 1.199339664531e+05 1.274851328000e+06 5.099414064000e+06 0.000000000000e+00 0.000000000000e+00 0.000000000000e+00 1.321768257486e-03 3.636122014199e-03 2.352057724351e-02 0.000000000000e+00 0.000000000000e+00 0.000000000000e+00 0.000000000000e+00 0.000000000000e+00 
9.500000000000e+00 2.420296416627e-03 2.175648508616e-02 4.036230384888e-04 1.483632437130e+05 1.531266420438e+05 1.000000000000e+05 8.845306353705e+03 4.985303522629e+02 1.800000000000e+06 1.193434526062e+05 1.274851328000e+06 5.099414064000e+06 0.000000000000e+00 0.000000000000e+00 0.000000000000e+00 1.315260322482e-03 3.633256601895e-03 2.340485022997e-02 0.000000000000e+00 0.000000000000e+00 0.000000000000e+00 0.000000000000e+00 0.000000000000e+00 
9.505000000000e+00 2.418134452259e-03 2.151793341109e-02 4.578991279936e-04 1.474842960185e+05 1.528954879560e+05 1.000000000000e+05 8.847349236447e+03 4.988874456718e+02 1.800000000000e+06 1.187206874150e+05 1.274851328000e+06 5.099414064000e+06 0.000000000000e+00 0.000000000000e+00 0.000000000000e+00 1.308396951864e-03 3.629989406354e-03 2.328280967408e-02 0.000000000000e+00 0.000000000000e+00 0.000000000000e+00 0.000000000000e+00 0.000000000000e+00 
9.510000000000e+00 2.415690890110e-03 2.126340598221e-02 5.140266459933e-04 1.465498833396e+05 1.526335775906e+05 1.000000000000e+05 8.849656005668e+03 4.992915842270e+02 1.800000000000e+06 1.180617132720e+05 1.274851328000e+06 5.099414064000e+06 0.000000000000e+00 0.000000000000e+00 0.000000000000e+00 1.301134529628e-03 3.626306731549e-03 2.315367683495e-02 0.000000000000e+00 0.000000000000e+00 0.000000000000e+00 0.000000000000e+00 0.000000000000e+00 
9.515000000000e+00 2.412957959884e-03 2.099539393484e-02 5.718353870609e-04 1.455604507633e+05 1.523398339772e+05 1.000000000000e+05 8.852234701312e+03 4.997442533699e+02 1.800000000000e+06 1.173637600527e+05 1.274851328000e+06 5.099414064000e+06 0.000000000000e+00 0.000000000000e+00 0.000000000000e+00 1.293442526789e-03 3.622195310702e-03 2.301690530849e-02 0.000000000000e+00 0.000000000000e+00 0.000000000000e+00 0.000000000000e+00 0.000000000000e+00 
9.520000000000e+00 2.409928912619e-03 2.071722683575e-02 6.309658063979e-04 1.445187398266e+05 1.520132502105e+05 1.000000000000e+05 8.855092401175e+03 5.002468016439e+02 1.800000000000e+06 1.166254906167e+05 1.274851328000e+06 5.099414064000e+06 0.000000000000e+00 0.000000000000e+00 0.000000000000e+00 1.285306206988e-03 3.617643979181e-03 2.287222918598e-02 0.000000000000e+00 0.000000000000e+00 0.000000000000e+00 0.000000000000e+00 0.000000000000e+00 
9.525000000000e+00 2.406598865339e-03 2.043254581227e-02 6.909268388425e-04 1.434292222492e+05 1.516529796650e+05 1.000000000000e+05 8.858234496739e+03 5.008003011256e+02 1.800000000000e+06 1.158470592082e+05 1.274851328000e+06 5.099414064000e+06 0.000000000000e+00 0.000000000000e+00 0.000000000000e+00 1.276727270122e-03 3.612644839680e-03 2.271967510872e-02 0.000000000000e+00 0.000000000000e+00 0.000000000000e+00 0.000000000000e+00 0.000000000000e+00 
9.530000000000e+00 2.402965985817e-03 2.014530606057e-02 7.511099361898e-04 1.422980974454e+05 1.512584657569e+05 1.000000000000e+05 8.861663599984e+03 5.014053490490e+02 1.800000000000e+06 1.150300799634e+05 1.274851328000e+06 5.099414064000e+06 0.000000000000e+00 0.000000000000e+00 0.000000000000e+00 1.267723505261e-03 3.607194215298e-03 2.255955607868e-02 0.000000000000e+00 0.000000000000e+00 0.000000000000e+00 0.000000000000e+00 0.000000000000e+00 
9.535000000000e+00 2.399031819488e-03 1.985948914625e-02 8.108730404639e-04 1.411323650940e+05 1.508294821575e+05 1.000000000000e+05 8.865379298848e+03 5.020620093315e+02 1.800000000000e+06 1.141775516231e+05 1.274851328000e+06 5.099414064000e+06 0.000000000000e+00 0.000000000000e+00 0.000000000000e+00 1.258327960927e-03 3.601293395830e-03 2.239245695304e-02 0.000000000000e+00 0.000000000000e+00 0.000000000000e+00 0.000000000000e+00 0.000000000000e+00 
9.540000000000e+00 2.394801591090e-03 1.957886949817e-02 8.695105070790e-04 1.399402545551e+05 1.503661728392e+05 1.000000000000e+05 8.869377814996e+03 5.027697561994e+02 1.800000000000e+06 1.132936713778e+05 1.274851328000e+06 5.099414064000e+06 0.000000000000e+00 0.000000000000e+00 0.000000000000e+00 1.248586893520e-03 3.594949021948e-03 2.221919812252e-02 0.000000000000e+00 0.000000000000e+00 0.000000000000e+00 0.000000000000e+00 0.000000000000e+00 
9.545000000000e+00 2.390283406920e-03 1.930679857410e-02 9.262557858413e-04 1.387311425539e+05 1.498689736660e+05 1.000000000000e+05 8.873652709488e+03 5.035276001627e+02 1.800000000000e+06 1.123836059069e+05 1.274851328000e+06 5.099414064000e+06 0.000000000000e+00 0.000000000000e+00 0.000000000000e+00 1.238557243978e-03 3.588173185296e-03 2.204079075658e-02 0.000000000000e+00 0.000000000000e+00 0.000000000000e+00 0.000000000000e+00 0.000000000000e+00 
9.550000000000e+00 2.385488706769e-03 1.904608482012e-02 9.804308201140e-04 1.375138475076e+05 1.493386718228e+05 1.000000000000e+05 8.878194563960e+03 5.043340041411e+02 1.800000000000e+06 1.114531881648e+05 1.274851328000e+06 5.099414064000e+06 0.000000000000e+00 0.000000000000e+00 0.000000000000e+00 1.228303296127e-03 3.580983192879e-03 2.185837740698e-02 0.000000000000e+00 0.000000000000e+00 0.000000000000e+00 0.000000000000e+00 0.000000000000e+00 
9.555000000000e+00 2.380432138513e-03 1.879894318575e-02 1.031425864460e-03 1.362968778083e+05 1.487764040757e+05 1.000000000000e+05 8.882991027165e+03 5.051868945362e+02 1.800000000000e+06 1.105086419534e+05 1.274851328000e+06 5.099414064000e+06 0.000000000000e+00 0.000000000000e+00 0.000000000000e+00 1.217893641240e-03 3.573401151141e-03 2.167317795666e-02 0.000000000000e+00 0.000000000000e+00 0.000000000000e+00 0.000000000000e+00 0.000000000000e+00 
9.560000000000e+00 2.375131141466e-03 1.856692256016e-02 1.078726130879e-03 1.350880779933e+05 1.481836236073e+05 1.000000000000e+05 8.888027177458e+03 5.060837206977e+02 1.800000000000e+06 1.095563017131e+05 1.274851328000e+06 5.099414064000e+06 0.000000000000e+00 0.000000000000e+00 0.000000000000e+00 1.207398089920e-03 3.565453332940e-03 2.148643466823e-02 0.000000000000e+00 0.000000000000e+00 0.000000000000e+00 0.000000000000e+00 0.000000000000e+00 
9.565000000000e+00 2.369605386959e-03 1.835068338010e-02 1.121926090930e-03 1.338943960056e+05 1.475620505890e+05 1.000000000000e+05 8.893286009880e+03 5.070215388457e+02 1.800000000000e+06 1.086022932997e+05 1.274851328000e+06 5.099414064000e+06 0.000000000000e+00 0.000000000000e+00 0.000000000000e+00 1.196884153998e-03 3.557169262665e-03 2.129934972961e-02 0.000000000000e+00 0.000000000000e+00 0.000000000000e+00 0.000000000000e+00 0.000000000000e+00 
9.570000000000e+00 2.363876327517e-03 1.815066531979e-02 1.160733216093e-03 1.327217818585e+05 1.469136338986e+05 1.000000000000e+05 8.898748815770e+03 5.079970785004e+02 1.800000000000e+06 1.076523394298e+05 1.274851328000e+06 5.099414064000e+06 0.000000000000e+00 0.000000000000e+00 0.000000000000e+00 1.186414902387e-03 3.548580922210e-03 2.111304637828e-02 0.000000000000e+00 0.000000000000e+00 0.000000000000e+00 0.000000000000e+00 0.000000000000e+00 
9.575000000000e+00 2.357966397554e-03 1.796676492341e-02 1.194983711525e-03 1.315748879570e+05 1.462404718035e+05 1.000000000000e+05 8.904395911646e+03 5.090068696108e+02 1.800000000000e+06 1.067116766772e+05 1.274851328000e+06 5.099414064000e+06 0.000000000000e+00 0.000000000000e+00 0.000000000000e+00 1.176048046324e-03 3.539722059962e-03 2.092855290008e-02 0.000000000000e+00 0.000000000000e+00 0.000000000000e+00 0.000000000000e+00 0.000000000000e+00 
9.580000000000e+00 2.351898644279e-03 1.779854437932e-02 1.224589661557e-03 1.304576543764e+05 1.455447789180e+05 1.000000000000e+05 8.910206903311e+03 5.100472984496e+02 1.800000000000e+06 1.057849236062e+05 1.274851328000e+06 5.099414064000e+06 0.000000000000e+00 0.000000000000e+00 0.000000000000e+00 1.165834486079e-03 3.530627371464e-03 2.074677657548e-02 0.000000000000e+00 0.000000000000e+00 0.000000000000e+00 0.000000000000e+00 0.000000000000e+00 
9.585000000000e+00 2.345696327869e-03 1.764521290700e-02 1.249557156743e-03 1.293730213787e+05 1.448288478703e+05 1.000000000000e+05 8.916161057060e+03 5.111146702632e+02 1.800000000000e+06 1.048760303058e+05 1.274851328000e+06 5.099414064000e+06 0.000000000000e+00 0.000000000000e+00 0.000000000000e+00 1.155817754794e-03 3.521331796636e-03 2.056849374979e-02 0.000000000000e+00 0.000000000000e+00 0.000000000000e+00 0.000000000000e+00 0.000000000000e+00 
9.590000000000e+00 2.339382426890e-03 1.750567091133e-02 1.269977830183e-03 1.283229496265e+05 1.440949977733e+05 1.000000000000e+05 8.922237744810e+03 5.122052901024e+02 1.800000000000e+06 1.039882172645e+05 1.274851328000e+06 5.099414064000e+06 0.000000000000e+00 0.000000000000e+00 0.000000000000e+00 1.146033344829e-03 3.511869815655e-03 2.039433780458e-02 0.000000000000e+00 0.000000000000e+00 0.000000000000e+00 0.000000000000e+00 0.000000000000e+00 
9.595000000000e+00 2.332979280088e-03 1.737881950739e-02 1.285997752183e-03 1.273087372230e+05 1.433455358676e+05 1.000000000000e+05 8.928416746670e+03 5.133155222898e+02 1.800000000000e+06 1.031239862841e+05 1.274851328000e+06 5.099414064000e+06 0.000000000000e+00 0.000000000000e+00 0.000000000000e+00 1.136508828039e-03 3.502274913738e-03 2.022480098325e-02 0.000000000000e+00 0.000000000000e+00 0.000000000000e+00 0.000000000000e+00 0.000000000000e+00 
9.600000000000e+00 2.326508341502e-03 1.726352600226e-02 1.297813042187e-03 1.263310224975e+05 1.425827301986e+05 1.000000000000e+05 8.934678480028e+03 5.144418320577e+02 1.800000000000e+06 1.022852000262e+05 1.274851328000e+06 5.099414064000e+06 0.000000000000e+00 0.000000000000e+00 0.000000000000e+00 1.127264732448e-03 3.492579217562e-03 2.006025005264e-02 0.000000000000e+00 0.000000000000e+00 0.000000000000e+00 0.000000000000e+00 0.000000000000e+00 
9.605000000000e+00 2.319989979993e-03 1.715868633193e-02 1.305654624518e-03 1.253899280599e+05 1.418087856853e+05 1.000000000000e+05 8.941004182159e+03 5.155808209485e+02 1.800000000000e+06 1.014731500012e+05 1.274851328000e+06 5.099414064000e+06 0.000000000000e+00 0.000000000000e+00 0.000000000000e+00 1.118315291533e-03 3.482813201966e-03 1.990093959380e-02 0.000000000000e+00 0.000000000000e+00 0.000000000000e+00 0.000000000000e+00 0.000000000000e+00 
9.610000000000e+00 2.313443321521e-03 1.706321415068e-02 1.309781233298e-03 1.244851094443e+05 1.410258236180e+05 1.000000000000e+05 8.947376066072e+03 5.167292560672e+02 1.800000000000e+06 1.006886209464e+05 1.274851328000e+06 5.099414064000e+06 0.000000000000e+00 0.000000000000e+00 0.000000000000e+00 1.109669153726e-03 3.473005460842e-03 1.974702465671e-02 0.000000000000e+00 0.000000000000e+00 0.000000000000e+00 0.000000000000e+00 0.000000000000e+00 
9.615000000000e+00 2.306886167179e-03 1.697617289371e-02 1.310457829742e-03 1.236160000017e+05 1.402358688402e+05 1.000000000000e+05 8.953777393019e+03 5.178840871371e+02 1.800000000000e+06 9.993197160876e+04 1.274851328000e+06 5.099414064000e+06 0.000000000000e+00 0.000000000000e+00 0.000000000000e+00 1.101330272706e-03 3.463182589488e-03 1.959857649433e-02 0.000000000000e+00 0.000000000000e+00 0.000000000000e+00 0.000000000000e+00 0.000000000000e+00 
9.620000000000e+00 2.300335012407e-03 1.689682484252e-02 1.307943213397e-03 1.227819588648e+05 1.394408482163e+05 1.000000000000e+05 8.960192458649e+03 5.190424464430e+02 1.800000000000e+06 9.920325734609e+04 1.274851328000e+06 5.099414064000e+06 0.000000000000e+00 0.000000000000e+00 0.000000000000e+00 1.093299258560e-03 3.453369219395e-03 1.945560658014e-02 0.000000000000e+00 0.000000000000e+00 0.000000000000e+00 0.000000000000e+00 0.000000000000e+00 
9.625000000000e+00 2.293805065132e-03 1.682452118020e-02 1.302492705013e-03 1.219822305912e+05 1.386425885345e+05 1.000000000000e+05 8.966606596962e+03 5.202016492902e+02 1.800000000000e+06 9.850231105208e+04 1.274851328000e+06 5.099414064000e+06 0.000000000000e+00 0.000000000000e+00 0.000000000000e+00 1.085574269643e-03 3.443588050960e-03 1.931808262025e-02 0.000000000000e+00 0.000000000000e+00 0.000000000000e+00 0.000000000000e+00 0.000000000000e+00 
9.630000000000e+00 2.287310291984e-03 1.675875113876e-02 1.294348726947e-03 1.212160637886e+05 1.378428175140e+05 1.000000000000e+05 8.973006145312e+03 5.213591897178e+02 1.800000000000e+06 9.782880941227e+04 1.274851328000e+06 5.099414064000e+06 0.000000000000e+00 0.000000000000e+00 0.000000000000e+00 1.078151742771e-03 3.433859926295e-03 1.918594151125e-02 0.000000000000e+00 0.000000000000e+00 0.000000000000e+00 0.000000000000e+00 0.000000000000e+00 
9.635000000000e+00 2.280863498277e-03 1.669914933833e-02 1.283735323728e-03 1.204827873357e+05 1.370431688750e+05 1.000000000000e+05 8.979378380097e+03 5.225127302424e+02 1.800000000000e+06 9.718234127454e+04 1.274851328000e+06 5.099414064000e+06 0.000000000000e+00 0.000000000000e+00 0.000000000000e+00 1.071027146718e-03 3.424203950946e-03 1.905910275890e-02 0.000000000000e+00 0.000000000000e+00 0.000000000000e+00 0.000000000000e+00 0.000000000000e+00 
9.640000000000e+00 2.274476408920e-03 1.664540846653e-02 1.270864381158e-03 1.197817378917e+05 1.362451876328e+05 1.000000000000e+05 8.985711462927e+03 5.236600913250e+02 1.800000000000e+06 9.656245811035e+04 1.274851328000e+06 5.099414064000e+06 0.000000000000e+00 0.000000000000e+00 0.000000000000e+00 1.064195538343e-03 3.414637617802e-03 1.893747847585e-02 0.000000000000e+00 0.000000000000e+00 0.000000000000e+00 0.000000000000e+00 0.000000000000e+00 
9.645000000000e+00 2.268159836623e-03 1.659721968012e-02 1.255859155512e-03 1.191132738966e+05 1.354503465929e+05 1.000000000000e+05 8.991994212527e+03 5.247992248957e+02 1.800000000000e+06 9.596868000936e+04 1.274851328000e+06 5.099414064000e+06 0.000000000000e+00 0.000000000000e+00 0.000000000000e+00 1.057651628647e-03 3.405176869592e-03 1.882097460948e-02 0.000000000000e+00 0.000000000000e+00 0.000000000000e+00 0.000000000000e+00 0.000000000000e+00 
9.650000000000e+00 2.261923899390e-03 1.655448966856e-02 1.238934023924e-03 1.184764754163e+05 1.346600698073e+05 1.000000000000e+05 8.998216090930e+03 5.259281783708e+02 1.800000000000e+06 9.540055049030e+04 1.274851328000e+06 5.099414064000e+06 0.000000000000e+00 0.000000000000e+00 0.000000000000e+00 1.051390386843e-03 3.395836266913e-03 1.870950152337e-02 0.000000000000e+00 0.000000000000e+00 0.000000000000e+00 0.000000000000e+00 0.000000000000e+00 
9.655000000000e+00 2.255777349929e-03 1.651711517102e-02 1.220369600694e-03 1.178693480681e+05 1.338756432903e+05 1.000000000000e+05 9.004367867726e+03 5.270452195731e+02 1.800000000000e+06 9.485765936683e+04 1.274851328000e+06 5.099414064000e+06 0.000000000000e+00 0.000000000000e+00 0.000000000000e+00 1.045407292350e-03 3.386629169560e-03 1.860297865576e-02 0.000000000000e+00 0.000000000000e+00 0.000000000000e+00 0.000000000000e+00 0.000000000000e+00 
9.660000000000e+00 2.249728000497e-03 1.648493835255e-02 1.200279895889e-03 1.172919239719e+05 1.330982632916e+05 1.000000000000e+05 9.010440973153e+03 5.281487642943e+02 1.800000000000e+06 9.433961056730e+04 1.274851328000e+06 5.099414064000e+06 0.000000000000e+00 0.000000000000e+00 0.000000000000e+00 1.039697980140e-03 3.377567751449e-03 1.850132834327e-02 0.000000000000e+00 0.000000000000e+00 0.000000000000e+00 0.000000000000e+00 0.000000000000e+00 
9.665000000000e+00 2.243783191708e-03 1.645771460983e-02 1.178752008528e-03 1.167445197546e+05 1.323290924674e+05 1.000000000000e+05 9.016427187032e+03 5.292372940564e+02 1.800000000000e+06 9.384601634317e+04 1.274851328000e+06 5.099414064000e+06 0.000000000000e+00 0.000000000000e+00 0.000000000000e+00 1.034258176915e-03 3.368663024539e-03 1.840447457166e-02 0.000000000000e+00 0.000000000000e+00 0.000000000000e+00 0.000000000000e+00 0.000000000000e+00 
9.670000000000e+00 2.237948283115e-03 1.643523200555e-02 1.155886731767e-03 1.162269885486e+05 1.315690599181e+05 1.000000000000e+05 9.022320225615e+03 5.303096362091e+02 1.800000000000e+06 9.337647761991e+04 1.274851328000e+06 5.099414064000e+06 0.000000000000e+00 0.000000000000e+00 0.000000000000e+00 1.029083484553e-03 3.359924889330e-03 1.831233909663e-02 0.000000000000e+00 0.000000000000e+00 0.000000000000e+00 0.000000000000e+00 0.000000000000e+00 
9.675000000000e+00 2.232228974631e-03 1.641735230175e-02 1.131889374448e-03 1.157378267144e+05 1.308191573345e+05 1.000000000000e+05 9.028113508620e+03 5.313645422013e+02 1.800000000000e+06 9.293058983551e+04 1.274851328000e+06 5.099414064000e+06 0.000000000000e+00 0.000000000000e+00 0.000000000000e+00 1.024169444459e-03 3.351362234648e-03 1.822484257831e-02 0.000000000000e+00 0.000000000000e+00 0.000000000000e+00 0.000000000000e+00 0.000000000000e+00 
9.680000000000e+00 2.226631127168e-03 1.640384722342e-02 1.106893740094e-03 1.152764763625e+05 1.300804160392e+05 1.000000000000e+05 9.033800153806e+03 5.324007202886e+02 1.800000000000e+06 9.250794592232e+04 1.274851328000e+06 5.099414064000e+06 0.000000000000e+00 0.000000000000e+00 0.000000000000e+00 1.019511570421e-03 3.342982989325e-03 1.814190524182e-02 0.000000000000e+00 0.000000000000e+00 0.000000000000e+00 0.000000000000e+00 0.000000000000e+00 
9.685000000000e+00 2.221159788685e-03 1.639443553811e-02 1.081028735791e-03 1.148423099408e+05 1.293537771259e+05 1.000000000000e+05 9.039374046511e+03 5.334170168922e+02 1.800000000000e+06 9.210810106550e+04 1.274851328000e+06 5.099414064000e+06 0.000000000000e+00 0.000000000000e+00 0.000000000000e+00 1.015104960223e-03 3.334794102793e-03 1.806343996641e-02 0.000000000000e+00 0.000000000000e+00 0.000000000000e+00 0.000000000000e+00 0.000000000000e+00 
9.690000000000e+00 2.215819264045e-03 1.638882193327e-02 1.054420619996e-03 1.144346078958e+05 1.286400965977e+05 1.000000000000e+05 9.044829786381e+03 5.344124068514e+02 1.800000000000e+06 9.173056821206e+04 1.274851328000e+06 5.099414064000e+06 0.000000000000e+00 0.000000000000e+00 0.000000000000e+00 1.010944246152e-03 3.326801576220e-03 1.798935135749e-02 0.000000000000e+00 0.000000000000e+00 0.000000000000e+00 0.000000000000e+00 0.000000000000e+00 
9.695000000000e+00 2.210613153218e-03 1.638669899975e-02 1.027192867728e-03 1.140525638964e+05 1.279401466545e+05 1.000000000000e+05 9.050162662488e+03 5.353859892604e+02 1.800000000000e+06 9.137480748508e+04 1.274851328000e+06 5.099414064000e+06 0.000000000000e+00 0.000000000000e+00 0.000000000000e+00 1.007023478332e-03 3.319010472725e-03 1.791953365984e-02 0.000000000000e+00 0.000000000000e+00 0.000000000000e+00 0.000000000000e+00 0.000000000000e+00 
9.700000000000e+00 2.205544384373e-03 1.638771569821e-02 9.994679939567e-04 1.136952632289e+05 1.272546165579e+05 1.000000000000e+05 9.055368634687e+03 5.363369840402e+02 1.800000000000e+06 9.104022431419e+04 1.274851328000e+06 5.099414064000e+06 0.000000000000e+00 0.000000000000e+00 0.000000000000e+00 1.003336104122e-03 3.311424936498e-03 1.785387043986e-02 0.000000000000e+00 0.000000000000e+00 0.000000000000e+00 0.000000000000e+00 0.000000000000e+00 
9.705000000000e+00 2.200614897154e-03 1.639152684508e-02 9.713651030754e-04 1.133616683993e+05 1.265840660372e+05 1.000000000000e+05 9.060444672135e+03 5.372647942350e+02 1.800000000000e+06 9.072616195430e+04 1.274851328000e+06 5.099414064000e+06 0.000000000000e+00 0.000000000000e+00 0.000000000000e+00 9.998748856660e-04 3.304048212693e-03 1.779223305271e-02 0.000000000000e+00 0.000000000000e+00 0.000000000000e+00 0.000000000000e+00 0.000000000000e+00 
9.710000000000e+00 2.195826589161e-03 1.639780902195e-02 9.429965080374e-04 1.130508017543e+05 1.259290506530e+05 1.000000000000e+05 9.065387781631e+03 5.381688304415e+02 1.800000000000e+06 9.043190909751e+04 1.274851328000e+06 5.099414064000e+06 0.000000000000e+00 0.000000000000e+00 0.000000000000e+00 9.966319837818e-04 3.296882680765e-03 1.773448212061e-02 0.000000000000e+00 0.000000000000e+00 0.000000000000e+00 0.000000000000e+00 0.000000000000e+00 
9.715000000000e+00 2.191180918119e-03 1.640622558142e-02 9.144715976040e-04 1.127616360696e+05 1.252900661886e+05 1.000000000000e+05 9.070195429186e+03 5.390485868030e+02 1.800000000000e+06 9.015671063620e+04 1.274851328000e+06 5.099414064000e+06 0.000000000000e+00 0.000000000000e+00 0.000000000000e+00 9.935990765794e-04 3.289929889780e-03 1.768046968549e-02 0.000000000000e+00 0.000000000000e+00 0.000000000000e+00 0.000000000000e+00 0.000000000000e+00 
9.720000000000e+00 2.186678370757e-03 1.641653286008e-02 8.858875629029e-04 1.124931439329e+05 1.246674728267e+05 1.000000000000e+05 9.074866093099e+03 5.399037436685e+02 1.800000000000e+06 8.989978165404e+04 1.274851328000e+06 5.099414064000e+06 0.000000000000e+00 0.000000000000e+00 0.000000000000e+00 9.907675136528e-04 3.283190621615e-03 1.763004184100e-02 0.000000000000e+00 0.000000000000e+00 0.000000000000e+00 0.000000000000e+00 0.000000000000e+00 
9.725000000000e+00 2.182318967976e-03 1.642843787933e-02 8.573400168362e-04 1.122442266851e+05 1.240615615828e+05 1.000000000000e+05 9.079398760268e+03 5.407340742107e+02 1.800000000000e+06 8.966032136259e+04 1.274851328000e+06 5.099414064000e+06 0.000000000000e+00 0.000000000000e+00 0.000000000000e+00 9.881284696729e-04 3.276664943146e-03 1.758304162539e-02 0.000000000000e+00 0.000000000000e+00 0.000000000000e+00 0.000000000000e+00 0.000000000000e+00 
9.730000000000e+00 2.178102278227e-03 1.644169268450e-02 8.289158485656e-04 1.120138151817e+05 1.234725542156e+05 1.000000000000e+05 9.083792911186e+03 5.415394433133e+02 1.800000000000e+06 8.943750539326e+04 1.274851328000e+06 5.099414064000e+06 0.000000000000e+00 0.000000000000e+00 0.000000000000e+00 9.856728594381e-04 3.270352235285e-03 1.753930740075e-02 0.000000000000e+00 0.000000000000e+00 0.000000000000e+00 0.000000000000e+00 0.000000000000e+00 
9.735000000000e+00 2.174027449590e-03 1.645602349664e-02 8.006992243659e-04 1.118007929507e+05 1.229006059530e+05 1.000000000000e+05 9.088048498869e+03 5.423198027272e+02 1.800000000000e+06 8.923049893534e+04 1.274851328000e+06 5.099414064000e+06 0.000000000000e+00 0.000000000000e+00 0.000000000000e+00 9.833914826666e-04 3.264251244825e-03 1.749867551734e-02 0.000000000000e+00 0.000000000000e+00 0.000000000000e+00 0.000000000000e+00 0.000000000000e+00 
9.740000000000e+00 2.170093252149e-03 1.647122369510e-02 7.727630647437e-04 1.116041215133e+05 1.223458099331e+05 1.000000000000e+05 9.092165900000e+03 5.430751840448e+02 1.800000000000e+06 8.903845292952e+04 1.274851328000e+06 5.099414064000e+06 0.000000000000e+00 0.000000000000e+00 0.000000000000e+00 9.812749820456e-04 3.258360155869e-03 1.746097944165e-02 0.000000000000e+00 0.000000000000e+00 0.000000000000e+00 0.000000000000e+00 0.000000000000e+00 
9.745000000000e+00 2.166298141692e-03 1.648715507518e-02 7.451678946373e-04 1.114228682000e+05 1.218082049615e+05 1.000000000000e+05 9.096145850466e+03 5.438056873456e+02 1.800000000000e+06 8.886054538059e+04 1.274851328000e+06 5.099414064000e+06 0.000000000000e+00 0.000000000000e+00 0.000000000000e+00 9.793142985304e-04 3.252676696953e-03 1.742605792459e-02 0.000000000000e+00 0.000000000000e+00 0.000000000000e+00 0.000000000000e+00 0.000000000000e+00 
9.750000000000e+00 2.162640235378e-03 1.650364593622e-02 7.179738344265e-04 1.112560375158e+05 1.212877710700e+05 1.000000000000e+05 9.099989487448e+03 5.445114865769e+02 1.800000000000e+06 8.869597204998e+04 1.274851328000e+06 5.099414064000e+06 0.000000000000e+00 0.000000000000e+00 0.000000000000e+00 9.775005687685e-04 3.247198077097e-03 1.739375321480e-02 0.000000000000e+00 0.000000000000e+00 0.000000000000e+00 0.000000000000e+00 0.000000000000e+00 
9.755000000000e+00 2.159117371364e-03 1.652054479190e-02 6.912325425607e-04 1.111026932655e+05 1.207844371116e+05 1.000000000000e+05 9.103698280194e+03 5.451928186675e+02 1.800000000000e+06 8.854394406333e+04 1.274851328000e+06 5.099414064000e+06 0.000000000000e+00 0.000000000000e+00 0.000000000000e+00 9.758250987332e-04 3.241921087642e-03 1.736391056759e-02 0.000000000000e+00 0.000000000000e+00 0.000000000000e+00 0.000000000000e+00 0.000000000000e+00 
9.760000000000e+00 2.155727153743e-03 1.653775128222e-02 6.649861629069e-04 1.109619819406e+05 1.202980865593e+05 1.000000000000e+05 9.107273982954e+03 5.458499752530e+02 1.800000000000e+06 8.840370122024e+04 1.274851328000e+06 5.099414064000e+06 0.000000000000e+00 0.000000000000e+00 0.000000000000e+00 9.742795104080e-04 3.236842174298e-03 1.733638081762e-02 0.000000000000e+00 0.000000000000e+00 0.000000000000e+00 0.000000000000e+00 0.000000000000e+00 
9.765000000000e+00 2.152466987748e-03 1.655516126419e-02 6.392719990436e-04 1.108330742682e+05 1.198285621415e+05 1.000000000000e+05 9.110718603791e+03 5.464832961146e+02 1.800000000000e+06 8.827451634721e+04 1.274851328000e+06 5.099414064000e+06 0.000000000000e+00 0.000000000000e+00 0.000000000000e+00 9.728557897593e-04 3.231957486480e-03 1.731102129211e-02 0.000000000000e+00 0.000000000000e+00 0.000000000000e+00 0.000000000000e+00 0.000000000000e+00 
9.770000000000e+00 2.149334107737e-03 1.657268823764e-02 6.141212399396e-04 1.107151886531e+05 1.193756696217e+05 1.000000000000e+05 9.114034373856e+03 5.470931638825e+02 1.800000000000e+06 8.815569384401e+04 1.274851328000e+06 5.099414064000e+06 0.000000000000e+00 0.000000000000e+00 0.000000000000e+00 9.715462707160e-04 3.227262919572e-03 1.728769550172e-02 0.000000000000e+00 0.000000000000e+00 0.000000000000e+00 0.000000000000e+00 0.000000000000e+00 
9.775000000000e+00 2.146325604734e-03 1.659024612204e-02 5.895608039513e-04 1.106075707189e+05 1.189391816669e+05 1.000000000000e+05 9.117223720066e+03 5.476799987149e+02 1.800000000000e+06 8.804656998577e+04 1.274851328000e+06 5.099414064000e+06 0.000000000000e+00 0.000000000000e+00 0.000000000000e+00 9.703436384992e-04 3.222754154389e-03 1.726627321791e-02 0.000000000000e+00 0.000000000000e+00 0.000000000000e+00 0.000000000000e+00 0.000000000000e+00 
9.780000000000e+00 2.143438876986e-03 1.660777251294e-02 5.656838839981e-04 1.105085637297e+05 1.185189035460e+05 1.000000000000e+05 9.120288860801e+03 5.482441701226e+02 1.800000000000e+06 8.794650942308e+04 1.274851328000e+06 5.099414064000e+06 0.000000000000e+00 0.000000000000e+00 0.000000000000e+00 9.692408910499e-04 3.218426670876e-03 1.724662976687e-02 0.000000000000e+00 0.000000000000e+00 0.000000000000e+00 0.000000000000e+00 0.000000000000e+00 
9.785000000000e+00 2.140671572762e-03 1.662516821216e-02 5.424311184738e-04 1.104186966358e+05 1.181146658726e+05 1.000000000000e+05 9.123231618183e+03 5.487860073094e+02 1.800000000000e+06 8.785490146641e+04 1.274851328000e+06 5.099414064000e+06 0.000000000000e+00 0.000000000000e+00 0.000000000000e+00 9.682312980810e-04 3.214275763914e-03 1.722864536107e-02 0.000000000000e+00 0.000000000000e+00 0.000000000000e+00 0.000000000000e+00 0.000000000000e+00 
9.790000000000e+00 2.138019756411e-03 1.664236794263e-02 5.197783892989e-04 1.103377577640e+05 1.177260563322e+05 1.000000000000e+05 9.126055596226e+03 5.493061585017e+02 1.800000000000e+06 8.777116309350e+04 1.274851328000e+06 5.099414064000e+06 0.000000000000e+00 0.000000000000e+00 0.000000000000e+00 9.673084342209e-04 3.210296641971e-03 1.721220557171e-02 0.000000000000e+00 0.000000000000e+00 0.000000000000e+00 0.000000000000e+00 0.000000000000e+00 
9.795000000000e+00 2.135479365710e-03 1.665931020067e-02 4.977809281820e-04 1.102643818860e+05 1.173526310203e+05 1.000000000000e+05 9.128764672660e+03 5.498053067177e+02 1.800000000000e+06 8.769474179849e+04 1.274851328000e+06 5.099414064000e+06 0.000000000000e+00 0.000000000000e+00 0.000000000000e+00 9.664662104128e-04 3.206484432569e-03 1.719720200349e-02 0.000000000000e+00 0.000000000000e+00 0.000000000000e+00 0.000000000000e+00 0.000000000000e+00 
9.800000000000e+00 2.133047030095e-03 1.667586790062e-02 4.764528323226e-04 1.101978839851e+05 1.169940355517e+05 1.000000000000e+05 9.131361980085e+03 5.502840083422e+02 1.800000000000e+06 8.762509248059e+04 1.274851328000e+06 5.099414064000e+06 0.000000000000e+00 0.000000000000e+00 0.000000000000e+00 9.656986192100e-04 3.202834163527e-03 1.718352777717e-02 0.000000000000e+00 0.000000000000e+00 0.000000000000e+00 0.000000000000e+00 0.000000000000e+00 
9.805000000000e+00 2.130719356120e-03 1.669192632798e-02 4.558091627324e-04 1.101375553124e+05 1.166499012722e+05 1.000000000000e+05 9.133850717350e+03 5.507428325638e+02 1.800000000000e+06 8.756166385630e+04 1.274851328000e+06 5.099414064000e+06 0.000000000000e+00 0.000000000000e+00 0.000000000000e+00 9.649995850275e-04 3.199340747494e-03 1.717107477936e-02 0.000000000000e+00 0.000000000000e+00 0.000000000000e+00 0.000000000000e+00 0.000000000000e+00 
9.810000000000e+00 2.128492895641e-03 1.670743232590e-02 4.358562422341e-04 1.100827977585e+05 1.163198409592e+05 1.000000000000e+05 9.136234171281e+03 5.511823673180e+02 1.800000000000e+06 8.750391304961e+04 1.274851328000e+06 5.099414064000e+06 0.000000000000e+00 0.000000000000e+00 0.000000000000e+00 9.643631249372e-04 3.195999017498e-03 1.715973648694e-02 0.000000000000e+00 0.000000000000e+00 0.000000000000e+00 0.000000000000e+00 0.000000000000e+00 
9.815000000000e+00 2.126364179454e-03 1.672223334827e-02 4.166087424061e-04 1.100328855289e+05 1.160034541929e+05 1.000000000000e+05 9.138515698037e+03 5.516032123357e+02 1.800000000000e+06 8.745133315109e+04 1.274851328000e+06 5.099414064000e+06 0.000000000000e+00 0.000000000000e+00 0.000000000000e+00 9.637836523915e-04 3.192803776375e-03 1.714941353881e-02 0.000000000000e+00 0.000000000000e+00 0.000000000000e+00 0.000000000000e+00 0.000000000000e+00 
9.820000000000e+00 2.124329594251e-03 1.673606597916e-02 3.980901363525e-04 1.099869393382e+05 1.157003094347e+05 1.000000000000e+05 9.140698855329e+03 5.520060031736e+02 1.800000000000e+06 8.740333325667e+04 1.274851328000e+06 5.099414064000e+06 0.000000000000e+00 0.000000000000e+00 0.000000000000e+00 9.632546551551e-04 3.189749609788e-03 1.713999020617e-02 0.000000000000e+00 0.000000000000e+00 0.000000000000e+00 0.000000000000e+00 0.000000000000e+00 
9.825000000000e+00 2.122385472132e-03 1.674884775872e-02 3.803101649311e-04 1.099442634723e+05 1.154099576316e+05 1.000000000000e+05 9.142787278864e+03 5.523913932743e+02 1.800000000000e+06 8.735932743023e+04 1.274851328000e+06 5.099414064000e+06 0.000000000000e+00 0.000000000000e+00 0.000000000000e+00 9.627696757431e-04 3.186831021379e-03 1.713135154096e-02 0.000000000000e+00 0.000000000000e+00 0.000000000000e+00 0.000000000000e+00 0.000000000000e+00 
9.830000000000e+00 2.120528082716e-03 1.676043737375e-02 3.632819690841e-04 1.099040998208e+05 1.151319314240e+05 1.000000000000e+05 9.144784708724e+03 5.527600552242e+02 1.800000000000e+06 8.731872963550e+04 1.274851328000e+06 5.099414064000e+06 0.000000000000e+00 0.000000000000e+00 0.000000000000e+00 9.623222555669e-04 3.184042421036e-03 1.712338263938e-02 0.000000000000e+00 0.000000000000e+00 0.000000000000e+00 0.000000000000e+00 0.000000000000e+00 
9.835000000000e+00 2.118753631909e-03 1.677069339561e-02 3.470182956481e-04 1.098656823943e+05 1.148657453417e+05 1.000000000000e+05 9.146694984934e+03 5.531126806994e+02 1.800000000000e+06 8.728094712216e+04 1.274851328000e+06 5.099414064000e+06 0.000000000000e+00 0.000000000000e+00 0.000000000000e+00 9.619058620439e-04 3.181378122713e-03 1.711596727990e-02 0.000000000000e+00 0.000000000000e+00 0.000000000000e+00 0.000000000000e+00 0.000000000000e+00 
9.840000000000e+00 2.117058260457e-03 1.677946459897e-02 3.315324295252e-04 1.098282240365e+05 1.146108959637e+05 1.000000000000e+05 9.148522048637e+03 5.534499804580e+02 1.800000000000e+06 8.724537820801e+04 1.274851328000e+06 5.099414064000e+06 0.000000000000e+00 0.000000000000e+00 0.000000000000e+00 9.615138641548e-04 3.178832342399e-03 1.710898749796e-02 0.000000000000e+00 0.000000000000e+00 0.000000000000e+00 0.000000000000e+00 0.000000000000e+00 
9.845000000000e+00 2.115438039663e-03 1.678658686568e-02 3.168386990637e-04 1.097909087385e+05 1.143668616474e+05 1.000000000000e+05 9.150269945898e+03 5.537726849028e+02 1.800000000000e+06 8.721140827377e+04 1.274851328000e+06 5.099414064000e+06 0.000000000000e+00 0.000000000000e+00 0.000000000000e+00 9.611394883036e-04 3.176399191762e-03 1.710232280262e-02 0.000000000000e+00 0.000000000000e+00 0.000000000000e+00 0.000000000000e+00 0.000000000000e+00 
9.850000000000e+00 2.113888970422e-03 1.679190096881e-02 3.029508885168e-04 1.097529146490e+05 1.141331027476e+05 1.000000000000e+05 9.151942825568e+03 5.540815439908e+02 1.800000000000e+06 8.717840908287e+04 1.274851328000e+06 5.099414064000e+06 0.000000000000e+00 0.000000000000e+00 0.000000000000e+00 9.607758108205e-04 3.174072676657e-03 1.709585002502e-02 0.000000000000e+00 0.000000000000e+00 0.000000000000e+00 0.000000000000e+00 0.000000000000e+00 
9.855000000000e+00 2.112406986124e-03 1.679525205406e-02 2.898823464347e-04 1.097134132596e+05 1.139090624138e+05 1.000000000000e+05 9.153544934876e+03 5.543773263779e+02 1.800000000000e+06 8.714574223964e+04 1.274851328000e+06 5.099414064000e+06 0.000000000000e+00 0.000000000000e+00 0.000000000000e+00 9.604157960746e-04 3.171846701542e-03 1.708944399692e-02 0.000000000000e+00 0.000000000000e+00 0.000000000000e+00 0.000000000000e+00 0.000000000000e+00 
9.860000000000e+00 2.110987956393e-03 1.679648623349e-02 2.776442084526e-04 1.096715959887e+05 1.136941675111e+05 1.000000000000e+05 9.155080611989e+03 5.546608183998e+02 1.800000000000e+06 8.711276041111e+04 1.274851328000e+06 5.099414064000e+06 0.000000000000e+00 0.000000000000e+00 0.000000000000e+00 9.600523099388e-04 3.169715071588e-03 1.708297779368e-02 0.000000000000e+00 0.000000000000e+00 0.000000000000e+00 0.000000000000e+00 0.000000000000e+00 
9.865000000000e+00 2.109627690795e-03 1.679545484510e-02 2.662507465602e-04 1.096265975236e+05 1.134878295310e+05 1.000000000000e+05 9.156554286759e+03 5.549328230646e+02 1.800000000000e+06 8.707881044252e+04 1.274851328000e+06 5.099414064000e+06 0.000000000000e+00 0.000000000000e+00 0.000000000000e+00 9.596781541249e-04 3.167671498893e-03 1.707632334348e-02 0.000000000000e+00 0.000000000000e+00 0.000000000000e+00 0.000000000000e+00 0.000000000000e+00 
9.870000000000e+00 2.108322042052e-03 1.679204207468e-02 2.557271704352e-04 1.095773984740e+05 1.132894606235e+05 1.000000000000e+05 9.157970375459e+03 5.551941391281e+02 1.800000000000e+06 8.704323747129e+04 1.274851328000e+06 5.099414064000e+06 0.000000000000e+00 0.000000000000e+00 0.000000000000e+00 9.592861115236e-04 3.165709616046e-03 1.706935220965e-02 0.000000000000e+00 0.000000000000e+00 0.000000000000e+00 0.000000000000e+00 0.000000000000e+00 
9.875000000000e+00 2.107067199439e-03 1.678612736227e-02 2.460842429626e-04 1.095232390735e+05 1.130985187144e+05 1.000000000000e+05 9.159332928921e+03 5.554455019674e+02 1.800000000000e+06 8.700539597187e+04 1.274851328000e+06 5.099414064000e+06 0.000000000000e+00 0.000000000000e+00 0.000000000000e+00 9.588690679268e-04 3.163822999685e-03 1.706193779134e-02 0.000000000000e+00 0.000000000000e+00 0.000000000000e+00 0.000000000000e+00 0.000000000000e+00 
9.880000000000e+00 2.105858799164e-03 1.677758596663e-02 2.373130889801e-04 1.094635581046e+05 1.129143725717e+05 1.000000000000e+05 9.160646598734e+03 5.556877614566e+02 1.800000000000e+06 8.696464529005e+04 1.274851328000e+06 5.099414064000e+06 0.000000000000e+00 0.000000000000e+00 0.000000000000e+00 9.584199628126e-04 3.162005161705e-03 1.705395444436e-02 0.000000000000e+00 0.000000000000e+00 0.000000000000e+00 0.000000000000e+00 0.000000000000e+00 
9.885000000000e+00 2.104692395365e-03 1.676632483273e-02 2.294176222258e-04 1.093975948938e+05 1.127363734524e+05 1.000000000000e+05 9.161916158816e+03 5.559217876318e+02 1.800000000000e+06 8.692035448806e+04 1.274851328000e+06 5.099414064000e+06 0.000000000000e+00 0.000000000000e+00 0.000000000000e+00 9.579318427420e-04 3.160249572971e-03 1.704527840373e-02 0.000000000000e+00 0.000000000000e+00 0.000000000000e+00 0.000000000000e+00 0.000000000000e+00 
9.890000000000e+00 2.103563543733e-03 1.675224015756e-02 2.224015218122e-04 1.093245911049e+05 1.125638681294e+05 1.000000000000e+05 9.163146397900e+03 5.561484537113e+02 1.800000000000e+06 8.687190494402e+04 1.274851328000e+06 5.099414064000e+06 0.000000000000e+00 0.000000000000e+00 0.000000000000e+00 9.573978900071e-04 3.158549675588e-03 1.703578833512e-02 0.000000000000e+00 0.000000000000e+00 0.000000000000e+00 0.000000000000e+00 0.000000000000e+00 
9.895000000000e+00 2.102467804613e-03 1.673525443239e-02 2.162651930141e-04 1.092438354760e+05 1.123961996660e+05 1.000000000000e+05 9.164342111571e+03 5.563686352477e+02 1.800000000000e+06 8.681869164759e+04 1.274851328000e+06 5.099414064000e+06 0.000000000000e+00 0.000000000000e+00 0.000000000000e+00 9.568114369097e-04 3.156898896998e-03 1.702536554950e-02 0.000000000000e+00 0.000000000000e+00 0.000000000000e+00 0.000000000000e+00 0.000000000000e+00 
9.900000000000e+00 2.101400751330e-03 1.671530321180e-02 2.110062444698e-04 1.091546582368e+05 1.122327089614e+05 1.000000000000e+05 9.165508092687e+03 5.565832082514e+02 1.800000000000e+06 8.676012826568e+04 1.274851328000e+06 5.099414064000e+06 0.000000000000e+00 0.000000000000e+00 0.000000000000e+00 9.561660215905e-04 3.155290668621e-03 1.701389501274e-02 0.000000000000e+00 0.000000000000e+00 0.000000000000e+00 0.000000000000e+00 0.000000000000e+00 
9.905000000000e+00 2.100357991048e-03 1.669237044824e-02 2.066155517538e-04 1.090564918329e+05 1.120727381982e+05 1.000000000000e+05 9.166649103040e+03 5.567930448068e+02 1.800000000000e+06 8.669566117869e+04 1.274851328000e+06 5.099414064000e+06 0.000000000000e+00 0.000000000000e+00 0.000000000000e+00 9.554555427181e-04 3.153718465285e-03 1.700126806595e-02 0.000000000000e+00 0.000000000000e+00 0.000000000000e+00 0.000000000000e+00 0.000000000000e+00 
9.910000000000e+00 2.099335229853e-03 1.666662873784e-02 2.030677355167e-04 1.089490203617e+05 1.119156410729e+05 1.000000000000e+05 9.167769789996e+03 5.569989997927e+02 1.800000000000e+06 8.662482375556e+04 1.274851328000e+06 5.099414064000e+06 0.000000000000e+00 0.000000000000e+00 0.000000000000e+00 9.546748576453e-04 3.152175927416e-03 1.698739292396e-02 0.000000000000e+00 0.000000000000e+00 0.000000000000e+00 0.000000000000e+00 0.000000000000e+00 
9.915000000000e+00 2.098328189806e-03 1.663769389895e-02 2.003813033790e-04 1.088312880859e+05 1.117607702878e+05 1.000000000000e+05 9.168874845982e+03 5.572019274105e+02 1.800000000000e+06 8.654711201404e+04 1.274851328000e+06 5.099414064000e+06 0.000000000000e+00 0.000000000000e+00 0.000000000000e+00 9.538184120843e-04 3.150656646054e-03 1.697217106145e-02 0.000000000000e+00 0.000000000000e+00 0.000000000000e+00 0.000000000000e+00 0.000000000000e+00 
9.920000000000e+00 2.097332650617e-03 1.660570707418e-02 1.985301737598e-04 1.087029977927e+05 1.116074841126e+05 1.000000000000e+05 9.169968860452e+03 5.574026726730e+02 1.800000000000e+06 8.646203336115e+04 1.274851328000e+06 5.099414064000e+06 0.000000000000e+00 0.000000000000e+00 0.000000000000e+00 9.528807772666e-04 3.149154288781e-03 1.695550563396e-02 0.000000000000e+00 0.000000000000e+00 0.000000000000e+00 0.000000000000e+00 0.000000000000e+00 
9.925000000000e+00 2.096344472753e-03 1.657069191835e-02 1.974986319294e-04 1.085637119279e+05 1.114551500948e+05 1.000000000000e+05 9.171056357027e+03 5.576020666296e+02 1.800000000000e+06 8.636916732836e+04 1.274851328000e+06 5.099414064000e+06 0.000000000000e+00 0.000000000000e+00 0.000000000000e+00 9.518573192923e-04 3.147662676332e-03 1.693731408502e-02 0.000000000000e+00 0.000000000000e+00 0.000000000000e+00 0.000000000000e+00 0.000000000000e+00 
9.930000000000e+00 2.095359590535e-03 1.653274240147e-02 1.972597767342e-04 1.084131665036e+05 1.113031441286e+05 1.000000000000e+05 9.172141775840e+03 5.578009276602e+02 1.800000000000e+06 8.626813580456e+04 1.274851328000e+06 5.099414064000e+06 0.000000000000e+00 0.000000000000e+00 0.000000000000e+00 9.507438710749e-04 3.146175779098e-03 1.691752210322e-02 0.000000000000e+00 0.000000000000e+00 0.000000000000e+00 0.000000000000e+00 0.000000000000e+00 
9.935000000000e+00 2.094374068634e-03 1.649183426006e-02 1.977969587173e-04 1.082509659696e+05 1.111508592859e+05 1.000000000000e+05 9.173229435543e+03 5.580000499830e+02 1.800000000000e+06 8.615861715726e+04 1.274851328000e+06 5.099414064000e+06 0.000000000000e+00 0.000000000000e+00 0.000000000000e+00 9.495368879668e-04 3.144687750248e-03 1.689606658467e-02 0.000000000000e+00 0.000000000000e+00 0.000000000000e+00 0.000000000000e+00 0.000000000000e+00 
9.940000000000e+00 2.093384068222e-03 1.644801708835e-02 1.990845866770e-04 1.080768587595e+05 1.109977006948e+05 1.000000000000e+05 9.174323548165e+03 5.582002104128e+02 1.800000000000e+06 8.604030077776e+04 1.274851328000e+06 5.099414064000e+06 0.000000000000e+00 0.000000000000e+00 0.000000000000e+00 9.482329468115e-04 3.143192883038e-03 1.687288651873e-02 0.000000000000e+00 0.000000000000e+00 0.000000000000e+00 0.000000000000e+00 0.000000000000e+00 
9.945000000000e+00 2.092385892138e-03 1.640137509085e-02 2.010931290562e-04 1.078906711846e+05 1.108430925982e+05 1.000000000000e+05 9.175428174754e+03 5.584021591745e+02 1.800000000000e+06 8.591293016613e+04 1.274851328000e+06 5.099414064000e+06 0.000000000000e+00 0.000000000000e+00 0.000000000000e+00 9.468292207749e-04 3.141685685646e-03 1.684793148114e-02 0.000000000000e+00 0.000000000000e+00 0.000000000000e+00 0.000000000000e+00 0.000000000000e+00 
9.950000000000e+00 2.091375982870e-03 1.635200239990e-02 2.037896224967e-04 1.076922996721e+05 1.106864781183e+05 1.000000000000e+05 9.176547227914e+03 5.586066202532e+02 1.800000000000e+06 8.577629653970e+04 1.274851328000e+06 5.099414064000e+06 0.000000000000e+00 0.000000000000e+00 0.000000000000e+00 9.453234089047e-04 3.140160891931e-03 1.682116040977e-02 0.000000000000e+00 0.000000000000e+00 0.000000000000e+00 0.000000000000e+00 0.000000000000e+00 
9.955000000000e+00 2.090350423699e-03 1.629999215260e-02 2.071087569548e-04 1.074820573345e+05 1.105272418045e+05 1.000000000000e+05 9.177684989940e+03 5.588143924543e+02 1.800000000000e+06 8.563024249242e+04 1.274851328000e+06 5.099414064000e+06 0.000000000000e+00 0.000000000000e+00 0.000000000000e+00 9.437137764605e-04 3.138613451992e-03 1.679254232647e-02 0.000000000000e+00 0.000000000000e+00 0.000000000000e+00 0.000000000000e+00 0.000000000000e+00 
9.960000000000e+00 2.089305475173e-03 1.624546499529e-02 2.110192807818e-04 1.072597825560e+05 1.103647926356e+05 1.000000000000e+05 9.178845597360e+03 5.590262409309e+02 1.800000000000e+06 8.547465648747e+04 1.274851328000e+06 5.099414064000e+06 0.000000000000e+00 0.000000000000e+00 0.000000000000e+00 9.419990942171e-04 3.137038568458e-03 1.676205521621e-02 0.000000000000e+00 0.000000000000e+00 0.000000000000e+00 0.000000000000e+00 0.000000000000e+00 
9.965000000000e+00 2.088238327798e-03 1.618853730377e-02 2.155083678336e-04 1.070251861842e+05 1.101986812927e+05 1.000000000000e+05 9.180032189298e+03 5.592427443953e+02 1.800000000000e+06 8.530947560637e+04 1.274851328000e+06 5.099414064000e+06 0.000000000000e+00 0.000000000000e+00 0.000000000000e+00 9.401786687627e-04 3.135431773869e-03 1.672968664372e-02 0.000000000000e+00 0.000000000000e+00 0.000000000000e+00 0.000000000000e+00 0.000000000000e+00 
9.970000000000e+00 2.087146384284e-03 1.612932993729e-02 2.205365918561e-04 1.067784012819e+05 1.100284890065e+05 1.000000000000e+05 9.181247647979e+03 5.594644403159e+02 1.800000000000e+06 8.513468018522e+04 1.274851328000e+06 5.099414064000e+06 0.000000000000e+00 0.000000000000e+00 0.000000000000e+00 9.382522833853e-04 3.133788893818e-03 1.669543264666e-02 0.000000000000e+00 0.000000000000e+00 0.000000000000e+00 0.000000000000e+00 0.000000000000e+00 
9.975000000000e+00 2.086027198037e-03 1.606796577860e-02 2.260634869294e-04 1.065195979660e+05 1.098538180385e+05 1.000000000000e+05 9.182494696117e+03 5.596918373532e+02 1.800000000000e+06 8.495029339732e+04 1.274851328000e+06 5.099414064000e+06 0.000000000000e+00 0.000000000000e+00 0.000000000000e+00 9.362201934732e-04 3.132106055091e-03 1.665929767179e-02 0.000000000000e+00 0.000000000000e+00 0.000000000000e+00 0.000000000000e+00 0.000000000000e+00 
9.980000000000e+00 2.084878495427e-03 1.600457383427e-02 2.320466526304e-04 1.062490002489e+05 1.096742951858e+05 1.000000000000e+05 9.183775871073e+03 5.599254108123e+02 1.800000000000e+06 8.475637727765e+04 1.274851328000e+06 5.099414064000e+06 0.000000000000e+00 0.000000000000e+00 0.000000000000e+00 9.340830827015e-04 3.130379713542e-03 1.662129378450e-02 0.000000000000e+00 0.000000000000e+00 0.000000000000e+00 0.000000000000e+00 0.000000000000e+00 
9.985000000000e+00 2.083698195443e-03 1.593928989830e-02 2.384450676311e-04 1.059668404371e+05 1.094895749089e+05 1.000000000000e+05 9.185093506672e+03 5.601655986025e+02 1.800000000000e+06 8.455303513169e+04 1.274851328000e+06 5.099414064000e+06 0.000000000000e+00 0.000000000000e+00 0.000000000000e+00 9.318420895793e-04 3.128606657969e-03 1.658144114492e-02 0.000000000000e+00 0.000000000000e+00 0.000000000000e+00 0.000000000000e+00 0.000000000000e+00 
9.990000000000e+00 2.082484403099e-03 1.587224777854e-02 2.452163520249e-04 1.056733986453e+05 1.092993383719e+05 1.000000000000e+05 9.186449737070e+03 5.604128025247e+02 1.800000000000e+06 8.434040415020e+04 1.274851328000e+06 5.099414064000e+06 0.000000000000e+00 0.000000000000e+00 0.000000000000e+00 9.294987260585e-04 3.126783955543e-03 1.653976657840e-02 0.000000000000e+00 0.000000000000e+00 0.000000000000e+00 0.000000000000e+00 0.000000000000e+00 
9.995000000000e+00 2.081235420774e-03 1.580358247792e-02 2.523178425677e-04 1.053689889869e+05 1.091032953020e+05 1.000000000000e+05 9.187846485088e+03 5.606673858985e+02 1.800000000000e+06 8.411865463723e+04 1.274851328000e+06 5.099414064000e+06 0.000000000000e+00 0.000000000000e+00 0.000000000000e+00 9.270548690259e-04 3.124908990198e-03 1.649630340394e-02 0.000000000000e+00 0.000000000000e+00 0.000000000000e+00 0.000000000000e+00 0.000000000000e+00 
1.000000000000e+01 2.079949753097e-03 1.573342706977e-02 2.597072710848e-04 1.050539505876e+05 1.089011848604e+05 1.000000000000e+05 9.189285457172e+03 5.609296724885e+02 1.800000000000e+06 8.388798753386e+04 1.274851328000e+06 5.099414064000e+06 0.000000000000e+00 0.000000000000e+00 0.000000000000e+00 9.245127330132e-04 3.122979465722e-03 1.645109095674e-02 0.000000000000e+00 0.000000000000e+00 0.000000000000e+00 0.000000000000e+00 0.000000000000e+00 
