9.000000000000e+00 6.924896892224e-03 4.392617954589e-02 1.506075823199e-03 1.041142713521e+05 1.103540893392e+05 1.000000000000e+05 8.064563172178e+03 5.394382685086e+02 1.800000000000e+06 0.000000000000e+00 -8.752000000000e-01 -8.752000000000e-01 0.000000000000e+00 0.000000000000e+00 0.000000000000e+00 -0.000000000000e+00 5.721432287398e-03 0.000000000000e+00 0.000000000000e+00 0.000000000000e+00 0.000000000000e+00 0.000000000000e+00 0.000000000000e+00 
9.005000000000e+00 6.917306373281e-03 4.373114785903e-02 1.509394794513e-03 1.037580437115e+05 1.100219086181e+05 1.000000000000e+05 8.066796599680e+03 5.398871402372e+02 1.800000000000e+06 0.000000000000e+00 -8.752000000000e-01 -8.752000000000e-01 0.000000000000e+00 0.000000000000e+00 0.000000000000e+00 -0.000000000000e+00 5.715160910253e-03 0.000000000000e+00 0.000000000000e+00 0.000000000000e+00 0.000000000000e+00 0.000000000000e+00 0.000000000000e+00 
9.010000000000e+00 6.909700192280e-03 4.353739176259e-02 1.512422314848e-03 1.034013257342e+05 1.096881210703e+05 1.000000000000e+05 8.069037618974e+03 5.403376363593e+02 1.800000000000e+06 0.000000000000e+00 -8.752000000000e-01 -8.752000000000e-01 0.000000000000e+00 0.000000000000e+00 0.000000000000e+00 -0.000000000000e+00 5.708876592928e-03 0.000000000000e+00 0.000000000000e+00 0.000000000000e+00 0.000000000000e+00 0.000000000000e+00 0.000000000000e+00 
9.015000000000e+00 6.902079847681e-03 4.334499427100e-02 1.515145261869e-03 1.030442364809e+05 1.093527836570e+05 1.000000000000e+05 8.071285809403e+03 5.407896741788e+02 1.800000000000e+06 0.000000000000e+00 -8.752000000000e-01 -8.752000000000e-01 0.000000000000e+00 0.000000000000e+00 0.000000000000e+00 -0.000000000000e+00 5.702580573468e-03 0.000000000000e+00 0.000000000000e+00 0.000000000000e+00 0.000000000000e+00 0.000000000000e+00 0.000000000000e+00 
9.020000000000e+00 6.894446908701e-03 4.315403775108e-02 1.517550242479e-03 1.026869004849e+05 1.090159571332e+05 1.000000000000e+05 8.073540726968e+03 5.412431662762e+02 1.800000000000e+06 0.000000000000e+00 -8.752000000000e-01 -8.752000000000e-01 0.000000000000e+00 0.000000000000e+00 0.000000000000e+00 -0.000000000000e+00 5.696274148379e-03 0.000000000000e+00 0.000000000000e+00 0.000000000000e+00 0.000000000000e+00 0.000000000000e+00 0.000000000000e+00 
9.025000000000e+00 6.886803001632e-03 4.296459699897e-02 1.519627201417e-03 1.023294321177e+05 1.086777054942e+05 1.000000000000e+05 8.075801909550e+03 5.416980212845e+02 1.800000000000e+06 0.000000000000e+00 -8.752000000000e-01 -8.752000000000e-01 0.000000000000e+00 0.000000000000e+00 0.000000000000e+00 -0.000000000000e+00 5.689958661324e-03 0.000000000000e+00 0.000000000000e+00 0.000000000000e+00 0.000000000000e+00 0.000000000000e+00 0.000000000000e+00 
9.030000000000e+00 6.879149794971e-03 4.277672359053e-02 1.521368782943e-03 1.019719375089e+05 1.083380953603e+05 1.000000000000e+05 8.078068880946e+03 5.421541447430e+02 1.800000000000e+06 0.000000000000e+00 -8.752000000000e-01 -8.752000000000e-01 0.000000000000e+00 0.000000000000e+00 0.000000000000e+00 -0.000000000000e+00 5.683635490833e-03 0.000000000000e+00 0.000000000000e+00 0.000000000000e+00 0.000000000000e+00 0.000000000000e+00 0.000000000000e+00 
9.035000000000e+00 6.871488985952e-03 4.259047289782e-02 1.522769965034e-03 1.016145154021e+05 1.079971954122e+05 1.000000000000e+05 8.080341154620e+03 5.426114398761e+02 1.800000000000e+06 0.000000000000e+00 -8.752000000000e-01 -8.752000000000e-01 0.000000000000e+00 0.000000000000e+00 0.000000000000e+00 -0.000000000000e+00 5.677306039184e-03 0.000000000000e+00 0.000000000000e+00 0.000000000000e+00 0.000000000000e+00 0.000000000000e+00 0.000000000000e+00 
9.040000000000e+00 6.863822294932e-03 4.240587923123e-02 1.523826893442e-03 1.012572617354e+05 1.076550761674e+05 1.000000000000e+05 8.082618234861e+03 5.430698079101e+02 1.800000000000e+06 0.000000000000e+00 -8.752000000000e-01 -8.752000000000e-01 0.000000000000e+00 0.000000000000e+00 0.000000000000e+00 -0.000000000000e+00 5.670971727755e-03 0.000000000000e+00 0.000000000000e+00 0.000000000000e+00 0.000000000000e+00 0.000000000000e+00 0.000000000000e+00 
9.045000000000e+00 6.856151454726e-03 4.222298012308e-02 1.524537543630e-03 1.009002663447e+05 1.073118095269e+05 1.000000000000e+05 8.084899620132e+03 5.435291486952e+02 1.800000000000e+06 0.000000000000e+00 -8.752000000000e-01 -8.752000000000e-01 0.000000000000e+00 0.000000000000e+00 0.000000000000e+00 -0.000000000000e+00 5.664633988218e-03 0.000000000000e+00 0.000000000000e+00 0.000000000000e+00 0.000000000000e+00 0.000000000000e+00 0.000000000000e+00 
9.050000000000e+00 6.848478205787e-03 4.204180947585e-02 1.524900321474e-03 1.005436185841e+05 1.069674685749e+05 1.000000000000e+05 8.087184803940e+03 5.439893609835e+02 1.800000000000e+06 0.000000000000e+00 -8.752000000000e-01 -8.752000000000e-01 0.000000000000e+00 0.000000000000e+00 0.000000000000e+00 -0.000000000000e+00 5.658294258558e-03 0.000000000000e+00 0.000000000000e+00 0.000000000000e+00 0.000000000000e+00 0.000000000000e+00 0.000000000000e+00 
9.055000000000e+00 6.840804308409e-03 4.186246189974e-02 1.524905659492e-03 1.001874433486e+05 1.066221281430e+05 1.000000000000e+05 8.089473267996e+03 5.444503416866e+02 1.800000000000e+06 0.000000000000e+00 -8.752000000000e-01 -8.752000000000e-01 0.000000000000e+00 0.000000000000e+00 0.000000000000e+00 -0.000000000000e+00 5.651953993149e-03 0.000000000000e+00 0.000000000000e+00 0.000000000000e+00 0.000000000000e+00 0.000000000000e+00 0.000000000000e+00 
9.060000000000e+00 6.833131921384e-03 4.168640582256e-02 1.524371910849e-03 9.983261267162e+04 1.062758819429e+05 1.000000000000e+05 8.091764307156e+03 5.449119630605e+02 1.800000000000e+06 0.000000000000e+00 -8.752000000000e-01 -8.752000000000e-01 0.000000000000e+00 0.000000000000e+00 0.000000000000e+00 -0.000000000000e+00 5.645614975612e-03 0.000000000000e+00 0.000000000000e+00 0.000000000000e+00 0.000000000000e+00 0.000000000000e+00 0.000000000000e+00 
9.065000000000e+00 6.825466303438e-03 4.152298078889e-02 1.522201552139e-03 9.948402758428e+04 1.059289652588e+05 1.000000000000e+05 8.094055939066e+03 5.453739095868e+02 1.800000000000e+06 0.000000000000e+00 -8.752000000000e-01 -8.752000000000e-01 0.000000000000e+00 0.000000000000e+00 0.000000000000e+00 -0.000000000000e+00 5.639281550768e-03 0.000000000000e+00 0.000000000000e+00 0.000000000000e+00 0.000000000000e+00 0.000000000000e+00 0.000000000000e+00 
9.070000000000e+00 6.817824648030e-03 4.140348634459e-02 1.514850530025e-03 9.915755844292e+04 1.055821584572e+05 1.000000000000e+05 8.096341669276e+03 5.458351428110e+02 1.800000000000e+06 0.000000000000e+00 -8.752000000000e-01 -8.752000000000e-01 0.000000000000e+00 0.000000000000e+00 0.000000000000e+00 -0.000000000000e+00 5.632967924058e-03 0.000000000000e+00 0.000000000000e+00 0.000000000000e+00 0.000000000000e+00 0.000000000000e+00 0.000000000000e+00 
9.075000000000e+00 6.810252922255e-03 4.139472159407e-02 1.494923731105e-03 9.888689672064e+04 1.052375620420e+05 1.000000000000e+05 8.098604874898e+03 5.462928768695e+02 1.800000000000e+06 0.000000000000e+00 -8.752000000000e-01 -8.752000000000e-01 0.000000000000e+00 0.000000000000e+00 0.000000000000e+00 -0.000000000000e+00 5.626712074044e-03 0.000000000000e+00 0.000000000000e+00 0.000000000000e+00 0.000000000000e+00 0.000000000000e+00 0.000000000000e+00 
9.080000000000e+00 6.802844283348e-03 4.159343100544e-02 1.451906807145e-03 9.872145502932e+04 1.048994563683e+05 1.000000000000e+05 8.100813478266e+03 5.467414490373e+02 1.800000000000e+06 0.000000000000e+00 -8.752000000000e-01 -8.752000000000e-01 0.000000000000e+00 0.000000000000e+00 0.000000000000e+00 -0.000000000000e+00 5.620590968343e-03 0.000000000000e+00 0.000000000000e+00 0.000000000000e+00 0.000000000000e+00 0.000000000000e+00 0.000000000000e+00 
9.085000000000e+00 6.795751197179e-03 4.211335497534e-02 1.372748083869e-03 9.872456410342e+04 1.045748850579e+05 1.000000000000e+05 8.102916422866e+03 5.471715633246e+02 1.800000000000e+06 0.000000000000e+00 -8.752000000000e-01 -8.752000000000e-01 0.000000000000e+00 0.000000000000e+00 0.000000000000e+00 -0.000000000000e+00 5.614730576072e-03 0.000000000000e+00 0.000000000000e+00 0.000000000000e+00 0.000000000000e+00 0.000000000000e+00 0.000000000000e+00 
9.090000000000e+00 6.789187998055e-03 4.304559274913e-02 1.246982395651e-03 9.895175724964e+04 1.042738032253e+05 1.000000000000e+05 8.104844747377e+03 5.475701121008e+02 1.800000000000e+06 0.000000000000e+00 -8.752000000000e-01 -8.752000000000e-01 0.000000000000e+00 0.000000000000e+00 0.000000000000e+00 -0.000000000000e+00 5.609307982789e-03 0.000000000000e+00 0.000000000000e+00 0.000000000000e+00 0.000000000000e+00 0.000000000000e+00 0.000000000000e+00 
9.095000000000e+00 6.783418354498e-03 4.446584904430e-02 1.065798397876e-03 9.945395363795e+04 1.040085218596e+05 1.000000000000e+05 8.106514958894e+03 5.479209228659e+02 1.800000000000e+06 0.000000000000e+00 -8.752000000000e-01 -8.752000000000e-01 0.000000000000e+00 0.000000000000e+00 0.000000000000e+00 -0.000000000000e+00 5.604541034566e-03 0.000000000000e+00 0.000000000000e+00 0.000000000000e+00 0.000000000000e+00 0.000000000000e+00 0.000000000000e+00 
9.100000000000e+00 6.778735942174e-03 4.639816445441e-02 8.229009632879e-04 1.002725960995e+05 1.037928140028e+05 1.000000000000e+05 8.107835223143e+03 5.482059373583e+02 1.800000000000e+06 0.000000000000e+00 -8.752000000000e-01 -8.752000000000e-01 0.000000000000e+00 0.000000000000e+00 0.000000000000e+00 -0.000000000000e+00 5.600672369736e-03 0.000000000000e+00 0.000000000000e+00 0.000000000000e+00 0.000000000000e+00 0.000000000000e+00 0.000000000000e+00 
9.105000000000e+00 6.775462293827e-03 4.886719469976e-02 5.147797774174e-04 1.014380539844e+05 1.036417826988e+05 1.000000000000e+05 8.108706247137e+03 5.484053670883e+02 1.800000000000e+06 0.000000000000e+00 -8.752000000000e-01 -8.752000000000e-01 0.000000000000e+00 0.000000000000e+00 0.000000000000e+00 -0.000000000000e+00 5.597967642483e-03 0.000000000000e+00 0.000000000000e+00 0.000000000000e+00 0.000000000000e+00 0.000000000000e+00 0.000000000000e+00 
9.110000000000e+00 6.773926124231e-03 5.185308816706e-02 1.418316234198e-04 1.029634719965e+05 1.035708477373e+05 1.000000000000e+05 8.109028166577e+03 5.484989971141e+02 1.800000000000e+06 0.000000000000e+00 -8.752000000000e-01 -8.752000000000e-01 0.000000000000e+00 0.000000000000e+00 0.000000000000e+00 -0.000000000000e+00 5.596698440867e-03 0.000000000000e+00 0.000000000000e+00 0.000000000000e+00 0.000000000000e+00 0.000000000000e+00 0.000000000000e+00 
9.115000000000e+00 6.774390443058e-03 5.524434587079e-02 -2.788261154887e-04 1.047862069433e+05 1.035922926138e+05 1.000000000000e+05 8.108727740254e+03 5.484706935657e+02 1.800000000000e+06 0.000000000000e+00 -8.752000000000e-01 -8.752000000000e-01 0.000000000000e+00 0.000000000000e+00 0.000000000000e+00 -0.000000000000e+00 5.597082066612e-03 0.000000000000e+00 0.000000000000e+00 0.000000000000e+00 0.000000000000e+00 0.000000000000e+00 0.000000000000e+00 
9.120000000000e+00 6.777052713239e-03 5.895372276404e-02 -7.552483713590e-04 1.069471966643e+05 1.037151802798e+05 1.000000000000e+05 8.107742643783e+03 5.483084621627e+02 1.800000000000e+06 0.000000000000e+00 -8.752000000000e-01 -8.752000000000e-01 0.000000000000e+00 0.000000000000e+00 0.000000000000e+00 -0.000000000000e+00 5.599281665943e-03 0.000000000000e+00 0.000000000000e+00 0.000000000000e+00 0.000000000000e+00 0.000000000000e+00 0.000000000000e+00 
9.125000000000e+00 6.782200735029e-03 6.290846365807e-02 -1.266860370003e-03 1.093677065411e+05 1.039524648684e+05 1.000000000000e+05 8.105995167185e+03 5.479950115495e+02 1.800000000000e+06 0.000000000000e+00 -8.752000000000e-01 -8.752000000000e-01 0.000000000000e+00 0.000000000000e+00 0.000000000000e+00 -0.000000000000e+00 5.603535022859e-03 0.000000000000e+00 0.000000000000e+00 0.000000000000e+00 0.000000000000e+00 0.000000000000e+00 0.000000000000e+00 
9.130000000000e+00 6.789970551955e-03 6.696833829100e-02 -1.800457759870e-03 1.119926578095e+05 1.043097406113e+05 1.000000000000e+05 8.103451820938e+03 5.475225630780e+02 1.800000000000e+06 0.000000000000e+00 -8.752000000000e-01 -8.752000000000e-01 0.000000000000e+00 0.000000000000e+00 0.000000000000e+00 -0.000000000000e+00 5.609954538141e-03 0.000000000000e+00 0.000000000000e+00 0.000000000000e+00 0.000000000000e+00 0.000000000000e+00 0.000000000000e+00 
9.135000000000e+00 6.800431963215e-03 7.101978440644e-02 -2.342992521032e-03 1.147641276375e+05 1.047891666867e+05 1.000000000000e+05 8.100100308515e+03 5.468876573600e+02 1.800000000000e+06 0.000000000000e+00 -8.752000000000e-01 -8.752000000000e-01 0.000000000000e+00 0.000000000000e+00 0.000000000000e+00 -0.000000000000e+00 5.618597880719e-03 0.000000000000e+00 0.000000000000e+00 0.000000000000e+00 0.000000000000e+00 0.000000000000e+00 0.000000000000e+00 
9.140000000000e+00 6.813596601479e-03 7.496574773747e-02 -2.882785682984e-03 1.176273566737e+05 1.053898545005e+05 1.000000000000e+05 8.095946554007e+03 5.460906525060e+02 1.800000000000e+06 0.000000000000e+00 -8.752000000000e-01 -8.752000000000e-01 0.000000000000e+00 0.000000000000e+00 0.000000000000e+00 -0.000000000000e+00 5.629474661642e-03 0.000000000000e+00 0.000000000000e+00 0.000000000000e+00 0.000000000000e+00 0.000000000000e+00 0.000000000000e+00 
9.145000000000e+00 6.829419102588e-03 7.873413634770e-02 -3.408911787141e-03 1.205286369400e+05 1.061079759454e+05 1.000000000000e+05 8.091014383514e+03 5.451356139082e+02 1.800000000000e+06 0.000000000000e+00 -8.752000000000e-01 -8.752000000000e-01 0.000000000000e+00 0.000000000000e+00 0.000000000000e+00 -0.000000000000e+00 5.642547400503e-03 0.000000000000e+00 0.000000000000e+00 0.000000000000e+00 0.000000000000e+00 0.000000000000e+00 0.000000000000e+00 
9.150000000000e+00 6.847804234945e-03 8.227119753718e-02 -3.912864029212e-03 1.234230829129e+05 1.069371774891e+05 1.000000000000e+05 8.085342451907e+03 5.440298180096e+02 1.800000000000e+06 0.000000000000e+00 -8.752000000000e-01 -8.752000000000e-01 0.000000000000e+00 0.000000000000e+00 0.000000000000e+00 -0.000000000000e+00 5.657737415821e-03 0.000000000000e+00 0.000000000000e+00 0.000000000000e+00 0.000000000000e+00 0.000000000000e+00 0.000000000000e+00 
9.155000000000e+00 6.868619516997e-03 8.553934248108e-02 -4.387791056011e-03 1.262721829435e+05 1.078692602798e+05 1.000000000000e+05 8.078980401144e+03 5.427829119983e+02 1.800000000000e+06 0.000000000000e+00 -8.752000000000e-01 -8.752000000000e-01 0.000000000000e+00 0.000000000000e+00 0.000000000000e+00 -0.000000000000e+00 5.674935249758e-03 0.000000000000e+00 0.000000000000e+00 0.000000000000e+00 0.000000000000e+00 0.000000000000e+00 0.000000000000e+00 
9.160000000000e+00 6.891705259428e-03 8.852053889885e-02 -4.829089473911e-03 1.290468422443e+05 1.088947445120e+05 1.000000000000e+05 8.071985281749e+03 5.414062276977e+02 1.800000000000e+06 0.000000000000e+00 -8.752000000000e-01 -8.752000000000e-01 0.000000000000e+00 0.000000000000e+00 0.000000000000e+00 -0.000000000000e+00 5.694008965098e-03 0.000000000000e+00 0.000000000000e+00 0.000000000000e+00 0.000000000000e+00 0.000000000000e+00 0.000000000000e+00 
9.165000000000e+00 6.916883921718e-03 9.121052048660e-02 -5.233823762969e-03 1.317253243679e+05 1.100033940929e+05 1.000000000000e+05 8.064418654188e+03 5.399121426956e+02 1.800000000000e+06 0.000000000000e+00 -8.752000000000e-01 -8.752000000000e-01 0.000000000000e+00 0.000000000000e+00 0.000000000000e+00 -0.000000000000e+00 5.714811875741e-03 0.000000000000e+00 0.000000000000e+00 0.000000000000e+00 0.000000000000e+00 0.000000000000e+00 0.000000000000e+00 
9.170000000000e+00 6.943968069246e-03 9.361621862008e-02 -5.600588139538e-03 1.342929152044e+05 1.111846621122e+05 1.000000000000e+05 8.056343995610e+03 5.383135370434e+02 1.800000000000e+06 0.000000000000e+00 -8.752000000000e-01 -8.752000000000e-01 0.000000000000e+00 0.000000000000e+00 0.000000000000e+00 -0.000000000000e+00 5.737189120959e-03 0.000000000000e+00 0.000000000000e+00 0.000000000000e+00 0.000000000000e+00 0.000000000000e+00 0.000000000000e+00 
9.175000000000e+00 6.972767127821e-03 9.575283839687e-02 -5.929238675520e-03 1.367409326941e+05 1.124280618561e+05 1.000000000000e+05 8.047824579885e+03 5.366233368068e+02 1.800000000000e+06 0.000000000000e+00 -8.752000000000e-01 -8.752000000000e-01 0.000000000000e+00 0.000000000000e+00 0.000000000000e+00 -0.000000000000e+00 5.760983246055e-03 0.000000000000e+00 0.000000000000e+00 0.000000000000e+00 0.000000000000e+00 0.000000000000e+00 0.000000000000e+00 
9.180000000000e+00 7.003093225256e-03 9.764010674405e-02 -6.220587047053e-03 1.390655136412e+05 1.137234742305e+05 1.000000000000e+05 8.038921715429e+03 5.348541288079e+02 1.800000000000e+06 0.000000000000e+00 -8.752000000000e-01 -8.752000000000e-01 0.000000000000e+00 0.000000000000e+00 0.000000000000e+00 -0.000000000000e+00 5.786039028736e-03 0.000000000000e+00 0.000000000000e+00 0.000000000000e+00 0.000000000000e+00 0.000000000000e+00 0.000000000000e+00 
9.185000000000e+00 7.034763947854e-03 9.929890054505e-02 -6.475874194993e-03 1.412653951128e+05 1.150613003541e+05 1.000000000000e+05 8.029694030207e+03 5.330179722632e+02 1.800000000000e+06 0.000000000000e+00 -8.752000000000e-01 -8.752000000000e-01 0.000000000000e+00 0.000000000000e+00 0.000000000000e+00 -0.000000000000e+00 5.812205756530e-03 0.000000000000e+00 0.000000000000e+00 0.000000000000e+00 0.000000000000e+00 0.000000000000e+00 0.000000000000e+00 
9.190000000000e+00 7.067604684197e-03 1.007517086956e-01 -6.696983685906e-03 1.433427171268e+05 1.164325795573e+05 1.000000000000e+05 8.020196657715e+03 5.311262469553e+02 1.800000000000e+06 0.000000000000e+00 -8.752000000000e-01 -8.752000000000e-01 0.000000000000e+00 0.000000000000e+00 0.000000000000e+00 -0.000000000000e+00 5.839339163221e-03 0.000000000000e+00 0.000000000000e+00 0.000000000000e+00 0.000000000000e+00 0.000000000000e+00 0.000000000000e+00 
9.195000000000e+00 7.101450943590e-03 1.020198964525e-01 -6.885980296290e-03 1.453010849518e+05 1.178290904725e+05 1.000000000000e+05 8.010480726856e+03 5.291895146578e+02 1.800000000000e+06 0.000000000000e+00 -8.752000000000e-01 -8.752000000000e-01 0.000000000000e+00 0.000000000000e+00 0.000000000000e+00 -0.000000000000e+00 5.867303344335e-03 0.000000000000e+00 0.000000000000e+00 0.000000000000e+00 0.000000000000e+00 0.000000000000e+00 0.000000000000e+00 
9.200000000000e+00 7.136148442635e-03 1.031211944027e-01 -7.044808909055e-03 1.471442624476e+05 1.192433468061e+05 1.000000000000e+05 8.000593468182e+03 5.272175182340e+02 1.800000000000e+06 0.000000000000e+00 -8.752000000000e-01 -8.752000000000e-01 0.000000000000e+00 0.000000000000e+00 0.000000000000e+00 -0.000000000000e+00 5.895970828604e-03 0.000000000000e+00 0.000000000000e+00 0.000000000000e+00 0.000000000000e+00 0.000000000000e+00 0.000000000000e+00 
9.205000000000e+00 7.171551802225e-03 1.040688619421e-01 -7.175162410843e-03 1.488755422313e+05 1.206685305767e+05 1.000000000000e+05 7.990578668615e+03 5.252192641722e+02 1.800000000000e+06 0.000000000000e+00 -8.752000000000e-01 -8.752000000000e-01 0.000000000000e+00 0.000000000000e+00 0.000000000000e+00 -0.000000000000e+00 5.925221501333e-03 0.000000000000e+00 0.000000000000e+00 0.000000000000e+00 0.000000000000e+00 0.000000000000e+00 0.000000000000e+00 
9.210000000000e+00 7.207522741872e-03 1.048711089524e-01 -7.278272597857e-03 1.504968345616e+05 1.220984041448e+05 1.000000000000e+05 7.980477295281e+03 5.232031342291e+02 1.800000000000e+06 0.000000000000e+00 -8.752000000000e-01 -8.752000000000e-01 0.000000000000e+00 0.000000000000e+00 0.000000000000e+00 -0.000000000000e+00 5.954941112444e-03 0.000000000000e+00 0.000000000000e+00 0.000000000000e+00 0.000000000000e+00 0.000000000000e+00 0.000000000000e+00 
9.215000000000e+00 7.243928339278e-03 1.055326992562e-01 -7.355088652722e-03 1.520093089961e+05 1.235272261392e+05 1.000000000000e+05 7.970327957299e+03 5.211769924327e+02 1.800000000000e+06 0.000000000000e+00 -8.752000000000e-01 -8.752000000000e-01 0.000000000000e+00 0.000000000000e+00 0.000000000000e+00 -0.000000000000e+00 5.985019838396e-03 0.000000000000e+00 0.000000000000e+00 0.000000000000e+00 0.000000000000e+00 0.000000000000e+00 0.000000000000e+00 
9.220000000000e+00 7.280639446325e-03 1.060552883644e-01 -7.406241816825e-03 1.534131984603e+05 1.249496754343e+05 1.000000000000e+05 7.960167393872e+03 5.191482819435e+02 1.800000000000e+06 0.000000000000e+00 -8.752000000000e-01 -8.752000000000e-01 0.000000000000e+00 0.000000000000e+00 0.000000000000e+00 -0.000000000000e+00 6.015350973355e-03 0.000000000000e+00 0.000000000000e+00 0.000000000000e+00 0.000000000000e+00 0.000000000000e+00 0.000000000000e+00 
9.225000000000e+00 7.317528942712e-03 1.064381125159e-01 -7.432029223782e-03 1.547076851892e+05 1.263607711159e+05 1.000000000000e+05 7.950030992137e+03 5.171241291756e+02 1.800000000000e+06 0.000000000000e+00 -8.752000000000e-01 -8.752000000000e-01 0.000000000000e+00 0.000000000000e+00 0.000000000000e+00 -0.000000000000e+00 6.045829563771e-03 0.000000000000e+00 0.000000000000e+00 0.000000000000e+00 0.000000000000e+00 0.000000000000e+00 0.000000000000e+00 
9.230000000000e+00 7.354470396037e-03 1.066780623774e-01 -7.432454114297e-03 1.558910220866e+05 1.277558107093e+05 1.000000000000e+05 7.939953164484e+03 5.151114235656e+02 1.800000000000e+06 0.000000000000e+00 -8.752000000000e-01 -8.752000000000e-01 0.000000000000e+00 0.000000000000e+00 0.000000000000e+00 -0.000000000000e+00 6.076351032479e-03 0.000000000000e+00 0.000000000000e+00 0.000000000000e+00 0.000000000000e+00 0.000000000000e+00 0.000000000000e+00 
9.235000000000e+00 7.391337066631e-03 1.067727318512e-01 -7.407534897718e-03 1.569616714710e+05 1.291303231799e+05 1.000000000000e+05 7.929967534687e+03 5.131168772660e+02 1.800000000000e+06 0.000000000000e+00 -8.752000000000e-01 -8.752000000000e-01 0.000000000000e+00 0.000000000000e+00 0.000000000000e+00 -0.000000000000e+00 6.106810714803e-03 0.000000000000e+00 0.000000000000e+00 0.000000000000e+00 0.000000000000e+00 0.000000000000e+00 0.000000000000e+00 
9.240000000000e+00 7.428003214229e-03 1.067224378886e-01 -7.357462536352e-03 1.579188991879e+05 1.304801072382e+05 1.000000000000e+05 7.920106557928e+03 5.111469608343e+02 1.800000000000e+06 0.000000000000e+00 -8.752000000000e-01 -8.752000000000e-01 0.000000000000e+00 0.000000000000e+00 0.000000000000e+00 -0.000000000000e+00 6.137104722640e-03 0.000000000000e+00 0.000000000000e+00 0.000000000000e+00 0.000000000000e+00 0.000000000000e+00 0.000000000000e+00 
9.245000000000e+00 7.464342125232e-03 1.065218171195e-01 -7.281792858536e-03 1.587596673175e+05 1.318011460156e+05 1.000000000000e+05 7.910402363076e+03 5.092080175739e+02 1.800000000000e+06 0.000000000000e+00 -8.752000000000e-01 -8.752000000000e-01 0.000000000000e+00 0.000000000000e+00 0.000000000000e+00 -0.000000000000e+00 6.167128363705e-03 0.000000000000e+00 0.000000000000e+00 0.000000000000e+00 0.000000000000e+00 0.000000000000e+00 0.000000000000e+00 
9.250000000000e+00 7.500225761155e-03 1.061699863892e-01 -7.180633038000e-03 1.594830408441e+05 1.330895836602e+05 1.000000000000e+05 7.900886472135e+03 5.073062891539e+02 1.800000000000e+06 0.000000000000e+00 -8.752000000000e-01 -8.752000000000e-01 0.000000000000e+00 0.000000000000e+00 0.000000000000e+00 -0.000000000000e+00 6.196775851076e-03 0.000000000000e+00 0.000000000000e+00 0.000000000000e+00 0.000000000000e+00 0.000000000000e+00 0.000000000000e+00 
9.255000000000e+00 7.535526945910e-03 1.056664344062e-01 -7.053849510527e-03 1.600872596161e+05 1.343417910039e+05 1.000000000000e+05 7.891589526909e+03 5.054478085380e+02 1.800000000000e+06 0.000000000000e+00 -8.752000000000e-01 -8.752000000000e-01 0.000000000000e+00 0.000000000000e+00 0.000000000000e+00 -0.000000000000e+00 6.225942110355e-03 0.000000000000e+00 0.000000000000e+00 0.000000000000e+00 0.000000000000e+00 0.000000000000e+00 0.000000000000e+00 
9.260000000000e+00 7.570116269918e-03 1.050065409871e-01 -6.901215524677e-03 1.605701798982e+05 1.355542404165e+05 1.000000000000e+05 7.882542105820e+03 5.036385740159e+02 1.800000000000e+06 0.000000000000e+00 -8.752000000000e-01 -8.752000000000e-01 0.000000000000e+00 0.000000000000e+00 0.000000000000e+00 -0.000000000000e+00 6.254520221808e-03 0.000000000000e+00 0.000000000000e+00 0.000000000000e+00 0.000000000000e+00 0.000000000000e+00 0.000000000000e+00 
9.265000000000e+00 7.603869292183e-03 1.041965341110e-01 -6.723647243638e-03 1.609339215023e+05 1.367237421036e+05 1.000000000000e+05 7.873772474520e+03 5.018841844477e+02 1.800000000000e+06 0.000000000000e+00 -8.752000000000e-01 -8.752000000000e-01 0.000000000000e+00 0.000000000000e+00 0.000000000000e+00 -0.000000000000e+00 6.282407370799e-03 0.000000000000e+00 0.000000000000e+00 0.000000000000e+00 0.000000000000e+00 0.000000000000e+00 0.000000000000e+00 
9.270000000000e+00 7.636664435179e-03 1.032463858527e-01 -6.522013409226e-03 1.611803776421e+05 1.378473455768e+05 1.000000000000e+05 7.865307626664e+03 5.001899685881e+02 1.800000000000e+06 0.000000000000e+00 -8.752000000000e-01 -8.752000000000e-01 0.000000000000e+00 0.000000000000e+00 0.000000000000e+00 -0.000000000000e+00 6.309503108530e-03 0.000000000000e+00 0.000000000000e+00 0.000000000000e+00 0.000000000000e+00 0.000000000000e+00 0.000000000000e+00 
9.275000000000e+00 7.668381937524e-03 1.021656097362e-01 -6.297450881074e-03 1.613122893606e+05 1.389222819527e+05 1.000000000000e+05 7.857173529700e+03 4.985610563333e+02 1.800000000000e+06 0.000000000000e+00 -8.752000000000e-01 -8.752000000000e-01 0.000000000000e+00 0.000000000000e+00 0.000000000000e+00 -0.000000000000e+00 6.335708486721e-03 0.000000000000e+00 0.000000000000e+00 0.000000000000e+00 0.000000000000e+00 0.000000000000e+00 0.000000000000e+00 
9.280000000000e+00 7.698913926513e-03 1.009672116958e-01 -6.052133332424e-03 1.613362086574e+05 1.399462796732e+05 1.000000000000e+05 7.849392363427e+03 4.970018820096e+02 1.800000000000e+06 0.000000000000e+00 -8.752000000000e-01 -8.752000000000e-01 0.000000000000e+00 0.000000000000e+00 0.000000000000e+00 -0.000000000000e+00 6.360934379657e-03 0.000000000000e+00 0.000000000000e+00 0.000000000000e+00 0.000000000000e+00 0.000000000000e+00 0.000000000000e+00 
9.285000000000e+00 7.728163920792e-03 9.966728280489e-02 -5.788384034706e-03 1.612592421167e+05 1.409175113941e+05 1.000000000000e+05 7.841983076570e+03 4.955162395503e+02 1.800000000000e+06 0.000000000000e+00 -8.752000000000e-01 -8.752000000000e-01 0.000000000000e+00 0.000000000000e+00 0.000000000000e+00 -0.000000000000e+00 6.385101073295e-03 0.000000000000e+00 0.000000000000e+00 0.000000000000e+00 0.000000000000e+00 0.000000000000e+00 0.000000000000e+00 
9.290000000000e+00 7.756049012994e-03 9.828450123931e-02 -5.508715714761e-03 1.610892367010e+05 1.418346325247e+05 1.000000000000e+05 7.834960941317e+03 4.941071997176e+02 1.800000000000e+06 0.000000000000e+00 -8.752000000000e-01 -8.752000000000e-01 0.000000000000e+00 0.000000000000e+00 0.000000000000e+00 -0.000000000000e+00 6.408140068581e-03 0.000000000000e+00 0.000000000000e+00 0.000000000000e+00 0.000000000000e+00 0.000000000000e+00 0.000000000000e+00 
9.295000000000e+00 7.782488842519e-03 9.681116017434e-02 -5.213233759977e-03 1.608254171780e+05 1.426963903870e+05 1.000000000000e+05 7.828341304481e+03 4.927776909104e+02 1.800000000000e+06 0.000000000000e+00 -8.752000000000e-01 -8.752000000000e-01 0.000000000000e+00 0.000000000000e+00 0.000000000000e+00 -0.000000000000e+00 6.429984970631e-03 0.000000000000e+00 0.000000000000e+00 0.000000000000e+00 0.000000000000e+00 0.000000000000e+00 0.000000000000e+00 
9.300000000000e+00 7.807428029784e-03 9.530983314069e-02 -4.909936524154e-03 1.604948969139e+05 1.435023317072e+05 1.000000000000e+05 7.822130678097e+03 4.915293912204e+02 1.800000000000e+06 0.000000000000e+00 -8.752000000000e-01 -8.752000000000e-01 0.000000000000e+00 0.000000000000e+00 0.000000000000e+00 -0.000000000000e+00 6.450590024171e-03 0.000000000000e+00 0.000000000000e+00 0.000000000000e+00 0.000000000000e+00 0.000000000000e+00 0.000000000000e+00 
9.305000000000e+00 7.830829413893e-03 9.379221126810e-02 -4.600365045371e-03 1.601024148412e+05 1.442525449469e+05 1.000000000000e+05 7.816333208886e+03 4.903631001026e+02 1.800000000000e+06 0.000000000000e+00 -8.752000000000e-01 -8.752000000000e-01 0.000000000000e+00 0.000000000000e+00 0.000000000000e+00 -0.000000000000e+00 6.469924526429e-03 0.000000000000e+00 0.000000000000e+00 0.000000000000e+00 0.000000000000e+00 0.000000000000e+00 0.000000000000e+00 
9.310000000000e+00 7.852673012354e-03 9.227360611737e-02 -4.288062295014e-03 1.596598765347e+05 1.449476004098e+05 1.000000000000e+05 7.810948322292e+03 4.892788131226e+02 1.800000000000e+06 0.000000000000e+00 -8.752000000000e-01 -8.752000000000e-01 0.000000000000e+00 0.000000000000e+00 0.000000000000e+00 -0.000000000000e+00 6.487971967632e-03 0.000000000000e+00 0.000000000000e+00 0.000000000000e+00 0.000000000000e+00 0.000000000000e+00 0.000000000000e+00 
9.315000000000e+00 7.872950428406e-03 9.075630265589e-02 -3.974132777547e-03 1.591708981925e+05 1.455883532907e+05 1.000000000000e+05 7.805973613770e+03 4.882760162640e+02 1.800000000000e+06 0.000000000000e+00 -8.752000000000e-01 -8.752000000000e-01 0.000000000000e+00 0.000000000000e+00 0.000000000000e+00 -0.000000000000e+00 6.504725410274e-03 0.000000000000e+00 0.000000000000e+00 0.000000000000e+00 0.000000000000e+00 0.000000000000e+00 0.000000000000e+00 
9.320000000000e+00 7.891657897780e-03 8.924311908519e-02 -3.660244483908e-03 1.586410161781e+05 1.461757151440e+05 1.000000000000e+05 7.801405667220e+03 4.873540379884e+02 1.800000000000e+06 0.000000000000e+00 -8.752000000000e-01 -8.752000000000e-01 0.000000000000e+00 0.000000000000e+00 0.000000000000e+00 -0.000000000000e+00 6.520181744273e-03 0.000000000000e+00 0.000000000000e+00 0.000000000000e+00 0.000000000000e+00 0.000000000000e+00 0.000000000000e+00 
9.325000000000e+00 7.908802043486e-03 8.774467138879e-02 -3.348477252652e-03 1.580773203347e+05 1.467108310511e+05 1.000000000000e+05 7.797238686269e+03 4.865117693361e+02 1.800000000000e+06 0.000000000000e+00 -8.752000000000e-01 -8.752000000000e-01 0.000000000000e+00 0.000000000000e+00 0.000000000000e+00 -0.000000000000e+00 6.534346441637e-03 0.000000000000e+00 0.000000000000e+00 0.000000000000e+00 0.000000000000e+00 0.000000000000e+00 0.000000000000e+00 
9.330000000000e+00 7.924398830597e-03 8.626797601893e-02 -3.040548000008e-03 1.574858011180e+05 1.471950416366e+05 1.000000000000e+05 7.793465021525e+03 4.857477204989e+02 1.800000000000e+06 0.000000000000e+00 -8.752000000000e-01 -8.752000000000e-01 0.000000000000e+00 0.000000000000e+00 0.000000000000e+00 -0.000000000000e+00 6.547232692901e-03 0.000000000000e+00 0.000000000000e+00 0.000000000000e+00 0.000000000000e+00 0.000000000000e+00 0.000000000000e+00 
9.335000000000e+00 7.938472410471e-03 8.481650672591e-02 -2.738059904714e-03 1.568721986170e+05 1.476298448511e+05 1.000000000000e+05 7.790075389109e+03 4.850600800600e+02 1.800000000000e+06 0.000000000000e+00 -8.752000000000e-01 -8.752000000000e-01 0.000000000000e+00 0.000000000000e+00 0.000000000000e+00 -0.000000000000e+00 6.558860452205e-03 0.000000000000e+00 0.000000000000e+00 0.000000000000e+00 0.000000000000e+00 0.000000000000e+00 0.000000000000e+00 
9.340000000000e+00 7.951055477854e-03 8.339495231835e-02 -2.441906902798e-03 1.562400335979e+05 1.480169069551e+05 1.000000000000e+05 7.787058969663e+03 4.844466981688e+02 1.800000000000e+06 0.000000000000e+00 -8.752000000000e-01 -8.752000000000e-01 0.000000000000e+00 0.000000000000e+00 0.000000000000e+00 -0.000000000000e+00 6.569256732336e-03 0.000000000000e+00 0.000000000000e+00 0.000000000000e+00 0.000000000000e+00 0.000000000000e+00 0.000000000000e+00 
9.345000000000e+00 7.962184536939e-03 8.201740575628e-02 -2.153729295530e-03 1.555954062382e+05 1.483579190323e+05 1.000000000000e+05 7.784404116280e+03 4.839053160089e+02 1.800000000000e+06 0.000000000000e+00 -8.752000000000e-01 -8.752000000000e-01 0.000000000000e+00 0.000000000000e+00 0.000000000000e+00 -0.000000000000e+00 6.578451693495e-03 0.000000000000e+00 0.000000000000e+00 0.000000000000e+00 0.000000000000e+00 0.000000000000e+00 0.000000000000e+00 
9.350000000000e+00 7.971901921479e-03 8.068655252918e-02 -1.874752397765e-03 1.549431489060e+05 1.486546636185e+05 1.000000000000e+05 7.782098202721e+03 4.834334639538e+02 1.800000000000e+06 0.000000000000e+00 -8.752000000000e-01 -8.752000000000e-01 0.000000000000e+00 0.000000000000e+00 0.000000000000e+00 -0.000000000000e+00 6.586480312332e-03 0.000000000000e+00 0.000000000000e+00 0.000000000000e+00 0.000000000000e+00 0.000000000000e+00 0.000000000000e+00 
9.355000000000e+00 7.980256258236e-03 7.940246549662e-02 -1.605662364852e-03 1.542864541316e+05 1.489090333188e+05 1.000000000000e+05 7.780127530642e+03 4.830284356365e+02 1.800000000000e+06 0.000000000000e+00 -8.752000000000e-01 -8.752000000000e-01 0.000000000000e+00 0.000000000000e+00 0.000000000000e+00 -0.000000000000e+00 6.593382764856e-03 0.000000000000e+00 0.000000000000e+00 0.000000000000e+00 0.000000000000e+00 0.000000000000e+00 0.000000000000e+00 
9.360000000000e+00 7.987299769170e-03 7.816862134370e-02 -1.347307072884e-03 1.536291664983e+05 1.491229540254e+05 1.000000000000e+05 7.778477754832e+03 4.826874144860e+02 1.800000000000e+06 0.000000000000e+00 -8.752000000000e-01 -8.752000000000e-01 0.000000000000e+00 0.000000000000e+00 0.000000000000e+00 -0.000000000000e+00 6.599202197475e-03 0.000000000000e+00 0.000000000000e+00 0.000000000000e+00 0.000000000000e+00 0.000000000000e+00 0.000000000000e+00 
9.365000000000e+00 7.993088557063e-03 7.698838649711e-02 -1.100393930223e-03 1.529747877786e+05 1.492984001072e+05 1.000000000000e+05 7.777133882671e+03 4.824074545959e+02 1.800000000000e+06 0.000000000000e+00 -8.752000000000e-01 -8.752000000000e-01 0.000000000000e+00 0.000000000000e+00 0.000000000000e+00 -0.000000000000e+00 6.603984962973e-03 0.000000000000e+00 0.000000000000e+00 0.000000000000e+00 0.000000000000e+00 0.000000000000e+00 0.000000000000e+00 
9.370000000000e+00 7.997681752606e-03 7.586437245245e-02 -8.654954831489e-04 1.523264825888e+05 1.494373752343e+05 1.000000000000e+05 7.776080456242e+03 4.821855164758e+02 1.800000000000e+06 0.000000000000e+00 -8.752000000000e-01 -8.752000000000e-01 0.000000000000e+00 0.000000000000e+00 0.000000000000e+00 -0.000000000000e+00 6.607779915833e-03 0.000000000000e+00 0.000000000000e+00 0.000000000000e+00 0.000000000000e+00 0.000000000000e+00 0.000000000000e+00 
9.375000000000e+00 8.001141010303e-03 7.480090086041e-02 -6.430979462362e-04 1.516872349629e+05 1.495419040639e+05 1.000000000000e+05 7.775301634364e+03 4.820184856393e+02 1.800000000000e+06 0.000000000000e+00 -8.752000000000e-01 -8.752000000000e-01 0.000000000000e+00 0.000000000000e+00 0.000000000000e+00 -0.000000000000e+00 6.610637995740e-03 0.000000000000e+00 0.000000000000e+00 0.000000000000e+00 0.000000000000e+00 0.000000000000e+00 0.000000000000e+00 
9.380000000000e+00 8.003560557602e-03 7.381215949588e-02 -4.390422129587e-04 1.510788967472e+05 1.496149459597e+05 1.000000000000e+05 7.774772124260e+03 4.819017168999e+02 1.800000000000e+06 0.000000000000e+00 -8.752000000000e-01 -8.752000000000e-01 0.000000000000e+00 0.000000000000e+00 0.000000000000e+00 -0.000000000000e+00 6.612637054534e-03 0.000000000000e+00 0.000000000000e+00 0.000000000000e+00 0.000000000000e+00 0.000000000000e+00 0.000000000000e+00 
9.385000000000e+00 8.005072893977e-03 7.289487333344e-02 -2.489860861965e-04 1.504905602940e+05 1.496605715665e+05 1.000000000000e+05 7.774460573355e+03 4.818287555370e+02 1.800000000000e+06 0.000000000000e+00 -8.752000000000e-01 -8.752000000000e-01 0.000000000000e+00 0.000000000000e+00 0.000000000000e+00 -0.000000000000e+00 6.613886564858e-03 0.000000000000e+00 0.000000000000e+00 0.000000000000e+00 0.000000000000e+00 0.000000000000e+00 0.000000000000e+00 
9.390000000000e+00 8.005736778058e-03 7.204045094856e-02 -7.100260919891e-05 1.499172491046e+05 1.496805931698e+05 1.000000000000e+05 7.774353061459e+03 4.817967330590e+02 1.800000000000e+06 0.000000000000e+00 -8.752000000000e-01 -8.752000000000e-01 0.000000000000e+00 0.000000000000e+00 0.000000000000e+00 -0.000000000000e+00 6.614435073792e-03 0.000000000000e+00 0.000000000000e+00 0.000000000000e+00 0.000000000000e+00 0.000000000000e+00 0.000000000000e+00 
9.395000000000e+00 8.005566297659e-03 7.122782653536e-02 1.013060336441e-04 1.493377823430e+05 1.496754521862e+05 1.000000000000e+05 7.774448075508e+03 4.818049558372e+02 1.800000000000e+06 0.000000000000e+00 -8.752000000000e-01 -8.752000000000e-01 0.000000000000e+00 0.000000000000e+00 0.000000000000e+00 -0.000000000000e+00 6.614294220856e-03 0.000000000000e+00 0.000000000000e+00 0.000000000000e+00 0.000000000000e+00 0.000000000000e+00 0.000000000000e+00 
9.400000000000e+00 8.004559746768e-03 7.046876646059e-02 2.611860360552e-04 1.487743522957e+05 1.496450929668e+05 1.000000000000e+05 7.774743981892e+03 4.818535097385e+02 1.800000000000e+06 0.000000000000e+00 -8.752000000000e-01 -8.752000000000e-01 0.000000000000e+00 0.000000000000e+00 0.000000000000e+00 -0.000000000000e+00 6.613462596523e-03 0.000000000000e+00 0.000000000000e+00 0.000000000000e+00 0.000000000000e+00 0.000000000000e+00 0.000000000000e+00 
9.405000000000e+00 8.002785311587e-03 6.976536888948e-02 4.080123606784e-04 1.482308669515e+05 1.495915488976e+05 1.000000000000e+05 7.775223998605e+03 4.819391253869e+02 1.800000000000e+06 0.000000000000e+00 -8.752000000000e-01 -8.752000000000e-01 0.000000000000e+00 0.000000000000e+00 0.000000000000e+00 -0.000000000000e+00 6.611996537043e-03 0.000000000000e+00 0.000000000000e+00 0.000000000000e+00 0.000000000000e+00 0.000000000000e+00 0.000000000000e+00 
9.410000000000e+00 8.000307465989e-03 6.911304978170e-02 5.425926270419e-04 1.477063926097e+05 1.495167275055e+05 1.000000000000e+05 7.775872745355e+03 4.820587243065e+02 1.800000000000e+06 0.000000000000e+00 -8.752000000000e-01 -8.752000000000e-01 0.000000000000e+00 0.000000000000e+00 0.000000000000e+00 -0.000000000000e+00 6.609949311501e-03 0.000000000000e+00 0.000000000000e+00 0.000000000000e+00 0.000000000000e+00 0.000000000000e+00 0.000000000000e+00 
9.415000000000e+00 7.997184608700e-03 6.850174041117e-02 6.663462775626e-04 1.471978077786e+05 1.494223433032e+05 1.000000000000e+05 7.776676553306e+03 4.822095293866e+02 1.800000000000e+06 0.000000000000e+00 -8.752000000000e-01 -8.752000000000e-01 0.000000000000e+00 0.000000000000e+00 0.000000000000e+00 -0.000000000000e+00 6.607369169617e-03 0.000000000000e+00 0.000000000000e+00 0.000000000000e+00 0.000000000000e+00 0.000000000000e+00 0.000000000000e+00 
9.420000000000e+00 7.993465442493e-03 6.791671402566e-02 7.814867387386e-04 1.466990689205e+05 1.493098112577e+05 1.000000000000e+05 7.777624399005e+03 4.823892372488e+02 1.800000000000e+06 0.000000000000e+00 -8.752000000000e-01 -8.752000000000e-01 0.000000000000e+00 0.000000000000e+00 0.000000000000e+00 -0.000000000000e+00 6.604296350204e-03 0.000000000000e+00 0.000000000000e+00 0.000000000000e+00 0.000000000000e+00 0.000000000000e+00 0.000000000000e+00 
9.425000000000e+00 7.989184621075e-03 6.733465706512e-02 8.911278353428e-04 1.462006986898e+05 1.491801162657e+05 1.000000000000e+05 7.778709002124e+03 4.825962275638e+02 1.800000000000e+06 0.000000000000e+00 -8.752000000000e-01 -8.752000000000e-01 0.000000000000e+00 0.000000000000e+00 0.000000000000e+00 -0.000000000000e+00 6.600759484566e-03 0.000000000000e+00 0.000000000000e+00 0.000000000000e+00 0.000000000000e+00 0.000000000000e+00 0.000000000000e+00 
9.430000000000e+00 7.984359742003e-03 6.672560020037e-02 9.993252835741e-04 1.456895247481e+05 1.490337212094e+05 1.000000000000e+05 7.779927581779e+03 4.828297091541e+02 1.800000000000e+06 0.000000000000e+00 -8.752000000000e-01 -8.752000000000e-01 0.000000000000e+00 0.000000000000e+00 0.000000000000e+00 -0.000000000000e+00 6.596773112015e-03 0.000000000000e+00 0.000000000000e+00 0.000000000000e+00 0.000000000000e+00 0.000000000000e+00 0.000000000000e+00 
9.435000000000e+00 7.978983360414e-03 6.605175756220e-02 1.111316217195e-03 1.451475928216e+05 1.488703213269e+05 1.000000000000e+05 7.781283907876e+03 4.830901092624e+02 1.800000000000e+06 0.000000000000e+00 -8.752000000000e-01 -8.752000000000e-01 0.000000000000e+00 0.000000000000e+00 0.000000000000e+00 -0.000000000000e+00 6.592331081516e-03 0.000000000000e+00 0.000000000000e+00 0.000000000000e+00 0.000000000000e+00 0.000000000000e+00 0.000000000000e+00 
9.440000000000e+00 7.973021434321e-03 6.527676387033e-02 1.232205300494e-03 1.445564724181e+05 1.486887903423e+05 1.000000000000e+05 7.782788304235e+03 4.833791544596e+02 1.800000000000e+06 0.000000000000e+00 -8.752000000000e-01 -8.752000000000e-01 0.000000000000e+00 0.000000000000e+00 0.000000000000e+00 -0.000000000000e+00 6.587405267175e-03 0.000000000000e+00 0.000000000000e+00 0.000000000000e+00 0.000000000000e+00 0.000000000000e+00 0.000000000000e+00 
9.445000000000e+00 7.966416523983e-03 6.437265506373e-02 1.366244358520e-03 1.438997389700e+05 1.484872689866e+05 1.000000000000e+05 7.784456674010e+03 4.836997230616e+02 1.800000000000e+06 0.000000000000e+00 -8.752000000000e-01 -8.752000000000e-01 0.000000000000e+00 0.000000000000e+00 0.000000000000e+00 -0.000000000000e+00 6.581948211592e-03 0.000000000000e+00 0.000000000000e+00 0.000000000000e+00 0.000000000000e+00 0.000000000000e+00 0.000000000000e+00 
9.450000000000e+00 7.959095256392e-03 6.332798648967e-02 1.515736686455e-03 1.431668683505e+05 1.482633828066e+05 1.000000000000e+05 7.786308359595e+03 4.840554912355e+02 1.800000000000e+06 0.000000000000e+00 -8.752000000000e-01 -8.752000000000e-01 0.000000000000e+00 0.000000000000e+00 0.000000000000e+00 -0.000000000000e+00 6.575899293115e-03 0.000000000000e+00 0.000000000000e+00 0.000000000000e+00 0.000000000000e+00 0.000000000000e+00 0.000000000000e+00 
9.455000000000e+00 7.950980019020e-03 6.215541252624e-02 1.680188914245e-03 1.423564702849e+05 1.480145905422e+05 1.000000000000e+05 7.788363029048e+03 4.844503725145e+02 1.800000000000e+06 0.000000000000e+00 -8.752000000000e-01 -8.752000000000e-01 0.000000000000e+00 0.000000000000e+00 0.000000000000e+00 -0.000000000000e+00 6.569194387349e-03 0.000000000000e+00 0.000000000000e+00 0.000000000000e+00 0.000000000000e+00 0.000000000000e+00 0.000000000000e+00 
9.460000000000e+00 7.942004123891e-03 6.089352127286e-02 1.855918114763e-03 1.414781477436e+05 1.477386431356e+05 1.000000000000e+05 7.790636827594e+03 4.848877848244e+02 1.800000000000e+06 0.000000000000e+00 -8.752000000000e-01 -8.752000000000e-01 0.000000000000e+00 0.000000000000e+00 0.000000000000e+00 -0.000000000000e+00 6.561778395894e-03 0.000000000000e+00 0.000000000000e+00 0.000000000000e+00 0.000000000000e+00 0.000000000000e+00 0.000000000000e+00 
9.465000000000e+00 7.932129619114e-03 5.960374828505e-02 2.035754596691e-03 1.405541745298e+05 1.474341322972e+05 1.000000000000e+05 7.793137868900e+03 4.853697815501e+02 1.800000000000e+06 0.000000000000e+00 -8.752000000000e-01 -8.752000000000e-01 0.000000000000e+00 0.000000000000e+00 0.000000000000e+00 -0.000000000000e+00 6.553619962445e-03 0.000000000000e+00 0.000000000000e+00 0.000000000000e+00 0.000000000000e+00 0.000000000000e+00 0.000000000000e+00 
9.470000000000e+00 7.921361257199e-03 5.835700089287e-02 2.211162320931e-03 1.396129306500e+05 1.471009325711e+05 1.000000000000e+05 7.795863384194e+03 4.858963600154e+02 1.800000000000e+06 0.000000000000e+00 -8.752000000000e-01 -8.752000000000e-01 0.000000000000e+00 0.000000000000e+00 0.000000000000e+00 -0.000000000000e+00 6.544723013583e-03 0.000000000000e+00 0.000000000000e+00 0.000000000000e+00 0.000000000000e+00 0.000000000000e+00 0.000000000000e+00 
9.475000000000e+00 7.909747298117e-03 5.722040486639e-02 2.373514532305e-03 1.386847376741e+05 1.467402475374e+05 1.000000000000e+05 7.798799830914e+03 4.864654040443e+02 1.800000000000e+06 0.000000000000e+00 -8.752000000000e-01 -8.752000000000e-01 0.000000000000e+00 0.000000000000e+00 0.000000000000e+00 -0.000000000000e+00 6.535127422271e-03 0.000000000000e+00 0.000000000000e+00 0.000000000000e+00 0.000000000000e+00 0.000000000000e+00 0.000000000000e+00 
9.480000000000e+00 7.897376413303e-03 5.624785972940e-02 2.515266371668e-03 1.377978707802e+05 1.463545406954e+05 1.000000000000e+05 7.801923919736e+03 4.870728127438e+02 1.800000000000e+06 0.000000000000e+00 -8.752000000000e-01 -8.752000000000e-01 0.000000000000e+00 0.000000000000e+00 0.000000000000e+00 -0.000000000000e+00 6.524906449904e-03 0.000000000000e+00 0.000000000000e+00 0.000000000000e+00 0.000000000000e+00 0.000000000000e+00 0.000000000000e+00 
9.485000000000e+00 7.884370714646e-03 5.547749684960e-02 2.630456760229e-03 1.369766615259e+05 1.459473477211e+05 1.000000000000e+05 7.805204392471e+03 4.877128177861e+02 1.800000000000e+06 0.000000000000e+00 -8.752000000000e-01 -8.752000000000e-01 0.000000000000e+00 0.000000000000e+00 0.000000000000e+00 -0.000000000000e+00 6.514160986778e-03 0.000000000000e+00 0.000000000000e+00 0.000000000000e+00 0.000000000000e+00 0.000000000000e+00 0.000000000000e+00 
9.490000000000e+00 7.870874719853e-03 5.492457663256e-02 2.715773413044e-03 1.362374846351e+05 1.455229587671e+05 1.000000000000e+05 7.808605006763e+03 4.883785030674e+02 1.800000000000e+06 0.000000000000e+00 -8.752000000000e-01 -8.752000000000e-01 0.000000000000e+00 0.000000000000e+00 0.000000000000e+00 -0.000000000000e+00 6.503010435146e-03 0.000000000000e+00 0.000000000000e+00 0.000000000000e+00 0.000000000000e+00 0.000000000000e+00 0.000000000000e+00 
9.495000000000e+00 7.857042750623e-03 5.458592114175e-02 2.770127199625e-03 1.355897070903e+05 1.450860434561e+05 1.000000000000e+05 7.812087479145e+03 4.890624085299e+02 1.800000000000e+06 0.000000000000e+00 -8.752000000000e-01 -8.752000000000e-01 0.000000000000e+00 0.000000000000e+00 0.000000000000e+00 -0.000000000000e+00 6.491582297432e-03 0.000000000000e+00 0.000000000000e+00 0.000000000000e+00 0.000000000000e+00 0.000000000000e+00 0.000000000000e+00 
9.500000000000e+00 7.843026446889e-03 5.443788339043e-02 2.795302611158e-03 1.350329281623e+05 1.446412681681e+05 1.000000000000e+05 7.815614784816e+03 4.897571378880e+02 1.800000000000e+06 0.000000000000e+00 -8.752000000000e-01 -8.752000000000e-01 0.000000000000e+00 0.000000000000e+00 0.000000000000e+00 -0.000000000000e+00 6.480001860356e-03 0.000000000000e+00 0.000000000000e+00 0.000000000000e+00 0.000000000000e+00 0.000000000000e+00 0.000000000000e+00 
9.505000000000e+00 7.828963621567e-03 5.444617543984e-02 2.794526988995e-03 1.345613763406e+05 1.441929432851e+05 1.000000000000e+05 7.819153511575e+03 4.904559105198e+02 1.800000000000e+06 0.000000000000e+00 -8.752000000000e-01 -8.752000000000e-01 0.000000000000e+00 0.000000000000e+00 0.000000000000e+00 -0.000000000000e+00 6.468382986588e-03 0.000000000000e+00 0.000000000000e+00 0.000000000000e+00 0.000000000000e+00 0.000000000000e+00 0.000000000000e+00 
9.510000000000e+00 7.814971592280e-03 5.457130240951e-02 2.772206698698e-03 1.341644920712e+05 1.437448019103e+05 1.000000000000e+05 7.822675495989e+03 4.911529003336e+02 1.800000000000e+06 0.000000000000e+00 -8.752000000000e-01 -8.752000000000e-01 0.000000000000e+00 0.000000000000e+00 0.000000000000e+00 -0.000000000000e+00 6.456822605348e-03 0.000000000000e+00 0.000000000000e+00 0.000000000000e+00 0.000000000000e+00 0.000000000000e+00 0.000000000000e+00 
9.515000000000e+00 7.801144308907e-03 5.477468016588e-02 2.733097961522e-03 1.338296138692e+05 1.432998930592e+05 1.000000000000e+05 7.826158346839e+03 4.918433914636e+02 1.800000000000e+06 0.000000000000e+00 -8.752000000000e-01 -8.752000000000e-01 0.000000000000e+00 0.000000000000e+00 0.000000000000e+00 -0.000000000000e+00 6.445398339145e-03 0.000000000000e+00 0.000000000000e+00 0.000000000000e+00 0.000000000000e+00 0.000000000000e+00 0.000000000000e+00 
9.520000000000e+00 7.787551472088e-03 5.502063009702e-02 2.682041799448e-03 1.335428253499e+05 1.428605355445e+05 1.000000000000e+05 7.829585653973e+03 4.925238372986e+02 1.800000000000e+06 0.000000000000e+00 -8.752000000000e-01 -8.752000000000e-01 0.000000000000e+00 0.000000000000e+00 0.000000000000e+00 -0.000000000000e+00 6.434167775475e-03 0.000000000000e+00 0.000000000000e+00 0.000000000000e+00 0.000000000000e+00 0.000000000000e+00 0.000000000000e+00 
9.525000000000e+00 7.774239583060e-03 5.527819420844e-02 2.623491793345e-03 1.332906127182e+05 1.424283334561e+05 1.000000000000e+05 7.832946642357e+03 4.931918234550e+02 1.800000000000e+06 0.000000000000e+00 -8.752000000000e-01 -8.752000000000e-01 0.000000000000e+00 0.000000000000e+00 0.000000000000e+00 -0.000000000000e+00 6.423169334218e-03 0.000000000000e+00 0.000000000000e+00 0.000000000000e+00 0.000000000000e+00 0.000000000000e+00 0.000000000000e+00 
9.530000000000e+00 7.761233876048e-03 5.552204971714e-02 2.561501781317e-03 1.330599791807e+05 1.420042215300e+05 1.000000000000e+05 7.836235742319e+03 4.938459853669e+02 1.800000000000e+06 0.000000000000e+00 -8.752000000000e-01 -8.752000000000e-01 0.000000000000e+00 0.000000000000e+00 0.000000000000e+00 -0.000000000000e+00 6.412423864188e-03 0.000000000000e+00 0.000000000000e+00 0.000000000000e+00 0.000000000000e+00 0.000000000000e+00 0.000000000000e+00 
9.535000000000e+00 7.748540841160e-03 5.573449867441e-02 2.499301968060e-03 1.328400260748e+05 1.415885320607e+05 1.000000000000e+05 7.839451867710e+03 4.944858942090e+02 1.800000000000e+06 0.000000000000e+00 -8.752000000000e-01 -8.752000000000e-01 0.000000000000e+00 0.000000000000e+00 0.000000000000e+00 -0.000000000000e+00 6.401936727590e-03 0.000000000000e+00 0.000000000000e+00 0.000000000000e+00 0.000000000000e+00 0.000000000000e+00 0.000000000000e+00 
9.540000000000e+00 7.736153675618e-03 5.590333554366e-02 2.439446807901e-03 1.326216536894e+05 1.411811610993e+05 1.000000000000e+05 7.842597117155e+03 4.951117923273e+02 1.800000000000e+06 0.000000000000e+00 -8.752000000000e-01 -8.752000000000e-01 0.000000000000e+00 0.000000000000e+00 0.000000000000e+00 -0.000000000000e+00 6.391702303890e-03 0.000000000000e+00 0.000000000000e+00 0.000000000000e+00 0.000000000000e+00 0.000000000000e+00 0.000000000000e+00 
9.545000000000e+00 7.724054592289e-03 5.602103134596e-02 2.383847035006e-03 1.323975553446e+05 1.407816357442e+05 1.000000000000e+05 7.845676224453e+03 4.957244837378e+02 1.800000000000e+06 0.000000000000e+00 -8.752000000000e-01 -8.752000000000e-01 0.000000000000e+00 0.000000000000e+00 0.000000000000e+00 -0.000000000000e+00 6.381705897145e-03 0.000000000000e+00 0.000000000000e+00 0.000000000000e+00 0.000000000000e+00 0.000000000000e+00 0.000000000000e+00 
9.550000000000e+00 7.712218314976e-03 5.608493744381e-02 2.333757328787e-03 1.321624073562e+05 1.403892231704e+05 1.000000000000e+05 7.848695681366e+03 4.963251623886e+02 1.800000000000e+06 0.000000000000e+00 -8.752000000000e-01 -8.752000000000e-01 0.000000000000e+00 0.000000000000e+00 0.000000000000e+00 -0.000000000000e+00 6.371926623859e-03 0.000000000000e+00 0.000000000000e+00 0.000000000000e+00 0.000000000000e+00 0.000000000000e+00 0.000000000000e+00 
9.555000000000e+00 7.700615084249e-03 5.609627009951e-02 2.289834942598e-03 1.319127919672e+05 1.400030264038e+05 1.000000000000e+05 7.851662997848e+03 4.969152627872e+02 1.800000000000e+06 0.000000000000e+00 -8.752000000000e-01 -8.752000000000e-01 0.000000000000e+00 0.000000000000e+00 0.000000000000e+00 -0.000000000000e+00 6.362339896439e-03 0.000000000000e+00 0.000000000000e+00 0.000000000000e+00 0.000000000000e+00 0.000000000000e+00 0.000000000000e+00 
9.560000000000e+00 7.689213289716e-03 5.605908135337e-02 2.252231322306e-03 1.316469875746e+05 1.396220700676e+05 1.000000000000e+05 7.854586060291e+03 4.974963276282e+02 1.800000000000e+06 0.000000000000e+00 -8.752000000000e-01 -8.752000000000e-01 0.000000000000e+00 0.000000000000e+00 0.000000000000e+00 -0.000000000000e+00 6.352919598002e-03 0.000000000000e+00 0.000000000000e+00 0.000000000000e+00 0.000000000000e+00 0.000000000000e+00 0.000000000000e+00 
9.565000000000e+00 7.677981921758e-03 5.597956815334e-02 2.220722933512e-03 1.313646093949e+05 1.392453820945e+05 1.000000000000e+05 7.857472541977e+03 4.980698829700e+02 1.800000000000e+06 0.000000000000e+00 -8.752000000000e-01 -8.752000000000e-01 0.000000000000e+00 0.000000000000e+00 0.000000000000e+00 -0.000000000000e+00 6.343640108030e-03 0.000000000000e+00 0.000000000000e+00 0.000000000000e+00 0.000000000000e+00 0.000000000000e+00 0.000000000000e+00 
9.570000000000e+00 7.666891600298e-03 5.586407145653e-02 2.194846673832e-03 1.310661782855e+05 1.388720292367e+05 1.000000000000e+05 7.860329676871e+03 4.986373848265e+02 1.800000000000e+06 0.000000000000e+00 -8.752000000000e-01 -8.752000000000e-01 0.000000000000e+00 0.000000000000e+00 0.000000000000e+00 -0.000000000000e+00 6.334477152355e-03 0.000000000000e+00 0.000000000000e+00 0.000000000000e+00 0.000000000000e+00 0.000000000000e+00 0.000000000000e+00 
9.575000000000e+00 7.655916171814e-03 5.572047420974e-02 2.173873749637e-03 1.307532794510e+05 1.385011724777e+05 1.000000000000e+05 7.863163831441e+03 4.992001360487e+02 1.800000000000e+06 0.000000000000e+00 -8.752000000000e-01 -8.752000000000e-01 0.000000000000e+00 0.000000000000e+00 0.000000000000e+00 -0.000000000000e+00 6.325409122625e-03 0.000000000000e+00 0.000000000000e+00 0.000000000000e+00 0.000000000000e+00 0.000000000000e+00 0.000000000000e+00 
9.580000000000e+00 7.645033423855e-03 5.555625488870e-02 2.156998360977e-03 1.304279248438e+05 1.381320935466e+05 1.000000000000e+05 7.865980371756e+03 4.997592477047e+02 1.800000000000e+06 0.000000000000e+00 -8.752000000000e-01 -8.752000000000e-01 0.000000000000e+00 0.000000000000e+00 0.000000000000e+00 -0.000000000000e+00 6.316417666648e-03 0.000000000000e+00 0.000000000000e+00 0.000000000000e+00 0.000000000000e+00 0.000000000000e+00 0.000000000000e+00 
9.585000000000e+00 7.634225519651e-03 5.537888985809e-02 2.143309416963e-03 1.300926742228e+05 1.377642123226e+05 1.000000000000e+05 7.868783531249e+03 5.003156145328e+02 1.800000000000e+06 0.000000000000e+00 -8.752000000000e-01 -8.752000000000e-01 0.000000000000e+00 0.000000000000e+00 0.000000000000e+00 -0.000000000000e+00 6.307488047473e-03 0.000000000000e+00 0.000000000000e+00 0.000000000000e+00 0.000000000000e+00 0.000000000000e+00 0.000000000000e+00 
9.590000000000e+00 7.623478916223e-03 5.519440162855e-02 2.131996562755e-03 1.297498991748e+05 1.373970868158e+05 1.000000000000e+05 7.871576489007e+03 5.008699168627e+02 1.800000000000e+06 0.000000000000e+00 -8.752000000000e-01 -8.752000000000e-01 0.000000000000e+00 0.000000000000e+00 0.000000000000e+00 -0.000000000000e+00 6.298609075730e-03 0.000000000000e+00 0.000000000000e+00 0.000000000000e+00 0.000000000000e+00 0.000000000000e+00 0.000000000000e+00 
9.595000000000e+00 7.612783921014e-03 5.500767049124e-02 2.122327276291e-03 1.294018478889e+05 1.370304006259e+05 1.000000000000e+05 7.874361468137e+03 5.014226413303e+02 1.800000000000e+06 0.000000000000e+00 -8.752000000000e-01 -8.752000000000e-01 0.000000000000e+00 0.000000000000e+00 0.000000000000e+00 -0.000000000000e+00 6.289772743312e-03 0.000000000000e+00 0.000000000000e+00 0.000000000000e+00 0.000000000000e+00 0.000000000000e+00 0.000000000000e+00 
9.600000000000e+00 7.602134247154e-03 5.482255122455e-02 2.113688608472e-03 1.290504779695e+05 1.366639500025e+05 1.000000000000e+05 7.877139857072e+03 5.019741019595e+02 1.800000000000e+06 0.000000000000e+00 -8.752000000000e-01 -8.752000000000e-01 0.000000000000e+00 0.000000000000e+00 0.000000000000e+00 -0.000000000000e+00 6.280973855932e-03 0.000000000000e+00 0.000000000000e+00 0.000000000000e+00 0.000000000000e+00 0.000000000000e+00 0.000000000000e+00 
9.605000000000e+00 7.591526542430e-03 5.464172639128e-02 2.105517659382e-03 1.286976878318e+05 1.362976296569e+05 1.000000000000e+05 7.879912302425e+03 5.025244628930e+02 1.800000000000e+06 0.000000000000e+00 -8.752000000000e-01 -8.752000000000e-01 0.000000000000e+00 0.000000000000e+00 0.000000000000e+00 -0.000000000000e+00 6.272209643952e-03 0.000000000000e+00 0.000000000000e+00 0.000000000000e+00 0.000000000000e+00 0.000000000000e+00 0.000000000000e+00 
9.610000000000e+00 7.580959504844e-03 5.446679534588e-02 2.097445159324e-03 1.283447651860e+05 1.359314038688e+05 1.000000000000e+05 7.882678981897e+03 5.030737829264e+02 1.800000000000e+06 0.000000000000e+00 -8.752000000000e-01 -8.752000000000e-01 0.000000000000e+00 0.000000000000e+00 0.000000000000e+00 -0.000000000000e+00 6.263479031646e-03 0.000000000000e+00 0.000000000000e+00 0.000000000000e+00 0.000000000000e+00 0.000000000000e+00 0.000000000000e+00 
9.615000000000e+00 7.570433495455e-03 5.429869609218e-02 2.089180155787e-03 1.279927848690e+05 1.355652942655e+05 1.000000000000e+05 7.885439663632e+03 5.036220346559e+02 1.800000000000e+06 0.000000000000e+00 -8.752000000000e-01 -8.752000000000e-01 0.000000000000e+00 0.000000000000e+00 0.000000000000e+00 -0.000000000000e+00 6.254782317324e-03 0.000000000000e+00 0.000000000000e+00 0.000000000000e+00 0.000000000000e+00 0.000000000000e+00 0.000000000000e+00 
9.620000000000e+00 7.559950058925e-03 5.413770799588e-02 2.080528252424e-03 1.276425231726e+05 1.351993640878e+05 1.000000000000e+05 7.888193834894e+03 5.041691286827e+02 1.800000000000e+06 0.000000000000e+00 -8.752000000000e-01 -8.752000000000e-01 0.000000000000e+00 0.000000000000e+00 0.000000000000e+00 -0.000000000000e+00 6.246120777206e-03 0.000000000000e+00 0.000000000000e+00 0.000000000000e+00 0.000000000000e+00 0.000000000000e+00 0.000000000000e+00 
9.625000000000e+00 7.549511369464e-03 5.398329518611e-02 2.071418903979e-03 1.272943353013e+05 1.348336994821e+05 1.000000000000e+05 7.890940854813e+03 5.047149420139e+02 1.800000000000e+06 0.000000000000e+00 -8.752000000000e-01 -8.752000000000e-01 0.000000000000e+00 0.000000000000e+00 0.000000000000e+00 -0.000000000000e+00 6.237496207650e-03 0.000000000000e+00 0.000000000000e+00 0.000000000000e+00 0.000000000000e+00 0.000000000000e+00 0.000000000000e+00 
9.630000000000e+00 7.539119733566e-03 5.383447743804e-02 2.061855337530e-03 1.269483154719e+05 1.344683923803e+05 1.000000000000e+05 7.893680067969e+03 5.052593438226e+02 1.800000000000e+06 0.000000000000e+00 -8.752000000000e-01 -8.752000000000e-01 0.000000000000e+00 0.000000000000e+00 0.000000000000e+00 -0.000000000000e+00 6.228910514307e-03 0.000000000000e+00 0.000000000000e+00 0.000000000000e+00 0.000000000000e+00 0.000000000000e+00 0.000000000000e+00 
9.635000000000e+00 7.528777306889e-03 5.369015351583e-02 2.051883865872e-03 1.266043959308e+05 1.341035305770e+05 1.000000000000e+05 7.896410868987e+03 5.058022102581e+02 1.800000000000e+06 0.000000000000e+00 -8.752000000000e-01 -8.752000000000e-01 0.000000000000e+00 0.000000000000e+00 0.000000000000e+00 -0.000000000000e+00 6.220365478208e-03 0.000000000000e+00 0.000000000000e+00 0.000000000000e+00 0.000000000000e+00 0.000000000000e+00 0.000000000000e+00 
9.640000000000e+00 7.518485898127e-03 5.354915313111e-02 2.041583733635e-03 1.262623751722e+05 1.337391906792e+05 1.000000000000e+05 7.899132751604e+03 5.063434348493e+02 1.800000000000e+06 0.000000000000e+00 -8.752000000000e-01 -8.752000000000e-01 0.000000000000e+00 0.000000000000e+00 0.000000000000e+00 -0.000000000000e+00 6.211862593720e-03 0.000000000000e+00 0.000000000000e+00 0.000000000000e+00 0.000000000000e+00 0.000000000000e+00 0.000000000000e+00 
9.645000000000e+00 7.508246881370e-03 5.341038870634e-02 2.031051246795e-03 1.259219714809e+05 1.333754347706e+05 1.000000000000e+05 7.901845327531e+03 5.068829333051e+02 1.800000000000e+06 0.000000000000e+00 -8.752000000000e-01 -8.752000000000e-01 0.000000000000e+00 0.000000000000e+00 0.000000000000e+00 -0.000000000000e+00 6.203402996129e-03 0.000000000000e+00 0.000000000000e+00 0.000000000000e+00 0.000000000000e+00 0.000000000000e+00 0.000000000000e+00 
9.650000000000e+00 7.498061147787e-03 5.327291018501e-02 2.020382678510e-03 1.255828830947e+05 1.330123084149e+05 1.000000000000e+05 7.904548334609e+03 5.074206462886e+02 1.800000000000e+06 0.000000000000e+00 -8.752000000000e-01 -8.752000000000e-01 0.000000000000e+00 0.000000000000e+00 0.000000000000e+00 -0.000000000000e+00 6.194987421731e-03 0.000000000000e+00 0.000000000000e+00 0.000000000000e+00 0.000000000000e+00 0.000000000000e+00 0.000000000000e+00 
9.655000000000e+00 7.487929120081e-03 5.313596287770e-02 2.009662692194e-03 1.252448311185e+05 1.326498408730e+05 1.000000000000e+05 7.907241630182e+03 5.079565388963e+02 1.800000000000e+06 0.000000000000e+00 -8.752000000000e-01 -8.752000000000e-01 0.000000000000e+00 0.000000000000e+00 0.000000000000e+00 -0.000000000000e+00 6.186616219768e-03 0.000000000000e+00 0.000000000000e+00 0.000000000000e+00 0.000000000000e+00 0.000000000000e+00 0.000000000000e+00 
9.660000000000e+00 7.477850852928e-03 5.299902407819e-02 1.998959968876e-03 1.249075795888e+05 1.322880484226e+05 1.000000000000e+05 7.909925163849e+03 5.084905955672e+02 1.800000000000e+06 0.000000000000e+00 -8.752000000000e-01 -8.752000000000e-01 0.000000000000e+00 0.000000000000e+00 0.000000000000e+00 -0.000000000000e+00 6.178289435415e-03 0.000000000000e+00 0.000000000000e+00 0.000000000000e+00 0.000000000000e+00 0.000000000000e+00 0.000000000000e+00 
9.665000000000e+00 7.467826120940e-03 5.286181280328e-02 1.988319693759e-03 1.245709669570e+05 1.319269373040e+05 1.000000000000e+05 7.912598952214e+03 5.090228155934e+02 1.800000000000e+06 0.000000000000e+00 -8.752000000000e-01 -8.752000000000e-01 0.000000000000e+00 0.000000000000e+00 0.000000000000e+00 -0.000000000000e+00 6.170006882453e-03 0.000000000000e+00 0.000000000000e+00 0.000000000000e+00 0.000000000000e+00 0.000000000000e+00 0.000000000000e+00 
9.670000000000e+00 7.457854554572e-03 5.272432009669e-02 1.977757132066e-03 1.242349357373e+05 1.315665084663e+05 1.000000000000e+05 7.915263040886e+03 5.095532060243e+02 1.800000000000e+06 0.000000000000e+00 -8.752000000000e-01 -8.752000000000e-01 0.000000000000e+00 0.000000000000e+00 0.000000000000e+00 -0.000000000000e+00 6.161768255559e-03 0.000000000000e+00 0.000000000000e+00 0.000000000000e+00 0.000000000000e+00 0.000000000000e+00 0.000000000000e+00 
9.675000000000e+00 7.447935783226e-03 5.258676109256e-02 1.967262015019e-03 1.238995226524e+05 1.312067626772e+05 1.000000000000e+05 7.917917467824e+03 5.100817741054e+02 1.800000000000e+06 0.000000000000e+00 -8.752000000000e-01 -8.752000000000e-01 0.000000000000e+00 0.000000000000e+00 0.000000000000e+00 -0.000000000000e+00 6.153573248541e-03 0.000000000000e+00 0.000000000000e+00 0.000000000000e+00 0.000000000000e+00 0.000000000000e+00 0.000000000000e+00 
9.680000000000e+00 7.438069570052e-03 5.244956424707e-02 1.956796043839e-03 1.235648739799e+05 1.308477054359e+05 1.000000000000e+05 7.920562226207e+03 5.106085200754e+02 1.800000000000e+06 0.000000000000e+00 -8.752000000000e-01 -8.752000000000e-01 0.000000000000e+00 0.000000000000e+00 0.000000000000e+00 -0.000000000000e+00 6.145421665711e-03 0.000000000000e+00 0.000000000000e+00 0.000000000000e+00 0.000000000000e+00 0.000000000000e+00 0.000000000000e+00 
9.685000000000e+00 7.428255931478e-03 5.231330417156e-02 1.946300154406e-03 1.232312241218e+05 1.304893514272e+05 1.000000000000e+05 7.923197234358e+03 5.111334307006e+02 1.800000000000e+06 0.000000000000e+00 -8.752000000000e-01 -8.752000000000e-01 0.000000000000e+00 0.000000000000e+00 0.000000000000e+00 -0.000000000000e+00 6.137313520641e-03 0.000000000000e+00 0.000000000000e+00 0.000000000000e+00 0.000000000000e+00 0.000000000000e+00 0.000000000000e+00 
9.690000000000e+00 7.418495236484e-03 5.217867030398e-02 1.935697705160e-03 1.228988883906e+05 1.301317283200e+05 1.000000000000e+05 7.925822309451e+03 5.116564738254e+02 1.800000000000e+06 0.000000000000e+00 -8.752000000000e-01 -8.752000000000e-01 0.000000000000e+00 0.000000000000e+00 0.000000000000e+00 -0.000000000000e+00 6.129249118188e-03 0.000000000000e+00 0.000000000000e+00 0.000000000000e+00 0.000000000000e+00 0.000000000000e+00 0.000000000000e+00 
9.695000000000e+00 7.408788257573e-03 5.204635489759e-02 1.924906888835e-03 1.225682193392e+05 1.297748788605e+05 1.000000000000e+05 7.928437157150e+03 5.121775954605e+02 1.800000000000e+06 0.000000000000e+00 -8.752000000000e-01 -8.752000000000e-01 0.000000000000e+00 0.000000000000e+00 0.000000000000e+00 -0.000000000000e+00 6.121229096602e-03 0.000000000000e+00 0.000000000000e+00 0.000000000000e+00 0.000000000000e+00 0.000000000000e+00 0.000000000000e+00 
9.700000000000e+00 7.399136184311e-03 5.191703073561e-02 1.913842002629e-03 1.222396029311e+05 1.294188616187e+05 1.000000000000e+05 7.931041367480e+03 5.126967188573e+02 1.800000000000e+06 0.000000000000e+00 -8.752000000000e-01 -8.752000000000e-01 0.000000000000e+00 0.000000000000e+00 0.000000000000e+00 -0.000000000000e+00 6.113254438717e-03 0.000000000000e+00 0.000000000000e+00 0.000000000000e+00 0.000000000000e+00 0.000000000000e+00 0.000000000000e+00 
9.705000000000e+00 7.389540652485e-03 5.179138412643e-02 1.902414855879e-03 1.219134547442e+05 1.290637523227e+05 1.000000000000e+05 7.933634406499e+03 5.132137427336e+02 1.800000000000e+06 0.000000000000e+00 -8.752000000000e-01 -8.752000000000e-01 0.000000000000e+00 0.000000000000e+00 0.000000000000e+00 -0.000000000000e+00 6.105326496040e-03 0.000000000000e+00 0.000000000000e+00 0.000000000000e+00 0.000000000000e+00 0.000000000000e+00 0.000000000000e+00 
9.710000000000e+00 7.380003723321e-03 5.167003562678e-02 1.890541265612e-03 1.215901950367e+05 1.287096433557e+05 1.000000000000e+05 7.936215623185e+03 5.137285421819e+02 1.800000000000e+06 0.000000000000e+00 -8.752000000000e-01 -8.752000000000e-01 0.000000000000e+00 0.000000000000e+00 0.000000000000e+00 -0.000000000000e+00 6.097446971581e-03 0.000000000000e+00 0.000000000000e+00 0.000000000000e+00 0.000000000000e+00 0.000000000000e+00 0.000000000000e+00 
9.715000000000e+00 7.370527860220e-03 5.155352034823e-02 1.878146121287e-03 1.212702288108e+05 1.283566431436e+05 1.000000000000e+05 7.938784256606e+03 5.142409697269e+02 1.800000000000e+06 0.000000000000e+00 -8.752000000000e-01 -8.752000000000e-01 0.000000000000e+00 0.000000000000e+00 0.000000000000e+00 -0.000000000000e+00 6.089617900630e-03 0.000000000000e+00 0.000000000000e+00 0.000000000000e+00 0.000000000000e+00 0.000000000000e+00 0.000000000000e+00 
9.720000000000e+00 7.361115881835e-03 5.144225567903e-02 1.865164445399e-03 1.209539398486e+05 1.280048746366e+05 1.000000000000e+05 7.941339448239e+03 5.147508576813e+02 1.800000000000e+06 0.000000000000e+00 -8.752000000000e-01 -8.752000000000e-01 0.000000000000e+00 0.000000000000e+00 0.000000000000e+00 -0.000000000000e+00 6.081841611992e-03 0.000000000000e+00 0.000000000000e+00 0.000000000000e+00 0.000000000000e+00 0.000000000000e+00 0.000000000000e+00 
9.725000000000e+00 7.351770904804e-03 5.133647686765e-02 1.851557996063e-03 1.206416253954e+05 1.276544733660e+05 1.000000000000e+05 7.943880262594e+03 5.152580210941e+02 1.800000000000e+06 0.000000000000e+00 -8.752000000000e-01 -8.752000000000e-01 0.000000000000e+00 0.000000000000e+00 0.000000000000e+00 -0.000000000000e+00 6.074120680671e-03 0.000000000000e+00 0.000000000000e+00 0.000000000000e+00 0.000000000000e+00 0.000000000000e+00 0.000000000000e+00 
9.730000000000e+00 7.342496136790e-03 5.123627404066e-02 1.837305023965e-03 1.203335261008e+05 1.273055798155e+05 1.000000000000e+05 7.946405739678e+03 5.157622688806e+02 1.800000000000e+06 0.000000000000e+00 -8.752000000000e-01 -8.752000000000e-01 0.000000000000e+00 0.000000000000e+00 0.000000000000e+00 -0.000000000000e+00 6.066457756876e-03 0.000000000000e+00 0.000000000000e+00 0.000000000000e+00 0.000000000000e+00 0.000000000000e+00 0.000000000000e+00 
9.735000000000e+00 7.333294852581e-03 5.114164361094e-02 1.822397076847e-03 1.200298366464e+05 1.269583385588e+05 1.000000000000e+05 7.948914900352e+03 5.162634050956e+02 1.800000000000e+06 0.000000000000e+00 -8.752000000000e-01 -8.752000000000e-01 0.000000000000e+00 0.000000000000e+00 0.000000000000e+00 -0.000000000000e+00 6.058855546276e-03 0.000000000000e+00 0.000000000000e+00 0.000000000000e+00 0.000000000000e+00 0.000000000000e+00 0.000000000000e+00 
9.740000000000e+00 7.324170242232e-03 5.105242612740e-02 1.806856700410e-03 1.197306318718e+05 1.266128925254e+05 1.000000000000e+05 7.951406794004e+03 5.167612372093e+02 1.800000000000e+06 0.000000000000e+00 -8.752000000000e-01 -8.752000000000e-01 0.000000000000e+00 0.000000000000e+00 0.000000000000e+00 -0.000000000000e+00 6.051316684532e-03 0.000000000000e+00 0.000000000000e+00 0.000000000000e+00 0.000000000000e+00 0.000000000000e+00 0.000000000000e+00 
9.745000000000e+00 7.315125276016e-03 5.096831740656e-02 1.790716112202e-03 1.194359416422e+05 1.262693777943e+05 1.000000000000e+05 7.953880528570e+03 5.172555835529e+02 1.800000000000e+06 0.000000000000e+00 -8.752000000000e-01 -8.752000000000e-01 0.000000000000e+00 0.000000000000e+00 0.000000000000e+00 -0.000000000000e+00 6.043843625719e-03 0.000000000000e+00 0.000000000000e+00 0.000000000000e+00 0.000000000000e+00 0.000000000000e+00 0.000000000000e+00 
9.750000000000e+00 7.306162895547e-03 5.088890890514e-02 1.774012144266e-03 1.191457772488e+05 1.259279307360e+05 1.000000000000e+05 7.956335216843e+03 5.177462629674e+02 1.800000000000e+06 0.000000000000e+00 -8.752000000000e-01 -8.752000000000e-01 0.000000000000e+00 0.000000000000e+00 0.000000000000e+00 -0.000000000000e+00 6.036438800234e-03 0.000000000000e+00 0.000000000000e+00 0.000000000000e+00 0.000000000000e+00 0.000000000000e+00 0.000000000000e+00 
9.755000000000e+00 7.297285728664e-03 5.081369310939e-02 1.756815088157e-03 1.188600094203e+05 1.255886770618e+05 1.000000000000e+05 7.958770065101e+03 5.182331104863e+02 1.800000000000e+06 0.000000000000e+00 -8.752000000000e-01 -8.752000000000e-01 0.000000000000e+00 0.000000000000e+00 0.000000000000e+00 -0.000000000000e+00 6.029104379229e-03 0.000000000000e+00 0.000000000000e+00 0.000000000000e+00 0.000000000000e+00 0.000000000000e+00 0.000000000000e+00 
9.760000000000e+00 7.288496102242e-03 5.074210570046e-02 1.739196599158e-03 1.185784906301e+05 1.252517321087e+05 1.000000000000e+05 7.961184359254e+03 5.187159767963e+02 1.800000000000e+06 0.000000000000e+00 -8.752000000000e-01 -8.752000000000e-01 0.000000000000e+00 0.000000000000e+00 0.000000000000e+00 -0.000000000000e+00 6.021842230892e-03 0.000000000000e+00 0.000000000000e+00 0.000000000000e+00 0.000000000000e+00 0.000000000000e+00 0.000000000000e+00 
9.765000000000e+00 7.279795794185e-03 5.067352859979e-02 1.721241674148e-03 1.183009989550e+05 1.249171910912e+05 1.000000000000e+05 7.963577538168e+03 5.191947420543e+02 1.800000000000e+06 0.000000000000e+00 -8.752000000000e-01 -8.752000000000e-01 0.000000000000e+00 0.000000000000e+00 0.000000000000e+00 -0.000000000000e+00 6.014653938436e-03 0.000000000000e+00 0.000000000000e+00 0.000000000000e+00 0.000000000000e+00 0.000000000000e+00 0.000000000000e+00 
9.770000000000e+00 7.271186291781e-03 5.060724214198e-02 1.703051752146e-03 1.180272357222e+05 1.245851387408e+05 1.000000000000e+05 7.965949124585e+03 5.196693019047e+02 1.800000000000e+06 0.000000000000e+00 -8.752000000000e-01 -8.752000000000e-01 0.000000000000e+00 0.000000000000e+00 0.000000000000e+00 -0.000000000000e+00 6.007540670124e-03 0.000000000000e+00 0.000000000000e+00 0.000000000000e+00 0.000000000000e+00 0.000000000000e+00 0.000000000000e+00 
9.775000000000e+00 7.262668472067e-03 5.054256486389e-02 1.684730773894e-03 1.177568657796e+05 1.242556367374e+05 1.000000000000e+05 7.968298809421e+03 5.201395852878e+02 1.800000000000e+06 0.000000000000e+00 -8.752000000000e-01 -8.752000000000e-01 0.000000000000e+00 0.000000000000e+00 0.000000000000e+00 -0.000000000000e+00 6.000503150627e-03 0.000000000000e+00 0.000000000000e+00 0.000000000000e+00 0.000000000000e+00 0.000000000000e+00 0.000000000000e+00 
9.780000000000e+00 7.254242681131e-03 5.047873851849e-02 1.666384089715e-03 1.174895245346e+05 1.239287264251e+05 1.000000000000e+05 7.970626430703e+03 5.206055503400e+02 1.800000000000e+06 0.000000000000e+00 -8.752000000000e-01 -8.752000000000e-01 0.000000000000e+00 0.000000000000e+00 0.000000000000e+00 -0.000000000000e+00 5.993541665937e-03 0.000000000000e+00 0.000000000000e+00 0.000000000000e+00 0.000000000000e+00 0.000000000000e+00 0.000000000000e+00 
9.785000000000e+00 7.245908728012e-03 5.041502253178e-02 1.648121698692e-03 1.172248048918e+05 1.236044282610e+05 1.000000000000e+05 7.972931977494e+03 5.210671849780e+02 1.800000000000e+06 0.000000000000e+00 -8.752000000000e-01 -8.752000000000e-01 0.000000000000e+00 0.000000000000e+00 0.000000000000e+00 -0.000000000000e+00 5.986656058325e-03 0.000000000000e+00 0.000000000000e+00 0.000000000000e+00 0.000000000000e+00 0.000000000000e+00 0.000000000000e+00 
9.790000000000e+00 7.237665872574e-03 5.035068475386e-02 1.630053170009e-03 1.169622760766e+05 1.232827410302e+05 1.000000000000e+05 7.975215592579e+03 5.215245078163e+02 1.800000000000e+06 0.000000000000e+00 -8.752000000000e-01 -8.752000000000e-01 0.000000000000e+00 0.000000000000e+00 0.000000000000e+00 -0.000000000000e+00 5.979845716321e-03 0.000000000000e+00 0.000000000000e+00 0.000000000000e+00 0.000000000000e+00 0.000000000000e+00 0.000000000000e+00 
9.795000000000e+00 7.229512831396e-03 5.028499805901e-02 1.612287510647e-03 1.167014841806e+05 1.229636417662e+05 1.000000000000e+05 7.977477571862e+03 5.219775680829e+02 1.800000000000e+06 0.000000000000e+00 -8.752000000000e-01 -8.752000000000e-01 0.000000000000e+00 0.000000000000e+00 0.000000000000e+00 -0.000000000000e+00 5.973109579586e-03 0.000000000000e+00 0.000000000000e+00 0.000000000000e+00 0.000000000000e+00 0.000000000000e+00 0.000000000000e+00 
9.800000000000e+00 7.221447771465e-03 5.021726460181e-02 1.594933033056e-03 1.164419522256e+05 1.226470852017e+05 1.000000000000e+05 7.979718367111e+03 5.224264462048e+02 1.800000000000e+06 0.000000000000e+00 -8.752000000000e-01 -8.752000000000e-01 0.000000000000e+00 0.000000000000e+00 0.000000000000e+00 -0.000000000000e+00 5.966446133696e-03 0.000000000000e+00 0.000000000000e+00 0.000000000000e+00 0.000000000000e+00 0.000000000000e+00 0.000000000000e+00 
9.805000000000e+00 7.213468331868e-03 5.014682211657e-02 1.578090679722e-03 1.161832068711e+05 1.223330043263e+05 1.000000000000e+05 7.981938578583e+03 5.228712528302e+02 1.800000000000e+06 0.000000000000e+00 -8.752000000000e-01 -8.752000000000e-01 0.000000000000e+00 0.000000000000e+00 0.000000000000e+00 -0.000000000000e+00 5.959853428069e-03 0.000000000000e+00 0.000000000000e+00 0.000000000000e+00 0.000000000000e+00 0.000000000000e+00 0.000000000000e+00 
9.810000000000e+00 7.205571660002e-03 5.007305040055e-02 1.561856017087e-03 1.159247721438e+05 1.220213115381e+05 1.000000000000e+05 7.984138946545e+03 5.233121270216e+02 1.800000000000e+06 0.000000000000e+00 -8.752000000000e-01 -8.752000000000e-01 0.000000000000e+00 0.000000000000e+00 0.000000000000e+00 -0.000000000000e+00 5.953329105878e-03 0.000000000000e+00 0.000000000000e+00 0.000000000000e+00 0.000000000000e+00 0.000000000000e+00 0.000000000000e+00 
9.815000000000e+00 7.197754448225e-03 4.999538333491e-02 1.546317148513e-03 1.156661790816e+05 1.217118998425e+05 1.000000000000e+05 7.986320341129e+03 5.237492344015e+02 1.800000000000e+06 0.000000000000e+00 -8.752000000000e-01 -8.752000000000e-01 0.000000000000e+00 0.000000000000e+00 0.000000000000e+00 -0.000000000000e+00 5.946870434333e-03 0.000000000000e+00 0.000000000000e+00 0.000000000000e+00 0.000000000000e+00 0.000000000000e+00 0.000000000000e+00 
9.820000000000e+00 7.190012964408e-03 4.991329417582e-02 1.531555255701e-03 1.154069649291e+05 1.214046438368e+05 1.000000000000e+05 7.988483754727e+03 5.241827656163e+02 1.800000000000e+06 0.000000000000e+00 -8.752000000000e-01 -8.752000000000e-01 0.000000000000e+00 0.000000000000e+00 0.000000000000e+00 -0.000000000000e+00 5.940474329931e-03 0.000000000000e+00 0.000000000000e+00 0.000000000000e+00 0.000000000000e+00 0.000000000000e+00 0.000000000000e+00 
9.825000000000e+00 7.182343103863e-03 4.982633967871e-02 1.517640111940e-03 1.151466929216e+05 1.210994015711e+05 1.000000000000e+05 7.990630286518e+03 5.246129335823e+02 1.800000000000e+06 0.000000000000e+00 -8.752000000000e-01 -8.752000000000e-01 0.000000000000e+00 0.000000000000e+00 0.000000000000e+00 -0.000000000000e+00 5.934137401347e-03 0.000000000000e+00 0.000000000000e+00 0.000000000000e+00 0.000000000000e+00 0.000000000000e+00 0.000000000000e+00 
9.830000000000e+00 7.174740442381e-03 4.973414040908e-02 1.504632204031e-03 1.148849463424e+05 1.207960164890e+05 1.000000000000e+05 7.992761128883e+03 5.250399706407e+02 1.800000000000e+06 0.000000000000e+00 -8.752000000000e-01 -8.752000000000e-01 0.000000000000e+00 0.000000000000e+00 0.000000000000e+00 -0.000000000000e+00 5.927855993268e-03 0.000000000000e+00 0.000000000000e+00 0.000000000000e+00 0.000000000000e+00 0.000000000000e+00 0.000000000000e+00 
9.835000000000e+00 7.167200260532e-03 4.963631133413e-02 1.492589226780e-03 1.146213041265e+05 1.204943182526e+05 1.000000000000e+05 7.994877563350e+03 5.254641273014e+02 1.800000000000e+06 0.000000000000e+00 -8.752000000000e-01 -8.752000000000e-01 0.000000000000e+00 0.000000000000e+00 0.000000000000e+00 -0.000000000000e+00 5.921626206459e-03 0.000000000000e+00 0.000000000000e+00 0.000000000000e+00 0.000000000000e+00 0.000000000000e+00 0.000000000000e+00 
9.840000000000e+00 7.159717594841e-03 4.953259320888e-02 1.481550617908e-03 1.143554038809e+05 1.201941246634e+05 1.000000000000e+05 7.996980941116e+03 5.258856694602e+02 1.800000000000e+06 0.000000000000e+00 -8.752000000000e-01 -8.752000000000e-01 0.000000000000e+00 0.000000000000e+00 0.000000000000e+00 -0.000000000000e+00 5.915443940055e-03 0.000000000000e+00 0.000000000000e+00 0.000000000000e+00 0.000000000000e+00 0.000000000000e+00 0.000000000000e+00 
9.845000000000e+00 7.152287337768e-03 4.942284406361e-02 1.471541978925e-03 1.140869290293e+05 1.198952455808e+05 1.000000000000e+05 7.999072656722e+03 5.263048728345e+02 1.800000000000e+06 0.000000000000e+00 -8.752000000000e-01 -8.752000000000e-01 0.000000000000e+00 0.000000000000e+00 0.000000000000e+00 -0.000000000000e+00 5.909304974157e-03 0.000000000000e+00 0.000000000000e+00 0.000000000000e+00 0.000000000000e+00 0.000000000000e+00 0.000000000000e+00 
9.850000000000e+00 7.144904275783e-03 4.930696134800e-02 1.462579523887e-03 1.138155931538e+05 1.195974844030e+05 1.000000000000e+05 8.001154139026e+03 5.267220208512e+02 1.800000000000e+06 0.000000000000e+00 -8.752000000000e-01 -8.752000000000e-01 0.000000000000e+00 0.000000000000e+00 0.000000000000e+00 -0.000000000000e+00 5.903205001298e-03 0.000000000000e+00 0.000000000000e+00 0.000000000000e+00 0.000000000000e+00 0.000000000000e+00 0.000000000000e+00 
9.855000000000e+00 7.137563120184e-03 4.918481611772e-02 1.454679235700e-03 1.135411052444e+05 1.193006392751e+05 1.000000000000e+05 8.003226845850e+03 5.271374029287e+02 1.800000000000e+06 0.000000000000e+00 -8.752000000000e-01 -8.752000000000e-01 0.000000000000e+00 0.000000000000e+00 0.000000000000e+00 -0.000000000000e+00 5.897139651900e-03 0.000000000000e+00 0.000000000000e+00 0.000000000000e+00 0.000000000000e+00 0.000000000000e+00 0.000000000000e+00 
9.860000000000e+00 7.130258524398e-03 4.905636517444e-02 1.447843572708e-03 1.132632230803e+05 1.190045037658e+05 1.000000000000e+05 8.005292254394e+03 5.275513135120e+02 1.800000000000e+06 0.000000000000e+00 -8.752000000000e-01 -8.752000000000e-01 0.000000000000e+00 0.000000000000e+00 0.000000000000e+00 -0.000000000000e+00 5.891104508570e-03 0.000000000000e+00 0.000000000000e+00 0.000000000000e+00 0.000000000000e+00 0.000000000000e+00 0.000000000000e+00 
9.865000000000e+00 7.122985196874e-03 4.892170459477e-02 1.442058858625e-03 1.129817686774e+05 1.187088714416e+05 1.000000000000e+05 8.007351828311e+03 5.279640456743e+02 1.800000000000e+06 0.000000000000e+00 -8.752000000000e-01 -8.752000000000e-01 0.000000000000e+00 0.000000000000e+00 0.000000000000e+00 -0.000000000000e+00 5.885095199374e-03 0.000000000000e+00 0.000000000000e+00 0.000000000000e+00 0.000000000000e+00 0.000000000000e+00 0.000000000000e+00 
9.870000000000e+00 7.115737920160e-03 4.878091947480e-02 1.437308484044e-03 1.126965770615e+05 1.184135366806e+05 1.000000000000e+05 8.009407016832e+03 5.283758900009e+02 1.800000000000e+06 0.000000000000e+00 -8.752000000000e-01 -8.752000000000e-01 0.000000000000e+00 0.000000000000e+00 0.000000000000e+00 -0.000000000000e+00 5.879107413599e-03 0.000000000000e+00 0.000000000000e+00 0.000000000000e+00 0.000000000000e+00 0.000000000000e+00 0.000000000000e+00 
9.875000000000e+00 7.108511598515e-03 4.863419094099e-02 1.433560157815e-03 1.124075491449e+05 1.181182966626e+05 1.000000000000e+05 8.011459236492e+03 5.287871318416e+02 1.800000000000e+06 0.000000000000e+00 -8.752000000000e-01 -8.752000000000e-01 0.000000000000e+00 0.000000000000e+00 0.000000000000e+00 -0.000000000000e+00 5.873136941091e-03 0.000000000000e+00 0.000000000000e+00 0.000000000000e+00 0.000000000000e+00 0.000000000000e+00 0.000000000000e+00 
9.880000000000e+00 7.101301310649e-03 4.848173590903e-02 1.430777500469e-03 1.121146081947e+05 1.178229535945e+05 1.000000000000e+05 8.013509860006e+03 5.291980482510e+02 1.800000000000e+06 0.000000000000e+00 -8.752000000000e-01 -8.752000000000e-01 0.000000000000e+00 0.000000000000e+00 0.000000000000e+00 -0.000000000000e+00 5.867179715825e-03 0.000000000000e+00 0.000000000000e+00 0.000000000000e+00 0.000000000000e+00 0.000000000000e+00 0.000000000000e+00 
9.885000000000e+00 7.094102382132e-03 4.832393348842e-02 1.428901701517e-03 1.118177763630e+05 1.175273177756e+05 1.000000000000e+05 8.015560188701e+03 5.296089037819e+02 1.800000000000e+06 0.000000000000e+00 -8.752000000000e-01 -8.752000000000e-01 0.000000000000e+00 0.000000000000e+00 0.000000000000e+00 -0.000000000000e+00 5.861231875740e-03 0.000000000000e+00 0.000000000000e+00 0.000000000000e+00 0.000000000000e+00 0.000000000000e+00 0.000000000000e+00 
9.890000000000e+00 7.086910325367e-03 4.816081058088e-02 1.427913846943e-03 1.115169234857e+05 1.172312052461e+05 1.000000000000e+05 8.017611491601e+03 5.300199538201e+02 1.800000000000e+06 0.000000000000e+00 -8.752000000000e-01 -8.752000000000e-01 0.000000000000e+00 0.000000000000e+00 0.000000000000e+00 -0.000000000000e+00 5.855289713133e-03 0.000000000000e+00 0.000000000000e+00 0.000000000000e+00 0.000000000000e+00 0.000000000000e+00 0.000000000000e+00 
9.895000000000e+00 7.079720869214e-03 4.799274106914e-02 1.427748669963e-03 1.112121128691e+05 1.169344390993e+05 1.000000000000e+05 8.019664965641e+03 5.304314428167e+02 1.800000000000e+06 0.000000000000e+00 -8.752000000000e-01 -8.752000000000e-01 0.000000000000e+00 0.000000000000e+00 0.000000000000e+00 -0.000000000000e+00 5.849349699143e-03 0.000000000000e+00 0.000000000000e+00 0.000000000000e+00 0.000000000000e+00 0.000000000000e+00 0.000000000000e+00 
9.900000000000e+00 7.072530058158e-03 4.782008796145e-02 1.428346551955e-03 1.109033982774e+05 1.166368536937e+05 1.000000000000e+05 8.021721725583e+03 5.308435985179e+02 1.800000000000e+06 0.000000000000e+00 -8.752000000000e-01 -8.752000000000e-01 0.000000000000e+00 0.000000000000e+00 0.000000000000e+00 -0.000000000000e+00 5.843408565680e-03 0.000000000000e+00 0.000000000000e+00 0.000000000000e+00 0.000000000000e+00 0.000000000000e+00 0.000000000000e+00 
9.905000000000e+00 7.065334253714e-03 4.764322173132e-02 1.429644278426e-03 1.105908611225e+05 1.163382948646e+05 1.000000000000e+05 8.023782799743e+03 5.312566317631e+02 1.800000000000e+06 0.000000000000e+00 -8.752000000000e-01 -8.752000000000e-01 0.000000000000e+00 0.000000000000e+00 0.000000000000e+00 -0.000000000000e+00 5.837463306588e-03 0.000000000000e+00 0.000000000000e+00 0.000000000000e+00 0.000000000000e+00 0.000000000000e+00 0.000000000000e+00 
9.910000000000e+00 7.058130137042e-03 4.746250845274e-02 1.431577161772e-03 1.102746022864e+05 1.160386201869e+05 1.000000000000e+05 8.025849129460e+03 5.316707362136e+02 1.800000000000e+06 0.000000000000e+00 -8.752000000000e-01 -8.752000000000e-01 0.000000000000e+00 0.000000000000e+00 0.000000000000e+00 -0.000000000000e+00 5.831511179805e-03 0.000000000000e+00 0.000000000000e+00 0.000000000000e+00 0.000000000000e+00 0.000000000000e+00 0.000000000000e+00 
9.915000000000e+00 7.050914713329e-03 4.727830571841e-02 1.434080567626e-03 1.099547363556e+05 1.157376993135e+05 1.000000000000e+05 8.027921567839e+03 5.320860879779e+02 1.800000000000e+06 0.000000000000e+00 -8.752000000000e-01 -8.752000000000e-01 0.000000000000e+00 0.000000000000e+00 0.000000000000e+00 -0.000000000000e+00 5.825549710985e-03 0.000000000000e+00 0.000000000000e+00 0.000000000000e+00 0.000000000000e+00 0.000000000000e+00 0.000000000000e+00 
9.920000000000e+00 7.043685311969e-03 4.709096484551e-02 1.437090171054e-03 1.096313907568e+05 1.154354141407e+05 1.000000000000e+05 8.030000879238e+03 5.325028454778e+02 1.800000000000e+06 0.000000000000e+00 -8.752000000000e-01 -8.752000000000e-01 0.000000000000e+00 0.000000000000e+00 0.000000000000e+00 -0.000000000000e+00 5.819576693642e-03 0.000000000000e+00 0.000000000000e+00 0.000000000000e+00 0.000000000000e+00 0.000000000000e+00 0.000000000000e+00 
9.925000000000e+00 7.036439588423e-03 4.690084717997e-02 1.440540459824e-03 1.093047120533e+05 1.151316590467e+05 1.000000000000e+05 8.032087737632e+03 5.329211492154e+02 1.800000000000e+06 0.000000000000e+00 -8.752000000000e-01 -8.752000000000e-01 0.000000000000e+00 0.000000000000e+00 0.000000000000e+00 -0.000000000000e+00 5.813590190695e-03 0.000000000000e+00 0.000000000000e+00 0.000000000000e+00 0.000000000000e+00 0.000000000000e+00 0.000000000000e+00 
9.930000000000e+00 7.029175516032e-03 4.670830934187e-02 1.444371035833e-03 1.089748402785e+05 1.148263407084e+05 1.000000000000e+05 8.034182730695e+03 5.333411221210e+02 1.800000000000e+06 0.000000000000e+00 -8.752000000000e-01 -8.752000000000e-01 0.000000000000e+00 0.000000000000e+00 0.000000000000e+00 -0.000000000000e+00 5.807588527694e-03 0.000000000000e+00 0.000000000000e+00 0.000000000000e+00 0.000000000000e+00 0.000000000000e+00 0.000000000000e+00 
9.935000000000e+00 7.021891241720e-03 4.651367960024e-02 1.448524618651e-03 1.086419107864e+05 1.145193721733e+05 1.000000000000e+05 8.036286400199e+03 5.337628777890e+02 1.800000000000e+06 0.000000000000e+00 -8.752000000000e-01 -8.752000000000e-01 0.000000000000e+00 0.000000000000e+00 0.000000000000e+00 -0.000000000000e+00 5.801570173609e-03 0.000000000000e+00 0.000000000000e+00 0.000000000000e+00 0.000000000000e+00 0.000000000000e+00 0.000000000000e+00 
9.940000000000e+00 7.014585353442e-03 4.631733718985e-02 1.452921689091e-03 1.083061689516e+05 1.142106842562e+05 1.000000000000e+05 8.038399155155e+03 5.341865048946e+02 1.800000000000e+06 0.000000000000e+00 -8.752000000000e-01 -8.752000000000e-01 0.000000000000e+00 0.000000000000e+00 0.000000000000e+00 -0.000000000000e+00 5.795533961794e-03 0.000000000000e+00 0.000000000000e+00 0.000000000000e+00 0.000000000000e+00 0.000000000000e+00 0.000000000000e+00 
9.945000000000e+00 7.007256843832e-03 4.611962705293e-02 1.457502213789e-03 1.079677997233e+05 1.139002242303e+05 1.000000000000e+05 8.040521296709e+03 5.346120691261e+02 1.800000000000e+06 0.000000000000e+00 -8.752000000000e-01 -8.752000000000e-01 0.000000000000e+00 0.000000000000e+00 0.000000000000e+00 -0.000000000000e+00 5.789479059951e-03 0.000000000000e+00 0.000000000000e+00 0.000000000000e+00 0.000000000000e+00 0.000000000000e+00 0.000000000000e+00 
9.950000000000e+00 6.999904986641e-03 4.592085924057e-02 1.462210135521e-03 1.076269850712e+05 1.135879507879e+05 1.000000000000e+05 8.042653047606e+03 5.350396202099e+02 1.800000000000e+06 0.000000000000e+00 -8.752000000000e-01 -8.752000000000e-01 0.000000000000e+00 0.000000000000e+00 0.000000000000e+00 -0.000000000000e+00 5.783404868049e-03 0.000000000000e+00 0.000000000000e+00 0.000000000000e+00 0.000000000000e+00 0.000000000000e+00 0.000000000000e+00 
9.955000000000e+00 6.992529321893e-03 4.572132075983e-02 1.466992812598e-03 1.072839056760e+05 1.132738335589e+05 1.000000000000e+05 8.044794555774e+03 5.354691926584e+02 1.800000000000e+06 0.000000000000e+00 -8.752000000000e-01 -8.752000000000e-01 0.000000000000e+00 0.000000000000e+00 0.000000000000e+00 -0.000000000000e+00 5.777311006048e-03 0.000000000000e+00 0.000000000000e+00 0.000000000000e+00 0.000000000000e+00 0.000000000000e+00 0.000000000000e+00 
9.960000000000e+00 6.985129635762e-03 4.552127774842e-02 1.471799568438e-03 1.069387460388e+05 1.129578523955e+05 1.000000000000e+05 8.046945899161e+03 5.359008068336e+02 1.800000000000e+06 0.000000000000e+00 -8.752000000000e-01 -8.752000000000e-01 0.000000000000e+00 0.000000000000e+00 0.000000000000e+00 -0.000000000000e+00 5.771197297287e-03 0.000000000000e+00 0.000000000000e+00 0.000000000000e+00 0.000000000000e+00 0.000000000000e+00 0.000000000000e+00 
9.965000000000e+00 6.977705959154e-03 4.532102163484e-02 1.476582977658e-03 1.065916892520e+05 1.126399974482e+05 1.000000000000e+05 8.049107086146e+03 5.363344689247e+02 1.800000000000e+06 0.000000000000e+00 -8.752000000000e-01 -8.752000000000e-01 0.000000000000e+00 0.000000000000e+00 0.000000000000e+00 -0.000000000000e+00 5.765063767299e-03 0.000000000000e+00 0.000000000000e+00 0.000000000000e+00 0.000000000000e+00 0.000000000000e+00 0.000000000000e+00 
9.970000000000e+00 6.970258551031e-03 4.512078167203e-02 1.481298886463e-03 1.062429162381e+05 1.123202685877e+05 1.000000000000e+05 8.051278059951e+03 5.367701718181e+02 1.800000000000e+06 0.000000000000e+00 -8.752000000000e-01 -8.752000000000e-01 0.000000000000e+00 0.000000000000e+00 0.000000000000e+00 -0.000000000000e+00 5.758910630045e-03 0.000000000000e+00 0.000000000000e+00 0.000000000000e+00 0.000000000000e+00 0.000000000000e+00 0.000000000000e+00 
9.975000000000e+00 6.962787879072e-03 4.492077315329e-02 1.485907324151e-03 1.058926011950e+05 1.119986747035e+05 1.000000000000e+05 8.053458704174e+03 5.372078961308e+02 1.800000000000e+06 0.000000000000e+00 -8.752000000000e-01 -8.752000000000e-01 0.000000000000e+00 0.000000000000e+00 0.000000000000e+00 -0.000000000000e+00 5.752738271926e-03 0.000000000000e+00 0.000000000000e+00 0.000000000000e+00 0.000000000000e+00 0.000000000000e+00 0.000000000000e+00 
9.980000000000e+00 6.955294598062e-03 4.472118839609e-02 1.490372619589e-03 1.055409101634e+05 1.116752328925e+05 1.000000000000e+05 8.055648848741e+03 5.376476113856e+02 1.800000000000e+06 0.000000000000e+00 -8.752000000000e-01 -8.752000000000e-01 0.000000000000e+00 0.000000000000e+00 0.000000000000e+00 -0.000000000000e+00 5.746547233935e-03 0.000000000000e+00 0.000000000000e+00 0.000000000000e+00 0.000000000000e+00 0.000000000000e+00 0.000000000000e+00 
9.985000000000e+00 6.947779532366e-03 4.452220665791e-02 1.494661799243e-03 1.051880068399e+05 1.113499678129e+05 1.000000000000e+05 8.057848274075e+03 5.380892769560e+02 1.800000000000e+06 0.000000000000e+00 -8.752000000000e-01 -8.752000000000e-01 0.000000000000e+00 0.000000000000e+00 0.000000000000e+00 -0.000000000000e+00 5.740338197174e-03 0.000000000000e+00 0.000000000000e+00 0.000000000000e+00 0.000000000000e+00 0.000000000000e+00 0.000000000000e+00 
9.990000000000e+00 6.940243661953e-03 4.432400398222e-02 1.498745135495e-03 1.048340497192e+05 1.110229111811e+05 1.000000000000e+05 8.060056715051e+03 5.385328428104e+02 1.800000000000e+06 0.000000000000e+00 -8.752000000000e-01 -8.752000000000e-01 0.000000000000e+00 0.000000000000e+00 0.000000000000e+00 -0.000000000000e+00 5.734111971303e-03 0.000000000000e+00 0.000000000000e+00 0.000000000000e+00 0.000000000000e+00 0.000000000000e+00 0.000000000000e+00 
9.995000000000e+00 6.932688104888e-03 4.412672459426e-02 1.502596288782e-03 1.044791907264e+05 1.106941011073e+05 1.000000000000e+05 8.062273865860e+03 5.389782504706e+02 1.800000000000e+06 0.000000000000e+00 -8.752000000000e-01 -8.752000000000e-01 0.000000000000e+00 0.000000000000e+00 0.000000000000e+00 -0.000000000000e+00 5.727869480083e-03 0.000000000000e+00 0.000000000000e+00 0.000000000000e+00 0.000000000000e+00 0.000000000000e+00 0.000000000000e+00 
1.000000000000e+01 6.925114098251e-03 4.393050162822e-02 1.506192018669e-03 1.041235755424e+05 1.103635813506e+05 1.000000000000e+05 8.064499385224e+03 5.394254340720e+02 1.800000000000e+06 0.000000000000e+00 -8.752000000000e-01 -8.752000000000e-01 0.000000000000e+00 0.000000000000e+00 0.000000000000e+00 -0.000000000000e+00 5.721611745604e-03 0.000000000000e+00 0.000000000000e+00 0.000000000000e+00 0.000000000000e+00 0.000000000000e+00 0.000000000000e+00 
