9.000000000000e+00 1.216906593055e-01 1.819214056573e+00 1.990715530810e-02 1.064006489183e+05 1.063531622189e+05 1.006171407207e+05 4.350413366976e+03 6.154283819021e+02 3.400000000000e+06 0.000000000000e+00 -8.752000000000e-01 -8.752000000000e-01 0.000000000000e+00 0.000000000000e+00 0.000000000000e+00 -0.000000000000e+00 1.280440069390e-01 0.000000000000e+00 0.000000000000e+00 0.000000000000e+00 0.000000000000e+00 0.000000000000e+00 0.000000000000e+00 
9.005000000000e+00 1.215907221195e-01 1.794187908160e+00 2.047565427260e-02 1.060598579714e+05 1.060339452098e+05 1.006125572035e+05 4.351340216261e+03 6.157698748525e+02 3.400000000000e+06 0.000000000000e+00 -8.752000000000e-01 -8.752000000000e-01 0.000000000000e+00 0.000000000000e+00 0.000000000000e+00 -0.000000000000e+00 1.279394238839e-01 0.000000000000e+00 0.000000000000e+00 0.000000000000e+00 0.000000000000e+00 0.000000000000e+00 0.000000000000e+00 
9.010000000000e+00 1.214880381199e-01 1.769496005339e+00 2.101747752405e-02 1.057102180148e+05 1.057052683356e+05 1.006078814128e+05 4.352293402544e+03 6.161215226125e+02 3.400000000000e+06 0.000000000000e+00 -8.752000000000e-01 -8.752000000000e-01 0.000000000000e+00 0.000000000000e+00 0.000000000000e+00 -0.000000000000e+00 1.278319626700e-01 0.000000000000e+00 0.000000000000e+00 0.000000000000e+00 0.000000000000e+00 0.000000000000e+00 0.000000000000e+00 
9.015000000000e+00 1.213827395577e-01 1.745196659560e+00 2.153155781912e-02 1.053521371013e+05 1.053674984594e+05 1.006031218011e+05 4.353271781910e+03 6.164829317765e+02 3.400000000000e+06 0.000000000000e+00 -8.752000000000e-01 -8.752000000000e-01 0.000000000000e+00 0.000000000000e+00 0.000000000000e+00 -0.000000000000e+00 1.277217596518e-01 0.000000000000e+00 0.000000000000e+00 0.000000000000e+00 0.000000000000e+00 0.000000000000e+00 0.000000000000e+00 
9.020000000000e+00 1.212749647530e-01 1.721344251434e+00 2.201730136117e-02 1.049860317547e+05 1.050210239454e+05 1.005982869456e+05 4.354274153052e+03 6.168536852898e+02 3.400000000000e+06 0.000000000000e+00 -8.752000000000e-01 -8.752000000000e-01 0.000000000000e+00 0.000000000000e+00 0.000000000000e+00 -0.000000000000e+00 1.276089622232e-01 0.000000000000e+00 0.000000000000e+00 0.000000000000e+00 0.000000000000e+00 0.000000000000e+00 0.000000000000e+00 
9.025000000000e+00 1.211648559000e-01 1.697986443516e+00 2.247425166181e-02 1.046123298008e+05 1.046662480305e+05 1.005933854314e+05 4.355299275404e+03 6.172333495435e+02 3.400000000000e+06 0.000000000000e+00 -8.752000000000e-01 -8.752000000000e-01 0.000000000000e+00 0.000000000000e+00 0.000000000000e+00 -0.000000000000e+00 1.274937239354e-01 0.000000000000e+00 0.000000000000e+00 0.000000000000e+00 0.000000000000e+00 0.000000000000e+00 0.000000000000e+00 
9.030000000000e+00 1.210525579597e-01 1.675167337687e+00 2.290124002589e-02 1.042314915626e+05 1.043035856215e+05 1.005884257872e+05 4.356345874815e+03 6.176214778154e+02 3.400000000000e+06 0.000000000000e+00 -8.752000000000e-01 -8.752000000000e-01 0.000000000000e+00 0.000000000000e+00 0.000000000000e+00 -0.000000000000e+00 1.273761949961e-01 0.000000000000e+00 0.000000000000e+00 0.000000000000e+00 0.000000000000e+00 0.000000000000e+00 0.000000000000e+00 
9.035000000000e+00 1.209382196830e-01 1.652926229257e+00 2.329791675847e-02 1.038439694643e+05 1.039334669435e+05 1.005834165171e+05 4.357412640818e+03 6.180176063870e+02 3.400000000000e+06 0.000000000000e+00 -8.752000000000e-01 -8.752000000000e-01 0.000000000000e+00 0.000000000000e+00 0.000000000000e+00 -0.000000000000e+00 1.272565310260e-01 0.000000000000e+00 0.000000000000e+00 0.000000000000e+00 0.000000000000e+00 0.000000000000e+00 0.000000000000e+00 
9.040000000000e+00 1.208219897076e-01 1.631296781518e+00 2.366448937856e-02 1.034502029091e+05 1.035563252325e+05 1.005783659175e+05 4.358498261261e+03 6.184212677469e+02 3.400000000000e+06 0.000000000000e+00 -8.752000000000e-01 -8.752000000000e-01 0.000000000000e+00 0.000000000000e+00 0.000000000000e+00 -0.000000000000e+00 1.271348861250e-01 0.000000000000e+00 0.000000000000e+00 0.000000000000e+00 0.000000000000e+00 0.000000000000e+00 0.000000000000e+00 
9.045000000000e+00 1.207039942699e-01 1.610310474726e+00 2.400119886645e-02 1.030505597935e+05 1.031725243623e+05 1.005732811155e+05 4.359601627754e+03 6.188320680954e+02 3.400000000000e+06 0.000000000000e+00 -8.752000000000e-01 -8.752000000000e-01 0.000000000000e+00 0.000000000000e+00 0.000000000000e+00 -0.000000000000e+00 1.270114146349e-01 0.000000000000e+00 0.000000000000e+00 0.000000000000e+00 0.000000000000e+00 0.000000000000e+00 0.000000000000e+00 
9.050000000000e+00 1.205844203157e-01 1.589988485767e+00 2.430752906446e-02 1.026456343442e+05 1.027826294805e+05 1.005681716403e+05 4.360721055401e+03 6.192493977141e+02 3.400000000000e+06 0.000000000000e+00 -8.752000000000e-01 -8.752000000000e-01 0.000000000000e+00 0.000000000000e+00 0.000000000000e+00 -0.000000000000e+00 1.268862720384e-01 0.000000000000e+00 0.000000000000e+00 0.000000000000e+00 0.000000000000e+00 0.000000000000e+00 0.000000000000e+00 
9.055000000000e+00 1.204634132863e-01 1.570351948479e+00 2.458406320180e-02 1.022358561493e+05 1.023870751258e+05 1.005630449975e+05 4.361855245221e+03 6.196727862455e+02 3.400000000000e+06 0.000000000000e+00 -8.752000000000e-01 -8.752000000000e-01 0.000000000000e+00 0.000000000000e+00 0.000000000000e+00 -0.000000000000e+00 1.267596141401e-01 0.000000000000e+00 0.000000000000e+00 0.000000000000e+00 0.000000000000e+00 0.000000000000e+00 0.000000000000e+00 
9.060000000000e+00 1.203411116985e-01 1.551419834785e+00 2.483161986678e-02 1.018216288182e+05 1.019862771964e+05 1.005579081871e+05 4.363002957940e+03 6.201017829091e+02 3.400000000000e+06 0.000000000000e+00 -8.752000000000e-01 -8.752000000000e-01 0.000000000000e+00 0.000000000000e+00 0.000000000000e+00 -0.000000000000e+00 1.266315946330e-01 0.000000000000e+00 0.000000000000e+00 0.000000000000e+00 0.000000000000e+00 0.000000000000e+00 0.000000000000e+00 
9.065000000000e+00 1.202176589925e-01 1.533202581952e+00 2.505024458947e-02 1.014033987558e+05 1.015806717996e+05 1.005527682054e+05 4.364162898068e+03 6.205359149755e+02 3.400000000000e+06 0.000000000000e+00 -8.752000000000e-01 -8.752000000000e-01 0.000000000000e+00 0.000000000000e+00 0.000000000000e+00 -0.000000000000e+00 1.265023663287e-01 0.000000000000e+00 0.000000000000e+00 0.000000000000e+00 0.000000000000e+00 0.000000000000e+00 0.000000000000e+00 
9.070000000000e+00 1.200931989841e-01 1.515712036067e+00 2.524037399283e-02 1.009816064618e+05 1.011707006092e+05 1.005476318482e+05 4.365333761740e+03 6.209747035004e+02 3.400000000000e+06 0.000000000000e+00 -8.752000000000e-01 -8.752000000000e-01 0.000000000000e+00 0.000000000000e+00 0.000000000000e+00 -0.000000000000e+00 1.263720769446e-01 0.000000000000e+00 0.000000000000e+00 0.000000000000e+00 0.000000000000e+00 0.000000000000e+00 0.000000000000e+00 
9.075000000000e+00 1.199678757132e-01 1.498960099843e+00 2.540014591103e-02 1.005567647140e+05 1.007568105234e+05 1.005425057032e+05 4.366514224959e+03 6.214176637557e+02 3.400000000000e+06 0.000000000000e+00 -8.752000000000e-01 -8.752000000000e-01 0.000000000000e+00 0.000000000000e+00 0.000000000000e+00 -0.000000000000e+00 1.262408786115e-01 0.000000000000e+00 0.000000000000e+00 0.000000000000e+00 0.000000000000e+00 0.000000000000e+00 0.000000000000e+00 
9.080000000000e+00 1.198418480912e-01 1.482977637769e+00 2.552442664209e-02 1.001295369964e+05 1.003395023676e+05 1.005373967414e+05 4.367702800466e+03 6.218642531788e+02 3.400000000000e+06 0.000000000000e+00 -8.752000000000e-01 -8.752000000000e-01 0.000000000000e+00 0.000000000000e+00 0.000000000000e+00 -0.000000000000e+00 1.261089384851e-01 0.000000000000e+00 0.000000000000e+00 0.000000000000e+00 0.000000000000e+00 0.000000000000e+00 0.000000000000e+00 
9.085000000000e+00 1.197153589840e-01 1.467859714792e+00 2.559538578566e-02 9.970124848035e+04 9.991956132286e+04 1.005323150538e+05 4.368897138308e+03 6.223136248973e+02 3.400000000000e+06 0.000000000000e+00 -8.752000000000e-01 -8.752000000000e-01 0.000000000000e+00 0.000000000000e+00 0.000000000000e+00 -0.000000000000e+00 1.259764793100e-01 0.000000000000e+00 0.000000000000e+00 0.000000000000e+00 0.000000000000e+00 0.000000000000e+00 0.000000000000e+00 
9.090000000000e+00 1.195887284046e-01 1.453866362994e+00 2.557302867375e-02 9.927414773161e+04 9.949803805098e+04 1.005272734325e+05 4.370094038210e+03 6.227646481503e+02 3.400000000000e+06 0.000000000000e+00 -8.752000000000e-01 -8.752000000000e-01 0.000000000000e+00 0.000000000000e+00 0.000000000000e+00 -0.000000000000e+00 1.258438697082e-01 0.000000000000e+00 0.000000000000e+00 0.000000000000e+00 0.000000000000e+00 0.000000000000e+00 0.000000000000e+00 
9.095000000000e+00 1.194625884677e-01 1.441547559123e+00 2.538102182400e-02 9.885262892560e+04 9.907703744351e+04 1.005222964668e+05 4.371287149166e+03 6.232150647507e+02 3.400000000000e+06 0.000000000000e+00 -8.752000000000e-01 -8.752000000000e-01 0.000000000000e+00 0.000000000000e+00 0.000000000000e+00 -0.000000000000e+00 1.257117709396e-01 0.000000000000e+00 0.000000000000e+00 0.000000000000e+00 0.000000000000e+00 0.000000000000e+00 0.000000000000e+00 
9.100000000000e+00 1.193380884210e-01 1.431993090933e+00 2.488293911908e-02 9.844465004164e+04 9.866041940940e+04 1.005174279887e+05 4.372464887350e+03 6.236607403124e+02 3.400000000000e+06 0.000000000000e+00 -8.752000000000e-01 -8.752000000000e-01 0.000000000000e+00 0.000000000000e+00 0.000000000000e+00 -0.000000000000e+00 1.255813852059e-01 0.000000000000e+00 0.000000000000e+00 0.000000000000e+00 0.000000000000e+00 0.000000000000e+00 0.000000000000e+00 
9.105000000000e+00 1.192172066910e-01 1.427071702746e+00 2.388365439237e-02 9.806278820881e+04 9.825486914029e+04 1.005127422738e+05 4.373607444333e+03 6.240945210720e+02 3.400000000000e+06 0.000000000000e+00 -8.752000000000e-01 -8.752000000000e-01 0.000000000000e+00 0.000000000000e+00 0.000000000000e+00 -0.000000000000e+00 1.254547824817e-01 0.000000000000e+00 0.000000000000e+00 0.000000000000e+00 0.000000000000e+00 0.000000000000e+00 0.000000000000e+00 
9.110000000000e+00 1.191030252001e-01 1.429602489393e+00 2.212995745944e-02 9.772519685795e+04 9.787085328116e+04 1.005083533210e+05 4.374684131714e+03 6.245052138153e+02 3.400000000000e+06 0.000000000000e+00 -8.752000000000e-01 -8.752000000000e-01 0.000000000000e+00 0.000000000000e+00 0.000000000000e+00 -0.000000000000e+00 1.253351877931e-01 0.000000000000e+00 0.000000000000e+00 0.000000000000e+00 0.000000000000e+00 0.000000000000e+00 0.000000000000e+00 
9.115000000000e+00 1.189999407220e-01 1.443380689093e+00 1.936292736638e-02 9.745481095528e+04 9.752336839110e+04 1.005044215939e+05 4.375651571997e+03 6.248767886114e+02 3.400000000000e+06 0.000000000000e+00 -8.752000000000e-01 -8.752000000000e-01 0.000000000000e+00 0.000000000000e+00 0.000000000000e+00 -0.000000000000e+00 1.252272029379e-01 0.000000000000e+00 0.000000000000e+00 0.000000000000e+00 0.000000000000e+00 0.000000000000e+00 0.000000000000e+00 
9.120000000000e+00 1.189135091774e-01 1.472874445196e+00 1.535965635197e-02 9.727757427561e+04 9.723143864123e+04 1.005011473038e+05 4.376455354182e+03 6.251889184090e+02 3.400000000000e+06 0.000000000000e+00 -8.752000000000e-01 -8.752000000000e-01 0.000000000000e+00 0.000000000000e+00 0.000000000000e+00 -0.000000000000e+00 1.251366441109e-01 0.000000000000e+00 0.000000000000e+00 0.000000000000e+00 0.000000000000e+00 0.000000000000e+00 0.000000000000e+00 
9.125000000000e+00 1.188502832487e-01 1.522743347382e+00 9.981442500863e-03 9.722039256030e+04 9.701755207131e+04 1.004987649100e+05 4.377031845640e+03 6.254175814980e+02 3.400000000000e+06 0.000000000000e+00 -8.752000000000e-01 -8.752000000000e-01 0.000000000000e+00 0.000000000000e+00 0.000000000000e+00 -0.000000000000e+00 1.250703702098e-01 0.000000000000e+00 0.000000000000e+00 0.000000000000e+00 0.000000000000e+00 0.000000000000e+00 0.000000000000e+00 
9.130000000000e+00 1.188172649789e-01 1.598030632783e+00 3.451197521779e-03 9.730090499279e+04 9.690574184758e+04 1.004975250404e+05 4.377314874560e+03 6.255371081027e+02 3.400000000000e+06 0.000000000000e+00 -8.752000000000e-01 -8.752000000000e-01 0.000000000000e+00 0.000000000000e+00 0.000000000000e+00 -0.000000000000e+00 1.250357168542e-01 0.000000000000e+00 0.000000000000e+00 0.000000000000e+00 0.000000000000e+00 0.000000000000e+00 0.000000000000e+00 
9.135000000000e+00 1.188204617897e-01 1.702709885392e+00 -4.450956678081e-03 9.754622484240e+04 9.691657064316e+04 1.004976449557e+05 4.377245766488e+03 6.255255322249e+02 3.400000000000e+06 0.000000000000e+00 -8.752000000000e-01 -8.752000000000e-01 0.000000000000e+00 0.000000000000e+00 0.000000000000e+00 -0.000000000000e+00 1.250389847822e-01 0.000000000000e+00 0.000000000000e+00 0.000000000000e+00 0.000000000000e+00 0.000000000000e+00 0.000000000000e+00 
9.140000000000e+00 1.188683425983e-01 1.839928482704e+00 -1.440468718753e-02 9.800508327035e+04 9.707867389964e+04 1.004994442981e+05 4.376740541629e+03 6.253522390831e+02 3.400000000000e+06 0.000000000000e+00 -8.752000000000e-01 -8.752000000000e-01 0.000000000000e+00 0.000000000000e+00 0.000000000000e+00 -0.000000000000e+00 1.250887437074e-01 0.000000000000e+00 0.000000000000e+00 0.000000000000e+00 0.000000000000e+00 0.000000000000e+00 0.000000000000e+00 
9.145000000000e+00 1.189695665791e-01 2.013741500581e+00 -2.578852386435e-02 9.868752081242e+04 9.742083753588e+04 1.005032686199e+05 4.375720538707e+03 6.249864181768e+02 3.400000000000e+06 0.000000000000e+00 -8.752000000000e-01 -8.752000000000e-01 0.000000000000e+00 0.000000000000e+00 0.000000000000e+00 -0.000000000000e+00 1.251942692752e-01 0.000000000000e+00 0.000000000000e+00 0.000000000000e+00 0.000000000000e+00 0.000000000000e+00 0.000000000000e+00 
9.150000000000e+00 1.191308830442e-01 2.226226324563e+00 -3.845315514385e-02 9.961006346874e+04 9.796462972827e+04 1.005094208284e+05 4.374124163985e+03 6.244049280179e+02 3.400000000000e+06 0.000000000000e+00 -8.752000000000e-01 -8.752000000000e-01 0.000000000000e+00 0.000000000000e+00 0.000000000000e+00 -0.000000000000e+00 1.253626587489e-01 0.000000000000e+00 0.000000000000e+00 0.000000000000e+00 0.000000000000e+00 0.000000000000e+00 0.000000000000e+00 
9.155000000000e+00 1.193582182448e-01 2.477921375795e+00 -5.214927026382e-02 1.007823009268e+05 9.872785399790e+04 1.005182122173e+05 4.371899662112e+03 6.235886061706e+02 3.400000000000e+06 0.000000000000e+00 -8.752000000000e-01 -8.752000000000e-01 0.000000000000e+00 0.000000000000e+00 0.000000000000e+00 -0.000000000000e+00 1.256002380371e-01 0.000000000000e+00 0.000000000000e+00 0.000000000000e+00 0.000000000000e+00 0.000000000000e+00 0.000000000000e+00 
9.160000000000e+00 1.196558376557e-01 2.767543746847e+00 -6.654168669502e-02 1.022044109472e+05 9.972156777092e+04 1.005299396170e+05 4.369013252352e+03 6.225254804222e+02 3.400000000000e+06 0.000000000000e+00 -8.752000000000e-01 -8.752000000000e-01 0.000000000000e+00 0.000000000000e+00 0.000000000000e+00 -0.000000000000e+00 1.259113944088e-01 0.000000000000e+00 0.000000000000e+00 0.000000000000e+00 0.000000000000e+00 0.000000000000e+00 0.000000000000e+00 
9.165000000000e+00 1.200263272922e-01 3.092308300613e+00 -8.130936780445e-02 1.038701504714e+05 1.009499860242e+05 1.005448908712e+05 4.365448873382e+03 6.212109234982e+02 3.400000000000e+06 0.000000000000e+00 -8.752000000000e-01 -8.752000000000e-01 0.000000000000e+00 0.000000000000e+00 0.000000000000e+00 -0.000000000000e+00 1.262983757234e-01 0.000000000000e+00 0.000000000000e+00 0.000000000000e+00 0.000000000000e+00 0.000000000000e+00 0.000000000000e+00 
9.170000000000e+00 1.204700972243e-01 3.447963816687e+00 -9.601267213022e-02 1.057615914837e+05 1.024089498982e+05 1.005633270219e+05 4.361213340674e+03 6.196493722617e+02 3.400000000000e+06 0.000000000000e+00 -8.752000000000e-01 -8.752000000000e-01 0.000000000000e+00 0.000000000000e+00 0.000000000000e+00 -0.000000000000e+00 1.267618525409e-01 0.000000000000e+00 0.000000000000e+00 0.000000000000e+00 0.000000000000e+00 0.000000000000e+00 0.000000000000e+00 
9.175000000000e+00 1.209858935385e-01 3.828810140026e+00 -1.104185957811e-01 1.078607330124e+05 1.040878960965e+05 1.005855002092e+05 4.356329555155e+03 6.178523226073e+02 3.400000000000e+06 0.000000000000e+00 -8.752000000000e-01 -8.752000000000e-01 0.000000000000e+00 0.000000000000e+00 0.000000000000e+00 -0.000000000000e+00 1.273007124376e-01 0.000000000000e+00 0.000000000000e+00 0.000000000000e+00 0.000000000000e+00 0.000000000000e+00 0.000000000000e+00 
9.180000000000e+00 1.215714548936e-01 4.228313336243e+00 -1.242537718280e-01 1.101448236129e+05 1.059723266143e+05 1.006116772595e+05 4.350831089009e+03 6.158357973287e+02 3.400000000000e+06 0.000000000000e+00 -8.752000000000e-01 -8.752000000000e-01 0.000000000000e+00 0.000000000000e+00 0.000000000000e+00 -0.000000000000e+00 1.279125192814e-01 0.000000000000e+00 0.000000000000e+00 0.000000000000e+00 0.000000000000e+00 0.000000000000e+00 0.000000000000e+00 
9.185000000000e+00 1.222231848484e-01 4.639186636307e+00 -1.372437953809e-01 1.125868963368e+05 1.080431105603e+05 1.006421191913e+05 4.344764515058e+03 6.136212025904e+02 3.400000000000e+06 0.000000000000e+00 -8.752000000000e-01 -8.752000000000e-01 0.000000000000e+00 0.000000000000e+00 0.000000000000e+00 -0.000000000000e+00 1.285934737715e-01 0.000000000000e+00 0.000000000000e+00 0.000000000000e+00 0.000000000000e+00 0.000000000000e+00 0.000000000000e+00 
9.190000000000e+00 1.229362123606e-01 5.053808607559e+00 -1.491679557471e-01 1.151580214762e+05 1.102771342809e+05 1.006770719170e+05 4.338187908935e+03 6.112347223133e+02 3.400000000000e+06 0.000000000000e+00 -8.752000000000e-01 -8.752000000000e-01 0.000000000000e+00 0.000000000000e+00 0.000000000000e+00 -0.000000000000e+00 1.293384412457e-01 0.000000000000e+00 0.000000000000e+00 0.000000000000e+00 0.000000000000e+00 0.000000000000e+00 0.000000000000e+00 
9.195000000000e+00 1.237047996591e-01 5.464676853258e+00 -1.598719703466e-01 1.178293644373e+05 1.126490446278e+05 1.007167705605e+05 4.331166361585e+03 6.087055096994e+02 3.400000000000e+06 0.000000000000e+00 -8.752000000000e-01 -8.752000000000e-01 0.000000000000e+00 0.000000000000e+00 0.000000000000e+00 -0.000000000000e+00 1.301414193027e-01 0.000000000000e+00 0.000000000000e+00 0.000000000000e+00 0.000000000000e+00 0.000000000000e+00 0.000000000000e+00 
9.200000000000e+00 1.245229046735e-01 5.864659774569e+00 -1.692052801169e-01 1.205724599216e+05 1.151333546415e+05 1.007614536313e+05 4.323766605622e+03 6.060634574988e+02 3.400000000000e+06 0.000000000000e+00 -8.752000000000e-01 -8.752000000000e-01 0.000000000000e+00 0.000000000000e+00 0.000000000000e+00 -0.000000000000e+00 1.309958045656e-01 0.000000000000e+00 0.000000000000e+00 0.000000000000e+00 0.000000000000e+00 0.000000000000e+00 0.000000000000e+00 
9.205000000000e+00 1.253840623444e-01 6.247238983008e+00 -1.770921074702e-01 1.233610204784e+05 1.177043455452e+05 1.008113430414e+05 4.316057338388e+03 6.033392803374e+02 3.400000000000e+06 0.000000000000e+00 -8.752000000000e-01 -8.752000000000e-01 0.000000000000e+00 0.000000000000e+00 0.000000000000e+00 -0.000000000000e+00 1.318946215688e-01 0.000000000000e+00 0.000000000000e+00 0.000000000000e+00 0.000000000000e+00 0.000000000000e+00 0.000000000000e+00 
9.210000000000e+00 1.262813948601e-01 6.606693154835e+00 -1.835750957706e-01 1.261722417857e+05 1.203363457770e+05 1.008666266657e+05 4.308108532130e+03 6.005641401835e+02 3.400000000000e+06 0.000000000000e+00 -8.752000000000e-01 -8.752000000000e-01 0.000000000000e+00 0.000000000000e+00 0.000000000000e+00 -0.000000000000e+00 1.328307750943e-01 0.000000000000e+00 0.000000000000e+00 0.000000000000e+00 0.000000000000e+00 0.000000000000e+00 0.000000000000e+00 
9.215000000000e+00 1.272079623607e-01 6.938130354818e+00 -1.887174949632e-01 1.289851599842e+05 1.230049411271e+05 1.009274602807e+05 4.299988476446e+03 5.977682410442e+02 3.400000000000e+06 0.000000000000e+00 -8.752000000000e-01 -8.752000000000e-01 0.000000000000e+00 0.000000000000e+00 0.000000000000e+00 -0.000000000000e+00 1.337972839164e-01 0.000000000000e+00 0.000000000000e+00 0.000000000000e+00 0.000000000000e+00 0.000000000000e+00 0.000000000000e+00 
9.220000000000e+00 1.281570985366e-01 7.237629273284e+00 -1.925680056169e-01 1.317806463459e+05 1.256879900243e+05 1.009939739051e+05 4.291760881289e+03 5.949796166754e+02 3.400000000000e+06 0.000000000000e+00 -8.752000000000e-01 -8.752000000000e-01 0.000000000000e+00 0.000000000000e+00 0.000000000000e+00 -0.000000000000e+00 1.347873662808e-01 0.000000000000e+00 0.000000000000e+00 0.000000000000e+00 0.000000000000e+00 0.000000000000e+00 0.000000000000e+00 
9.225000000000e+00 1.291224300131e-01 7.502188402537e+00 -1.951839353859e-01 1.345419847963e+05 1.283656238126e+05 1.010662614051e+05 4.283484638993e+03 5.922239772846e+02 3.400000000000e+06 0.000000000000e+00 -8.752000000000e-01 -8.752000000000e-01 0.000000000000e+00 0.000000000000e+00 0.000000000000e+00 -0.000000000000e+00 1.357944672655e-01 0.000000000000e+00 0.000000000000e+00 0.000000000000e+00 0.000000000000e+00 0.000000000000e+00 0.000000000000e+00 
9.230000000000e+00 1.300979212714e-01 7.729681564481e+00 -1.966249937826e-01 1.372546886467e+05 1.310202782255e+05 1.011443725367e+05 4.275213562754e+03 5.895245120302e+02 3.400000000000e+06 0.000000000000e+00 -8.752000000000e-01 -8.752000000000e-01 0.000000000000e+00 0.000000000000e+00 0.000000000000e+00 -0.000000000000e+00 1.368123497765e-01 0.000000000000e+00 0.000000000000e+00 0.000000000000e+00 0.000000000000e+00 0.000000000000e+00 0.000000000000e+00 
9.235000000000e+00 1.310778505604e-01 7.918783835112e+00 -1.969526378365e-01 1.399062582787e+05 1.336365055020e+05 1.012283004583e+05 4.266996736130e+03 5.869019114460e+02 3.400000000000e+06 0.000000000000e+00 -8.752000000000e-01 -8.752000000000e-01 0.000000000000e+00 0.000000000000e+00 0.000000000000e+00 -0.000000000000e+00 1.378349527313e-01 0.000000000000e+00 0.000000000000e+00 0.000000000000e+00 0.000000000000e+00 0.000000000000e+00 0.000000000000e+00 
9.240000000000e+00 1.320567118135e-01 8.068838044987e+00 -1.961895712444e-01 1.424847352006e+05 1.362005867385e+05 1.013179619261e+05 4.258879658525e+03 5.843745780590e+02 3.400000000000e+06 0.000000000000e+00 -8.752000000000e-01 -8.752000000000e-01 0.000000000000e+00 0.000000000000e+00 0.000000000000e+00 -0.000000000000e+00 1.388564391786e-01 0.000000000000e+00 0.000000000000e+00 0.000000000000e+00 0.000000000000e+00 0.000000000000e+00 0.000000000000e+00 
9.245000000000e+00 1.330291310839e-01 8.179715167085e+00 -1.943708005668e-01 1.449796747330e+05 1.387002005752e+05 1.014131759309e+05 4.250904842616e+03 5.819587568649e+02 3.400000000000e+06 0.000000000000e+00 -8.752000000000e-01 -8.752000000000e-01 0.000000000000e+00 0.000000000000e+00 0.000000000000e+00 -0.000000000000e+00 1.398713344412e-01 0.000000000000e+00 0.000000000000e+00 0.000000000000e+00 0.000000000000e+00 0.000000000000e+00 0.000000000000e+00 
9.250000000000e+00 1.339898884492e-01 8.251770093917e+00 -1.915253386302e-01 1.473816013807e+05 1.411243725625e+05 1.015136510011e+05 4.243111836563e+03 5.796683797777e+02 3.400000000000e+06 0.000000000000e+00 -8.752000000000e-01 -8.752000000000e-01 0.000000000000e+00 0.000000000000e+00 0.000000000000e+00 -0.000000000000e+00 1.408742832864e-01 0.000000000000e+00 0.000000000000e+00 0.000000000000e+00 0.000000000000e+00 0.000000000000e+00 0.000000000000e+00 
9.255000000000e+00 1.349339067188e-01 8.285787983597e+00 -1.876716702680e-01 1.496817420803e+05 1.434633321701e+05 1.016189704567e+05 4.235537474472e+03 5.775150097545e+02 3.400000000000e+06 0.000000000000e+00 -8.752000000000e-01 -8.752000000000e-01 0.000000000000e+00 0.000000000000e+00 0.000000000000e+00 -0.000000000000e+00 1.418600378882e-01 0.000000000000e+00 0.000000000000e+00 0.000000000000e+00 0.000000000000e+00 0.000000000000e+00 0.000000000000e+00 
9.260000000000e+00 1.358562077497e-01 8.282800902682e+00 -1.828370231893e-01 1.518722670264e+05 1.457082927677e+05 1.017285747987e+05 4.228216288689e+03 5.755078654601e+02 3.400000000000e+06 0.000000000000e+00 -8.752000000000e-01 -8.752000000000e-01 0.000000000000e+00 0.000000000000e+00 0.000000000000e+00 -0.000000000000e+00 1.428234278271e-01 0.000000000000e+00 0.000000000000e+00 0.000000000000e+00 0.000000000000e+00 0.000000000000e+00 0.000000000000e+00 
9.265000000000e+00 1.367519157882e-01 8.244288358569e+00 -1.770349442516e-01 1.539456275811e+05 1.478513537880e+05 1.018417505237e+05 4.221180716641e+03 5.736537489994e+02 3.400000000000e+06 0.000000000000e+00 -8.752000000000e-01 -8.752000000000e-01 0.000000000000e+00 0.000000000000e+00 0.000000000000e+00 -0.000000000000e+00 1.437593844983e-01 0.000000000000e+00 0.000000000000e+00 0.000000000000e+00 0.000000000000e+00 0.000000000000e+00 0.000000000000e+00 
9.270000000000e+00 1.376146274330e-01 8.171577140704e+00 -1.703337490081e-01 1.558921265059e+05 1.498815895016e+05 1.019573967140e+05 4.214473633650e+03 5.719601280083e+02 3.400000000000e+06 0.000000000000e+00 -8.752000000000e-01 -8.752000000000e-01 0.000000000000e+00 0.000000000000e+00 0.000000000000e+00 -0.000000000000e+00 1.446630506853e-01 0.000000000000e+00 0.000000000000e+00 0.000000000000e+00 0.000000000000e+00 0.000000000000e+00 0.000000000000e+00 
9.275000000000e+00 1.384389573957e-01 8.066985261378e+00 -1.626367886402e-01 1.577008896644e+05 1.517910871192e+05 1.020743276948e+05 4.208129234724e+03 5.704296921655e+02 3.400000000000e+06 0.000000000000e+00 -8.752000000000e-01 -8.752000000000e-01 0.000000000000e+00 0.000000000000e+00 0.000000000000e+00 -0.000000000000e+00 1.455293392597e-01 0.000000000000e+00 0.000000000000e+00 0.000000000000e+00 0.000000000000e+00 0.000000000000e+00 0.000000000000e+00 
9.280000000000e+00 1.392226032192e-01 7.932195912229e+00 -1.540574349481e-01 1.593734707871e+05 1.535793287938e+05 1.021916264238e+05 4.202156277274e+03 5.690574177297e+02 3.400000000000e+06 0.000000000000e+00 -8.752000000000e-01 -8.752000000000e-01 0.000000000000e+00 0.000000000000e+00 0.000000000000e+00 -0.000000000000e+00 1.463533246677e-01 0.000000000000e+00 0.000000000000e+00 0.000000000000e+00 0.000000000000e+00 0.000000000000e+00 0.000000000000e+00 
9.285000000000e+00 1.399612759926e-01 7.769414030277e+00 -1.446152956137e-01 1.609042180522e+05 1.552412861168e+05 1.023079497472e+05 4.196578835902e+03 5.678403444180e+02 3.400000000000e+06 0.000000000000e+00 -8.752000000000e-01 -8.752000000000e-01 0.000000000000e+00 0.000000000000e+00 0.000000000000e+00 -0.000000000000e+00 1.471303875188e-01 0.000000000000e+00 0.000000000000e+00 0.000000000000e+00 0.000000000000e+00 0.000000000000e+00 0.000000000000e+00 
9.290000000000e+00 1.406509454008e-01 7.580952290051e+00 -1.343877642783e-01 1.622892733104e+05 1.567726271968e+05 1.024218390863e+05 4.191418308128e+03 5.667733249469e+02 3.400000000000e+06 0.000000000000e+00 -8.752000000000e-01 -8.752000000000e-01 0.000000000000e+00 0.000000000000e+00 0.000000000000e+00 -0.000000000000e+00 1.478562078364e-01 0.000000000000e+00 0.000000000000e+00 0.000000000000e+00 0.000000000000e+00 0.000000000000e+00 0.000000000000e+00 
9.295000000000e+00 1.412878638193e-01 7.369382227841e+00 -1.234532519399e-01 1.635252025254e+05 1.581696588887e+05 1.025317492218e+05 4.186693690074e+03 5.658493294183e+02 3.400000000000e+06 0.000000000000e+00 -8.752000000000e-01 -8.752000000000e-01 0.000000000000e+00 0.000000000000e+00 0.000000000000e+00 -0.000000000000e+00 1.485268330816e-01 0.000000000000e+00 0.000000000000e+00 0.000000000000e+00 0.000000000000e+00 0.000000000000e+00 0.000000000000e+00 
9.300000000000e+00 1.418687569707e-01 7.137572629752e+00 -1.119049317627e-01 1.646096885705e+05 1.594296338458e+05 1.026361144536e+05 4.182420336516e+03 5.650596014171e+02 3.400000000000e+06 0.000000000000e+00 -8.752000000000e-01 -8.752000000000e-01 0.000000000000e+00 0.000000000000e+00 0.000000000000e+00 -0.000000000000e+00 1.491387758942e-01 0.000000000000e+00 0.000000000000e+00 0.000000000000e+00 0.000000000000e+00 0.000000000000e+00 0.000000000000e+00 
9.305000000000e+00 1.423910831448e-01 6.888347690592e+00 -9.991240057842e-02 1.655434577431e+05 1.605511902650e+05 1.027334401556e+05 4.178608073738e+03 5.643938703217e+02 3.400000000000e+06 0.000000000000e+00 -8.752000000000e-01 -8.752000000000e-01 0.000000000000e+00 0.000000000000e+00 0.000000000000e+00 -0.000000000000e+00 1.496892809555e-01 0.000000000000e+00 0.000000000000e+00 0.000000000000e+00 0.000000000000e+00 0.000000000000e+00 0.000000000000e+00 
9.310000000000e+00 1.428529828523e-01 6.624811072541e+00 -8.759961746393e-02 1.663273312442e+05 1.615341246432e+05 1.028223452686e+05 4.175262336775e+03 5.638410501124e+02 3.400000000000e+06 0.000000000000e+00 -8.752000000000e-01 -8.752000000000e-01 0.000000000000e+00 0.000000000000e+00 0.000000000000e+00 -0.000000000000e+00 1.501763074406e-01 0.000000000000e+00 0.000000000000e+00 0.000000000000e+00 0.000000000000e+00 0.000000000000e+00 0.000000000000e+00 
9.315000000000e+00 1.432532099205e-01 6.350104497284e+00 -7.510023132719e-02 1.669633217122e+05 1.623791566587e+05 1.029015973035e+05 4.172384685391e+03 5.633898963047e+02 3.400000000000e+06 0.000000000000e+00 -8.752000000000e-01 -8.752000000000e-01 0.000000000000e+00 0.000000000000e+00 0.000000000000e+00 -0.000000000000e+00 1.505984605783e-01 0.000000000000e+00 0.000000000000e+00 0.000000000000e+00 0.000000000000e+00 0.000000000000e+00 0.000000000000e+00 
9.320000000000e+00 1.435913376258e-01 6.067588771084e+00 -6.255256301537e-02 1.674549946302e+05 1.630882983005e+05 1.029701974995e+05 4.169971501192e+03 5.630292894898e+02 3.400000000000e+06 0.000000000000e+00 -8.752000000000e-01 -8.752000000000e-01 0.000000000000e+00 0.000000000000e+00 0.000000000000e+00 -0.000000000000e+00 1.509551762703e-01 0.000000000000e+00 0.000000000000e+00 0.000000000000e+00 0.000000000000e+00 0.000000000000e+00 0.000000000000e+00 
9.325000000000e+00 1.438691192078e-01 5.780722089111e+00 -5.016141456373e-02 1.678119599022e+05 1.636676320153e+05 1.030277057667e+05 4.168004049393e+03 5.627473523924e+02 3.400000000000e+06 0.000000000000e+00 -8.752000000000e-01 -8.752000000000e-01 0.000000000000e+00 0.000000000000e+00 0.000000000000e+00 -0.000000000000e+00 1.512467127376e-01 0.000000000000e+00 0.000000000000e+00 0.000000000000e+00 0.000000000000e+00 0.000000000000e+00 0.000000000000e+00 
9.330000000000e+00 1.440869071914e-01 5.493124511262e+00 -3.807327919781e-02 1.680389549765e+05 1.641198099619e+05 1.030735326328e+05 4.166475046638e+03 5.625354566997e+02 3.400000000000e+06 0.000000000000e+00 -8.752000000000e-01 -8.752000000000e-01 0.000000000000e+00 0.000000000000e+00 0.000000000000e+00 -0.000000000000e+00 1.514745029684e-01 0.000000000000e+00 0.000000000000e+00 0.000000000000e+00 0.000000000000e+00 0.000000000000e+00 0.000000000000e+00 
9.335000000000e+00 1.442456258378e-01 5.208082666894e+00 -2.644446736042e-02 1.681419361644e+05 1.644482254729e+05 1.031073448342e+05 4.165373989158e+03 5.623861522623e+02 3.400000000000e+06 0.000000000000e+00 -8.752000000000e-01 -8.752000000000e-01 0.000000000000e+00 0.000000000000e+00 0.000000000000e+00 -0.000000000000e+00 1.516405134819e-01 0.000000000000e+00 0.000000000000e+00 0.000000000000e+00 0.000000000000e+00 0.000000000000e+00 0.000000000000e+00 
9.340000000000e+00 1.443479144421e-01 4.928527730354e+00 -1.542388507173e-02 1.681303392910e+05 1.646593788312e+05 1.031293227206e+05 4.164678986781e+03 5.622922359569e+02 3.400000000000e+06 0.000000000000e+00 -8.752000000000e-01 -8.752000000000e-01 0.000000000000e+00 0.000000000000e+00 0.000000000000e+00 -0.000000000000e+00 1.517475048682e-01 0.000000000000e+00 0.000000000000e+00 0.000000000000e+00 0.000000000000e+00 0.000000000000e+00 0.000000000000e+00 
9.345000000000e+00 1.443970378170e-01 4.657159382075e+00 -5.101546553948e-03 1.680135161357e+05 1.647606450664e+05 1.031399299059e+05 4.164364788509e+03 5.622477787386e+02 3.400000000000e+06 0.000000000000e+00 -8.752000000000e-01 -8.752000000000e-01 0.000000000000e+00 0.000000000000e+00 0.000000000000e+00 -0.000000000000e+00 1.517988911444e-01 0.000000000000e+00 0.000000000000e+00 0.000000000000e+00 0.000000000000e+00 0.000000000000e+00 0.000000000000e+00 
9.350000000000e+00 1.443970354520e-01 4.395860100324e+00 4.327561606588e-03 1.678047633749e+05 1.647606401932e+05 1.031399293944e+05 4.164400954705e+03 5.622477808688e+02 3.400000000000e+06 0.000000000000e+00 -8.752000000000e-01 -8.752000000000e-01 0.000000000000e+00 0.000000000000e+00 0.000000000000e+00 -0.000000000000e+00 1.517989053506e-01 0.000000000000e+00 0.000000000000e+00 0.000000000000e+00 0.000000000000e+00 0.000000000000e+00 0.000000000000e+00 
9.355000000000e+00 1.443518899211e-01 4.147165777941e+00 1.286921357031e-02 1.675127171623e+05 1.646675774949e+05 1.031301798750e+05 4.164758861076e+03 5.622886225013e+02 3.400000000000e+06 0.000000000000e+00 -8.752000000000e-01 -8.752000000000e-01 0.000000000000e+00 0.000000000000e+00 0.000000000000e+00 -0.000000000000e+00 1.517517045803e-01 0.000000000000e+00 0.000000000000e+00 0.000000000000e+00 0.000000000000e+00 0.000000000000e+00 0.000000000000e+00 
9.360000000000e+00 1.442649295277e-01 3.912949564422e+00 2.079359001825e-02 1.671386112655e+05 1.644881037849e+05 1.031114811866e+05 4.165416093217e+03 5.623682898649e+02 3.400000000000e+06 0.000000000000e+00 -8.752000000000e-01 -8.752000000000e-01 0.000000000000e+00 0.000000000000e+00 0.000000000000e+00 -0.000000000000e+00 1.516607439001e-01 0.000000000000e+00 0.000000000000e+00 0.000000000000e+00 0.000000000000e+00 0.000000000000e+00 0.000000000000e+00 
9.365000000000e+00 1.441410303059e-01 3.694086331418e+00 2.774565443071e-02 1.667010413595e+05 1.642319057290e+05 1.030850231007e+05 4.166337019991e+03 5.624840566755e+02 3.400000000000e+06 0.000000000000e+00 -8.752000000000e-01 -8.752000000000e-01 0.000000000000e+00 0.000000000000e+00 0.000000000000e+00 -0.000000000000e+00 1.515311452513e-01 0.000000000000e+00 0.000000000000e+00 0.000000000000e+00 0.000000000000e+00 0.000000000000e+00 0.000000000000e+00 
9.370000000000e+00 1.439853902496e-01 3.491513342880e+00 3.379518783265e-02 1.662099599180e+05 1.639092592885e+05 1.030520900082e+05 4.167485472530e+03 5.626332200116e+02 3.400000000000e+06 0.000000000000e+00 -8.752000000000e-01 -8.752000000000e-01 0.000000000000e+00 0.000000000000e+00 0.000000000000e+00 -0.000000000000e+00 1.513683505857e-01 0.000000000000e+00 0.000000000000e+00 0.000000000000e+00 0.000000000000e+00 0.000000000000e+00 0.000000000000e+00 
9.375000000000e+00 1.438022031782e-01 3.305360386115e+00 3.903318090704e-02 1.656725889209e+05 1.635283403677e+05 1.030137563157e+05 4.168832648523e+03 5.628140786625e+02 3.400000000000e+06 0.000000000000e+00 -8.752000000000e-01 -8.752000000000e-01 0.000000000000e+00 0.000000000000e+00 0.000000000000e+00 -0.000000000000e+00 1.511767486719e-01 0.000000000000e+00 0.000000000000e+00 0.000000000000e+00 0.000000000000e+00 0.000000000000e+00 0.000000000000e+00 
9.380000000000e+00 1.435954863147e-01 3.135652716400e+00 4.340232805915e-02 1.650990969685e+05 1.630969721770e+05 1.029710486969e+05 4.170350404378e+03 5.630249832525e+02 3.400000000000e+06 0.000000000000e+00 -8.752000000000e-01 -8.752000000000e-01 0.000000000000e+00 0.000000000000e+00 0.000000000000e+00 -0.000000000000e+00 1.509605418251e-01 0.000000000000e+00 0.000000000000e+00 0.000000000000e+00 0.000000000000e+00 0.000000000000e+00 0.000000000000e+00 
9.385000000000e+00 1.433700448158e-01 2.982177315046e+00 4.699056984990e-02 1.644983072181e+05 1.626246822912e+05 1.029251288785e+05 4.172005283276e+03 5.632631486448e+02 3.400000000000e+06 0.000000000000e+00 -8.752000000000e-01 -8.752000000000e-01 0.000000000000e+00 0.000000000000e+00 0.000000000000e+00 -0.000000000000e+00 1.507238745395e-01 0.000000000000e+00 0.000000000000e+00 0.000000000000e+00 0.000000000000e+00 0.000000000000e+00 0.000000000000e+00 
9.390000000000e+00 1.431280068958e-01 2.844742292025e+00 4.987657142674e-02 1.638731304585e+05 1.621154662685e+05 1.028765801933e+05 4.173783094653e+03 5.635282180540e+02 3.400000000000e+06 0.000000000000e+00 -8.752000000000e-01 -8.752000000000e-01 0.000000000000e+00 0.000000000000e+00 0.000000000000e+00 -0.000000000000e+00 1.504705733667e-01 0.000000000000e+00 0.000000000000e+00 0.000000000000e+00 0.000000000000e+00 0.000000000000e+00 0.000000000000e+00 
9.395000000000e+00 1.428731962378e-01 2.722796644564e+00 5.209377827982e-02 1.632314646129e+05 1.615769505476e+05 1.028262980160e+05 4.175656943582e+03 5.638176398008e+02 3.400000000000e+06 0.000000000000e+00 -8.752000000000e-01 -8.752000000000e-01 0.000000000000e+00 0.000000000000e+00 0.000000000000e+00 -0.000000000000e+00 1.502042146966e-01 0.000000000000e+00 0.000000000000e+00 0.000000000000e+00 0.000000000000e+00 0.000000000000e+00 0.000000000000e+00 
9.400000000000e+00 1.426089545688e-01 2.615616955013e+00 5.369526143362e-02 1.625797303228e+05 1.610158578243e+05 1.027750382896e+05 4.177603274600e+03 5.641288653146e+02 3.400000000000e+06 0.000000000000e+00 -8.752000000000e-01 -8.752000000000e-01 0.000000000000e+00 0.000000000000e+00 0.000000000000e+00 -0.000000000000e+00 1.499281351706e-01 0.000000000000e+00 0.000000000000e+00 0.000000000000e+00 0.000000000000e+00 0.000000000000e+00 0.000000000000e+00 
9.405000000000e+00 1.423382640017e-01 2.522415483938e+00 5.475410266853e-02 1.619231321396e+05 1.604382611464e+05 1.027234451034e+05 4.179600992849e+03 5.644592490894e+02 3.400000000000e+06 0.000000000000e+00 -8.752000000000e-01 -8.752000000000e-01 0.000000000000e+00 0.000000000000e+00 0.000000000000e+00 -0.000000000000e+00 1.496453422884e-01 0.000000000000e+00 0.000000000000e+00 0.000000000000e+00 0.000000000000e+00 0.000000000000e+00 0.000000000000e+00 
9.410000000000e+00 1.420636864966e-01 2.442279305784e+00 5.534212815244e-02 1.612659834835e+05 1.598494463366e+05 1.026720439323e+05 4.181631850507e+03 5.648061783709e+02 3.400000000000e+06 0.000000000000e+00 -8.752000000000e-01 -8.752000000000e-01 0.000000000000e+00 0.000000000000e+00 0.000000000000e+00 -0.000000000000e+00 1.493584584388e-01 0.000000000000e+00 0.000000000000e+00 0.000000000000e+00 0.000000000000e+00 0.000000000000e+00 0.000000000000e+00 
9.415000000000e+00 1.417875815085e-01 2.374145593241e+00 5.552721415569e-02 1.606122681012e+05 1.592543670496e+05 1.026212881044e+05 4.183678857808e+03 5.651668662258e+02 3.400000000000e+06 0.000000000000e+00 -8.752000000000e-01 -8.752000000000e-01 0.000000000000e+00 0.000000000000e+00 0.000000000000e+00 -0.000000000000e+00 1.490697429531e-01 0.000000000000e+00 0.000000000000e+00 0.000000000000e+00 0.000000000000e+00 0.000000000000e+00 0.000000000000e+00 
9.420000000000e+00 1.415115675435e-01 2.316919233636e+00 5.538749513478e-02 1.599640383162e+05 1.586564687313e+05 1.025714664633e+05 4.185730366501e+03 5.655391353934e+02 3.400000000000e+06 0.000000000000e+00 -8.752000000000e-01 -8.752000000000e-01 0.000000000000e+00 0.000000000000e+00 0.000000000000e+00 -0.000000000000e+00 1.487810860127e-01 0.000000000000e+00 0.000000000000e+00 0.000000000000e+00 0.000000000000e+00 0.000000000000e+00 0.000000000000e+00 
9.425000000000e+00 1.412370367559e-01 2.269444865454e+00 5.499822089898e-02 1.593229052656e+05 1.580587732793e+05 1.025228068932e+05 4.187776260066e+03 5.659208566215e+02 3.400000000000e+06 0.000000000000e+00 -8.752000000000e-01 -8.752000000000e-01 0.000000000000e+00 0.000000000000e+00 0.000000000000e+00 -0.000000000000e+00 1.484939828159e-01 0.000000000000e+00 0.000000000000e+00 0.000000000000e+00 0.000000000000e+00 0.000000000000e+00 0.000000000000e+00 
9.430000000000e+00 1.409650360078e-01 2.230520202302e+00 5.443530915855e-02 1.586896670246e+05 1.574636063511e+05 1.024754604179e+05 4.189808886071e+03 5.663101779805e+02 3.400000000000e+06 0.000000000000e+00 -8.752000000000e-01 -8.752000000000e-01 0.000000000000e+00 0.000000000000e+00 0.000000000000e+00 -0.000000000000e+00 1.482095284817e-01 0.000000000000e+00 0.000000000000e+00 0.000000000000e+00 0.000000000000e+00 0.000000000000e+00 0.000000000000e+00 
9.435000000000e+00 1.406962782258e-01 2.198847503836e+00 5.376486498687e-02 1.580645636893e+05 1.568726034315e+05 1.024295094596e+05 4.191822971039e+03 5.667055875478e+02 3.400000000000e+06 0.000000000000e+00 -8.752000000000e-01 -8.752000000000e-01 0.000000000000e+00 0.000000000000e+00 0.000000000000e+00 -0.000000000000e+00 1.479284689388e-01 0.000000000000e+00 0.000000000000e+00 0.000000000000e+00 0.000000000000e+00 0.000000000000e+00 0.000000000000e+00 
9.440000000000e+00 1.404310825225e-01 2.173083888332e+00 5.306831610233e-02 1.574465443402e+05 1.562865586263e+05 1.023849636624e+05 4.193816211069e+03 5.671060786254e+02 3.400000000000e+06 0.000000000000e+00 -8.752000000000e-01 -8.752000000000e-01 0.000000000000e+00 0.000000000000e+00 0.000000000000e+00 -0.000000000000e+00 1.476511378820e-01 0.000000000000e+00 0.000000000000e+00 0.000000000000e+00 0.000000000000e+00 0.000000000000e+00 0.000000000000e+00 
9.445000000000e+00 1.401693643944e-01 2.151803680603e+00 5.242980309344e-02 1.568335154472e+05 1.557053812050e+05 1.023417645111e+05 4.195789342020e+03 5.675112452923e+02 3.400000000000e+06 0.000000000000e+00 -8.752000000000e-01 -8.752000000000e-01 0.000000000000e+00 0.000000000000e+00 0.000000000000e+00 -0.000000000000e+00 1.473774472197e-01 0.000000000000e+00 0.000000000000e+00 0.000000000000e+00 0.000000000000e+00 0.000000000000e+00 0.000000000000e+00 
9.450000000000e+00 1.399106120493e-01 2.133443249242e+00 5.194692120664e-02 1.562220183006e+05 1.551280208848e+05 1.022997873583e+05 4.197746406935e+03 5.679213965225e+02 3.400000000000e+06 0.000000000000e+00 -8.752000000000e-01 -8.752000000000e-01 0.000000000000e+00 0.000000000000e+00 0.000000000000e+00 -0.000000000000e+00 1.471068326599e-01 0.000000000000e+00 0.000000000000e+00 0.000000000000e+00 0.000000000000e+00 0.000000000000e+00 0.000000000000e+00 
9.455000000000e+00 1.396538744038e-01 2.116323782559e+00 5.171373784998e-02 1.556075744469e+05 1.545524182031e+05 1.022588451983e+05 4.199694826091e+03 5.683376508235e+02 3.400000000000e+06 0.000000000000e+00 -8.752000000000e-01 -8.752000000000e-01 0.000000000000e+00 0.000000000000e+00 0.000000000000e+00 -0.000000000000e+00 1.468382456718e-01 0.000000000000e+00 0.000000000000e+00 0.000000000000e+00 0.000000000000e+00 0.000000000000e+00 0.000000000000e+00 
9.460000000000e+00 1.393975908200e-01 2.098612832225e+00 5.182335418061e-02 1.549841960661e+05 1.539750968700e+05 1.022186676326e+05 4.201646751934e+03 5.687622940794e+02 3.400000000000e+06 0.000000000000e+00 -8.752000000000e-01 -8.752000000000e-01 0.000000000000e+00 0.000000000000e+00 0.000000000000e+00 -0.000000000000e+00 1.465700954175e-01 0.000000000000e+00 0.000000000000e+00 0.000000000000e+00 0.000000000000e+00 0.000000000000e+00 0.000000000000e+00 
9.465000000000e+00 1.391396922827e-01 2.078360711379e+00 5.235258943759e-02 1.543449644370e+05 1.533913604262e+05 1.021789237745e+05 4.203618299371e+03 5.691987069263e+02 3.400000000000e+06 0.000000000000e+00 -8.752000000000e-01 -8.752000000000e-01 0.000000000000e+00 0.000000000000e+00 0.000000000000e+00 -0.000000000000e+00 1.463003072821e-01 0.000000000000e+00 0.000000000000e+00 0.000000000000e+00 0.000000000000e+00 0.000000000000e+00 0.000000000000e+00 
9.470000000000e+00 1.388777220412e-01 2.053538423353e+00 5.340243272028e-02 1.536813546950e+05 1.527955379915e+05 1.021392464407e+05 4.205628840085e+03 5.696512376803e+02 3.400000000000e+06 0.000000000000e+00 -8.752000000000e-01 -8.752000000000e-01 0.000000000000e+00 0.000000000000e+00 0.000000000000e+00 -0.000000000000e+00 1.460263261682e-01 0.000000000000e+00 0.000000000000e+00 0.000000000000e+00 0.000000000000e+00 0.000000000000e+00 0.000000000000e+00 
9.475000000000e+00 1.386089162210e-01 2.022194954453e+00 5.503011611968e-02 1.529849990949e+05 1.521811431143e+05 1.020992488630e+05 4.207700159475e+03 5.701251265975e+02 3.400000000000e+06 0.000000000000e+00 -8.752000000000e-01 -8.752000000000e-01 0.000000000000e+00 0.000000000000e+00 0.000000000000e+00 -0.000000000000e+00 1.457452543412e-01 0.000000000000e+00 0.000000000000e+00 0.000000000000e+00 0.000000000000e+00 0.000000000000e+00 0.000000000000e+00 
9.480000000000e+00 1.383303520672e-01 1.982586594122e+00 5.724856317345e-02 1.522480528622e+05 1.515411895441e+05 1.020585505042e+05 4.209855357325e+03 5.706262991286e+02 3.400000000000e+06 0.000000000000e+00 -8.752000000000e-01 -8.752000000000e-01 0.000000000000e+00 0.000000000000e+00 0.000000000000e+00 -0.000000000000e+00 1.454540236095e-01 0.000000000000e+00 0.000000000000e+00 0.000000000000e+00 0.000000000000e+00 0.000000000000e+00 0.000000000000e+00 
9.485000000000e+00 1.380391765201e-01 1.933382384212e+00 6.002060471493e-02 1.514638874248e+05 1.508686985367e+05 1.020168125909e+05 4.212117093358e+03 5.711609885813e+02 3.400000000000e+06 0.000000000000e+00 -8.752000000000e-01 -8.752000000000e-01 0.000000000000e+00 0.000000000000e+00 0.000000000000e+00 -0.000000000000e+00 1.451496391909e-01 0.000000000000e+00 0.000000000000e+00 0.000000000000e+00 0.000000000000e+00 0.000000000000e+00 0.000000000000e+00 
9.490000000000e+00 1.377328444220e-01 1.873801293320e+00 6.326461642760e-02 1.506275511156e+05 1.501572412664e+05 1.019737717717e+05 4.214505777706e+03 5.717352981315e+02 3.400000000000e+06 0.000000000000e+00 -8.752000000000e-01 -8.752000000000e-01 0.000000000000e+00 0.000000000000e+00 0.000000000000e+00 -0.000000000000e+00 1.448294236937e-01 0.000000000000e+00 0.000000000000e+00 0.000000000000e+00 0.000000000000e+00 0.000000000000e+00 0.000000000000e+00 
9.495000000000e+00 1.374093374066e-01 1.803746033474e+00 6.685840963982e-02 1.497362384355e+05 1.494014527595e+05 1.019292672417e+05 4.217037870890e+03 5.723547478497e+02 3.400000000000e+06 0.000000000000e+00 -8.752000000000e-01 -8.752000000000e-01 0.000000000000e+00 0.000000000000e+00 0.000000000000e+00 -0.000000000000e+00 1.444912546020e-01 0.000000000000e+00 0.000000000000e+00 0.000000000000e+00 0.000000000000e+00 0.000000000000e+00 0.000000000000e+00 
9.500000000000e+00 1.370673607811e-01 1.723865066790e+00 7.064604858223e-02 1.487896538135e+05 1.485975139333e+05 1.018832606706e+05 4.219724328075e+03 5.730238069746e+02 3.400000000000e+06 0.000000000000e+00 -8.752000000000e-01 -8.752000000000e-01 0.000000000000e+00 0.000000000000e+00 0.000000000000e+00 -0.000000000000e+00 1.441337708389e-01 0.000000000000e+00 0.000000000000e+00 0.000000000000e+00 0.000000000000e+00 0.000000000000e+00 0.000000000000e+00 
9.505000000000e+00 1.367064686043e-01 1.635476591952e+00 7.445081696571e-02 1.477900679464e+05 1.477434867056e+05 1.018358422558e+05 4.222569586982e+03 5.737455078605e+02 3.400000000000e+06 0.000000000000e+00 -8.752000000000e-01 -8.752000000000e-01 0.000000000000e+00 0.000000000000e+00 0.000000000000e+00 -0.000000000000e+00 1.437564888241e-01 0.000000000000e+00 0.000000000000e+00 0.000000000000e+00 0.000000000000e+00 0.000000000000e+00 0.000000000000e+00 
9.510000000000e+00 1.363271164988e-01 1.540560947673e+00 7.811258171978e-02 1.467416174994e+05 1.468394980869e+05 1.017872239883e+05 4.225571185995e+03 5.745211567630e+02 3.400000000000e+06 0.000000000000e+00 -8.752000000000e-01 -8.752000000000e-01 0.000000000000e+00 0.000000000000e+00 0.000000000000e+00 -0.000000000000e+00 1.433598081585e-01 0.000000000000e+00 0.000000000000e+00 0.000000000000e+00 0.000000000000e+00 0.000000000000e+00 0.000000000000e+00 
9.515000000000e+00 1.359304498697e-01 1.441567389727e+00 8.145758636716e-02 1.456505611106e+05 1.458873043917e+05 1.017376980572e+05 4.228721170869e+03 5.753505689255e+02 3.400000000000e+06 0.000000000000e+00 -8.752000000000e-01 -8.752000000000e-01 0.000000000000e+00 0.000000000000e+00 0.000000000000e+00 -0.000000000000e+00 1.429450064075e-01 0.000000000000e+00 0.000000000000e+00 0.000000000000e+00 0.000000000000e+00 0.000000000000e+00 0.000000000000e+00 
9.520000000000e+00 1.355184170966e-01 1.341186719691e+00 8.435185813762e-02 1.445243440851e+05 1.448906334424e+05 1.016876376347e+05 4.232005283487e+03 5.762316449739e+02 3.400000000000e+06 0.000000000000e+00 -8.752000000000e-01 -8.752000000000e-01 0.000000000000e+00 0.000000000000e+00 0.000000000000e+00 -0.000000000000e+00 1.425141182299e-01 0.000000000000e+00 0.000000000000e+00 0.000000000000e+00 0.000000000000e+00 0.000000000000e+00 0.000000000000e+00 
9.525000000000e+00 1.350935049528e-01 1.242203293284e+00 8.668694451142e-02 1.433713240181e+05 1.438546245134e+05 1.016374511872e+05 4.235404855449e+03 5.771607420264e+02 3.400000000000e+06 0.000000000000e+00 -8.752000000000e-01 -8.752000000000e-01 0.000000000000e+00 0.000000000000e+00 0.000000000000e+00 -0.000000000000e+00 1.420697422855e-01 0.000000000000e+00 0.000000000000e+00 0.000000000000e+00 0.000000000000e+00 0.000000000000e+00 0.000000000000e+00 
9.530000000000e+00 1.346587058163e-01 1.147338445948e+00 8.839308164669e-02 1.422004121011e+05 1.427858169908e+05 1.015875687081e+05 4.238897001151e+03 5.781325971246e+02 3.400000000000e+06 0.000000000000e+00 -8.752000000000e-01 -8.752000000000e-01 0.000000000000e+00 0.000000000000e+00 0.000000000000e+00 -0.000000000000e+00 1.416150056194e-01 0.000000000000e+00 0.000000000000e+00 0.000000000000e+00 0.000000000000e+00 0.000000000000e+00 0.000000000000e+00 
9.535000000000e+00 1.342172677119e-01 1.059027737862e+00 8.940830427840e-02 1.410212205697e+05 1.416915981682e+05 1.015384056336e+05 4.242456384763e+03 5.791407685192e+02 3.400000000000e+06 0.000000000000e+00 -8.752000000000e-01 -8.752000000000e-01 0.000000000000e+00 0.000000000000e+00 0.000000000000e+00 -0.000000000000e+00 1.411533029346e-01 0.000000000000e+00 0.000000000000e+00 0.000000000000e+00 0.000000000000e+00 0.000000000000e+00 0.000000000000e+00 
9.540000000000e+00 1.337725149482e-01 9.793911895119e-01 8.973151305711e-02 1.398423057122e+05 1.405797975665e+05 1.014903403720e+05 4.246056825535e+03 5.801779951620e+02 3.400000000000e+06 0.000000000000e+00 -8.752000000000e-01 -8.752000000000e-01 0.000000000000e+00 0.000000000000e+00 0.000000000000e+00 -0.000000000000e+00 1.406881089733e-01 0.000000000000e+00 0.000000000000e+00 0.000000000000e+00 0.000000000000e+00 0.000000000000e+00 0.000000000000e+00 
9.545000000000e+00 1.333275628075e-01 9.100980460783e-01 8.945812604600e-02 1.386695005613e+05 1.394579874024e+05 1.014436854601e+05 4.249673747399e+03 5.812368756993e+02 3.400000000000e+06 0.000000000000e+00 -8.752000000000e-01 -8.752000000000e-01 0.000000000000e+00 0.000000000000e+00 0.000000000000e+00 -0.000000000000e+00 1.402226831036e-01 0.000000000000e+00 0.000000000000e+00 0.000000000000e+00 0.000000000000e+00 0.000000000000e+00 0.000000000000e+00 
9.550000000000e+00 1.328853037081e-01 8.522061121902e-01 8.863428367007e-02 1.375094613496e+05 1.383334349443e+05 1.013986920568e+05 4.253283713246e+03 5.823099736953e+02 3.400000000000e+06 0.000000000000e+00 -8.752000000000e-01 -8.752000000000e-01 0.000000000000e+00 0.000000000000e+00 0.000000000000e+00 -0.000000000000e+00 1.397600527616e-01 0.000000000000e+00 0.000000000000e+00 0.000000000000e+00 0.000000000000e+00 0.000000000000e+00 0.000000000000e+00 
9.555000000000e+00 1.324483337274e-01 8.062930143271e-01 8.732554444405e-02 1.363677511166e+05 1.372128945920e+05 1.013555491210e+05 4.256865361509e+03 5.833900808657e+02 3.400000000000e+06 0.000000000000e+00 -8.752000000000e-01 -8.752000000000e-01 0.000000000000e+00 0.000000000000e+00 0.000000000000e+00 -0.000000000000e+00 1.393029355133e-01 0.000000000000e+00 0.000000000000e+00 0.000000000000e+00 0.000000000000e+00 0.000000000000e+00 0.000000000000e+00 
9.560000000000e+00 1.320188400628e-01 7.724905422147e-01 8.562965120209e-02 1.352481714631e+05 1.361022849007e+05 1.013143801135e+05 4.260400456087e+03 5.844706006723e+02 3.400000000000e+06 0.000000000000e+00 -8.752000000000e-01 -8.752000000000e-01 0.000000000000e+00 0.000000000000e+00 0.000000000000e+00 -0.000000000000e+00 1.388536213534e-01 0.000000000000e+00 0.000000000000e+00 0.000000000000e+00 0.000000000000e+00 0.000000000000e+00 0.000000000000e+00 
9.565000000000e+00 1.315986094421e-01 7.505010513845e-01 8.360678017460e-02 1.341545012551e+05 1.350066648009e+05 1.012752522375e+05 4.263873607004e+03 5.855456459088e+02 3.400000000000e+06 0.000000000000e+00 -8.752000000000e-01 -8.752000000000e-01 0.000000000000e+00 0.000000000000e+00 0.000000000000e+00 -0.000000000000e+00 1.384139802872e-01 0.000000000000e+00 0.000000000000e+00 0.000000000000e+00 0.000000000000e+00 0.000000000000e+00 0.000000000000e+00 
9.570000000000e+00 1.311890893860e-01 7.397381233347e-01 8.134211351063e-02 1.330890489740e+05 1.339303488296e+05 1.012381895165e+05 4.267272113260e+03 5.866099885384e+02 3.400000000000e+06 0.000000000000e+00 -8.752000000000e-01 -8.752000000000e-01 0.000000000000e+00 0.000000000000e+00 0.000000000000e+00 -0.000000000000e+00 1.379855297399e-01 0.000000000000e+00 0.000000000000e+00 0.000000000000e+00 0.000000000000e+00 0.000000000000e+00 0.000000000000e+00 
9.575000000000e+00 1.307913131721e-01 7.393233064637e-01 7.890769763037e-02 1.320533757160e+05 1.328766671922e+05 1.012031723250e+05 4.270586502119e+03 5.876593487548e+02 3.400000000000e+06 0.000000000000e+00 -8.752000000000e-01 -8.752000000000e-01 0.000000000000e+00 0.000000000000e+00 0.000000000000e+00 -0.000000000000e+00 1.375693534594e-01 0.000000000000e+00 0.000000000000e+00 0.000000000000e+00 0.000000000000e+00 0.000000000000e+00 0.000000000000e+00 
9.580000000000e+00 1.304059854363e-01 7.481984247211e-01 7.636285573680e-02 1.310484912709e+05 1.318481476010e+05 1.011701507870e+05 4.273809894352e+03 5.886902594671e+02 3.400000000000e+06 0.000000000000e+00 -8.752000000000e-01 -8.752000000000e-01 0.000000000000e+00 0.000000000000e+00 0.000000000000e+00 -0.000000000000e+00 1.371661900613e-01 0.000000000000e+00 0.000000000000e+00 0.000000000000e+00 0.000000000000e+00 0.000000000000e+00 0.000000000000e+00 
9.585000000000e+00 1.300335210814e-01 7.651950025819e-01 7.376858986903e-02 1.300745664436e+05 1.308465829149e+05 1.011390523481e+05 4.276937802859e+03 5.897000296701e+02 3.400000000000e+06 0.000000000000e+00 -8.752000000000e-01 -8.752000000000e-01 0.000000000000e+00 0.000000000000e+00 0.000000000000e+00 -0.000000000000e+00 1.367764755516e-01 0.000000000000e+00 0.000000000000e+00 0.000000000000e+00 0.000000000000e+00 0.000000000000e+00 0.000000000000e+00 
9.590000000000e+00 1.296740902802e-01 7.891197247616e-01 7.115388389717e-02 1.291319094262e+05 1.298731216105e+05 1.011097886941e+05 4.279967658122e+03 5.906866748321e+02 3.400000000000e+06 0.000000000000e+00 -8.752000000000e-01 -8.752000000000e-01 0.000000000000e+00 0.000000000000e+00 0.000000000000e+00 -0.000000000000e+00 1.364003895488e-01 0.000000000000e+00 0.000000000000e+00 0.000000000000e+00 0.000000000000e+00 0.000000000000e+00 0.000000000000e+00 
9.595000000000e+00 1.293277112270e-01 8.188286701505e-01 6.854997794515e-02 1.282203295041e+05 1.289284958558e+05 1.010822653574e+05 4.282898210497e+03 5.916486982520e+02 3.400000000000e+06 0.000000000000e+00 -8.752000000000e-01 -8.752000000000e-01 0.000000000000e+00 0.000000000000e+00 0.000000000000e+00 -0.000000000000e+00 1.360379523397e-01 0.000000000000e+00 0.000000000000e+00 0.000000000000e+00 0.000000000000e+00 0.000000000000e+00 0.000000000000e+00 
9.600000000000e+00 1.289942815107e-01 8.532606540484e-01 6.597560268932e-02 1.273395994379e+05 1.280130923696e+05 1.010563851990e+05 4.285729222651e+03 5.925850233365e+02 3.400000000000e+06 0.000000000000e+00 -8.752000000000e-01 -8.752000000000e-01 0.000000000000e+00 0.000000000000e+00 0.000000000000e+00 -0.000000000000e+00 1.356890577837e-01 0.000000000000e+00 0.000000000000e+00 0.000000000000e+00 0.000000000000e+00 0.000000000000e+00 0.000000000000e+00 
9.605000000000e+00 1.286735865578e-01 8.914164162030e-01 6.345228910864e-02 1.264890732965e+05 1.271269642273e+05 1.010320496316e+05 4.288461482419e+03 5.934949827319e+02 3.400000000000e+06 0.000000000000e+00 -8.752000000000e-01 -8.752000000000e-01 0.000000000000e+00 0.000000000000e+00 0.000000000000e+00 -0.000000000000e+00 1.353534822734e-01 0.000000000000e+00 0.000000000000e+00 0.000000000000e+00 0.000000000000e+00 0.000000000000e+00 0.000000000000e+00 
9.610000000000e+00 1.283653310845e-01 9.323966904837e-01 6.098822573431e-02 1.256681936370e+05 1.262699086998e+05 1.010091613041e+05 4.291096476189e+03 5.943782376372e+02 3.400000000000e+06 0.000000000000e+00 -8.752000000000e-01 -8.752000000000e-01 0.000000000000e+00 0.000000000000e+00 0.000000000000e+00 -0.000000000000e+00 1.350309175543e-01 0.000000000000e+00 0.000000000000e+00 0.000000000000e+00 0.000000000000e+00 0.000000000000e+00 0.000000000000e+00 
9.615000000000e+00 1.280692254779e-01 9.754861184250e-01 5.857761441292e-02 1.248767594883e+05 1.254417032391e+05 1.009876303432e+05 4.293635649336e+03 5.952345308595e+02 3.400000000000e+06 0.000000000000e+00 -8.752000000000e-01 -8.752000000000e-01 0.000000000000e+00 0.000000000000e+00 0.000000000000e+00 -0.000000000000e+00 1.347210611004e-01 0.000000000000e+00 0.000000000000e+00 0.000000000000e+00 0.000000000000e+00 0.000000000000e+00 0.000000000000e+00 
9.620000000000e+00 1.277849983873e-01 1.020104525179e+00 5.622007185016e-02 1.241144540805e+05 1.246421422134e+05 1.009673746050e+05 4.296080379699e+03 5.960636422638e+02 3.400000000000e+06 0.000000000000e+00 -8.752000000000e-01 -8.752000000000e-01 0.000000000000e+00 0.000000000000e+00 0.000000000000e+00 -0.000000000000e+00 1.344236294422e-01 0.000000000000e+00 0.000000000000e+00 0.000000000000e+00 0.000000000000e+00 0.000000000000e+00 0.000000000000e+00 
9.625000000000e+00 1.275123870466e-01 1.065794702534e+00 5.391030671668e-02 1.233810909652e+05 1.238710116426e+05 1.009483183448e+05 4.298432010922e+03 5.968654088604e+02 3.400000000000e+06 0.000000000000e+00 -8.752000000000e-01 -8.752000000000e-01 0.000000000000e+00 0.000000000000e+00 0.000000000000e+00 -0.000000000000e+00 1.341383481349e-01 0.000000000000e+00 0.000000000000e+00 0.000000000000e+00 0.000000000000e+00 0.000000000000e+00 0.000000000000e+00 
9.630000000000e+00 1.272511606866e-01 1.112180113741e+00 5.164257005465e-02 1.226765664915e+05 1.231281573182e+05 1.009303932775e+05 4.300691665128e+03 5.976396485515e+02 3.400000000000e+06 0.000000000000e+00 -8.752000000000e-01 -8.752000000000e-01 0.000000000000e+00 0.000000000000e+00 0.000000000000e+00 -0.000000000000e+00 1.338649761318e-01 0.000000000000e+00 0.000000000000e+00 0.000000000000e+00 0.000000000000e+00 0.000000000000e+00 0.000000000000e+00 
9.635000000000e+00 1.270011105054e-01 1.158996402680e+00 4.941366944722e-02 1.220007516768e+05 1.224134590739e+05 1.009135372893e+05 4.302860338087e+03 5.983861816743e+02 3.400000000000e+06 0.000000000000e+00 -8.752000000000e-01 -8.752000000000e-01 0.000000000000e+00 0.000000000000e+00 0.000000000000e+00 -0.000000000000e+00 1.336032952660e-01 0.000000000000e+00 0.000000000000e+00 0.000000000000e+00 0.000000000000e+00 0.000000000000e+00 0.000000000000e+00 
9.640000000000e+00 1.267620465652e-01 1.206042428770e+00 4.722071467545e-02 1.213535441235e+05 1.217268239576e+05 1.008976937413e+05 4.304938912073e+03 5.991048337490e+02 3.400000000000e+06 0.000000000000e+00 -8.752000000000e-01 -8.752000000000e-01 0.000000000000e+00 0.000000000000e+00 0.000000000000e+00 -0.000000000000e+00 1.333531071377e-01 0.000000000000e+00 0.000000000000e+00 0.000000000000e+00 0.000000000000e+00 0.000000000000e+00 0.000000000000e+00 
9.645000000000e+00 1.265337926317e-01 1.253177076377e+00 4.506153778350e-02 1.207348424476e+05 1.210681730694e+05 1.008828107117e+05 4.306928199407e+03 5.997954454805e+02 3.400000000000e+06 0.000000000000e+00 -8.752000000000e-01 -8.752000000000e-01 0.000000000000e+00 0.000000000000e+00 0.000000000000e+00 -0.000000000000e+00 1.331142277179e-01 0.000000000000e+00 0.000000000000e+00 0.000000000000e+00 0.000000000000e+00 0.000000000000e+00 0.000000000000e+00 
9.650000000000e+00 1.263161775750e-01 1.300294716429e+00 4.293532797332e-02 1.201445040668e+05 1.204374179058e+05 1.008688400929e+05 4.308829018139e+03 6.004578943659e+02 3.400000000000e+06 0.000000000000e+00 -8.752000000000e-01 -8.752000000000e-01 0.000000000000e+00 0.000000000000e+00 0.000000000000e+00 -0.000000000000e+00 1.328864783659e-01 0.000000000000e+00 0.000000000000e+00 0.000000000000e+00 0.000000000000e+00 0.000000000000e+00 0.000000000000e+00 
9.655000000000e+00 1.261090318733e-01 1.347304604953e+00 4.084313611629e-02 1.195823209891e+05 1.198344508890e+05 1.008557370923e+05 4.310642223414e+03 6.010921019459e+02 3.400000000000e+06 0.000000000000e+00 -8.752000000000e-01 -8.752000000000e-01 0.000000000000e+00 0.000000000000e+00 0.000000000000e+00 -0.000000000000e+00 1.326696821516e-01 0.000000000000e+00 0.000000000000e+00 0.000000000000e+00 0.000000000000e+00 0.000000000000e+00 0.000000000000e+00 
9.660000000000e+00 1.259121790224e-01 1.394121542375e+00 3.878724413685e-02 1.190480108439e+05 1.192591207297e+05 1.008434594594e+05 4.312368779126e+03 6.016980573860e+02 3.400000000000e+06 0.000000000000e+00 -8.752000000000e-01 -8.752000000000e-01 0.000000000000e+00 0.000000000000e+00 0.000000000000e+00 -0.000000000000e+00 1.324636548509e-01 0.000000000000e+00 0.000000000000e+00 0.000000000000e+00 0.000000000000e+00 0.000000000000e+00 0.000000000000e+00 
9.665000000000e+00 1.257254268197e-01 1.440660051754e+00 3.677165152370e-02 1.185411769467e+05 1.187112068697e+05 1.008319667666e+05 4.314009836669e+03 6.022758424361e+02 3.400000000000e+06 0.000000000000e+00 -8.752000000000e-01 -8.752000000000e-01 0.000000000000e+00 0.000000000000e+00 0.000000000000e+00 -0.000000000000e+00 1.322681958104e-01 0.000000000000e+00 0.000000000000e+00 0.000000000000e+00 0.000000000000e+00 0.000000000000e+00 0.000000000000e+00 
9.670000000000e+00 1.255485621912e-01 1.486827901863e+00 3.480089504022e-02 1.180613240948e+05 1.181904039181e+05 1.008212199538e+05 4.315566775471e+03 6.028256461667e+02 3.400000000000e+06 0.000000000000e+00 -8.752000000000e-01 -8.752000000000e-01 0.000000000000e+00 0.000000000000e+00 0.000000000000e+00 -0.000000000000e+00 1.320830825264e-01 0.000000000000e+00 0.000000000000e+00 0.000000000000e+00 0.000000000000e+00 0.000000000000e+00 0.000000000000e+00 
9.675000000000e+00 1.253813496533e-01 1.532524713213e+00 3.288009949748e-02 1.176078520367e+05 1.176963166883e+05 1.008111811163e+05 4.317041217114e+03 6.033477687043e+02 3.400000000000e+06 0.000000000000e+00 -8.752000000000e-01 -8.752000000000e-01 0.000000000000e+00 0.000000000000e+00 0.000000000000e+00 -0.000000000000e+00 1.319080690292e-01 0.000000000000e+00 0.000000000000e+00 0.000000000000e+00 0.000000000000e+00 0.000000000000e+00 0.000000000000e+00 
9.680000000000e+00 1.252235262496e-01 1.577639579719e+00 3.101486315457e-02 1.171800428773e+05 1.172284448688e+05 1.008018130901e+05 4.318435069906e+03 6.038426360512e+02 3.400000000000e+06 0.000000000000e+00 -8.752000000000e-01 -8.752000000000e-01 0.000000000000e+00 0.000000000000e+00 0.000000000000e+00 -0.000000000000e+00 1.317428806537e-01 0.000000000000e+00 0.000000000000e+00 0.000000000000e+00 0.000000000000e+00 0.000000000000e+00 0.000000000000e+00 
9.685000000000e+00 1.250748067934e-01 1.622045534304e+00 2.920853990138e-02 1.167771513721e+05 1.167861983088e+05 1.007930796576e+05 4.319750469874e+03 6.043107826444e+02 3.400000000000e+06 0.000000000000e+00 -8.752000000000e-01 -8.752000000000e-01 0.000000000000e+00 0.000000000000e+00 0.000000000000e+00 -0.000000000000e+00 1.315872193814e-01 0.000000000000e+00 0.000000000000e+00 0.000000000000e+00 0.000000000000e+00 0.000000000000e+00 0.000000000000e+00 
9.690000000000e+00 1.249348868013e-01 1.665616974638e+00 2.746560343568e-02 1.163983220678e+05 1.163689058926e+05 1.007849455993e+05 4.320989769417e+03 6.047528407113e+02 3.400000000000e+06 0.000000000000e+00 -8.752000000000e-01 -8.752000000000e-01 0.000000000000e+00 0.000000000000e+00 0.000000000000e+00 -0.000000000000e+00 1.314407668367e-01 0.000000000000e+00 0.000000000000e+00 0.000000000000e+00 0.000000000000e+00 0.000000000000e+00 0.000000000000e+00 
9.695000000000e+00 1.248034570653e-01 1.708218523678e+00 2.578782206661e-02 1.160427394490e+05 1.159758595733e+05 1.007773774027e+05 4.322155388620e+03 6.051694923935e+02 3.400000000000e+06 0.000000000000e+00 -8.752000000000e-01 -8.752000000000e-01 0.000000000000e+00 0.000000000000e+00 0.000000000000e+00 -0.000000000000e+00 1.313031800513e-01 0.000000000000e+00 0.000000000000e+00 0.000000000000e+00 0.000000000000e+00 0.000000000000e+00 0.000000000000e+00 
9.700000000000e+00 1.246801862536e-01 1.749718455550e+00 2.417515289278e-02 1.157095514805e+05 1.156062632145e+05 1.007703421155e+05 4.323249972929e+03 6.055615228069e+02 3.400000000000e+06 0.000000000000e+00 -8.752000000000e-01 -8.752000000000e-01 0.000000000000e+00 0.000000000000e+00 0.000000000000e+00 -0.000000000000e+00 1.311740990725e-01 0.000000000000e+00 0.000000000000e+00 0.000000000000e+00 0.000000000000e+00 0.000000000000e+00 0.000000000000e+00 
9.705000000000e+00 1.245647027537e-01 1.789997178828e+00 2.263455788926e-02 1.153975710127e+05 1.152591784417e+05 1.007638062141e+05 4.324276595334e+03 6.059298765756e+02 3.400000000000e+06 0.000000000000e+00 -8.752000000000e-01 -8.752000000000e-01 0.000000000000e+00 0.000000000000e+00 0.000000000000e+00 -0.000000000000e+00 1.310531553802e-01 0.000000000000e+00 0.000000000000e+00 0.000000000000e+00 0.000000000000e+00 0.000000000000e+00 0.000000000000e+00 
9.710000000000e+00 1.244566454005e-01 1.828952874492e+00 2.116781877030e-02 1.151057678223e+05 1.149336776333e+05 1.007577383734e+05 4.325238245197e+03 6.062754946136e+02 3.400000000000e+06 0.000000000000e+00 -8.752000000000e-01 -8.752000000000e-01 0.000000000000e+00 0.000000000000e+00 0.000000000000e+00 -0.000000000000e+00 1.309399768201e-01 0.000000000000e+00 0.000000000000e+00 0.000000000000e+00 0.000000000000e+00 0.000000000000e+00 0.000000000000e+00 
9.715000000000e+00 1.243556513472e-01 1.866496338179e+00 1.977678874154e-02 1.148330883168e+05 1.146288090704e+05 1.007521086185e+05 4.326137958189e+03 6.065993501084e+02 3.400000000000e+06 0.000000000000e+00 -8.752000000000e-01 -8.752000000000e-01 0.000000000000e+00 0.000000000000e+00 0.000000000000e+00 -0.000000000000e+00 1.308341927343e-01 0.000000000000e+00 0.000000000000e+00 0.000000000000e+00 0.000000000000e+00 0.000000000000e+00 0.000000000000e+00 
9.720000000000e+00 1.242613539155e-01 1.902545928870e+00 1.845890605170e-02 1.145785744992e+05 1.143435917759e+05 1.007468880710e+05 4.326978812574e+03 6.069024531753e+02 3.400000000000e+06 0.000000000000e+00 -8.752000000000e-01 -8.752000000000e-01 0.000000000000e+00 0.000000000000e+00 0.000000000000e+00 -0.000000000000e+00 1.307354205897e-01 0.000000000000e+00 0.000000000000e+00 0.000000000000e+00 0.000000000000e+00 0.000000000000e+00 0.000000000000e+00 
9.725000000000e+00 1.241734052351e-01 1.937052625495e+00 1.720955318983e-02 1.143413702688e+05 1.140770854261e+05 1.007420500695e+05 4.327763734272e+03 6.071857757988e+02 3.400000000000e+06 0.000000000000e+00 -8.752000000000e-01 -8.752000000000e-01 0.000000000000e+00 0.000000000000e+00 0.000000000000e+00 -0.000000000000e+00 1.306432955119e-01 0.000000000000e+00 0.000000000000e+00 0.000000000000e+00 0.000000000000e+00 0.000000000000e+00 0.000000000000e+00 
9.730000000000e+00 1.240914635960e-01 1.969973723827e+00 1.602952586227e-02 1.141204764544e+05 1.138283537184e+05 1.007375693327e+05 4.328495642320e+03 6.074502900428e+02 3.400000000000e+06 0.000000000000e+00 -8.752000000000e-01 -8.752000000000e-01 0.000000000000e+00 0.000000000000e+00 0.000000000000e+00 -0.000000000000e+00 1.305574609066e-01 0.000000000000e+00 0.000000000000e+00 0.000000000000e+00 0.000000000000e+00 0.000000000000e+00 0.000000000000e+00 
9.735000000000e+00 1.240151933788e-01 2.001292913664e+00 1.491661628759e-02 1.139149850768e+05 1.135964654985e+05 1.007334218424e+05 4.329177408402e+03 6.076969662632e+02 3.400000000000e+06 0.000000000000e+00 -8.752000000000e-01 -8.752000000000e-01 0.000000000000e+00 0.000000000000e+00 0.000000000000e+00 -0.000000000000e+00 1.304775666345e-01 0.000000000000e+00 0.000000000000e+00 0.000000000000e+00 0.000000000000e+00 0.000000000000e+00 0.000000000000e+00 
9.740000000000e+00 1.239442782688e-01 2.031004396875e+00 1.386421478575e-02 1.137241607737e+05 1.133805362826e+05 1.007295854551e+05 4.329811729086e+03 6.079267284090e+02 3.400000000000e+06 0.000000000000e+00 -8.752000000000e-01 -8.752000000000e-01 0.000000000000e+00 0.000000000000e+00 0.000000000000e+00 -0.000000000000e+00 1.304032873098e-01 0.000000000000e+00 0.000000000000e+00 0.000000000000e+00 0.000000000000e+00 0.000000000000e+00 0.000000000000e+00 
9.745000000000e+00 1.238784189100e-01 2.059111435599e+00 1.287110751006e-02 1.135471622262e+05 1.131797225441e+05 1.007260396665e+05 4.330401190049e+03 6.081404596066e+02 3.400000000000e+06 0.000000000000e+00 -8.752000000000e-01 -8.752000000000e-01 0.000000000000e+00 0.000000000000e+00 0.000000000000e+00 -0.000000000000e+00 1.303343166622e-01 0.000000000000e+00 0.000000000000e+00 0.000000000000e+00 0.000000000000e+00 0.000000000000e+00 0.000000000000e+00 
9.750000000000e+00 1.238173263498e-01 2.085640949397e+00 1.193640980263e-02 1.133831634459e+05 1.129932029522e+05 1.007227651675e+05 4.330948299789e+03 6.083390217195e+02 3.400000000000e+06 0.000000000000e+00 -8.752000000000e-01 -8.752000000000e-01 0.000000000000e+00 0.000000000000e+00 0.000000000000e+00 -0.000000000000e+00 1.302703502925e-01 0.000000000000e+00 0.000000000000e+00 0.000000000000e+00 0.000000000000e+00 0.000000000000e+00 0.000000000000e+00 
9.755000000000e+00 1.237607256294e-01 2.110628967326e+00 1.105637480515e-02 1.132314548451e+05 1.128201903881e+05 1.007197439589e+05 4.331455440684e+03 6.085232422160e+02 3.400000000000e+06 0.000000000000e+00 -8.752000000000e-01 -8.752000000000e-01 0.000000000000e+00 0.000000000000e+00 0.000000000000e+00 -0.000000000000e+00 1.302111148689e-01 0.000000000000e+00 0.000000000000e+00 0.000000000000e+00 0.000000000000e+00 0.000000000000e+00 0.000000000000e+00 
9.760000000000e+00 1.237083560725e-01 2.134114276172e+00 1.022849702654e-02 1.130913306779e+05 1.126599338323e+05 1.007169592951e+05 4.331924883816e+03 6.086939118571e+02 3.400000000000e+06 0.000000000000e+00 -8.752000000000e-01 -8.752000000000e-01 0.000000000000e+00 0.000000000000e+00 0.000000000000e+00 -0.000000000000e+00 1.301563264226e-01 0.000000000000e+00 0.000000000000e+00 0.000000000000e+00 0.000000000000e+00 0.000000000000e+00 0.000000000000e+00 
9.765000000000e+00 1.236599668566e-01 2.156147127156e+00 9.450075095585e-03 1.129621160075e+05 1.125117057133e+05 1.007143953851e+05 4.332358820877e+03 6.088517979137e+02 3.400000000000e+06 0.000000000000e+00 -8.752000000000e-01 -8.752000000000e-01 0.000000000000e+00 0.000000000000e+00 0.000000000000e+00 -0.000000000000e+00 1.301057130739e-01 0.000000000000e+00 0.000000000000e+00 0.000000000000e+00 0.000000000000e+00 0.000000000000e+00 0.000000000000e+00 
9.770000000000e+00 1.236153162959e-01 2.176780494397e+00 8.719405489845e-03 1.128431317460e+05 1.123748004751e+05 1.007120373020e+05 4.332759374987e+03 6.089976454795e+02 3.400000000000e+06 0.000000000000e+00 -8.752000000000e-01 -8.752000000000e-01 0.000000000000e+00 0.000000000000e+00 0.000000000000e+00 -0.000000000000e+00 1.300590162686e-01 0.000000000000e+00 0.000000000000e+00 0.000000000000e+00 0.000000000000e+00 0.000000000000e+00 0.000000000000e+00 
9.775000000000e+00 1.235741661501e-01 2.196061828597e+00 8.033609448251e-03 1.127337381286e+05 1.122485177970e+05 1.007098706357e+05 4.333128641011e+03 6.091321951677e+02 3.400000000000e+06 0.000000000000e+00 -8.752000000000e-01 -8.752000000000e-01 0.000000000000e+00 0.000000000000e+00 0.000000000000e+00 -0.000000000000e+00 1.300159819131e-01 0.000000000000e+00 0.000000000000e+00 0.000000000000e+00 0.000000000000e+00 0.000000000000e+00 0.000000000000e+00 
9.780000000000e+00 1.235363149600e-01 2.214033778613e+00 7.391651800558e-03 1.126333550554e+05 1.121322655817e+05 1.007078832032e+05 4.333468396781e+03 6.092560732133e+02 3.400000000000e+06 0.000000000000e+00 -8.752000000000e-01 -8.752000000000e-01 0.000000000000e+00 0.000000000000e+00 0.000000000000e+00 -0.000000000000e+00 1.299763822974e-01 0.000000000000e+00 0.000000000000e+00 0.000000000000e+00 0.000000000000e+00 0.000000000000e+00 0.000000000000e+00 
9.785000000000e+00 1.235015422208e-01 2.230746656741e+00 6.796057580225e-03 1.125412399655e+05 1.120253891911e+05 1.007060620716e+05 4.333780615526e+03 6.093699732810e+02 3.400000000000e+06 0.000000000000e+00 -8.752000000000e-01 -8.752000000000e-01 0.000000000000e+00 0.000000000000e+00 0.000000000000e+00 -0.000000000000e+00 1.299399876763e-01 0.000000000000e+00 0.000000000000e+00 0.000000000000e+00 0.000000000000e+00 0.000000000000e+00 0.000000000000e+00 
9.790000000000e+00 1.234696214356e-01 2.246227386624e+00 6.242992107906e-03 1.124568064305e+05 1.119272118077e+05 1.007043942250e+05 4.334067301039e+03 6.094746133788e+02 3.400000000000e+06 0.000000000000e+00 -8.752000000000e-01 -8.752000000000e-01 0.000000000000e+00 0.000000000000e+00 0.000000000000e+00 -0.000000000000e+00 1.299065529146e-01 0.000000000000e+00 0.000000000000e+00 0.000000000000e+00 0.000000000000e+00 0.000000000000e+00 0.000000000000e+00 
9.795000000000e+00 1.234403102201e-01 2.260526471472e+00 5.735492510525e-03 1.123792231826e+05 1.118370043116e+05 1.007028660261e+05 4.334330638474e+03 6.095707678839e+02 3.400000000000e+06 0.000000000000e+00 -8.752000000000e-01 -8.752000000000e-01 0.000000000000e+00 0.000000000000e+00 0.000000000000e+00 -0.000000000000e+00 1.298758140891e-01 0.000000000000e+00 0.000000000000e+00 0.000000000000e+00 0.000000000000e+00 0.000000000000e+00 0.000000000000e+00 
9.800000000000e+00 1.234133975721e-01 2.273661782097e+00 5.271567946919e-03 1.123078955324e+05 1.117541311267e+05 1.007014656570e+05 4.334572509841e+03 6.096591120014e+02 3.400000000000e+06 0.000000000000e+00 -8.752000000000e-01 -8.752000000000e-01 0.000000000000e+00 0.000000000000e+00 0.000000000000e+00 -0.000000000000e+00 1.298475701905e-01 0.000000000000e+00 0.000000000000e+00 0.000000000000e+00 0.000000000000e+00 0.000000000000e+00 0.000000000000e+00 
9.805000000000e+00 1.233886578632e-01 2.285633233008e+00 4.854143616883e-03 1.122420431731e+05 1.116779090468e+05 1.007001806941e+05 4.334794956733e+03 6.097403721596e+02 3.400000000000e+06 0.000000000000e+00 -8.752000000000e-01 -8.752000000000e-01 0.000000000000e+00 0.000000000000e+00 0.000000000000e+00 -0.000000000000e+00 1.298215995170e-01 0.000000000000e+00 0.000000000000e+00 0.000000000000e+00 0.000000000000e+00 0.000000000000e+00 0.000000000000e+00 
9.810000000000e+00 1.233658595551e-01 2.296437416978e+00 4.483011049920e-03 1.121809531461e+05 1.116076343043e+05 1.006989985475e+05 4.335000063420e+03 6.098152971054e+02 3.400000000000e+06 0.000000000000e+00 -8.752000000000e-01 -8.752000000000e-01 0.000000000000e+00 0.000000000000e+00 0.000000000000e+00 -0.000000000000e+00 1.297976652428e-01 0.000000000000e+00 0.000000000000e+00 0.000000000000e+00 0.000000000000e+00 0.000000000000e+00 0.000000000000e+00 
9.815000000000e+00 1.233447664588e-01 2.306051820253e+00 4.161641938354e-03 1.121237930511e+05 1.115425867007e+05 1.006979065099e+05 4.335189976795e+03 6.098846534505e+02 3.400000000000e+06 0.000000000000e+00 -8.752000000000e-01 -8.752000000000e-01 0.000000000000e+00 0.000000000000e+00 0.000000000000e+00 -0.000000000000e+00 1.297755225398e-01 0.000000000000e+00 0.000000000000e+00 0.000000000000e+00 0.000000000000e+00 0.000000000000e+00 0.000000000000e+00 
9.820000000000e+00 1.233251269004e-01 2.314464698908e+00 3.890958907059e-03 1.120697518225e+05 1.114819964090e+05 1.006968911835e+05 4.335366975313e+03 6.099492610263e+02 3.400000000000e+06 0.000000000000e+00 -8.752000000000e-01 -8.752000000000e-01 0.000000000000e+00 0.000000000000e+00 0.000000000000e+00 -0.000000000000e+00 1.297549079866e-01 0.000000000000e+00 0.000000000000e+00 0.000000000000e+00 0.000000000000e+00 0.000000000000e+00 0.000000000000e+00 
9.825000000000e+00 1.233066863827e-01 2.321652791374e+00 3.672378298947e-03 1.120179943161e+05 1.114250832003e+05 1.006959391232e+05 4.335533367997e+03 6.100099510246e+02 3.400000000000e+06 0.000000000000e+00 -8.752000000000e-01 -8.752000000000e-01 0.000000000000e+00 0.000000000000e+00 0.000000000000e+00 -0.000000000000e+00 1.297355547458e-01 0.000000000000e+00 0.000000000000e+00 0.000000000000e+00 0.000000000000e+00 0.000000000000e+00 0.000000000000e+00 
9.830000000000e+00 1.232891890920e-01 2.327594031113e+00 3.505259011797e-03 1.119677377568e+05 1.113710612900e+05 1.006950369038e+05 4.335691468545e+03 6.100675607947e+02 3.400000000000e+06 0.000000000000e+00 -8.752000000000e-01 -8.752000000000e-01 0.000000000000e+00 0.000000000000e+00 0.000000000000e+00 -0.000000000000e+00 1.297171938306e-01 0.000000000000e+00 0.000000000000e+00 0.000000000000e+00 0.000000000000e+00 0.000000000000e+00 0.000000000000e+00 
9.835000000000e+00 1.232723794908e-01 2.332266143236e+00 3.389809025409e-03 1.119181753384e+05 1.113191444200e+05 1.006941711911e+05 4.335843594177e+03 6.101229283944e+02 3.400000000000e+06 0.000000000000e+00 -8.752000000000e-01 -8.752000000000e-01 0.000000000000e+00 0.000000000000e+00 0.000000000000e+00 -0.000000000000e+00 1.296995592557e-01 0.000000000000e+00 0.000000000000e+00 0.000000000000e+00 0.000000000000e+00 0.000000000000e+00 0.000000000000e+00 
9.840000000000e+00 1.232559983355e-01 2.335640760493e+00 3.327331801452e-03 1.118684568440e+05 1.112685336838e+05 1.006933285300e+05 4.335992102759e+03 6.101769055524e+02 3.400000000000e+06 0.000000000000e+00 -8.752000000000e-01 -8.752000000000e-01 0.000000000000e+00 0.000000000000e+00 0.000000000000e+00 -0.000000000000e+00 1.296823797137e-01 0.000000000000e+00 0.000000000000e+00 0.000000000000e+00 0.000000000000e+00 0.000000000000e+00 0.000000000000e+00 
9.845000000000e+00 1.232397820218e-01 2.337688067954e+00 3.318083361549e-03 1.118177467487e+05 1.112184155738e+05 1.006924953063e+05 4.336139388650e+03 6.102303597374e+02 3.400000000000e+06 0.000000000000e+00 -8.752000000000e-01 -8.752000000000e-01 0.000000000000e+00 0.000000000000e+00 0.000000000000e+00 -0.000000000000e+00 1.296653789908e-01 0.000000000000e+00 0.000000000000e+00 0.000000000000e+00 0.000000000000e+00 0.000000000000e+00 0.000000000000e+00 
9.850000000000e+00 1.232234672102e-01 2.338381750659e+00 3.362012561664e-03 1.117652179801e+05 1.111679763082e+05 1.006916579821e+05 4.336287844080e+03 6.102841588701e+02 3.400000000000e+06 0.000000000000e+00 -8.752000000000e-01 -8.752000000000e-01 0.000000000000e+00 0.000000000000e+00 0.000000000000e+00 -0.000000000000e+00 1.296482811772e-01 0.000000000000e+00 0.000000000000e+00 0.000000000000e+00 0.000000000000e+00 0.000000000000e+00 0.000000000000e+00 
9.855000000000e+00 1.232067907919e-01 2.337697831210e+00 3.459047400473e-03 1.117100437368e+05 1.111164017320e+05 1.006908030938e+05 4.336439860798e+03 6.103391714253e+02 3.400000000000e+06 0.000000000000e+00 -8.752000000000e-01 -8.752000000000e-01 0.000000000000e+00 0.000000000000e+00 0.000000000000e+00 -0.000000000000e+00 1.296308106619e-01 0.000000000000e+00 0.000000000000e+00 0.000000000000e+00 0.000000000000e+00 0.000000000000e+00 0.000000000000e+00 
9.860000000000e+00 1.231894909409e-01 2.335615582698e+00 3.608861970828e-03 1.116514072608e+05 1.110628805336e+05 1.006899173078e+05 4.336597819481e+03 6.103962630039e+02 3.400000000000e+06 0.000000000000e+00 -8.752000000000e-01 -8.752000000000e-01 0.000000000000e+00 0.000000000000e+00 0.000000000000e+00 -0.000000000000e+00 1.296126931555e-01 0.000000000000e+00 0.000000000000e+00 0.000000000000e+00 0.000000000000e+00 0.000000000000e+00 0.000000000000e+00 
9.865000000000e+00 1.231713081057e-01 2.332118444110e+00 3.810666652391e-03 1.115885107454e+05 1.110066072390e+05 1.006889874749e+05 4.336764079860e+03 6.104562931457e+02 3.400000000000e+06 0.000000000000e+00 -8.752000000000e-01 -8.752000000000e-01 0.000000000000e+00 0.000000000000e+00 0.000000000000e+00 -0.000000000000e+00 1.295936568862e-01 0.000000000000e+00 0.000000000000e+00 0.000000000000e+00 0.000000000000e+00 0.000000000000e+00 0.000000000000e+00 
9.870000000000e+00 1.231519867636e-01 2.327194956398e+00 4.063778736514e-03 1.115205646836e+05 1.109467875320e+05 1.006880007266e+05 4.336940967614e+03 6.105201096670e+02 3.400000000000e+06 0.000000000000e+00 -8.752000000000e-01 -8.752000000000e-01 0.000000000000e+00 0.000000000000e+00 0.000000000000e+00 -0.000000000000e+00 1.295734344127e-01 0.000000000000e+00 0.000000000000e+00 0.000000000000e+00 0.000000000000e+00 0.000000000000e+00 0.000000000000e+00 
9.875000000000e+00 1.231312782891e-01 2.320842282937e+00 4.365868215173e-03 1.114468460448e+05 1.108826469984e+05 1.006869446283e+05 4.337130740302e+03 6.105885393462e+02 3.400000000000e+06 0.000000000000e+00 -8.752000000000e-01 -8.752000000000e-01 0.000000000000e+00 0.000000000000e+00 0.000000000000e+00 -0.000000000000e+00 1.295517654781e-01 0.000000000000e+00 0.000000000000e+00 0.000000000000e+00 0.000000000000e+00 0.000000000000e+00 0.000000000000e+00 
9.880000000000e+00 1.231089419581e-01 2.313060505549e+00 4.716809010990e-03 1.113665930095e+05 1.108134340803e+05 1.006858072394e+05 4.337335596475e+03 6.106623847893e+02 3.400000000000e+06 0.000000000000e+00 -8.752000000000e-01 -8.752000000000e-01 0.000000000000e+00 0.000000000000e+00 0.000000000000e+00 -0.000000000000e+00 1.295283979707e-01 0.000000000000e+00 0.000000000000e+00 0.000000000000e+00 0.000000000000e+00 0.000000000000e+00 0.000000000000e+00 
9.885000000000e+00 1.230847395611e-01 2.303853172222e+00 5.114587959162e-03 1.112791027792e+05 1.107384031919e+05 1.006845768492e+05 4.337557705872e+03 6.107424424636e+02 3.400000000000e+06 0.000000000000e+00 -8.752000000000e-01 -8.752000000000e-01 0.000000000000e+00 0.000000000000e+00 0.000000000000e+00 -0.000000000000e+00 1.295030823441e-01 0.000000000000e+00 0.000000000000e+00 0.000000000000e+00 0.000000000000e+00 0.000000000000e+00 0.000000000000e+00 
9.890000000000e+00 1.230584464441e-01 2.293235037250e+00 5.556911539282e-03 1.111837210115e+05 1.106568487259e+05 1.006832425499e+05 4.337799116793e+03 6.108294664354e+02 3.400000000000e+06 0.000000000000e+00 -8.752000000000e-01 -8.752000000000e-01 0.000000000000e+00 0.000000000000e+00 0.000000000000e+00 -0.000000000000e+00 1.294755831196e-01 0.000000000000e+00 0.000000000000e+00 0.000000000000e+00 0.000000000000e+00 0.000000000000e+00 0.000000000000e+00 
9.895000000000e+00 1.230298482545e-01 2.281228196628e+00 6.040737923194e-03 1.110798445465e+05 1.105680947697e+05 1.006817940815e+05 4.338061783834e+03 6.109241793592e+02 3.400000000000e+06 0.000000000000e+00 -8.752000000000e-01 -8.752000000000e-01 0.000000000000e+00 0.000000000000e+00 0.000000000000e+00 -0.000000000000e+00 1.294456753130e-01 0.000000000000e+00 0.000000000000e+00 0.000000000000e+00 0.000000000000e+00 0.000000000000e+00 0.000000000000e+00 
9.900000000000e+00 1.229987489659e-01 2.267869977920e+00 6.563061168514e-03 1.109669245009e+05 1.104715198159e+05 1.006802222480e+05 4.338347498777e+03 6.110272461221e+02 3.400000000000e+06 0.000000000000e+00 -8.752000000000e-01 -8.752000000000e-01 0.000000000000e+00 0.000000000000e+00 0.000000000000e+00 -0.000000000000e+00 1.294131535345e-01 0.000000000000e+00 0.000000000000e+00 0.000000000000e+00 0.000000000000e+00 0.000000000000e+00 0.000000000000e+00 
9.905000000000e+00 1.229649650848e-01 2.253200329274e+00 7.121365369045e-03 1.108444350369e+05 1.103665386152e+05 1.006785186321e+05 4.338657945729e+03 6.111392932155e+02 3.400000000000e+06 0.000000000000e+00 -8.752000000000e-01 -8.752000000000e-01 0.000000000000e+00 0.000000000000e+00 0.000000000000e+00 -0.000000000000e+00 1.293778258371e-01 0.000000000000e+00 0.000000000000e+00 0.000000000000e+00 0.000000000000e+00 0.000000000000e+00 0.000000000000e+00 
9.910000000000e+00 1.229283300093e-01 2.237250751832e+00 7.710879624251e-03 1.107119643252e+05 1.102526155497e+05 1.006766758229e+05 4.338994648808e+03 6.112608944670e+02 3.400000000000e+06 0.000000000000e+00 -8.752000000000e-01 -8.752000000000e-01 0.000000000000e+00 0.000000000000e+00 0.000000000000e+00 -0.000000000000e+00 1.293395180212e-01 0.000000000000e+00 0.000000000000e+00 0.000000000000e+00 0.000000000000e+00 0.000000000000e+00 0.000000000000e+00 
9.915000000000e+00 1.228886953729e-01 2.220087279227e+00 8.329766830612e-03 1.105690725410e+05 1.101292686953e+05 1.006746874882e+05 4.339358984367e+03 6.113925666977e+02 3.400000000000e+06 0.000000000000e+00 -8.752000000000e-01 -8.752000000000e-01 0.000000000000e+00 0.000000000000e+00 0.000000000000e+00 -0.000000000000e+00 1.292980738316e-01 0.000000000000e+00 0.000000000000e+00 0.000000000000e+00 0.000000000000e+00 0.000000000000e+00 0.000000000000e+00 
9.920000000000e+00 1.228459233305e-01 2.201773289212e+00 8.975282156516e-03 1.104153755613e+05 1.099960457113e+05 1.006725479909e+05 4.339752233501e+03 6.115347954487e+02 3.400000000000e+06 0.000000000000e+00 -8.752000000000e-01 -8.752000000000e-01 0.000000000000e+00 0.000000000000e+00 0.000000000000e+00 -0.000000000000e+00 1.292533488018e-01 0.000000000000e+00 0.000000000000e+00 0.000000000000e+00 0.000000000000e+00 0.000000000000e+00 0.000000000000e+00 
9.925000000000e+00 1.227998919536e-01 2.182368692250e+00 9.644161510175e-03 1.102505510553e+05 1.098525405172e+05 1.006702526636e+05 4.340175534829e+03 6.116880171652e+02 3.400000000000e+06 0.000000000000e+00 -8.752000000000e-01 -8.752000000000e-01 0.000000000000e+00 0.000000000000e+00 0.000000000000e+00 -0.000000000000e+00 1.292052126690e-01 0.000000000000e+00 0.000000000000e+00 0.000000000000e+00 0.000000000000e+00 0.000000000000e+00 0.000000000000e+00 
9.930000000000e+00 1.227505138506e-01 2.161937560001e+00 1.032775249771e-02 1.100745351757e+05 1.096984513841e+05 1.006677987319e+05 4.340629691593e+03 6.118525571352e+02 3.400000000000e+06 0.000000000000e+00 -8.752000000000e-01 -8.752000000000e-01 0.000000000000e+00 0.000000000000e+00 0.000000000000e+00 -0.000000000000e+00 1.291535451691e-01 0.000000000000e+00 0.000000000000e+00 0.000000000000e+00 0.000000000000e+00 0.000000000000e+00 0.000000000000e+00 
9.935000000000e+00 1.226977034232e-01 2.140589029536e+00 1.102768577363e-02 1.098869763840e+05 1.095334788982e+05 1.006651836761e+05 4.341115543961e+03 6.120287383951e+02 3.400000000000e+06 0.000000000000e+00 -8.752000000000e-01 -8.752000000000e-01 0.000000000000e+00 0.000000000000e+00 0.000000000000e+00 -0.000000000000e+00 1.290982474154e-01 0.000000000000e+00 0.000000000000e+00 0.000000000000e+00 0.000000000000e+00 0.000000000000e+00 0.000000000000e+00 
9.940000000000e+00 1.226413952696e-01 2.118405308812e+00 1.173852922501e-02 1.096877835491e+05 1.093573833737e+05 1.006624061432e+05 4.341633719607e+03 6.122168203884e+02 3.400000000000e+06 0.000000000000e+00 -8.752000000000e-01 -8.752000000000e-01 0.000000000000e+00 0.000000000000e+00 0.000000000000e+00 -0.000000000000e+00 1.290392674828e-01 0.000000000000e+00 0.000000000000e+00 0.000000000000e+00 0.000000000000e+00 0.000000000000e+00 0.000000000000e+00 
9.945000000000e+00 1.225815450028e-01 2.095469656323e+00 1.245654508664e-02 1.094768815851e+05 1.091699875932e+05 1.006594659738e+05 4.342184666993e+03 6.124169959776e+02 3.400000000000e+06 0.000000000000e+00 -8.752000000000e-01 -8.752000000000e-01 0.000000000000e+00 0.000000000000e+00 0.000000000000e+00 -0.000000000000e+00 1.289765672011e-01 0.000000000000e+00 0.000000000000e+00 0.000000000000e+00 0.000000000000e+00 0.000000000000e+00 0.000000000000e+00 
9.950000000000e+00 1.225181260903e-01 2.071871346772e+00 1.317860986947e-02 1.092542321071e+05 1.089711671505e+05 1.006563640301e+05 4.342768678833e+03 6.126294016921e+02 3.400000000000e+06 0.000000000000e+00 -8.752000000000e-01 -8.752000000000e-01 0.000000000000e+00 0.000000000000e+00 0.000000000000e+00 -0.000000000000e+00 1.289101232958e-01 0.000000000000e+00 0.000000000000e+00 0.000000000000e+00 0.000000000000e+00 0.000000000000e+00 0.000000000000e+00 
9.955000000000e+00 1.224511276889e-01 2.047705576797e+00 1.390238174684e-02 1.090198220087e+05 1.087608439121e+05 1.006531020723e+05 4.343385912297e+03 6.128541246448e+02 3.400000000000e+06 0.000000000000e+00 -8.752000000000e-01 -8.752000000000e-01 0.000000000000e+00 0.000000000000e+00 0.000000000000e+00 -0.000000000000e+00 1.288399419243e-01 0.000000000000e+00 0.000000000000e+00 0.000000000000e+00 0.000000000000e+00 0.000000000000e+00 0.000000000000e+00 
9.960000000000e+00 1.223805603410e-01 2.023060147161e+00 1.462146291372e-02 1.087738191638e+05 1.085390042072e+05 1.006496830160e+05 4.344036313549e+03 6.130911830210e+02 3.400000000000e+06 0.000000000000e+00 -8.752000000000e-01 -8.752000000000e-01 0.000000000000e+00 0.000000000000e+00 0.000000000000e+00 -0.000000000000e+00 1.287660441746e-01 0.000000000000e+00 0.000000000000e+00 0.000000000000e+00 0.000000000000e+00 0.000000000000e+00 0.000000000000e+00 
9.965000000000e+00 1.223064496076e-01 1.998026461095e+00 1.533348333487e-02 1.085163234652e+05 1.083056792325e+05 1.006461105969e+05 4.344719713474e+03 6.133405469336e+02 3.400000000000e+06 0.000000000000e+00 -8.752000000000e-01 -8.752000000000e-01 0.000000000000e+00 0.000000000000e+00 0.000000000000e+00 -0.000000000000e+00 1.286884574612e-01 0.000000000000e+00 0.000000000000e+00 0.000000000000e+00 0.000000000000e+00 0.000000000000e+00 0.000000000000e+00 
9.970000000000e+00 1.222288356978e-01 1.972697116232e+00 1.603610453977e-02 1.082474791432e+05 1.080609442605e+05 1.006423893293e+05 4.345435811696e+03 6.136021391934e+02 3.400000000000e+06 0.000000000000e+00 -8.752000000000e-01 -8.752000000000e-01 0.000000000000e+00 0.000000000000e+00 0.000000000000e+00 -0.000000000000e+00 1.286072159590e-01 0.000000000000e+00 0.000000000000e+00 0.000000000000e+00 0.000000000000e+00 0.000000000000e+00 0.000000000000e+00 
9.975000000000e+00 1.221477713375e-01 1.947164522866e+00 1.672759318235e-02 1.079674520323e+05 1.078049123232e+05 1.006385243791e+05 4.346184198209e+03 6.138758419833e+02 3.400000000000e+06 0.000000000000e+00 -8.752000000000e-01 -8.752000000000e-01 0.000000000000e+00 0.000000000000e+00 0.000000000000e+00 -0.000000000000e+00 1.285223702254e-01 0.000000000000e+00 0.000000000000e+00 0.000000000000e+00 0.000000000000e+00 0.000000000000e+00 0.000000000000e+00 
9.980000000000e+00 1.220633235790e-01 1.921517780554e+00 1.740272044729e-02 1.076765525448e+05 1.075377403568e+05 1.006345216246e+05 4.346964316687e+03 6.141614902178e+02 3.400000000000e+06 0.000000000000e+00 -8.752000000000e-01 -8.752000000000e-01 0.000000000000e+00 0.000000000000e+00 0.000000000000e+00 -0.000000000000e+00 1.284339893412e-01 0.000000000000e+00 0.000000000000e+00 0.000000000000e+00 0.000000000000e+00 0.000000000000e+00 0.000000000000e+00 
9.985000000000e+00 1.219755724708e-01 1.895839689537e+00 1.805990598976e-02 1.073750287189e+05 1.072596254869e+05 1.006303875644e+05 4.347775509659e+03 6.144588754409e+02 3.400000000000e+06 0.000000000000e+00 -8.752000000000e-01 -8.752000000000e-01 0.000000000000e+00 0.000000000000e+00 0.000000000000e+00 -0.000000000000e+00 1.283421574897e-01 0.000000000000e+00 0.000000000000e+00 0.000000000000e+00 0.000000000000e+00 0.000000000000e+00 0.000000000000e+00 
9.990000000000e+00 1.218846106637e-01 1.870211657625e+00 1.869764390450e-02 1.070631669543e+05 1.069708042925e+05 1.006261292705e+05 4.348617004478e+03 6.147677465473e+02 3.400000000000e+06 0.000000000000e+00 -8.752000000000e-01 -8.752000000000e-01 0.000000000000e+00 0.000000000000e+00 0.000000000000e+00 -0.000000000000e+00 1.282469695002e-01 0.000000000000e+00 0.000000000000e+00 0.000000000000e+00 0.000000000000e+00 0.000000000000e+00 0.000000000000e+00 
9.995000000000e+00 1.217905422586e-01 1.844711197099e+00 1.931388845059e-02 1.067413063703e+05 1.066715496809e+05 1.006217543046e+05 4.349487920196e+03 6.150878130639e+02 3.400000000000e+06 0.000000000000e+00 -8.752000000000e-01 -8.752000000000e-01 0.000000000000e+00 0.000000000000e+00 0.000000000000e+00 -0.000000000000e+00 1.281485313089e-01 0.000000000000e+00 0.000000000000e+00 0.000000000000e+00 0.000000000000e+00 0.000000000000e+00 0.000000000000e+00 
1.000000000000e+01 1.216934778731e-01 1.819414789696e+00 1.990761987967e-02 1.064097786278e+05 1.063621556890e+05 1.006172704628e+05 4.350387319724e+03 6.154187613570e+02 3.400000000000e+06 0.000000000000e+00 -8.752000000000e-01 -8.752000000000e-01 0.000000000000e+00 0.000000000000e+00 0.000000000000e+00 -0.000000000000e+00 1.280469576404e-01 0.000000000000e+00 0.000000000000e+00 0.000000000000e+00 0.000000000000e+00 0.000000000000e+00 0.000000000000e+00 
