9.000000000000e+00 1.967111870079e-02 2.553879173949e-01 3.286502533736e-03 1.006224458822e+05 9.897904312534e+04 1.028440305318e+05 4.401410342359e+03 6.517552776913e+02 2.600000000000e+06 0.000000000000e+00 -8.752000000000e-01 -8.752000000000e-01 0.000000000000e+00 0.000000000000e+00 0.000000000000e+00 -0.000000000000e+00 3.006935692190e-02 0.000000000000e+00 0.000000000000e+00 0.000000000000e+00 0.000000000000e+00 0.000000000000e+00 0.000000000000e+00 
9.005000000000e+00 1.965482205456e-02 2.547819366321e-01 3.239846141478e-03 1.002717434720e+05 9.863385983314e+04 1.028229392063e+05 4.402334314021e+03 6.519885098485e+02 2.600000000000e+06 0.000000000000e+00 -8.752000000000e-01 -8.752000000000e-01 0.000000000000e+00 0.000000000000e+00 0.000000000000e+00 -0.000000000000e+00 3.004445754426e-02 0.000000000000e+00 0.000000000000e+00 0.000000000000e+00 0.000000000000e+00 0.000000000000e+00 0.000000000000e+00 
9.010000000000e+00 1.963875854305e-02 2.541876271042e-01 3.193441383705e-03 9.992569391764e+04 9.829291413331e+04 1.028022950803e+05 4.403246192436e+03 6.522200777643e+02 2.600000000000e+06 0.000000000000e+00 -8.752000000000e-01 -8.752000000000e-01 0.000000000000e+00 0.000000000000e+00 0.000000000000e+00 -0.000000000000e+00 3.001991412365e-02 0.000000000000e+00 0.000000000000e+00 0.000000000000e+00 0.000000000000e+00 0.000000000000e+00 0.000000000000e+00 
9.015000000000e+00 1.962292658465e-02 2.536037768713e-01 3.147406219380e-03 9.958423836811e+04 9.795620079633e+04 1.027820889214e+05 4.404146025742e+03 6.524499247863e+02 2.600000000000e+06 0.000000000000e+00 -8.752000000000e-01 -8.752000000000e-01 0.000000000000e+00 0.000000000000e+00 0.000000000000e+00 -0.000000000000e+00 2.999572423475e-02 0.000000000000e+00 0.000000000000e+00 0.000000000000e+00 0.000000000000e+00 0.000000000000e+00 0.000000000000e+00 
9.020000000000e+00 1.960732400842e-02 2.530291804247e-01 3.101856453615e-03 9.924730487551e+04 9.762370146784e+04 1.027623109850e+05 4.405033896754e+03 6.526780052776e+02 2.600000000000e+06 0.000000000000e+00 -8.752000000000e-01 -8.752000000000e-01 0.000000000000e+00 0.000000000000e+00 0.000000000000e+00 -0.000000000000e+00 2.997188456074e-02 0.000000000000e+00 0.000000000000e+00 0.000000000000e+00 0.000000000000e+00 0.000000000000e+00 0.000000000000e+00 
9.025000000000e+00 1.959194807282e-02 2.524626368069e-01 3.056902355668e-03 9.891480997666e+04 9.729538494921e+04 1.027429510561e+05 4.405909921879e+03 6.529042845667e+02 2.600000000000e+06 0.000000000000e+00 -8.752000000000e-01 -8.752000000000e-01 0.000000000000e+00 0.000000000000e+00 0.000000000000e+00 -0.000000000000e+00 2.994839092223e-02 0.000000000000e+00 0.000000000000e+00 0.000000000000e+00 0.000000000000e+00 0.000000000000e+00 0.000000000000e+00 
9.030000000000e+00 1.957679549987e-02 2.519029637675e-01 3.012647161512e-03 9.858665994696e+04 9.697120781752e+04 1.027239985074e+05 4.406774249233e+03 6.531287386417e+02 2.600000000000e+06 0.000000000000e+00 -8.752000000000e-01 -8.752000000000e-01 0.000000000000e+00 0.000000000000e+00 0.000000000000e+00 -0.000000000000e+00 2.992523832697e-02 0.000000000000e+00 0.000000000000e+00 0.000000000000e+00 0.000000000000e+00 0.000000000000e+00 0.000000000000e+00 
9.035000000000e+00 1.956186251248e-02 2.513490411914e-01 2.969183573874e-03 9.826275287661e+04 9.665111512600e+04 1.027054423597e+05 4.407627056444e+03 6.533513537660e+02 2.600000000000e+06 0.000000000000e+00 -8.752000000000e-01 -8.752000000000e-01 0.000000000000e+00 0.000000000000e+00 0.000000000000e+00 -0.000000000000e+00 2.990242103216e-02 0.000000000000e+00 0.000000000000e+00 0.000000000000e+00 0.000000000000e+00 0.000000000000e+00 0.000000000000e+00 
9.040000000000e+00 1.954714490338e-02 2.507999172728e-01 2.926576117700e-03 9.794298670199e+04 9.633504179678e+04 1.026872713768e+05 4.408468545760e+03 6.535721255853e+02 2.600000000000e+06 0.000000000000e+00 -8.752000000000e-01 -8.752000000000e-01 0.000000000000e+00 0.000000000000e+00 0.000000000000e+00 -0.000000000000e+00 2.987993267978e-02 0.000000000000e+00 0.000000000000e+00 0.000000000000e+00 0.000000000000e+00 0.000000000000e+00 0.000000000000e+00 
9.045000000000e+00 1.953263823150e-02 2.502560477650e-01 2.884274090569e-03 9.762748043925e+04 9.602291677987e+04 1.026694743136e+05 4.409298897411e+03 6.537910562575e+02 2.600000000000e+06 0.000000000000e+00 -8.752000000000e-01 -8.752000000000e-01 0.000000000000e+00 0.000000000000e+00 0.000000000000e+00 -0.000000000000e+00 2.985776690849e-02 0.000000000000e+00 0.000000000000e+00 0.000000000000e+00 0.000000000000e+00 0.000000000000e+00 0.000000000000e+00 
9.050000000000e+00 1.951838680617e-02 2.498981124345e-01 2.809290209729e-03 9.732945745534e+04 9.571571986723e+04 1.026520994493e+05 4.410113529032e+03 6.540074086571e+02 2.600000000000e+06 0.000000000000e+00 -8.752000000000e-01 -8.752000000000e-01 0.000000000000e+00 0.000000000000e+00 0.000000000000e+00 -0.000000000000e+00 2.983601156498e-02 0.000000000000e+00 0.000000000000e+00 0.000000000000e+00 0.000000000000e+00 0.000000000000e+00 0.000000000000e+00 
9.055000000000e+00 1.950494313380e-02 2.509594826236e-01 2.550249207134e-03 9.711763841458e+04 9.542542111391e+04 1.026358078698e+05 4.410871421259e+03 6.542126511624e+02 2.600000000000e+06 0.000000000000e+00 -8.752000000000e-01 -8.752000000000e-01 0.000000000000e+00 0.000000000000e+00 0.000000000000e+00 -0.000000000000e+00 2.981552029472e-02 0.000000000000e+00 0.000000000000e+00 0.000000000000e+00 0.000000000000e+00 0.000000000000e+00 0.000000000000e+00 
9.060000000000e+00 1.949383904316e-02 2.555835076338e-01 1.911345315082e-03 9.709988827965e+04 9.518526593918e+04 1.026224232163e+05 4.411472283074e+03 6.543830164878e+02 2.600000000000e+06 0.000000000000e+00 -8.752000000000e-01 -8.752000000000e-01 0.000000000000e+00 0.000000000000e+00 0.000000000000e+00 -0.000000000000e+00 2.979865054470e-02 0.000000000000e+00 0.000000000000e+00 0.000000000000e+00 0.000000000000e+00 0.000000000000e+00 0.000000000000e+00 
9.065000000000e+00 1.948737713676e-02 2.655142546206e-01 7.524997114848e-04 9.738121603122e+04 9.504535308276e+04 1.026146639026e+05 4.411774511669e+03 6.544825079131e+02 2.600000000000e+06 0.000000000000e+00 -8.752000000000e-01 -8.752000000000e-01 0.000000000000e+00 0.000000000000e+00 0.000000000000e+00 -0.000000000000e+00 2.978893935843e-02 0.000000000000e+00 0.000000000000e+00 0.000000000000e+00 0.000000000000e+00 0.000000000000e+00 0.000000000000e+00 
9.070000000000e+00 1.948831525607e-02 2.817118894877e-01 -1.005664307948e-03 9.805403286335e+04 9.506567237264e+04 1.026157890208e+05 4.411613965510e+03 6.544680481448e+02 2.600000000000e+06 0.000000000000e+00 -8.752000000000e-01 -8.752000000000e-01 0.000000000000e+00 0.000000000000e+00 0.000000000000e+00 -0.000000000000e+00 2.979021259685e-02 0.000000000000e+00 0.000000000000e+00 0.000000000000e+00 0.000000000000e+00 0.000000000000e+00 0.000000000000e+00 
9.075000000000e+00 1.949920098613e-02 3.038619748654e-01 -3.234099428789e-03 9.912729629404e+04 9.530127465544e+04 1.026288783169e+05 4.410852016308e+03 6.543006556746e+02 2.600000000000e+06 0.000000000000e+00 -8.752000000000e-01 -8.752000000000e-01 0.000000000000e+00 0.000000000000e+00 0.000000000000e+00 -0.000000000000e+00 2.980668321477e-02 0.000000000000e+00 0.000000000000e+00 0.000000000000e+00 0.000000000000e+00 0.000000000000e+00 0.000000000000e+00 
9.080000000000e+00 1.952246391972e-02 3.313674499444e-01 -5.871071125036e-03 1.006300893070e+05 9.580366131877e+04 1.026570591301e+05 4.409354544629e+03 6.539453849299e+02 2.600000000000e+06 0.000000000000e+00 -8.752000000000e-01 -8.752000000000e-01 0.000000000000e+00 0.000000000000e+00 0.000000000000e+00 -0.000000000000e+00 2.984207819607e-02 0.000000000000e+00 0.000000000000e+00 0.000000000000e+00 0.000000000000e+00 0.000000000000e+00 0.000000000000e+00 
9.085000000000e+00 1.955965663979e-02 3.626075787266e-01 -8.754058603709e-03 1.025319064898e+05 9.660377992509e+04 1.027027114802e+05 4.407046746681e+03 6.533843566606e+02 2.600000000000e+06 0.000000000000e+00 -8.752000000000e-01 -8.752000000000e-01 0.000000000000e+00 0.000000000000e+00 0.000000000000e+00 -0.000000000000e+00 2.989877955268e-02 0.000000000000e+00 0.000000000000e+00 0.000000000000e+00 0.000000000000e+00 0.000000000000e+00 0.000000000000e+00 
9.090000000000e+00 1.961145389610e-02 3.956526232621e-01 -1.170487273681e-02 1.047748711205e+05 9.771177589576e+04 1.027675330225e+05 4.403908324454e+03 6.526174833772e+02 2.600000000000e+06 0.000000000000e+00 -8.752000000000e-01 -8.752000000000e-01 0.000000000000e+00 0.000000000000e+00 0.000000000000e+00 -0.000000000000e+00 2.997783075307e-02 0.000000000000e+00 0.000000000000e+00 0.000000000000e+00 0.000000000000e+00 0.000000000000e+00 0.000000000000e+00 
9.095000000000e+00 1.967767511513e-02 4.286144815194e-01 -1.455624805658e-02 1.072853156409e+05 9.911771468494e+04 1.028525580827e+05 4.399970132564e+03 6.516619282963e+02 2.600000000000e+06 0.000000000000e+00 -8.752000000000e-01 -8.752000000000e-01 0.000000000000e+00 0.000000000000e+00 0.000000000000e+00 -0.000000000000e+00 3.007896412991e-02 0.000000000000e+00 0.000000000000e+00 0.000000000000e+00 0.000000000000e+00 0.000000000000e+00 0.000000000000e+00 
9.100000000000e+00 1.975738030746e-02 4.598241421684e-01 -1.716859987374e-02 1.099835321213e+05 1.007943284805e+05 1.029581879787e+05 4.395306525946e+03 6.505495157468e+02 2.600000000000e+06 0.000000000000e+00 -8.752000000000e-01 -8.752000000000e-01 0.000000000000e+00 0.000000000000e+00 0.000000000000e+00 -0.000000000000e+00 3.020074749369e-02 0.000000000000e+00 0.000000000000e+00 0.000000000000e+00 0.000000000000e+00 0.000000000000e+00 0.000000000000e+00 
9.105000000000e+00 1.984906983434e-02 4.880488543320e-01 -1.944425453681e-02 1.127946073641e+05 1.027022315538e+05 1.030842956436e+05 4.390021571833e+03 6.493219731892e+02 2.600000000000e+06 0.000000000000e+00 -8.752000000000e-01 -8.752000000000e-01 0.000000000000e+00 0.000000000000e+00 0.000000000000e+00 -0.000000000000e+00 3.034089225538e-02 0.000000000000e+00 0.000000000000e+00 0.000000000000e+00 0.000000000000e+00 0.000000000000e+00 0.000000000000e+00 
9.110000000000e+00 1.995083791583e-02 5.124121036480e-01 -2.130158331635e-02 1.156432520812e+05 1.047941820855e+05 1.032302418468e+05 4.384240246720e+03 6.480265631335e+02 2.600000000000e+06 0.000000000000e+00 -8.752000000000e-01 -8.752000000000e-01 0.000000000000e+00 0.000000000000e+00 0.000000000000e+00 -0.000000000000e+00 3.049649618310e-02 0.000000000000e+00 0.000000000000e+00 0.000000000000e+00 0.000000000000e+00 0.000000000000e+00 0.000000000000e+00 
9.115000000000e+00 2.006056867446e-02 5.324957132578e-01 -2.271983858765e-02 1.184745132341e+05 1.070200570292e+05 1.033949509194e+05 4.378093325065e+03 6.467112427093e+02 2.600000000000e+06 0.000000000000e+00 -8.752000000000e-01 -8.752000000000e-01 0.000000000000e+00 0.000000000000e+00 0.000000000000e+00 -0.000000000000e+00 3.066432575606e-02 0.000000000000e+00 0.000000000000e+00 0.000000000000e+00 0.000000000000e+00 0.000000000000e+00 0.000000000000e+00 
9.120000000000e+00 2.017605325491e-02 5.481968836465e-01 -2.369820332810e-02 1.212412872181e+05 1.093298939825e+05 1.035769018678e+05 4.371712235889e+03 6.454212463323e+02 2.600000000000e+06 0.000000000000e+00 -8.752000000000e-01 -8.752000000000e-01 0.000000000000e+00 0.000000000000e+00 0.000000000000e+00 -0.000000000000e+00 3.084098352529e-02 0.000000000000e+00 0.000000000000e+00 0.000000000000e+00 0.000000000000e+00 0.000000000000e+00 0.000000000000e+00 
9.125000000000e+00 2.029512804069e-02 5.596725082318e-01 -2.425542803116e-02 1.239067159192e+05 1.116770233282e+05 1.037741933938e+05 4.365220847208e+03 6.441959728984e+02 2.600000000000e+06 0.000000000000e+00 -8.752000000000e-01 -8.752000000000e-01 0.000000000000e+00 0.000000000000e+00 0.000000000000e+00 -0.000000000000e+00 3.102313806659e-02 0.000000000000e+00 0.000000000000e+00 0.000000000000e+00 0.000000000000e+00 0.000000000000e+00 0.000000000000e+00 
9.130000000000e+00 2.041575818642e-02 5.672268273796e-01 -2.442021629121e-02 1.264419501418e+05 1.140197613708e+05 1.039845828132e+05 4.358731328714e+03 6.430672072588e+02 2.600000000000e+06 0.000000000000e+00 -8.752000000000e-01 -8.752000000000e-01 0.000000000000e+00 0.000000000000e+00 0.000000000000e+00 -0.000000000000e+00 3.120766023640e-02 0.000000000000e+00 0.000000000000e+00 0.000000000000e+00 0.000000000000e+00 0.000000000000e+00 0.000000000000e+00 
9.135000000000e+00 2.053620721346e-02 5.712349221063e-01 -2.420046709876e-02 1.288184360994e+05 1.163244643014e+05 1.042057494208e+05 4.352337094502e+03 6.420573709389e+02 2.600000000000e+06 0.000000000000e+00 -8.752000000000e-01 -8.752000000000e-01 0.000000000000e+00 0.000000000000e+00 0.000000000000e+00 -0.000000000000e+00 3.139172730906e-02 0.000000000000e+00 0.000000000000e+00 0.000000000000e+00 0.000000000000e+00 0.000000000000e+00 0.000000000000e+00 
9.140000000000e+00 2.065489080103e-02 5.721034400444e-01 -2.367331290859e-02 1.310352551393e+05 1.185622973822e+05 1.044350561299e+05 4.346116103536e+03 6.411812530080e+02 2.600000000000e+06 0.000000000000e+00 -8.752000000000e-01 -8.752000000000e-01 0.000000000000e+00 0.000000000000e+00 0.000000000000e+00 -0.000000000000e+00 3.157284647030e-02 0.000000000000e+00 0.000000000000e+00 0.000000000000e+00 0.000000000000e+00 0.000000000000e+00 0.000000000000e+00 
9.145000000000e+00 2.077029566218e-02 5.703103564377e-01 -2.289092577429e-02 1.330843639517e+05 1.207074047094e+05 1.046693916469e+05 4.340140950417e+03 6.404467728931e+02 2.600000000000e+06 0.000000000000e+00 -8.752000000000e-01 -8.752000000000e-01 0.000000000000e+00 0.000000000000e+00 0.000000000000e+00 -0.000000000000e+00 3.174888466438e-02 0.000000000000e+00 0.000000000000e+00 0.000000000000e+00 0.000000000000e+00 0.000000000000e+00 0.000000000000e+00 
9.150000000000e+00 2.088122193828e-02 5.663512512974e-01 -2.190420055526e-02 1.349634010844e+05 1.227410688287e+05 1.049056946263e+05 4.334465371654e+03 6.398539268068e+02 2.600000000000e+06 0.000000000000e+00 -8.752000000000e-01 -8.752000000000e-01 0.000000000000e+00 0.000000000000e+00 0.000000000000e+00 -0.000000000000e+00 3.191809325461e-02 0.000000000000e+00 0.000000000000e+00 0.000000000000e+00 0.000000000000e+00 0.000000000000e+00 0.000000000000e+00 
9.155000000000e+00 2.098675334893e-02 5.607071894581e-01 -2.076238896391e-02 1.366746406289e+05 1.246506188423e+05 1.051410270357e+05 4.329126746865e+03 6.393964777235e+02 2.600000000000e+06 0.000000000000e+00 -8.752000000000e-01 -8.752000000000e-01 0.000000000000e+00 0.000000000000e+00 0.000000000000e+00 -0.000000000000e+00 3.207910708031e-02 0.000000000000e+00 0.000000000000e+00 0.000000000000e+00 0.000000000000e+00 0.000000000000e+00 0.000000000000e+00 
9.160000000000e+00 2.108623189611e-02 5.538135518303e-01 -1.951158595006e-02 1.382237909117e+05 1.264285119244e+05 1.053726607687e+05 4.324148309515e+03 6.390636021269e+02 2.600000000000e+06 0.000000000000e+00 -8.752000000000e-01 -8.752000000000e-01 0.000000000000e+00 0.000000000000e+00 0.000000000000e+00 -0.000000000000e+00 3.223092440426e-02 0.000000000000e+00 0.000000000000e+00 0.000000000000e+00 0.000000000000e+00 0.000000000000e+00 0.000000000000e+00 
9.165000000000e+00 2.117922386496e-02 5.460519975432e-01 -1.819306868814e-02 1.396186975419e+05 1.280713538890e+05 1.055981391090e+05 4.319541668346e+03 6.388414666177e+02 2.600000000000e+06 0.000000000000e+00 -8.752000000000e-01 -8.752000000000e-01 0.000000000000e+00 0.000000000000e+00 0.000000000000e+00 -0.000000000000e+00 3.237287540015e-02 0.000000000000e+00 0.000000000000e+00 0.000000000000e+00 0.000000000000e+00 0.000000000000e+00 0.000000000000e+00 
9.170000000000e+00 2.126548561483e-02 5.377514047562e-01 -1.684334891163e-02 1.408686989480e+05 1.295790156016e+05 1.058153216115e+05 4.315309084405e+03 6.387146022816e+02 2.600000000000e+06 0.000000000000e+00 -8.752000000000e-01 -8.752000000000e-01 0.000000000000e+00 0.000000000000e+00 0.000000000000e+00 -0.000000000000e+00 3.250459204777e-02 0.000000000000e+00 0.000000000000e+00 0.000000000000e+00 0.000000000000e+00 0.000000000000e+00 0.000000000000e+00 
9.175000000000e+00 2.134494680881e-02 5.291955565577e-01 -1.549353478803e-02 1.419841500572e+05 1.309541393366e+05 1.060224537449e+05 4.311444771460e+03 6.386670307470e+02 2.600000000000e+06 0.000000000000e+00 -8.752000000000e-01 -8.752000000000e-01 0.000000000000e+00 0.000000000000e+00 0.000000000000e+00 -0.000000000000e+00 3.262596655129e-02 0.000000000000e+00 0.000000000000e+00 0.000000000000e+00 0.000000000000e+00 0.000000000000e+00 0.000000000000e+00 
9.180000000000e+00 2.141767803290e-02 5.206101343140e-01 -1.416723456750e-02 1.429752063910e+05 1.322014397999e+05 1.062181778678e+05 4.307936933465e+03 6.386831985993e+02 2.600000000000e+06 0.000000000000e+00 -8.752000000000e-01 -8.752000000000e-01 0.000000000000e+00 0.000000000000e+00 0.000000000000e+00 -0.000000000000e+00 3.273710102516e-02 0.000000000000e+00 0.000000000000e+00 0.000000000000e+00 0.000000000000e+00 0.000000000000e+00 0.000000000000e+00 
9.185000000000e+00 2.148384954415e-02 5.121361732634e-01 -1.287894106904e-02 1.438506224414e+05 1.333269203163e+05 1.064014931391e+05 4.304770079287e+03 6.387486283712e+02 2.600000000000e+06 0.000000000000e+00 -8.752000000000e-01 -8.752000000000e-01 0.000000000000e+00 0.000000000000e+00 0.000000000000e+00 -0.000000000000e+00 3.283824406298e-02 0.000000000000e+00 0.000000000000e+00 0.000000000000e+00 0.000000000000e+00 0.000000000000e+00 0.000000000000e+00 
9.190000000000e+00 2.154367745131e-02 5.038270934649e-01 -1.163290008899e-02 1.446164707256e+05 1.343369360489e+05 1.065716497812e+05 4.301927797638e+03 6.388502500111e+02 2.600000000000e+06 0.000000000000e+00 -8.752000000000e-01 -8.752000000000e-01 0.000000000000e+00 0.000000000000e+00 0.000000000000e+00 -0.000000000000e+00 3.292971225065e-02 0.000000000000e+00 0.000000000000e+00 0.000000000000e+00 0.000000000000e+00 0.000000000000e+00 0.000000000000e+00 
9.195000000000e+00 2.159738904318e-02 4.956733951894e-01 -1.042960989009e-02 1.452776506044e+05 1.352376289061e+05 1.067280685067e+05 4.299394086286e+03 6.389764806717e+02 2.600000000000e+06 0.000000000000e+00 -8.752000000000e-01 -8.752000000000e-01 0.000000000000e+00 0.000000000000e+00 0.000000000000e+00 -0.000000000000e+00 3.301184021314e-02 0.000000000000e+00 0.000000000000e+00 0.000000000000e+00 0.000000000000e+00 0.000000000000e+00 0.000000000000e+00 
9.200000000000e+00 2.164520809531e-02 4.876549422238e-01 -9.269741771079e-03 1.458389048664e+05 1.360347190600e+05 1.068703014529e+05 4.297153806141e+03 6.391171936841e+02 2.600000000000e+06 0.000000000000e+00 -8.752000000000e-01 -8.752000000000e-01 0.000000000000e+00 0.000000000000e+00 0.000000000000e+00 -0.000000000000e+00 3.308496398150e-02 0.000000000000e+00 0.000000000000e+00 0.000000000000e+00 0.000000000000e+00 0.000000000000e+00 0.000000000000e+00 
9.205000000000e+00 2.168736094545e-02 4.797764923042e-01 -8.155488833549e-03 1.463053942582e+05 1.367336454148e+05 1.069980487447e+05 4.295192262628e+03 6.392636936055e+02 2.600000000000e+06 0.000000000000e+00 -8.752000000000e-01 -8.752000000000e-01 0.000000000000e+00 0.000000000000e+00 0.000000000000e+00 -0.000000000000e+00 3.314942851203e-02 0.000000000000e+00 0.000000000000e+00 0.000000000000e+00 0.000000000000e+00 0.000000000000e+00 0.000000000000e+00 
9.210000000000e+00 2.172408610628e-02 4.720644133254e-01 -7.090027342252e-03 1.466827353242e+05 1.373397576654e+05 1.071111860527e+05 4.293494727802e+03 6.394087099735e+02 2.600000000000e+06 0.000000000000e+00 -8.752000000000e-01 -8.752000000000e-01 0.000000000000e+00 0.000000000000e+00 0.000000000000e+00 -0.000000000000e+00 3.320559896091e-02 0.000000000000e+00 0.000000000000e+00 0.000000000000e+00 0.000000000000e+00 0.000000000000e+00 0.000000000000e+00 
9.215000000000e+00 2.175563360632e-02 4.645476123002e-01 -6.074896286165e-03 1.469761856281e+05 1.378583336670e+05 1.072097601541e+05 4.292046568409e+03 6.395463507740e+02 2.600000000000e+06 0.000000000000e+00 -8.752000000000e-01 -8.752000000000e-01 0.000000000000e+00 0.000000000000e+00 0.000000000000e+00 -0.000000000000e+00 3.325385682633e-02 0.000000000000e+00 0.000000000000e+00 0.000000000000e+00 0.000000000000e+00 0.000000000000e+00 0.000000000000e+00 
9.220000000000e+00 2.178225776158e-02 4.572418055205e-01 -5.110730289443e-03 1.471907596879e+05 1.382944886083e+05 1.072939607739e+05 4.290833503838e+03 6.396720006952e+02 2.600000000000e+06 0.000000000000e+00 -8.752000000000e-01 -8.752000000000e-01 0.000000000000e+00 0.000000000000e+00 0.000000000000e+00 -0.000000000000e+00 3.329459084345e-02 0.000000000000e+00 0.000000000000e+00 0.000000000000e+00 0.000000000000e+00 0.000000000000e+00 0.000000000000e+00 
9.225000000000e+00 2.180421670325e-02 4.501481179721e-01 -4.197469579416e-03 1.473313041140e+05 1.386531952348e+05 1.073641105109e+05 4.289841566080e+03 6.397822239154e+02 2.600000000000e+06 0.000000000000e+00 -8.752000000000e-01 -8.752000000000e-01 0.000000000000e+00 0.000000000000e+00 0.000000000000e+00 -0.000000000000e+00 3.332819431978e-02 0.000000000000e+00 0.000000000000e+00 0.000000000000e+00 0.000000000000e+00 0.000000000000e+00 0.000000000000e+00 
9.230000000000e+00 2.182176515629e-02 4.432640063552e-01 -3.333657631309e-03 1.474021513656e+05 1.389391924003e+05 1.074206314987e+05 4.289057426906e+03 6.398746203436e+02 2.600000000000e+06 0.000000000000e+00 -8.752000000000e-01 -8.752000000000e-01 0.000000000000e+00 0.000000000000e+00 0.000000000000e+00 -0.000000000000e+00 3.335505545160e-02 0.000000000000e+00 0.000000000000e+00 0.000000000000e+00 0.000000000000e+00 0.000000000000e+00 0.000000000000e+00 
9.235000000000e+00 2.183513526540e-02 4.365579315468e-01 -2.513515917766e-03 1.474058438813e+05 1.391566986491e+05 1.074639714076e+05 4.288469403893e+03 6.399476016593e+02 2.600000000000e+06 0.000000000000e+00 -8.752000000000e-01 -8.752000000000e-01 0.000000000000e+00 0.000000000000e+00 0.000000000000e+00 -0.000000000000e+00 3.337552615492e-02 0.000000000000e+00 0.000000000000e+00 0.000000000000e+00 0.000000000000e+00 0.000000000000e+00 0.000000000000e+00 
9.240000000000e+00 2.184455204213e-02 4.300427022648e-01 -1.740324129479e-03 1.473476205204e+05 1.393096875698e+05 1.074946408007e+05 4.288065976638e+03 6.400003507531e+02 2.600000000000e+06 0.000000000000e+00 -8.752000000000e-01 -8.752000000000e-01 0.000000000000e+00 0.000000000000e+00 0.000000000000e+00 -0.000000000000e+00 3.338995216403e-02 0.000000000000e+00 0.000000000000e+00 0.000000000000e+00 0.000000000000e+00 0.000000000000e+00 0.000000000000e+00 
9.245000000000e+00 2.185033063351e-02 4.236611098711e-01 -1.023282073992e-03 1.472363261055e+05 1.394034855887e+05 1.075135203484e+05 4.287831327911e+03 6.400332730518e+02 2.600000000000e+06 0.000000000000e+00 -8.752000000000e-01 -8.752000000000e-01 0.000000000000e+00 0.000000000000e+00 0.000000000000e+00 -0.000000000000e+00 3.339875098646e-02 0.000000000000e+00 0.000000000000e+00 0.000000000000e+00 0.000000000000e+00 0.000000000000e+00 0.000000000000e+00 
9.250000000000e+00 2.185322225364e-02 4.175247771635e-01 -3.505244005769e-04 1.470827443700e+05 1.394503985350e+05 1.075229846935e+05 4.287730432300e+03 6.400499055968e+02 2.600000000000e+06 0.000000000000e+00 -8.752000000000e-01 -8.752000000000e-01 0.000000000000e+00 0.000000000000e+00 0.000000000000e+00 -0.000000000000e+00 3.340266419434e-02 0.000000000000e+00 0.000000000000e+00 0.000000000000e+00 0.000000000000e+00 0.000000000000e+00 0.000000000000e+00 
9.255000000000e+00 2.185331384922e-02 4.120569032695e-01 2.778582527082e-04 1.468884797031e+05 1.394518843003e+05 1.075232846734e+05 4.287759092041e+03 6.400504341781e+02 2.600000000000e+06 0.000000000000e+00 -8.752000000000e-01 -8.752000000000e-01 0.000000000000e+00 0.000000000000e+00 0.000000000000e+00 -0.000000000000e+00 3.340211128178e-02 0.000000000000e+00 0.000000000000e+00 0.000000000000e+00 0.000000000000e+00 0.000000000000e+00 0.000000000000e+00 
9.260000000000e+00 2.185047418192e-02 4.073294523299e-01 8.157737321744e-04 1.466652411079e+05 1.394058148577e+05 1.075139899186e+05 4.287921083570e+03 6.400340962496e+02 2.600000000000e+06 0.000000000000e+00 -8.752000000000e-01 -8.752000000000e-01 0.000000000000e+00 0.000000000000e+00 0.000000000000e+00 -0.000000000000e+00 3.339764755413e-02 0.000000000000e+00 0.000000000000e+00 0.000000000000e+00 0.000000000000e+00 0.000000000000e+00 0.000000000000e+00 
9.265000000000e+00 2.184513428271e-02 4.032071920311e-01 1.256592887250e-03 1.464234165182e+05 1.393191413638e+05 1.074965410237e+05 4.288195868728e+03 6.400036488753e+02 2.600000000000e+06 0.000000000000e+00 -8.752000000000e-01 -8.752000000000e-01 0.000000000000e+00 0.000000000000e+00 0.000000000000e+00 -0.000000000000e+00 3.338967807473e-02 0.000000000000e+00 0.000000000000e+00 0.000000000000e+00 0.000000000000e+00 0.000000000000e+00 0.000000000000e+00 
9.270000000000e+00 2.183779790076e-02 3.997265562911e-01 1.610049157265e-03 1.461697489474e+05 1.391999740387e+05 1.074726311853e+05 4.288560386392e+03 6.399624036059e+02 2.600000000000e+06 0.000000000000e+00 -8.752000000000e-01 -8.752000000000e-01 0.000000000000e+00 0.000000000000e+00 0.000000000000e+00 -0.000000000000e+00 3.337864660341e-02 0.000000000000e+00 0.000000000000e+00 0.000000000000e+00 0.000000000000e+00 0.000000000000e+00 0.000000000000e+00 
9.275000000000e+00 2.182895030984e-02 3.969557541190e-01 1.870927675429e-03 1.459153261175e+05 1.390561234933e+05 1.074438927020e+05 4.288991654622e+03 6.399135622441e+02 2.600000000000e+06 0.000000000000e+00 -8.752000000000e-01 -8.752000000000e-01 0.000000000000e+00 0.000000000000e+00 0.000000000000e+00 -0.000000000000e+00 3.336527182487e-02 0.000000000000e+00 0.000000000000e+00 0.000000000000e+00 0.000000000000e+00 0.000000000000e+00 0.000000000000e+00 
9.280000000000e+00 2.181905258958e-02 3.949248495409e-01 2.041876557216e-03 1.456683422266e+05 1.388950225441e+05 1.074118678348e+05 4.289468203098e+03 6.398600868700e+02 2.600000000000e+06 0.000000000000e+00 -8.752000000000e-01 -8.752000000000e-01 0.000000000000e+00 0.000000000000e+00 0.000000000000e+00 -0.000000000000e+00 3.335027368130e-02 0.000000000000e+00 0.000000000000e+00 0.000000000000e+00 0.000000000000e+00 0.000000000000e+00 0.000000000000e+00 
9.285000000000e+00 2.180853780392e-02 3.936152243033e-01 2.129930790251e-03 1.454350964586e+05 1.387236732394e+05 1.073779900091e+05 4.289970050774e+03 6.398046190325e+02 2.600000000000e+06 0.000000000000e+00 -8.752000000000e-01 -8.752000000000e-01 0.000000000000e+00 0.000000000000e+00 0.000000000000e+00 -0.000000000000e+00 3.333432124711e-02 0.000000000000e+00 0.000000000000e+00 0.000000000000e+00 0.000000000000e+00 0.000000000000e+00 0.000000000000e+00 
9.290000000000e+00 2.179779455261e-02 3.929646332979e-01 2.144857343523e-03 1.452201766278e+05 1.385483827521e+05 1.073435282655e+05 4.290479389293e+03 6.397493688052e+02 2.600000000000e+06 0.000000000000e+00 -8.752000000000e-01 -8.752000000000e-01 0.000000000000e+00 0.000000000000e+00 0.000000000000e+00 -0.000000000000e+00 3.331801081851e-02 0.000000000000e+00 0.000000000000e+00 0.000000000000e+00 0.000000000000e+00 0.000000000000e+00 0.000000000000e+00 
9.295000000000e+00 2.178715518020e-02 3.928827621255e-01 2.098851217984e-03 1.450263127089e+05 1.383745695789e+05 1.073095506996e+05 4.290981130513e+03 6.396960655282e+02 2.600000000000e+06 0.000000000000e+00 -8.752000000000e-01 -8.752000000000e-01 0.000000000000e+00 0.000000000000e+00 0.000000000000e+00 -0.000000000000e+00 3.330185324622e-02 0.000000000000e+00 0.000000000000e+00 0.000000000000e+00 0.000000000000e+00 0.000000000000e+00 0.000000000000e+00 
9.300000000000e+00 2.177688844145e-02 3.932639575154e-01 2.004949728212e-03 1.448547213702e+05 1.382066384044e+05 1.072769050001e+05 4.291463184932e+03 6.396459577202e+02 2.600000000000e+06 0.000000000000e+00 -8.752000000000e-01 -8.752000000000e-01 0.000000000000e+00 0.000000000000e+00 0.000000000000e+00 -0.000000000000e+00 3.328626127844e-02 0.000000000000e+00 0.000000000000e+00 0.000000000000e+00 0.000000000000e+00 0.000000000000e+00 0.000000000000e+00 
9.305000000000e+00 2.176719530743e-02 3.939915603321e-01 1.876852469010e-03 1.447050749749e+05 1.380479039277e+05 1.072462105598e+05 4.291916670277e+03 6.395998432882e+02 2.600000000000e+06 0.000000000000e+00 -8.752000000000e-01 -8.752000000000e-01 0.000000000000e+00 0.000000000000e+00 0.000000000000e+00 -0.000000000000e+00 3.327154293246e-02 0.000000000000e+00 0.000000000000e+00 0.000000000000e+00 0.000000000000e+00 0.000000000000e+00 0.000000000000e+00 
9.310000000000e+00 2.175820855039e-02 3.949464248105e-01 1.727961396672e-03 1.445757918379e+05 1.379005757380e+05 1.072178630124e+05 4.292335900986e+03 6.395581222061e+02 2.600000000000e+06 0.000000000000e+00 -8.752000000000e-01 -8.752000000000e-01 0.000000000000e+00 0.000000000000e+00 0.000000000000e+00 -0.000000000000e+00 3.325790120420e-02 0.000000000000e+00 0.000000000000e+00 0.000000000000e+00 0.000000000000e+00 0.000000000000e+00 0.000000000000e+00 
9.315000000000e+00 2.174999623197e-02 3.960144237677e-01 1.570679979763e-03 1.444643244929e+05 1.377658077155e+05 1.071920506129e+05 4.292718204015e+03 6.395208630661e+02 2.600000000000e+06 0.000000000000e+00 -8.752000000000e-01 -8.752000000000e-01 0.000000000000e+00 0.000000000000e+00 0.000000000000e+00 -0.000000000000e+00 3.324543989812e-02 0.000000000000e+00 0.000000000000e+00 0.000000000000e+00 0.000000000000e+00 0.000000000000e+00 0.000000000000e+00 
9.320000000000e+00 2.174256954646e-02 3.970952828852e-01 1.415508206494e-03 1.443675994107e+05 1.376438203926e+05 1.071687832005e+05 4.293063512762e+03 6.394878791528e+02 2.600000000000e+06 0.000000000000e+00 -8.752000000000e-01 -8.752000000000e-01 0.000000000000e+00 0.000000000000e+00 0.000000000000e+00 -0.000000000000e+00 3.323417569833e-02 0.000000000000e+00 0.000000000000e+00 0.000000000000e+00 0.000000000000e+00 0.000000000000e+00 0.000000000000e+00 
9.325000000000e+00 2.173589250160e-02 3.981056738035e-01 1.271091474348e-03 1.442821940756e+05 1.375340554848e+05 1.071479255214e+05 4.293373918964e+03 6.394587996201e+02 2.600000000000e+06 0.000000000000e+00 -8.752000000000e-01 -8.752000000000e-01 0.000000000000e+00 0.000000000000e+00 0.000000000000e+00 -0.000000000000e+00 3.322405324832e-02 0.000000000000e+00 0.000000000000e+00 0.000000000000e+00 0.000000000000e+00 0.000000000000e+00 0.000000000000e+00 
9.330000000000e+00 2.172989110615e-02 3.989781304025e-01 1.144207161468e-03 1.442045238592e+05 1.374353242053e+05 1.071292277052e+05 4.293653240302e+03 6.394331262951e+02 2.600000000000e+06 0.000000000000e+00 -8.752000000000e-01 -8.752000000000e-01 0.000000000000e+00 0.000000000000e+00 0.000000000000e+00 -0.000000000000e+00 3.321495939624e-02 0.000000000000e+00 0.000000000000e+00 0.000000000000e+00 0.000000000000e+00 0.000000000000e+00 0.000000000000e+00 
9.335000000000e+00 2.172446245770e-02 3.996598907621e-01 1.039900704437e-03 1.441309794735e+05 1.373459554386e+05 1.071123544164e+05 4.293906597197e+03 6.394102805278e+02 2.600000000000e+06 0.000000000000e+00 -8.752000000000e-01 -8.752000000000e-01 0.000000000000e+00 0.000000000000e+00 0.000000000000e+00 -0.000000000000e+00 3.320673618604e-02 0.000000000000e+00 0.000000000000e+00 0.000000000000e+00 0.000000000000e+00 0.000000000000e+00 0.000000000000e+00 
9.340000000000e+00 2.171948229896e-02 4.001117559557e-01 9.618981388568e-04 1.440579467065e+05 1.372639197620e+05 1.070969085395e+05 4.294140074863e+03 6.393896369362e+02 2.600000000000e+06 0.000000000000e+00 -8.752000000000e-01 -8.752000000000e-01 0.000000000000e+00 0.000000000000e+00 0.000000000000e+00 -0.000000000000e+00 3.319919329020e-02 0.000000000000e+00 0.000000000000e+00 0.000000000000e+00 0.000000000000e+00 0.000000000000e+00 0.000000000000e+00 
9.345000000000e+00 2.171481167763e-02 4.003063532277e-01 9.124263714684e-04 1.439819943267e+05 1.371869393068e+05 1.070824516896e+05 4.294360395513e+03 6.393705497095e+02 2.600000000000e+06 0.000000000000e+00 -8.752000000000e-01 -8.752000000000e-01 0.000000000000e+00 0.000000000000e+00 0.000000000000e+00 -0.000000000000e+00 3.319211929966e-02 0.000000000000e+00 0.000000000000e+00 0.000000000000e+00 0.000000000000e+00 0.000000000000e+00 0.000000000000e+00 
9.350000000000e+00 2.171030432178e-02 4.002249164431e-01 8.926096441339e-04 1.438998941061e+05 1.371126096930e+05 1.070685267586e+05 4.294574586306e+03 6.393523801369e+02 2.600000000000e+06 0.000000000000e+00 -8.752000000000e-01 -8.752000000000e-01 0.000000000000e+00 0.000000000000e+00 0.000000000000e+00 -0.000000000000e+00 3.318528841330e-02 0.000000000000e+00 0.000000000000e+00 0.000000000000e+00 0.000000000000e+00 0.000000000000e+00 0.000000000000e+00 
9.355000000000e+00 2.170580984387e-02 3.998574276630e-01 9.029290281558e-04 1.438085386423e+05 1.370384532246e+05 1.070546675490e+05 4.294789849810e+03 6.393345070695e+02 2.600000000000e+06 0.000000000000e+00 -8.752000000000e-01 -8.752000000000e-01 0.000000000000e+00 0.000000000000e+00 0.000000000000e+00 -0.000000000000e+00 3.317846952634e-02 0.000000000000e+00 0.000000000000e+00 0.000000000000e+00 0.000000000000e+00 0.000000000000e+00 0.000000000000e+00 
9.360000000000e+00 2.170118946437e-02 3.992059843609e-01 9.450888555707e-04 1.437046605937e+05 1.369621785935e+05 1.070404470578e+05 4.295012911024e+03 6.393163875796e+02 2.600000000000e+06 0.000000000000e+00 -8.752000000000e-01 -8.752000000000e-01 0.000000000000e+00 0.000000000000e+00 0.000000000000e+00 -0.000000000000e+00 3.317143599216e-02 0.000000000000e+00 0.000000000000e+00 0.000000000000e+00 0.000000000000e+00 0.000000000000e+00 0.000000000000e+00 
9.365000000000e+00 2.169630544162e-02 3.982842422948e-01 1.013837841907e-03 1.435872033895e+05 1.368815065960e+05 1.070254447820e+05 4.295250089190e+03 6.392975140129e+02 2.600000000000e+06 0.000000000000e+00 -8.752000000000e-01 -8.752000000000e-01 0.000000000000e+00 0.000000000000e+00 0.000000000000e+00 -0.000000000000e+00 3.316397504563e-02 0.000000000000e+00 0.000000000000e+00 0.000000000000e+00 0.000000000000e+00 0.000000000000e+00 0.000000000000e+00 
9.370000000000e+00 2.169102089159e-02 3.971093842291e-01 1.106949741135e-03 1.434541715748e+05 1.367941666714e+05 1.070092464616e+05 4.295507835755e+03 6.392774161249e+02 2.600000000000e+06 0.000000000000e+00 -8.752000000000e-01 -8.752000000000e-01 0.000000000000e+00 0.000000000000e+00 0.000000000000e+00 -0.000000000000e+00 3.315589139323e-02 0.000000000000e+00 0.000000000000e+00 0.000000000000e+00 0.000000000000e+00 0.000000000000e+00 0.000000000000e+00 
9.375000000000e+00 2.168521273325e-02 3.956890476686e-01 1.223635567490e-03 1.433033834315e+05 1.366981102133e+05 1.069914841520e+05 4.295792032727e+03 6.392557140594e+02 2.600000000000e+06 0.000000000000e+00 -8.752000000000e-01 -8.752000000000e-01 0.000000000000e+00 0.000000000000e+00 0.000000000000e+00 -0.000000000000e+00 3.314700161820e-02 0.000000000000e+00 0.000000000000e+00 0.000000000000e+00 0.000000000000e+00 0.000000000000e+00 0.000000000000e+00 
9.380000000000e+00 2.167876188958e-02 3.940174414618e-01 1.364262416417e-03 1.431323659334e+05 1.365913479400e+05 1.069718065967e+05 4.296108448295e+03 6.392320849925e+02 2.600000000000e+06 0.000000000000e+00 -8.752000000000e-01 -8.752000000000e-01 0.000000000000e+00 0.000000000000e+00 0.000000000000e+00 -0.000000000000e+00 3.313712423665e-02 0.000000000000e+00 0.000000000000e+00 0.000000000000e+00 0.000000000000e+00 0.000000000000e+00 0.000000000000e+00 
9.385000000000e+00 2.167154624339e-02 3.920775826037e-01 1.530217292862e-03 1.429382575899e+05 1.364718320257e+05 1.069498585281e+05 4.296463070156e+03 6.392062448606e+02 2.600000000000e+06 0.000000000000e+00 -8.752000000000e-01 -8.752000000000e-01 0.000000000000e+00 0.000000000000e+00 0.000000000000e+00 -0.000000000000e+00 3.312607165344e-02 0.000000000000e+00 0.000000000000e+00 0.000000000000e+00 0.000000000000e+00 0.000000000000e+00 0.000000000000e+00 
9.390000000000e+00 2.166343236786e-02 3.898324961889e-01 1.725650572825e-03 1.427170924272e+05 1.363373170434e+05 1.069252568028e+05 4.296862599409e+03 6.391779310290e+02 2.600000000000e+06 0.000000000000e+00 -8.752000000000e-01 -8.752000000000e-01 0.000000000000e+00 0.000000000000e+00 0.000000000000e+00 -0.000000000000e+00 3.311363712898e-02 0.000000000000e+00 0.000000000000e+00 0.000000000000e+00 0.000000000000e+00 0.000000000000e+00 0.000000000000e+00 
9.395000000000e+00 2.165425319650e-02 3.871887083246e-01 1.962493537611e-03 1.424617686793e+05 1.361849861741e+05 1.068975249217e+05 4.297315796807e+03 6.391468455833e+02 2.600000000000e+06 0.000000000000e+00 -8.752000000000e-01 -8.752000000000e-01 0.000000000000e+00 0.000000000000e+00 0.000000000000e+00 -0.000000000000e+00 3.309955716515e-02 0.000000000000e+00 0.000000000000e+00 0.000000000000e+00 0.000000000000e+00 0.000000000000e+00 0.000000000000e+00 
9.400000000000e+00 2.164375800538e-02 3.839412430558e-01 2.264675360859e-03 1.421597157572e+05 1.360106136843e+05 1.068659465670e+05 4.297836126775e+03 6.391125302110e+02 2.600000000000e+06 0.000000000000e+00 -8.752000000000e-01 -8.752000000000e-01 0.000000000000e+00 0.000000000000e+00 0.000000000000e+00 -0.000000000000e+00 3.308343230101e-02 0.000000000000e+00 0.000000000000e+00 0.000000000000e+00 0.000000000000e+00 0.000000000000e+00 0.000000000000e+00 
9.405000000000e+00 2.163155268981e-02 3.797673655677e-01 2.666720452014e-03 1.417921330853e+05 1.358075569386e+05 1.068293956944e+05 4.298444592475e+03 6.390742641250e+02 2.600000000000e+06 0.000000000000e+00 -8.752000000000e-01 -8.752000000000e-01 0.000000000000e+00 0.000000000000e+00 0.000000000000e+00 -0.000000000000e+00 3.306464085921e-02 0.000000000000e+00 0.000000000000e+00 0.000000000000e+00 0.000000000000e+00 0.000000000000e+00 0.000000000000e+00 
9.410000000000e+00 2.161704342295e-02 3.742215739296e-01 3.214456110878e-03 1.413326074760e+05 1.355657895744e+05 1.067861860543e+05 4.299172557152e+03 6.390310613020e+02 2.600000000000e+06 0.000000000000e+00 -8.752000000000e-01 -8.752000000000e-01 0.000000000000e+00 0.000000000000e+00 0.000000000000e+00 -0.000000000000e+00 3.304225261697e-02 0.000000000000e+00 0.000000000000e+00 0.000000000000e+00 0.000000000000e+00 0.000000000000e+00 0.000000000000e+00 
9.415000000000e+00 2.159932016892e-02 3.667821473385e-01 3.933340925194e-03 1.407547871208e+05 1.352699057980e+05 1.067337577572e+05 4.300065803438e+03 6.389816431694e+02 2.600000000000e+06 0.000000000000e+00 -8.752000000000e-01 -8.752000000000e-01 0.000000000000e+00 0.000000000000e+00 0.000000000000e+00 -0.000000000000e+00 3.301496676031e-02 0.000000000000e+00 0.000000000000e+00 0.000000000000e+00 0.000000000000e+00 0.000000000000e+00 0.000000000000e+00 
9.420000000000e+00 2.157725419634e-02 3.570283666869e-01 4.868019802577e-03 1.400216589954e+05 1.349006558441e+05 1.066690213872e+05 4.301182154282e+03 6.389252432300e+02 2.600000000000e+06 0.000000000000e+00 -8.752000000000e-01 -8.752000000000e-01 0.000000000000e+00 0.000000000000e+00 0.000000000000e+00 -0.000000000000e+00 3.298117756828e-02 0.000000000000e+00 0.000000000000e+00 0.000000000000e+00 0.000000000000e+00 0.000000000000e+00 0.000000000000e+00 
9.425000000000e+00 2.154979418117e-02 3.448707603734e-01 6.011182850819e-03 1.391138871704e+05 1.344397965049e+05 1.065892867795e+05 4.302573615670e+03 6.388629431568e+02 2.600000000000e+06 0.000000000000e+00 -8.752000000000e-01 -8.752000000000e-01 0.000000000000e+00 0.000000000000e+00 0.000000000000e+00 -0.000000000000e+00 3.293921123115e-02 0.000000000000e+00 0.000000000000e+00 0.000000000000e+00 0.000000000000e+00 0.000000000000e+00 0.000000000000e+00 
9.430000000000e+00 2.151606539478e-02 3.307511648333e-01 7.297028041078e-03 1.380339256480e+05 1.338716775395e+05 1.064925904964e+05 4.304281374710e+03 6.387982869460e+02 2.600000000000e+06 0.000000000000e+00 -8.752000000000e-01 -8.752000000000e-01 0.000000000000e+00 0.000000000000e+00 0.000000000000e+00 -0.000000000000e+00 3.288770111386e-02 0.000000000000e+00 0.000000000000e+00 0.000000000000e+00 0.000000000000e+00 0.000000000000e+00 0.000000000000e+00 
9.435000000000e+00 2.147574856076e-02 3.158327119774e-01 8.592608275609e-03 1.368165630192e+05 1.331896084730e+05 1.063787778910e+05 4.306316901469e+03 6.387379868434e+02 2.600000000000e+06 0.000000000000e+00 -8.752000000000e-01 -8.752000000000e-01 0.000000000000e+00 0.000000000000e+00 0.000000000000e+00 -0.000000000000e+00 3.282611485728e-02 0.000000000000e+00 0.000000000000e+00 0.000000000000e+00 0.000000000000e+00 0.000000000000e+00 0.000000000000e+00 
9.440000000000e+00 2.142941614800e-02 3.019721015651e-01 9.698055842812e-03 1.355361344550e+05 1.324017333190e+05 1.062503274265e+05 4.308645042598e+03 6.386912483257e+02 2.600000000000e+06 0.000000000000e+00 -8.752000000000e-01 -8.752000000000e-01 0.000000000000e+00 0.000000000000e+00 0.000000000000e+00 -0.000000000000e+00 3.275536386173e-02 0.000000000000e+00 0.000000000000e+00 0.000000000000e+00 0.000000000000e+00 0.000000000000e+00 0.000000000000e+00 
9.445000000000e+00 2.137860454373e-02 2.912360749504e-01 1.041957376795e-02 1.342852934489e+05 1.315326924031e+05 1.061122888741e+05 4.311183331875e+03 6.386673347428e+02 2.600000000000e+06 0.000000000000e+00 -8.752000000000e-01 -8.752000000000e-01 0.000000000000e+00 0.000000000000e+00 0.000000000000e+00 -0.000000000000e+00 3.267780860085e-02 0.000000000000e+00 0.000000000000e+00 0.000000000000e+00 0.000000000000e+00 0.000000000000e+00 0.000000000000e+00 
9.450000000000e+00 2.132553280663e-02 2.851987443230e-01 1.061381689437e-02 1.331554760703e+05 1.306193701590e+05 1.059712088683e+05 4.313816956827e+03 6.386724252857e+02 2.600000000000e+06 0.000000000000e+00 -8.752000000000e-01 -8.752000000000e-01 0.000000000000e+00 0.000000000000e+00 0.000000000000e+00 -0.000000000000e+00 3.259696997699e-02 0.000000000000e+00 0.000000000000e+00 0.000000000000e+00 0.000000000000e+00 0.000000000000e+00 0.000000000000e+00 
9.455000000000e+00 2.127268554105e-02 2.843462130890e-01 1.031851511438e-02 1.321859769689e+05 1.297041524911e+05 1.058338068599e+05 4.316425584954e+03 6.387075275040e+02 2.600000000000e+06 0.000000000000e+00 -8.752000000000e-01 -8.752000000000e-01 0.000000000000e+00 0.000000000000e+00 0.000000000000e+00 -0.000000000000e+00 3.251675538427e-02 0.000000000000e+00 0.000000000000e+00 0.000000000000e+00 0.000000000000e+00 0.000000000000e+00 0.000000000000e+00 
9.460000000000e+00 2.122268275879e-02 2.881278449612e-01 9.602959562251e-03 1.314088712345e+05 1.288328624417e+05 1.057065734640e+05 4.318881517824e+03 6.387678886095e+02 2.600000000000e+06 0.000000000000e+00 -8.752000000000e-01 -8.752000000000e-01 0.000000000000e+00 0.000000000000e+00 0.000000000000e+00 -0.000000000000e+00 3.244071545468e-02 0.000000000000e+00 0.000000000000e+00 0.000000000000e+00 0.000000000000e+00 0.000000000000e+00 0.000000000000e+00 
9.465000000000e+00 2.117726859414e-02 2.953313103422e-01 8.596114898395e-03 1.308189538027e+05 1.280369993938e+05 1.055933068750e+05 4.321102098808e+03 6.388452340429e+02 2.600000000000e+06 0.000000000000e+00 -8.752000000000e-01 -8.752000000000e-01 0.000000000000e+00 0.000000000000e+00 0.000000000000e+00 -0.000000000000e+00 3.237151502634e-02 0.000000000000e+00 0.000000000000e+00 0.000000000000e+00 0.000000000000e+00 0.000000000000e+00 0.000000000000e+00 
9.470000000000e+00 2.113748633260e-02 3.045623380933e-01 7.435896921492e-03 1.303933393701e+05 1.273362655752e+05 1.054958466600e+05 4.323039409791e+03 6.389303574058e+02 2.600000000000e+06 0.000000000000e+00 -8.752000000000e-01 -8.752000000000e-01 0.000000000000e+00 0.000000000000e+00 0.000000000000e+00 -0.000000000000e+00 3.231076623493e-02 0.000000000000e+00 0.000000000000e+00 0.000000000000e+00 0.000000000000e+00 0.000000000000e+00 0.000000000000e+00 
9.475000000000e+00 2.110370402283e-02 3.145551170945e-01 6.234618734678e-03 1.301032418091e+05 1.267385842172e+05 1.054143555684e+05 4.324678000171e+03 6.390152211396e+02 2.600000000000e+06 0.000000000000e+00 -8.752000000000e-01 -8.752000000000e-01 0.000000000000e+00 0.000000000000e+00 0.000000000000e+00 -0.000000000000e+00 3.225910009847e-02 0.000000000000e+00 0.000000000000e+00 0.000000000000e+00 0.000000000000e+00 0.000000000000e+00 0.000000000000e+00 
9.480000000000e+00 2.107580147881e-02 3.243242694860e-01 5.088276234259e-03 1.299148630258e+05 1.262430959062e+05 1.053479157820e+05 4.326026565321e+03 6.390939340516e+02 2.600000000000e+06 0.000000000000e+00 -8.752000000000e-01 -8.752000000000e-01 0.000000000000e+00 0.000000000000e+00 0.000000000000e+00 -0.000000000000e+00 3.221638528214e-02 0.000000000000e+00 0.000000000000e+00 0.000000000000e+00 0.000000000000e+00 0.000000000000e+00 0.000000000000e+00 
9.485000000000e+00 2.105332521016e-02 3.332058052941e-01 4.058135580803e-03 1.297987693763e+05 1.258427554440e+05 1.052949613040e+05 4.327109369581e+03 6.391629604356e+02 2.600000000000e+06 0.000000000000e+00 -8.752000000000e-01 -8.752000000000e-01 0.000000000000e+00 0.000000000000e+00 0.000000000000e+00 -0.000000000000e+00 3.218199747771e-02 0.000000000000e+00 0.000000000000e+00 0.000000000000e+00 0.000000000000e+00 0.000000000000e+00 0.000000000000e+00 
9.490000000000e+00 2.103558893979e-02 3.408060983095e-01 3.177916529114e-03 1.297297507055e+05 1.255260769076e+05 1.052535267544e+05 4.327961594181e+03 6.392209452372e+02 2.600000000000e+06 0.000000000000e+00 -8.752000000000e-01 -8.752000000000e-01 0.000000000000e+00 0.000000000000e+00 0.000000000000e+00 -0.000000000000e+00 3.215489185002e-02 0.000000000000e+00 0.000000000000e+00 0.000000000000e+00 0.000000000000e+00 0.000000000000e+00 0.000000000000e+00 
9.495000000000e+00 2.102180015468e-02 3.469669316221e-01 2.459505971256e-03 1.296876204281e+05 1.252794122788e+05 1.052215273584e+05 4.328623158685e+03 6.392681550454e+02 2.600000000000e+06 0.000000000000e+00 -8.752000000000e-01 -8.752000000000e-01 0.000000000000e+00 0.000000000000e+00 0.000000000000e+00 -0.000000000000e+00 3.213384453262e-02 0.000000000000e+00 0.000000000000e+00 0.000000000000e+00 0.000000000000e+00 0.000000000000e+00 0.000000000000e+00 
9.500000000000e+00 2.101115407024e-02 3.517076027159e-01 1.898658000929e-03 1.296573011864e+05 1.250886861391e+05 1.051969480710e+05 4.329134133569e+03 6.393058742412e+02 2.600000000000e+06 0.000000000000e+00 -8.752000000000e-01 -8.752000000000e-01 0.000000000000e+00 0.000000000000e+00 0.000000000000e+00 -0.000000000000e+00 3.211762744083e-02 0.000000000000e+00 0.000000000000e+00 0.000000000000e+00 0.000000000000e+00 0.000000000000e+00 0.000000000000e+00 
9.505000000000e+00 2.100291366884e-02 3.551605392785e-01 1.476537496505e-03 1.296299624782e+05 1.249408899873e+05 1.051779985246e+05 4.329530623794e+03 6.393358268777e+02 2.600000000000e+06 0.000000000000e+00 -8.752000000000e-01 -8.752000000000e-01 0.000000000000e+00 0.000000000000e+00 0.000000000000e+00 -0.000000000000e+00 3.210510420007e-02 0.000000000000e+00 0.000000000000e+00 0.000000000000e+00 0.000000000000e+00 0.000000000000e+00 0.000000000000e+00 
9.510000000000e+00 2.099643988854e-02 3.575120271674e-01 1.173922242524e-03 1.295989328809e+05 1.248246760927e+05 1.051631575914e+05 4.329843908100e+03 6.393598200895e+02 2.600000000000e+06 0.000000000000e+00 -8.752000000000e-01 -8.752000000000e-01 0.000000000000e+00 0.000000000000e+00 0.000000000000e+00 -0.000000000000e+00 3.209527855117e-02 0.000000000000e+00 0.000000000000e+00 0.000000000000e+00 0.000000000000e+00 0.000000000000e+00 0.000000000000e+00 
9.515000000000e+00 2.099122608252e-02 3.589664584678e-01 9.755699271101e-04 1.295589386986e+05 1.247310145894e+05 1.051512345265e+05 4.330098848361e+03 6.393794384874e+02 2.600000000000e+06 0.000000000000e+00 -8.752000000000e-01 -8.752000000000e-01 0.000000000000e+00 0.000000000000e+00 0.000000000000e+00 -0.000000000000e+00 3.208732358956e-02 0.000000000000e+00 0.000000000000e+00 0.000000000000e+00 0.000000000000e+00 0.000000000000e+00 0.000000000000e+00 
9.520000000000e+00 2.098683207058e-02 3.597190675728e-01 8.526236245534e-04 1.295105868011e+05 1.246520342101e+05 1.051412065247e+05 4.330316232529e+03 6.393961761575e+02 2.600000000000e+06 0.000000000000e+00 -8.752000000000e-01 -8.752000000000e-01 0.000000000000e+00 0.000000000000e+00 0.000000000000e+00 -0.000000000000e+00 3.208057811455e-02 0.000000000000e+00 0.000000000000e+00 0.000000000000e+00 0.000000000000e+00 0.000000000000e+00 0.000000000000e+00 
9.525000000000e+00 2.098289656370e-02 3.599421040402e-01 7.872863128804e-04 1.294524330347e+05 1.245812596904e+05 1.051322406846e+05 4.330513475608e+03 6.394113254506e+02 2.600000000000e+06 0.000000000000e+00 -8.752000000000e-01 -8.752000000000e-01 0.000000000000e+00 0.000000000000e+00 0.000000000000e+00 -0.000000000000e+00 3.207452710946e-02 0.000000000000e+00 0.000000000000e+00 0.000000000000e+00 0.000000000000e+00 0.000000000000e+00 0.000000000000e+00 
9.530000000000e+00 2.097915813257e-02 3.597755795966e-01 7.649691138498e-04 1.293840010768e+05 1.245139981567e+05 1.051237375937e+05 4.330703098944e+03 6.394258543635e+02 2.600000000000e+06 0.000000000000e+00 -8.752000000000e-01 -8.752000000000e-01 0.000000000000e+00 0.000000000000e+00 0.000000000000e+00 -0.000000000000e+00 3.206878004802e-02 0.000000000000e+00 0.000000000000e+00 0.000000000000e+00 0.000000000000e+00 0.000000000000e+00 0.000000000000e+00 
9.535000000000e+00 2.097542808439e-02 3.593294090411e-01 7.745969127371e-04 1.293051274321e+05 1.244468571900e+05 1.051152669235e+05 4.330894120339e+03 6.394404847749e+02 2.600000000000e+06 0.000000000000e+00 -8.752000000000e-01 -8.752000000000e-01 0.000000000000e+00 0.000000000000e+00 0.000000000000e+00 -0.000000000000e+00 3.206305374677e-02 0.000000000000e+00 0.000000000000e+00 0.000000000000e+00 0.000000000000e+00 0.000000000000e+00 0.000000000000e+00 
9.540000000000e+00 2.097157285161e-02 3.586831001577e-01 8.072937611360e-04 1.292160383383e+05 1.243774311151e+05 1.051065259645e+05 4.331092874590e+03 6.394557467775e+02 2.600000000000e+06 0.000000000000e+00 -8.752000000000e-01 -8.752000000000e-01 0.000000000000e+00 0.000000000000e+00 0.000000000000e+00 -0.000000000000e+00 3.205714610908e-02 0.000000000000e+00 0.000000000000e+00 0.000000000000e+00 0.000000000000e+00 0.000000000000e+00 0.000000000000e+00 
9.545000000000e+00 2.096749775692e-02 3.578910437276e-01 8.562679840629e-04 1.291170577237e+05 1.243040105631e+05 1.050973019568e+05 4.331303832823e+03 6.394720343292e+02 2.600000000000e+06 0.000000000000e+00 -8.752000000000e-01 -8.752000000000e-01 0.000000000000e+00 0.000000000000e+00 0.000000000000e+00 -0.000000000000e+00 3.205090836901e-02 0.000000000000e+00 0.000000000000e+00 0.000000000000e+00 0.000000000000e+00 0.000000000000e+00 0.000000000000e+00 
9.550000000000e+00 2.096313415956e-02 3.569913366957e-01 9.172450846019e-04 1.290082020982e+05 1.242253520179e+05 1.050874424892e+05 4.331530281119e+03 6.394896515574e+02 2.600000000000e+06 0.000000000000e+00 -8.752000000000e-01 -8.752000000000e-01 0.000000000000e+00 0.000000000000e+00 0.000000000000e+00 -0.000000000000e+00 3.204423007231e-02 0.000000000000e+00 0.000000000000e+00 0.000000000000e+00 0.000000000000e+00 0.000000000000e+00 0.000000000000e+00 
9.555000000000e+00 2.095843325632e-02 3.560100217630e-01 9.868316529634e-04 1.288895974536e+05 1.241405667692e+05 1.050768411793e+05 4.331774545664e+03 6.395088346455e+02 2.600000000000e+06 0.000000000000e+00 -8.752000000000e-01 -8.752000000000e-01 0.000000000000e+00 0.000000000000e+00 0.000000000000e+00 -0.000000000000e+00 3.203703553028e-02 0.000000000000e+00 0.000000000000e+00 0.000000000000e+00 0.000000000000e+00 0.000000000000e+00 0.000000000000e+00 
9.560000000000e+00 2.095336050139e-02 3.549651831531e-01 1.062490090653e-03 1.287613743863e+05 1.240490207927e+05 1.050654248506e+05 4.332038275685e+03 6.395297722228e+02 2.600000000000e+06 0.000000000000e+00 -8.752000000000e-01 -8.752000000000e-01 0.000000000000e+00 0.000000000000e+00 0.000000000000e+00 -0.000000000000e+00 3.202927128814e-02 0.000000000000e+00 0.000000000000e+00 0.000000000000e+00 0.000000000000e+00 0.000000000000e+00 0.000000000000e+00 
9.565000000000e+00 2.094789209069e-02 3.538707401883e-01 1.142185743169e-03 1.286237139537e+05 1.239502717069e+05 1.050531454370e+05 4.332322603000e+03 6.395526180365e+02 2.600000000000e+06 0.000000000000e+00 -8.752000000000e-01 -8.752000000000e-01 0.000000000000e+00 0.000000000000e+00 0.000000000000e+00 -0.000000000000e+00 3.202090084254e-02 0.000000000000e+00 0.000000000000e+00 0.000000000000e+00 0.000000000000e+00 0.000000000000e+00 0.000000000000e+00 
9.570000000000e+00 2.094201316044e-02 3.527388961004e-01 1.224184547315e-03 1.284768784822e+05 1.238440365996e+05 1.050399757719e+05 4.332628222294e+03 6.395774968320e+02 2.600000000000e+06 0.000000000000e+00 -8.752000000000e-01 -8.752000000000e-01 0.000000000000e+00 0.000000000000e+00 0.000000000000e+00 -0.000000000000e+00 3.201190177482e-02 0.000000000000e+00 0.000000000000e+00 0.000000000000e+00 0.000000000000e+00 0.000000000000e+00 0.000000000000e+00 
9.575000000000e+00 2.093571671038e-02 3.515812321488e-01 1.306916734830e-03 1.283212352595e+05 1.237301729471e+05 1.050259070038e+05 4.332955437938e+03 6.396045071851e+02 2.600000000000e+06 0.000000000000e+00 -8.752000000000e-01 -8.752000000000e-01 0.000000000000e+00 0.000000000000e+00 0.000000000000e+00 -0.000000000000e+00 3.200226389421e-02 0.000000000000e+00 0.000000000000e+00 0.000000000000e+00 0.000000000000e+00 0.000000000000e+00 0.000000000000e+00 
9.580000000000e+00 2.092900326029e-02 3.504098976410e-01 1.388870262818e-03 1.281572853672e+05 1.236086728311e+05 1.050109476340e+05 4.333304174779e+03 6.396337210294e+02 2.600000000000e+06 0.000000000000e+00 -8.752000000000e-01 -8.752000000000e-01 0.000000000000e+00 0.000000000000e+00 0.000000000000e+00 -0.000000000000e+00 3.199198863617e-02 0.000000000000e+00 0.000000000000e+00 0.000000000000e+00 0.000000000000e+00 0.000000000000e+00 0.000000000000e+00 
9.585000000000e+00 2.092188054063e-02 3.492372623015e-01 1.468636458247e-03 1.279856426425e+05 1.234796578493e+05 1.049951225992e+05 4.333673995469e+03 6.396651827160e+02 2.600000000000e+06 0.000000000000e+00 -8.752000000000e-01 -8.752000000000e-01 0.000000000000e+00 0.000000000000e+00 0.000000000000e+00 -0.000000000000e+00 3.198108843260e-02 0.000000000000e+00 0.000000000000e+00 0.000000000000e+00 0.000000000000e+00 0.000000000000e+00 0.000000000000e+00 
9.590000000000e+00 2.091436271045e-02 3.480757482180e-01 1.544893606757e-03 1.278070236614e+05 1.233433655251e+05 1.049784712792e+05 4.334064138475e+03 6.396989099144e+02 2.600000000000e+06 0.000000000000e+00 -8.752000000000e-01 -8.752000000000e-01 0.000000000000e+00 0.000000000000e+00 0.000000000000e+00 -0.000000000000e+00 3.196958605522e-02 0.000000000000e+00 0.000000000000e+00 0.000000000000e+00 0.000000000000e+00 0.000000000000e+00 0.000000000000e+00 
9.595000000000e+00 2.090647017335e-02 3.469373676785e-01 1.616436543029e-03 1.276222345757e+05 1.232001465874e+05 1.049610468206e+05 4.334473527911e+03 6.397348917299e+02 2.600000000000e+06 0.000000000000e+00 -8.752000000000e-01 -8.752000000000e-01 0.000000000000e+00 0.000000000000e+00 0.000000000000e+00 -0.000000000000e+00 3.195751384669e-02 0.000000000000e+00 0.000000000000e+00 0.000000000000e+00 0.000000000000e+00 0.000000000000e+00 0.000000000000e+00 
9.600000000000e+00 2.089823012488e-02 3.458337266139e-01 1.682169009652e-03 1.274321852725e+05 1.230504756036e+05 1.049429170445e+05 4.334900743562e+03 6.397730831794e+02 2.600000000000e+06 0.000000000000e+00 -8.752000000000e-01 -8.752000000000e-01 0.000000000000e+00 0.000000000000e+00 0.000000000000e+00 -0.000000000000e+00 3.194491294813e-02 0.000000000000e+00 0.000000000000e+00 0.000000000000e+00 0.000000000000e+00 0.000000000000e+00 0.000000000000e+00 
9.605000000000e+00 2.088967452937e-02 3.447750252198e-01 1.741208380749e-03 1.272378135794e+05 1.228949149762e+05 1.049241596794e+05 4.335344129206e+03 6.398134113753e+02 2.600000000000e+06 0.000000000000e+00 -8.752000000000e-01 -8.752000000000e-01 0.000000000000e+00 0.000000000000e+00 0.000000000000e+00 -0.000000000000e+00 3.193183195452e-02 0.000000000000e+00 0.000000000000e+00 0.000000000000e+00 0.000000000000e+00 0.000000000000e+00 0.000000000000e+00 
9.610000000000e+00 2.088083920222e-02 3.437698785615e-01 1.792868951108e-03 1.270400723382e+05 1.227340988965e+05 1.049048600829e+05 4.335801837628e+03 6.398557771546e+02 2.600000000000e+06 0.000000000000e+00 -8.752000000000e-01 -8.752000000000e-01 0.000000000000e+00 0.000000000000e+00 0.000000000000e+00 -0.000000000000e+00 3.191832538804e-02 0.000000000000e+00 0.000000000000e+00 0.000000000000e+00 0.000000000000e+00 0.000000000000e+00 0.000000000000e+00 
9.615000000000e+00 2.087176277740e-02 3.428249321851e-01 1.836708512279e-03 1.268398929007e+05 1.225687151226e+05 1.048851087547e+05 4.336271885256e+03 6.399000576690e+02 2.600000000000e+06 0.000000000000e+00 -8.752000000000e-01 -8.752000000000e-01 0.000000000000e+00 0.000000000000e+00 0.000000000000e+00 -0.000000000000e+00 3.190445207846e-02 0.000000000000e+00 0.000000000000e+00 0.000000000000e+00 0.000000000000e+00 0.000000000000e+00 0.000000000000e+00 
9.620000000000e+00 2.086248547222e-02 3.419444856397e-01 1.872547408052e-03 1.266381535062e+05 1.223994829360e+05 1.048649984644e+05 4.336752215984e+03 6.399461105346e+02 2.600000000000e+06 0.000000000000e+00 -8.752000000000e-01 -8.752000000000e-01 0.000000000000e+00 0.000000000000e+00 0.000000000000e+00 -0.000000000000e+00 3.189027321736e-02 0.000000000000e+00 0.000000000000e+00 0.000000000000e+00 0.000000000000e+00 0.000000000000e+00 0.000000000000e+00 
9.625000000000e+00 2.085304776343e-02 3.411303014598e-01 1.900472016173e-03 1.264356508982e+05 1.222271293137e+05 1.048446212618e+05 4.337240769050e+03 6.399937791602e+02 2.600000000000e+06 0.000000000000e+00 -8.752000000000e-01 -8.752000000000e-01 0.000000000000e+00 0.000000000000e+00 0.000000000000e+00 -0.000000000000e+00 3.187585033245e-02 0.000000000000e+00 0.000000000000e+00 0.000000000000e+00 0.000000000000e+00 0.000000000000e+00 0.000000000000e+00 
9.630000000000e+00 2.084348900337e-02 3.403814928752e-01 1.920843746041e-03 1.262330687194e+05 1.220523638117e+05 1.048240654396e+05 4.337735550713e+03 6.400428992177e+02 2.600000000000e+06 0.000000000000e+00 -8.752000000000e-01 -8.752000000000e-01 0.000000000000e+00 0.000000000000e+00 0.000000000000e+00 -0.000000000000e+00 3.186124317889e-02 0.000000000000e+00 0.000000000000e+00 0.000000000000e+00 0.000000000000e+00 0.000000000000e+00 0.000000000000e+00 
9.635000000000e+00 2.083384609888e-02 3.396945946073e-01 1.934278555611e-03 1.260309569214e+05 1.218758543840e+05 1.048034127197e+05 4.338234701472e+03 6.400933056777e+02 2.600000000000e+06 0.000000000000e+00 -8.752000000000e-01 -8.752000000000e-01 0.000000000000e+00 0.000000000000e+00 0.000000000000e+00 -0.000000000000e+00 3.184650774247e-02 0.000000000000e+00 0.000000000000e+00 0.000000000000e+00 0.000000000000e+00 0.000000000000e+00 0.000000000000e+00 
9.640000000000e+00 2.082415222946e-02 3.390636169650e-01 1.941621936517e-03 1.258297134043e+05 1.216982037168e+05 1.047827356080e+05 4.338736561407e+03 6.401448404997e+02 2.600000000000e+06 0.000000000000e+00 -8.752000000000e-01 -8.752000000000e-01 0.000000000000e+00 0.000000000000e+00 0.000000000000e+00 -0.000000000000e+00 3.183169432873e-02 0.000000000000e+00 0.000000000000e+00 0.000000000000e+00 0.000000000000e+00 0.000000000000e+00 0.000000000000e+00 
9.645000000000e+00 2.081443580878e-02 3.384804123480e-01 1.943908705641e-03 1.256295756692e+05 1.215199298237e+05 1.047620953454e+05 4.339239722467e+03 6.401973598226e+02 2.600000000000e+06 0.000000000000e+00 -8.752000000000e-01 -8.752000000000e-01 0.000000000000e+00 0.000000000000e+00 0.000000000000e+00 -0.000000000000e+00 3.181684603487e-02 0.000000000000e+00 0.000000000000e+00 0.000000000000e+00 0.000000000000e+00 0.000000000000e+00 0.000000000000e+00 
9.650000000000e+00 2.080471963169e-02 3.379348316474e-01 1.942342558937e-03 1.254306096200e+05 1.213414498894e+05 1.047415403157e+05 4.339743072553e+03 6.402507407837e+02 2.600000000000e+06 0.000000000000e+00 -8.752000000000e-01 -8.752000000000e-01 0.000000000000e+00 0.000000000000e+00 0.000000000000e+00 -0.000000000000e+00 3.180199716430e-02 0.000000000000e+00 0.000000000000e+00 0.000000000000e+00 0.000000000000e+00 0.000000000000e+00 0.000000000000e+00 
9.655000000000e+00 2.079502006475e-02 3.374152278557e-01 1.938242906825e-03 1.252327102194e+05 1.211630647797e+05 1.047211045934e+05 4.340245835773e+03 6.403048886050e+02 2.600000000000e+06 0.000000000000e+00 -8.752000000000e-01 -8.752000000000e-01 0.000000000000e+00 0.000000000000e+00 0.000000000000e+00 -0.000000000000e+00 3.178717231343e-02 0.000000000000e+00 0.000000000000e+00 0.000000000000e+00 0.000000000000e+00 0.000000000000e+00 0.000000000000e+00 
9.660000000000e+00 2.078534660423e-02 3.369088697718e-01 1.932992088758e-03 1.250356095959e+05 1.209849502050e+05 1.047008073047e+05 4.340747593840e+03 6.403597420210e+02 2.600000000000e+06 0.000000000000e+00 -8.752000000000e-01 -8.752000000000e-01 0.000000000000e+00 0.000000000000e+00 0.000000000000e+00 -0.000000000000e+00 3.177238568071e-02 0.000000000000e+00 0.000000000000e+00 0.000000000000e+00 0.000000000000e+00 0.000000000000e+00 0.000000000000e+00 
9.665000000000e+00 2.077570168939e-02 3.364024404472e-01 1.927985036143e-03 1.248388896253e+05 1.208071525306e+05 1.046806525393e+05 4.341248294452e+03 6.404152774345e+02 2.600000000000e+06 0.000000000000e+00 -8.752000000000e-01 -8.752000000000e-01 0.000000000000e+00 0.000000000000e+00 0.000000000000e+00 -0.000000000000e+00 3.175764076728e-02 0.000000000000e+00 0.000000000000e+00 0.000000000000e+00 0.000000000000e+00 0.000000000000e+00 0.000000000000e+00 
9.670000000000e+00 2.076608074468e-02 3.358824719944e-01 1.924581640097e-03 1.246419983754e+05 1.206295887923e+05 1.046606297435e+05 4.341748247938e+03 6.404715117759e+02 2.600000000000e+06 0.000000000000e+00 -8.752000000000e-01 -8.752000000000e-01 0.000000000000e+00 0.000000000000e+00 0.000000000000e+00 -0.000000000000e+00 3.174293043356e-02 0.000000000000e+00 0.000000000000e+00 0.000000000000e+00 0.000000000000e+00 0.000000000000e+00 0.000000000000e+00 
9.675000000000e+00 2.075647248809e-02 3.353358692660e-01 1.924062711209e-03 1.244442708873e+05 1.204520516387e+05 1.046407146545e+05 4.342248110227e+03 6.405285036983e+02 2.600000000000e+06 0.000000000000e+00 -8.752000000000e-01 -8.752000000000e-01 0.000000000000e+00 0.000000000000e+00 0.000000000000e+00 -0.000000000000e+00 3.172823737665e-02 0.000000000000e+00 0.000000000000e+00 0.000000000000e+00 0.000000000000e+00 0.000000000000e+00 0.000000000000e+00 
9.680000000000e+00 2.074685941884e-02 3.347502270719e-01 1.927596805742e-03 1.242449500632e+05 1.202742176346e+05 1.046208705842e+05 4.342748856985e+03 6.405863534861e+02 2.600000000000e+06 0.000000000000e+00 -8.752000000000e-01 -8.752000000000e-01 0.000000000000e+00 0.000000000000e+00 0.000000000000e+00 -0.000000000000e+00 3.171353485538e-02 0.000000000000e+00 0.000000000000e+00 0.000000000000e+00 0.000000000000e+00 0.000000000000e+00 0.000000000000e+00 
9.685000000000e+00 2.073721845771e-02 3.341141622514e-01 1.936209781642e-03 1.240432098437e+05 1.200956584498e+05 1.046010499898e+05 4.343251749823e+03 6.406452017576e+02 2.600000000000e+06 0.000000000000e+00 -8.752000000000e-01 -8.752000000000e-01 0.000000000000e+00 0.000000000000e+00 0.000000000000e+00 -0.000000000000e+00 3.169878766782e-02 0.000000000000e+00 0.000000000000e+00 0.000000000000e+00 0.000000000000e+00 0.000000000000e+00 0.000000000000e+00 
9.690000000000e+00 2.072752174465e-02 3.334176115900e-01 1.950762944604e-03 1.238381787947e+05 1.199158550363e+05 1.045811963343e+05 4.343758294639e+03 6.407052268759e+02 2.600000000000e+06 0.000000000000e+00 -8.752000000000e-01 -8.752000000000e-01 0.000000000000e+00 0.000000000000e+00 0.000000000000e+00 -0.000000000000e+00 3.168395336395e-02 0.000000000000e+00 0.000000000000e+00 0.000000000000e+00 0.000000000000e+00 0.000000000000e+00 0.000000000000e+00 
9.695000000000e+00 2.071773750805e-02 3.326520096378e-01 1.971933623410e-03 1.236289644141e+05 1.197342132185e+05 1.045612460578e+05 4.344270196184e+03 6.407666415513e+02 2.600000000000e+06 0.000000000000e+00 -8.752000000000e-01 -8.752000000000e-01 0.000000000000e+00 0.000000000000e+00 0.000000000000e+00 -0.000000000000e+00 3.166898356105e-02 0.000000000000e+00 0.000000000000e+00 0.000000000000e+00 0.000000000000e+00 0.000000000000e+00 0.000000000000e+00 
9.700000000000e+00 2.070783103923e-02 3.318104744477e-01 2.000207183920e-03 1.234146758093e+05 1.195500813249e+05 1.045411307264e+05 4.344789307593e+03 6.408296884092e+02 2.600000000000e+06 0.000000000000e+00 -8.752000000000e-01 -8.752000000000e-01 0.000000000000e+00 0.000000000000e+00 0.000000000000e+00 -0.000000000000e+00 3.165382543044e-02 0.000000000000e+00 0.000000000000e+00 0.000000000000e+00 0.000000000000e+00 0.000000000000e+00 0.000000000000e+00 
9.705000000000e+00 2.069776565951e-02 3.308879565556e-01 2.035866289538e-03 1.231944472083e+05 1.193627677736e+05 1.045207791271e+05 4.345317579979e+03 6.408946352151e+02 2.600000000000e+06 0.000000000000e+00 -8.752000000000e-01 -8.752000000000e-01 0.000000000000e+00 0.000000000000e+00 0.000000000000e+00 -0.000000000000e+00 3.163842317100e-02 0.000000000000e+00 0.000000000000e+00 0.000000000000e+00 0.000000000000e+00 0.000000000000e+00 0.000000000000e+00 
9.710000000000e+00 2.068750374168e-02 3.298812389250e-01 2.079001693064e-03 1.229674553795e+05 1.191715597653e+05 1.045001194356e+05 4.345857010185e+03 6.409617693622e+02 2.600000000000e+06 0.000000000000e+00 -8.752000000000e-01 -8.752000000000e-01 0.000000000000e+00 0.000000000000e+00 0.000000000000e+00 -0.000000000000e+00 3.162271957907e-02 0.000000000000e+00 0.000000000000e+00 0.000000000000e+00 0.000000000000e+00 0.000000000000e+00 0.000000000000e+00 
9.715000000000e+00 2.067700726805e-02 3.287888062300e-01 2.129533830144e-03 1.227329238391e+05 1.189757334238e+05 1.044790804160e+05 4.346409613245e+03 6.410313950404e+02 2.600000000000e+06 0.000000000000e+00 -8.752000000000e-01 -8.752000000000e-01 0.000000000000e+00 0.000000000000e+00 0.000000000000e+00 -0.000000000000e+00 3.160665744537e-02 0.000000000000e+00 0.000000000000e+00 0.000000000000e+00 0.000000000000e+00 0.000000000000e+00 0.000000000000e+00 
9.720000000000e+00 2.066623962815e-02 3.276107216215e-01 2.187216231032e-03 1.224901589400e+05 1.187745871511e+05 1.044575950707e+05 4.346977328718e+03 6.411038218291e+02 2.600000000000e+06 0.000000000000e+00 -8.752000000000e-01 -8.752000000000e-01 0.000000000000e+00 0.000000000000e+00 0.000000000000e+00 -0.000000000000e+00 3.159018084348e-02 0.000000000000e+00 0.000000000000e+00 0.000000000000e+00 0.000000000000e+00 0.000000000000e+00 0.000000000000e+00 
9.725000000000e+00 2.065516591752e-02 3.263486229264e-01 2.251646836493e-03 1.222385523426e+05 1.185674471598e+05 1.044356012315e+05 4.347562005689e+03 6.411793626711e+02 2.600000000000e+06 0.000000000000e+00 -8.752000000000e-01 -8.752000000000e-01 0.000000000000e+00 0.000000000000e+00 0.000000000000e+00 -0.000000000000e+00 3.157323635437e-02 0.000000000000e+00 0.000000000000e+00 0.000000000000e+00 0.000000000000e+00 0.000000000000e+00 0.000000000000e+00 
9.730000000000e+00 2.064375347285e-02 3.250055432401e-01 2.322300687453e-03 1.219775811569e+05 1.183536774634e+05 1.044130426035e+05 4.348165376509e+03 6.412583300741e+02 2.600000000000e+06 0.000000000000e+00 -8.752000000000e-01 -8.752000000000e-01 0.000000000000e+00 0.000000000000e+00 0.000000000000e+00 -0.000000000000e+00 3.155577415727e-02 0.000000000000e+00 0.000000000000e+00 0.000000000000e+00 0.000000000000e+00 0.000000000000e+00 0.000000000000e+00 
9.735000000000e+00 2.063197251953e-02 3.235857030413e-01 2.398541355462e-03 1.217068176813e+05 1.181326920554e+05 1.043898700013e+05 4.348789023262e+03 6.413410312129e+02 2.600000000000e+06 0.000000000000e+00 -8.752000000000e-01 -8.752000000000e-01 0.000000000000e+00 0.000000000000e+00 0.000000000000e+00 -0.000000000000e+00 3.153774891247e-02 0.000000000000e+00 0.000000000000e+00 0.000000000000e+00 0.000000000000e+00 0.000000000000e+00 0.000000000000e+00 
9.740000000000e+00 2.061979668648e-02 3.220942918921e-01 2.479653423336e-03 1.214259292986e+05 1.179039647014e+05 1.043660422832e+05 4.349434352205e+03 6.414277635565e+02 2.600000000000e+06 0.000000000000e+00 -8.752000000000e-01 -8.752000000000e-01 0.000000000000e+00 0.000000000000e+00 0.000000000000e+00 -0.000000000000e+00 3.151912049698e-02 0.000000000000e+00 0.000000000000e+00 0.000000000000e+00 0.000000000000e+00 0.000000000000e+00 0.000000000000e+00 
9.745000000000e+00 2.060720341665e-02 3.205374742675e-01 2.564833970980e-03 1.211346902116e+05 1.176670368755e+05 1.043415270443e+05 4.350102571175e+03 6.415188108485e+02 2.600000000000e+06 0.000000000000e+00 -8.752000000000e-01 -8.752000000000e-01 0.000000000000e+00 0.000000000000e+00 0.000000000000e+00 -0.000000000000e+00 3.149985463601e-02 0.000000000000e+00 0.000000000000e+00 0.000000000000e+00 0.000000000000e+00 0.000000000000e+00 0.000000000000e+00 
9.750000000000e+00 2.059417431638e-02 3.189221513878e-01 2.653242751039e-03 1.208329720055e+05 1.174215246481e+05 1.043163011536e+05 4.350794673344e+03 6.416144391448e+02 2.600000000000e+06 0.000000000000e+00 -8.752000000000e-01 -8.752000000000e-01 0.000000000000e+00 0.000000000000e+00 0.000000000000e+00 -0.000000000000e+00 3.147992340317e-02 0.000000000000e+00 0.000000000000e+00 0.000000000000e+00 0.000000000000e+00 0.000000000000e+00 0.000000000000e+00 
9.755000000000e+00 2.058069528155e-02 3.172555980384e-01 2.744027932976e-03 1.205207378968e+05 1.171671214692e+05 1.042903508233e+05 4.351511431176e+03 6.417148941246e+02 2.600000000000e+06 0.000000000000e+00 -8.752000000000e-01 -8.752000000000e-01 0.000000000000e+00 0.000000000000e+00 0.000000000000e+00 -0.000000000000e+00 3.145930539342e-02 0.000000000000e+00 0.000000000000e+00 0.000000000000e+00 0.000000000000e+00 0.000000000000e+00 0.000000000000e+00 
9.760000000000e+00 2.056675649756e-02 3.155452276082e-01 2.836348070841e-03 1.201980356576e+05 1.169035986455e+05 1.042636714112e+05 4.352253396691e+03 6.418203990766e+02 2.600000000000e+06 0.000000000000e+00 -8.752000000000e-01 -8.752000000000e-01 0.000000000000e+00 0.000000000000e+00 0.000000000000e+00 -0.000000000000e+00 3.143798572568e-02 0.000000000000e+00 0.000000000000e+00 0.000000000000e+00 0.000000000000e+00 0.000000000000e+00 0.000000000000e+00 
9.765000000000e+00 2.055235235715e-02 3.137985191309e-01 2.929370016812e-03 1.198649970572e+05 1.166308043247e+05 1.042362670454e+05 4.353020904613e+03 6.419311533063e+02 2.600000000000e+06 0.000000000000e+00 -8.752000000000e-01 -8.752000000000e-01 0.000000000000e+00 0.000000000000e+00 0.000000000000e+00 -0.000000000000e+00 3.141595593107e-02 0.000000000000e+00 0.000000000000e+00 0.000000000000e+00 0.000000000000e+00 0.000000000000e+00 0.000000000000e+00 
9.770000000000e+00 2.053748142416e-02 3.120230930754e-01 3.022273996315e-03 1.195218358631e+05 1.163486634069e+05 1.042081503224e+05 4.353814073378e+03 6.420473300197e+02 2.600000000000e+06 0.000000000000e+00 -8.752000000000e-01 -8.752000000000e-01 0.000000000000e+00 0.000000000000e+00 0.000000000000e+00 -0.000000000000e+00 3.139321391689e-02 0.000000000000e+00 0.000000000000e+00 0.000000000000e+00 0.000000000000e+00 0.000000000000e+00 0.000000000000e+00 
9.775000000000e+00 2.052214628556e-02 3.102264309252e-01 3.114283978861e-03 1.191688348600e+05 1.160571753907e+05 1.041793417769e+05 4.354632813414e+03 6.421690749105e+02 2.600000000000e+06 0.000000000000e+00 -8.752000000000e-01 -8.752000000000e-01 0.000000000000e+00 0.000000000000e+00 0.000000000000e+00 -0.000000000000e+00 3.136976371199e-02 0.000000000000e+00 0.000000000000e+00 0.000000000000e+00 0.000000000000e+00 0.000000000000e+00 0.000000000000e+00 
9.780000000000e+00 2.050635331854e-02 3.084157601776e-01 3.204674426866e-03 1.188063391485e+05 1.157564106409e+05 1.041498691871e+05 4.355476838527e+03 6.422965053453e+02 2.600000000000e+06 0.000000000000e+00 -8.752000000000e-01 -8.752000000000e-01 0.000000000000e+00 0.000000000000e+00 0.000000000000e+00 -0.000000000000e+00 3.134561511549e-02 0.000000000000e+00 0.000000000000e+00 0.000000000000e+00 0.000000000000e+00 0.000000000000e+00 0.000000000000e+00 
9.785000000000e+00 2.049011240533e-02 3.065979306590e-01 3.292784346353e-03 1.184347458252e+05 1.154465056750e+05 1.041197667826e+05 4.356345680473e+03 6.424297099733e+02 2.600000000000e+06 0.000000000000e+00 -8.752000000000e-01 -8.752000000000e-01 0.000000000000e+00 0.000000000000e+00 0.000000000000e+00 -0.000000000000e+00 3.132078325936e-02 0.000000000000e+00 0.000000000000e+00 0.000000000000e+00 0.000000000000e+00 0.000000000000e+00 0.000000000000e+00 
9.790000000000e+00 2.047343656984e-02 3.047792714811e-01 3.378020952623e-03 1.180544955402e+05 1.151276569491e+05 1.040890743173e+05 4.357238707124e+03 6.425687490626e+02 2.600000000000e+06 0.000000000000e+00 -8.752000000000e-01 -8.752000000000e-01 0.000000000000e+00 0.000000000000e+00 0.000000000000e+00 -0.000000000000e+00 3.129528805319e-02 0.000000000000e+00 0.000000000000e+00 0.000000000000e+00 0.000000000000e+00 0.000000000000e+00 0.000000000000e+00 
9.795000000000e+00 2.045634167127e-02 3.029657265715e-01 3.459845255900e-03 1.176660714421e+05 1.148001157077e+05 1.040578362630e+05 4.358155136644e+03 6.427136545156e+02 2.600000000000e+06 0.000000000000e+00 -8.752000000000e-01 -8.752000000000e-01 0.000000000000e+00 0.000000000000e+00 0.000000000000e+00 -0.000000000000e+00 3.126915374078e-02 0.000000000000e+00 0.000000000000e+00 0.000000000000e+00 0.000000000000e+00 0.000000000000e+00 0.000000000000e+00 
9.800000000000e+00 2.043884618424e-02 3.011630453228e-01 3.537749970467e-03 1.172700026045e+05 1.144641844712e+05 1.040261011756e+05 4.359094046646e+03 6.428644292901e+02 2.600000000000e+06 0.000000000000e+00 -8.752000000000e-01 -8.752000000000e-01 0.000000000000e+00 0.000000000000e+00 0.000000000000e+00 -0.000000000000e+00 3.124240857162e-02 0.000000000000e+00 0.000000000000e+00 0.000000000000e+00 0.000000000000e+00 0.000000000000e+00 0.000000000000e+00 
9.805000000000e+00 2.042097092867e-02 2.993765267522e-01 3.611315196045e-03 1.168668395662e+05 1.141202125387e+05 1.039939209834e+05 4.360054390532e+03 6.430210473819e+02 2.600000000000e+06 0.000000000000e+00 -8.752000000000e-01 -8.752000000000e-01 0.000000000000e+00 0.000000000000e+00 0.000000000000e+00 -0.000000000000e+00 3.121508436096e-02 0.000000000000e+00 0.000000000000e+00 0.000000000000e+00 0.000000000000e+00 0.000000000000e+00 0.000000000000e+00 
9.810000000000e+00 2.040273861780e-02 2.976107043297e-01 3.680206909326e-03 1.164571456145e+05 1.137685879472e+05 1.039613499716e+05 4.361035020397e+03 6.431834556297e+02 2.600000000000e+06 0.000000000000e+00 -8.752000000000e-01 -8.752000000000e-01 0.000000000000e+00 0.000000000000e+00 0.000000000000e+00 -0.000000000000e+00 3.118721578025e-02 0.000000000000e+00 0.000000000000e+00 0.000000000000e+00 0.000000000000e+00 0.000000000000e+00 0.000000000000e+00 
9.815000000000e+00 2.038417348007e-02 2.958695895585e-01 3.744156899980e-03 1.160414959813e+05 1.134097307644e+05 1.039284439340e+05 4.362034705109e+03 6.433515752290e+02 2.600000000000e+06 0.000000000000e+00 -8.752000000000e-01 -8.752000000000e-01 0.000000000000e+00 0.000000000000e+00 0.000000000000e+00 -0.000000000000e+00 3.115883983689e-02 0.000000000000e+00 0.000000000000e+00 0.000000000000e+00 0.000000000000e+00 0.000000000000e+00 0.000000000000e+00 
9.820000000000e+00 2.036530066899e-02 2.941562791821e-01 3.802995224052e-03 1.156204543082e+05 1.130440821869e+05 1.038952589881e+05 4.363052162950e+03 6.435253055604e+02 2.600000000000e+06 0.000000000000e+00 -8.752000000000e-01 -8.752000000000e-01 0.000000000000e+00 0.000000000000e+00 0.000000000000e+00 -0.000000000000e+00 3.112999513065e-02 0.000000000000e+00 0.000000000000e+00 0.000000000000e+00 0.000000000000e+00 0.000000000000e+00 0.000000000000e+00 
9.825000000000e+00 2.034614640515e-02 2.924737790717e-01 3.856553337633e-03 1.151946093864e+05 1.126721077182e+05 1.038618517158e+05 4.364086047716e+03 6.437045216787e+02 2.600000000000e+06 0.000000000000e+00 -8.752000000000e-01 -8.752000000000e-01 0.000000000000e+00 0.000000000000e+00 0.000000000000e+00 -0.000000000000e+00 3.110072161338e-02 0.000000000000e+00 0.000000000000e+00 0.000000000000e+00 0.000000000000e+00 0.000000000000e+00 0.000000000000e+00 
9.830000000000e+00 2.032673753401e-02 2.908245314287e-01 3.904747258204e-03 1.147645371411e+05 1.122942890015e+05 1.038282782915e+05 4.365134976576e+03 6.438890773205e+02 2.600000000000e+06 0.000000000000e+00 -8.752000000000e-01 -8.752000000000e-01 0.000000000000e+00 0.000000000000e+00 0.000000000000e+00 -0.000000000000e+00 3.107106013260e-02 0.000000000000e+00 0.000000000000e+00 0.000000000000e+00 0.000000000000e+00 0.000000000000e+00 0.000000000000e+00 
9.835000000000e+00 2.030710117243e-02 2.892105493878e-01 3.947531566196e-03 1.143308091517e+05 1.119111172579e+05 1.037945938054e+05 4.366197545980e+03 6.440788075092e+02 2.600000000000e+06 0.000000000000e+00 -8.752000000000e-01 -8.752000000000e-01 0.000000000000e+00 0.000000000000e+00 0.000000000000e+00 -0.000000000000e+00 3.104105201953e-02 0.000000000000e+00 0.000000000000e+00 0.000000000000e+00 0.000000000000e+00 0.000000000000e+00 0.000000000000e+00 
9.840000000000e+00 2.028726447221e-02 2.876335998592e-01 3.984925776454e-03 1.138939784877e+05 1.115230889083e+05 1.037608518230e+05 4.367272345596e+03 6.442735303933e+02 2.600000000000e+06 0.000000000000e+00 -8.752000000000e-01 -8.752000000000e-01 0.000000000000e+00 0.000000000000e+00 0.000000000000e+00 -0.000000000000e+00 3.101073870231e-02 0.000000000000e+00 0.000000000000e+00 0.000000000000e+00 0.000000000000e+00 0.000000000000e+00 0.000000000000e+00 
9.845000000000e+00 2.026725446564e-02 2.860947702892e-01 4.016956227209e-03 1.134545966693e+05 1.111307027245e+05 1.037271041091e+05 4.368357963084e+03 6.444730485495e+02 2.600000000000e+06 0.000000000000e+00 -8.752000000000e-01 -8.752000000000e-01 0.000000000000e+00 0.000000000000e+00 0.000000000000e+00 -0.000000000000e+00 3.098016140012e-02 0.000000000000e+00 0.000000000000e+00 0.000000000000e+00 0.000000000000e+00 0.000000000000e+00 0.000000000000e+00 
9.850000000000e+00 2.024709793797e-02 2.845949496951e-01 4.043693365452e-03 1.130131979659e+05 1.107344574484e+05 1.036934004174e+05 4.369452993019e+03 6.446771502239e+02 2.600000000000e+06 0.000000000000e+00 -8.752000000000e-01 -8.752000000000e-01 0.000000000000e+00 0.000000000000e+00 0.000000000000e+00 -0.000000000000e+00 3.094936098769e-02 0.000000000000e+00 0.000000000000e+00 0.000000000000e+00 0.000000000000e+00 0.000000000000e+00 0.000000000000e+00 
9.855000000000e+00 2.022682116315e-02 2.831346695316e-01 4.065251051358e-03 1.125702939089e+05 1.103348466605e+05 1.036597880720e+05 4.370556051159e+03 6.448856121753e+02 2.600000000000e+06 0.000000000000e+00 -8.752000000000e-01 -8.752000000000e-01 0.000000000000e+00 0.000000000000e+00 0.000000000000e+00 -0.000000000000e+00 3.091837756259e-02 0.000000000000e+00 0.000000000000e+00 0.000000000000e+00 0.000000000000e+00 0.000000000000e+00 0.000000000000e+00 
9.860000000000e+00 2.020644976781e-02 2.817142485487e-01 4.081765493926e-03 1.121263776437e+05 1.099323560878e+05 1.036263117866e+05 4.371665780730e+03 6.450982014779e+02 2.600000000000e+06 0.000000000000e+00 -8.752000000000e-01 -8.752000000000e-01 0.000000000000e+00 0.000000000000e+00 0.000000000000e+00 -0.000000000000e+00 3.088725027153e-02 0.000000000000e+00 0.000000000000e+00 0.000000000000e+00 0.000000000000e+00 0.000000000000e+00 0.000000000000e+00 
9.865000000000e+00 2.018600867969e-02 2.803337427581e-01 4.093393874792e-03 1.116819232072e+05 1.095274625286e+05 1.035930136386e+05 4.372780855338e+03 6.453146766061e+02 2.600000000000e+06 0.000000000000e+00 -8.752000000000e-01 -8.752000000000e-01 0.000000000000e+00 0.000000000000e+00 0.000000000000e+00 -0.000000000000e+00 3.085601711206e-02 0.000000000000e+00 0.000000000000e+00 0.000000000000e+00 0.000000000000e+00 0.000000000000e+00 0.000000000000e+00 
9.870000000000e+00 2.016552198306e-02 2.789930498552e-01 4.100303129179e-03 1.112373862407e+05 1.091206308925e+05 1.035599329018e+05 4.373899986456e+03 6.455347896237e+02 2.600000000000e+06 0.000000000000e+00 -8.752000000000e-01 -8.752000000000e-01 0.000000000000e+00 0.000000000000e+00 0.000000000000e+00 -0.000000000000e+00 3.082471481784e-02 0.000000000000e+00 0.000000000000e+00 0.000000000000e+00 0.000000000000e+00 0.000000000000e+00 0.000000000000e+00 
9.875000000000e+00 2.014501286091e-02 2.776918636076e-01 4.102687877997e-03 1.107931962975e+05 1.087123129102e+05 1.035271060335e+05 4.375021927947e+03 6.457582875945e+02 2.600000000000e+06 0.000000000000e+00 -8.752000000000e-01 -8.752000000000e-01 0.000000000000e+00 0.000000000000e+00 0.000000000000e+00 -0.000000000000e+00 3.079337874725e-02 0.000000000000e+00 0.000000000000e+00 0.000000000000e+00 0.000000000000e+00 0.000000000000e+00 0.000000000000e+00 
9.880000000000e+00 2.012450349203e-02 2.764296784668e-01 4.100746086685e-03 1.103497630144e+05 1.083029449068e+05 1.034945665979e+05 4.376145480681e+03 6.459849145831e+02 2.600000000000e+06 0.000000000000e+00 -8.752000000000e-01 -8.752000000000e-01 0.000000000000e+00 0.000000000000e+00 0.000000000000e+00 -0.000000000000e+00 3.076204273092e-02 0.000000000000e+00 0.000000000000e+00 0.000000000000e+00 0.000000000000e+00 0.000000000000e+00 0.000000000000e+00 
9.885000000000e+00 2.010401499825e-02 2.752058113190e-01 4.094694369416e-03 1.099074694003e+05 1.078929465337e+05 1.034623452783e+05 4.377269496757e+03 6.462144132077e+02 2.600000000000e+06 0.000000000000e+00 -8.752000000000e-01 -8.752000000000e-01 0.000000000000e+00 0.000000000000e+00 0.000000000000e+00 -0.000000000000e+00 3.073073898519e-02 0.000000000000e+00 0.000000000000e+00 0.000000000000e+00 0.000000000000e+00 0.000000000000e+00 0.000000000000e+00 
9.890000000000e+00 2.008356742634e-02 2.740195275240e-01 4.084746574309e-03 1.094666788092e+05 1.074827201657e+05 1.034304699490e+05 4.378392879749e+03 6.464465258631e+02 2.600000000000e+06 0.000000000000e+00 -8.752000000000e-01 -8.752000000000e-01 0.000000000000e+00 0.000000000000e+00 0.000000000000e+00 -0.000000000000e+00 3.069949810222e-02 0.000000000000e+00 0.000000000000e+00 0.000000000000e+00 0.000000000000e+00 0.000000000000e+00 0.000000000000e+00 
9.895000000000e+00 2.006317971070e-02 2.728699974994e-01 4.071114321959e-03 1.090277337665e+05 1.070726498945e+05 1.033989657189e+05 4.379514587294e+03 6.466809961914e+02 2.600000000000e+06 0.000000000000e+00 -8.752000000000e-01 -8.752000000000e-01 0.000000000000e+00 0.000000000000e+00 0.000000000000e+00 -0.000000000000e+00 3.066834900645e-02 0.000000000000e+00 0.000000000000e+00 0.000000000000e+00 0.000000000000e+00 0.000000000000e+00 0.000000000000e+00 
9.900000000000e+00 2.004286973741e-02 2.717563092020e-01 4.054026453182e-03 1.085909502735e+05 1.066631025460e+05 1.033678551327e+05 4.380633629238e+03 6.469175694005e+02 2.600000000000e+06 0.000000000000e+00 -8.752000000000e-01 -8.752000000000e-01 0.000000000000e+00 0.000000000000e+00 0.000000000000e+00 -0.000000000000e+00 3.063731896221e-02 0.000000000000e+00 0.000000000000e+00 0.000000000000e+00 0.000000000000e+00 0.000000000000e+00 0.000000000000e+00 
9.905000000000e+00 2.002265427386e-02 2.706775140525e-01 4.033690403284e-03 1.081566297757e+05 1.062544259863e+05 1.033371581624e+05 4.381749069785e+03 6.471559941192e+02 2.600000000000e+06 0.000000000000e+00 -8.752000000000e-01 -8.752000000000e-01 0.000000000000e+00 0.000000000000e+00 0.000000000000e+00 -0.000000000000e+00 3.060643354012e-02 0.000000000000e+00 0.000000000000e+00 0.000000000000e+00 0.000000000000e+00 0.000000000000e+00 0.000000000000e+00 
9.910000000000e+00 2.000254902904e-02 2.696326734989e-01 4.010316360175e-03 1.077250517282e+05 1.058469500515e+05 1.033068923996e+05 4.382860026129e+03 6.473960227359e+02 2.600000000000e+06 0.000000000000e+00 -8.752000000000e-01 -8.752000000000e-01 0.000000000000e+00 0.000000000000e+00 0.000000000000e+00 -0.000000000000e+00 3.057571670505e-02 0.000000000000e+00 0.000000000000e+00 0.000000000000e+00 0.000000000000e+00 0.000000000000e+00 0.000000000000e+00 
9.915000000000e+00 1.998256866166e-02 2.686207650441e-01 3.984124781540e-03 1.072964708850e+05 1.054409864272e+05 1.032770731627e+05 4.383965668980e+03 6.476374123072e+02 2.600000000000e+06 0.000000000000e+00 -8.752000000000e-01 -8.752000000000e-01 0.000000000000e+00 0.000000000000e+00 0.000000000000e+00 -0.000000000000e+00 3.054519080925e-02 0.000000000000e+00 0.000000000000e+00 0.000000000000e+00 0.000000000000e+00 0.000000000000e+00 0.000000000000e+00 
9.920000000000e+00 1.996272677330e-02 2.676408595435e-01 3.955283342599e-03 1.068711394508e+05 1.050368282215e+05 1.032477135802e+05 4.385065219780e+03 6.478799256269e+02 2.600000000000e+06 0.000000000000e+00 -8.752000000000e-01 -8.752000000000e-01 0.000000000000e+00 0.000000000000e+00 0.000000000000e+00 -0.000000000000e+00 3.051487662659e-02 0.000000000000e+00 0.000000000000e+00 0.000000000000e+00 0.000000000000e+00 0.000000000000e+00 0.000000000000e+00 
9.925000000000e+00 1.994303611247e-02 2.666921579351e-01 3.924001471537e-03 1.064492776747e+05 1.046347538437e+05 1.032188249799e+05 4.386157945430e+03 6.481233296611e+02 2.600000000000e+06 0.000000000000e+00 -8.752000000000e-01 -8.752000000000e-01 0.000000000000e+00 0.000000000000e+00 0.000000000000e+00 -0.000000000000e+00 3.048479360483e-02 0.000000000000e+00 0.000000000000e+00 0.000000000000e+00 0.000000000000e+00 0.000000000000e+00 0.000000000000e+00 
9.930000000000e+00 1.992350846158e-02 2.657731457144e-01 3.890527523284e-03 1.060310720895e+05 1.042350244438e+05 1.031904168011e+05 4.387243164884e+03 6.483673977768e+02 2.600000000000e+06 0.000000000000e+00 -8.752000000000e-01 -8.752000000000e-01 0.000000000000e+00 0.000000000000e+00 0.000000000000e+00 -0.000000000000e+00 3.045495929833e-02 0.000000000000e+00 0.000000000000e+00 0.000000000000e+00 0.000000000000e+00 0.000000000000e+00 0.000000000000e+00 
9.935000000000e+00 1.990415191549e-02 2.648827962652e-01 3.855024194514e-03 1.056166598277e+05 1.038378277265e+05 1.031624927653e+05 4.388320394176e+03 6.486119451739e+02 2.600000000000e+06 0.000000000000e+00 -8.752000000000e-01 -8.752000000000e-01 0.000000000000e+00 0.000000000000e+00 0.000000000000e+00 -0.000000000000e+00 3.042538989093e-02 0.000000000000e+00 0.000000000000e+00 0.000000000000e+00 0.000000000000e+00 0.000000000000e+00 0.000000000000e+00 
9.940000000000e+00 1.988498029739e-02 2.640199804647e-01 3.817691407764e-03 1.052062922835e+05 1.034434709176e+05 1.031350645304e+05 4.389388829056e+03 6.488567106909e+02 2.600000000000e+06 0.000000000000e+00 -8.752000000000e-01 -8.752000000000e-01 0.000000000000e+00 0.000000000000e+00 0.000000000000e+00 -0.000000000000e+00 3.039610013874e-02 0.000000000000e+00 0.000000000000e+00 0.000000000000e+00 0.000000000000e+00 0.000000000000e+00 0.000000000000e+00 
9.945000000000e+00 1.986600096375e-02 2.631836067863e-01 3.778699404633e-03 1.048000899052e+05 1.030521303972e+05 1.031081341375e+05 4.390448021276e+03 6.491015112942e+02 2.600000000000e+06 0.000000000000e+00 -8.752000000000e-01 -8.752000000000e-01 0.000000000000e+00 0.000000000000e+00 0.000000000000e+00 -0.000000000000e+00 3.036710327017e-02 0.000000000000e+00 0.000000000000e+00 0.000000000000e+00 0.000000000000e+00 0.000000000000e+00 0.000000000000e+00 
9.950000000000e+00 1.984722122579e-02 2.623725751983e-01 3.738224446118e-03 1.043981707236e+05 1.026639829447e+05 1.030817034063e+05 4.391497523537e+03 6.493461624067e+02 2.600000000000e+06 0.000000000000e+00 -8.752000000000e-01 -8.752000000000e-01 0.000000000000e+00 0.000000000000e+00 0.000000000000e+00 -0.000000000000e+00 3.033841117855e-02 0.000000000000e+00 0.000000000000e+00 0.000000000000e+00 0.000000000000e+00 0.000000000000e+00 0.000000000000e+00 
9.955000000000e+00 1.982864786957e-02 2.615858158001e-01 3.696429017744e-03 1.040006467904e+05 1.022791957455e+05 1.030557732810e+05 4.392536915326e+03 6.495904843962e+02 2.600000000000e+06 0.000000000000e+00 -8.752000000000e-01 -8.752000000000e-01 0.000000000000e+00 0.000000000000e+00 0.000000000000e+00 -0.000000000000e+00 3.031003447057e-02 0.000000000000e+00 0.000000000000e+00 0.000000000000e+00 0.000000000000e+00 0.000000000000e+00 0.000000000000e+00 
9.960000000000e+00 1.981028701778e-02 2.608222934157e-01 3.653476102806e-03 1.036076158644e+05 1.018979233599e+05 1.030303436805e+05 4.393565811812e+03 6.498343048635e+02 2.600000000000e+06 0.000000000000e+00 -8.752000000000e-01 -8.752000000000e-01 0.000000000000e+00 0.000000000000e+00 0.000000000000e+00 -0.000000000000e+00 3.028198253651e-02 0.000000000000e+00 0.000000000000e+00 0.000000000000e+00 0.000000000000e+00 0.000000000000e+00 0.000000000000e+00 
9.965000000000e+00 1.979214404133e-02 2.600809123129e-01 3.609523749469e-03 1.032191612666e+05 1.015203056902e+05 1.030054134226e+05 4.394583868818e+03 6.500774603436e+02 2.600000000000e+06 0.000000000000e+00 -8.752000000000e-01 -8.752000000000e-01 0.000000000000e+00 0.000000000000e+00 0.000000000000e+00 -0.000000000000e+00 3.025426353912e-02 0.000000000000e+00 0.000000000000e+00 0.000000000000e+00 0.000000000000e+00 0.000000000000e+00 0.000000000000e+00 
9.970000000000e+00 1.977422353814e-02 2.593605236194e-01 3.564734017799e-03 1.028353480270e+05 1.011464673317e+05 1.029809802435e+05 4.395590784902e+03 6.503197971359e+02 2.600000000000e+06 0.000000000000e+00 -8.752000000000e-01 -8.752000000000e-01 0.000000000000e+00 0.000000000000e+00 0.000000000000e+00 -0.000000000000e+00 3.022688443426e-02 0.000000000000e+00 0.000000000000e+00 0.000000000000e+00 0.000000000000e+00 0.000000000000e+00 0.000000000000e+00 
9.975000000000e+00 1.975652931011e-02 2.586599370363e-01 3.519263323231e-03 1.024562257106e+05 1.007765168804e+05 1.029570408141e+05 4.396586302431e+03 6.505611721513e+02 2.600000000000e+06 0.000000000000e+00 -8.752000000000e-01 -8.752000000000e-01 0.000000000000e+00 0.000000000000e+00 0.000000000000e+00 -0.000000000000e+00 3.019985096555e-02 0.000000000000e+00 0.000000000000e+00 0.000000000000e+00 0.000000000000e+00 0.000000000000e+00 0.000000000000e+00 
9.980000000000e+00 1.973906437782e-02 2.579779236993e-01 3.473266876813e-03 1.020818269943e+05 1.004105470324e+05 1.029335908043e+05 4.397570207364e+03 6.508014532282e+02 2.600000000000e+06 0.000000000000e+00 -8.752000000000e-01 -8.752000000000e-01 0.000000000000e+00 0.000000000000e+00 0.000000000000e+00 -0.000000000000e+00 3.017316768876e-02 0.000000000000e+00 0.000000000000e+00 0.000000000000e+00 0.000000000000e+00 0.000000000000e+00 0.000000000000e+00 
9.985000000000e+00 1.972183100344e-02 2.573132841931e-01 3.426884543584e-03 1.017121731806e+05 1.000486348630e+05 1.029106249565e+05 4.398542327446e+03 6.510405193001e+02 2.600000000000e+06 0.000000000000e+00 -8.752000000000e-01 -8.752000000000e-01 0.000000000000e+00 0.000000000000e+00 0.000000000000e+00 -0.000000000000e+00 3.014683800780e-02 0.000000000000e+00 0.000000000000e+00 0.000000000000e+00 0.000000000000e+00 0.000000000000e+00 0.000000000000e+00 
9.990000000000e+00 1.970483057160e-02 2.566649948986e-01 3.380237967048e-03 1.013472724628e+05 9.969083912510e+04 1.028881369668e+05 4.399502539092e+03 6.512782625157e+02 2.600000000000e+06 0.000000000000e+00 -8.752000000000e-01 -8.752000000000e-01 0.000000000000e+00 0.000000000000e+00 0.000000000000e+00 -0.000000000000e+00 3.012086436211e-02 0.000000000000e+00 0.000000000000e+00 0.000000000000e+00 0.000000000000e+00 0.000000000000e+00 0.000000000000e+00 
9.995000000000e+00 1.968806458860e-02 2.560319853631e-01 3.333459601446e-03 1.009871317135e+05 9.933722113440e+04 1.028661208345e+05 4.400450712757e+03 6.515145745910e+02 2.600000000000e+06 0.000000000000e+00 -8.752000000000e-01 -8.752000000000e-01 0.000000000000e+00 0.000000000000e+00 0.000000000000e+00 -0.000000000000e+00 3.009524823612e-02 0.000000000000e+00 0.000000000000e+00 0.000000000000e+00 0.000000000000e+00 0.000000000000e+00 0.000000000000e+00 
1.000000000000e+01 1.967153298002e-02 2.554130661645e-01 3.286677406282e-03 1.006317236773e+05 9.898780876400e+04 1.028445686434e+05 4.401386808734e+03 6.517493710067e+02 2.600000000000e+06 0.000000000000e+00 -8.752000000000e-01 -8.752000000000e-01 0.000000000000e+00 0.000000000000e+00 0.000000000000e+00 -0.000000000000e+00 3.006999007465e-02 0.000000000000e+00 0.000000000000e+00 0.000000000000e+00 0.000000000000e+00 0.000000000000e+00 0.000000000000e+00 
