9.000000000000e+00 2.095347056770e-03 1.166242265870e-03 3.025814449629e-04 1.068681635947e+05 1.113012085178e+05 1.000000000000e+05 1.134241693165e+04 5.578034632376e+02 1.800000000000e+06 8.607663106930e+04 1.536264816000e+07 6.145068016000e+07 0.000000000000e+00 0.000000000000e+00 0.000000000000e+00 7.872155509769e-05 2.543708142095e-03 1.400771459992e-03 0.000000000000e+00 0.000000000000e+00 0.000000000000e+00 0.000000000000e+00 0.000000000000e+00 
9.005000000000e+00 2.093810277448e-03 1.154813387514e-03 3.114926519833e-04 1.064950340096e+05 1.110636599867e+05 1.000000000000e+05 1.134451634582e+04 5.581140261173e+02 1.800000000000e+06 8.579617407509e+04 1.536264816000e+07 6.145068016000e+07 0.000000000000e+00 0.000000000000e+00 0.000000000000e+00 7.846506259272e-05 2.541842135352e-03 1.396208334277e-03 0.000000000000e+00 0.000000000000e+00 0.000000000000e+00 0.000000000000e+00 0.000000000000e+00 
9.010000000000e+00 2.092228701982e-03 1.143289423701e-03 3.204642194924e-04 1.061131869580e+05 1.108187284000e+05 1.000000000000e+05 1.134667879664e+04 5.584339779233e+02 1.800000000000e+06 8.550792859737e+04 1.536264816000e+07 6.145068016000e+07 0.000000000000e+00 0.000000000000e+00 0.000000000000e+00 7.820144711458e-05 2.539921825983e-03 1.391518427657e-03 0.000000000000e+00 0.000000000000e+00 0.000000000000e+00 0.000000000000e+00 0.000000000000e+00 
9.015000000000e+00 2.090602141058e-03 1.131704318216e-03 3.294550706716e-04 1.057231380782e+05 1.105663436064e+05 1.000000000000e+05 1.134890468171e+04 5.587633866723e+02 1.800000000000e+06 8.521226996443e+04 1.536264816000e+07 6.145068016000e+07 0.000000000000e+00 0.000000000000e+00 0.000000000000e+00 7.793105192051e-05 2.537946985143e-03 1.386707846255e-03 0.000000000000e+00 0.000000000000e+00 0.000000000000e+00 0.000000000000e+00 0.000000000000e+00 
9.020000000000e+00 2.088930605795e-03 1.120089116211e-03 3.384267909037e-04 1.053253966778e+05 1.103064650806e+05 1.000000000000e+05 1.135119413392e+04 5.591022808328e+02 1.800000000000e+06 8.490958648110e+04 1.536264816000e+07 6.145068016000e+07 0.000000000000e+00 0.000000000000e+00 0.000000000000e+00 7.765423213547e-05 2.535917625433e-03 1.381782908189e-03 0.000000000000e+00 0.000000000000e+00 0.000000000000e+00 0.000000000000e+00 0.000000000000e+00 
9.025000000000e+00 2.087214292095e-03 1.108473083060e-03 3.473432524422e-04 1.049204691201e+05 1.100390797721e+05 1.000000000000e+05 1.135354704115e+04 5.594506522883e+02 1.800000000000e+06 8.460027048925e+04 1.536264816000e+07 6.145068016000e+07 0.000000000000e+00 0.000000000000e+00 0.000000000000e+00 7.737134657649e-05 2.533833981907e-03 1.376749997586e-03 0.000000000000e+00 0.000000000000e+00 0.000000000000e+00 0.000000000000e+00 0.000000000000e+00 
9.030000000000e+00 2.085453585178e-03 1.096886868509e-03 3.561682979162e-04 1.045088940934e+05 1.097642031052e+05 1.000000000000e+05 1.135596303662e+04 5.598084551999e+02 1.800000000000e+06 8.428472465622e+04 1.536264816000e+07 6.145068016000e+07 0.000000000000e+00 0.000000000000e+00 0.000000000000e+00 7.708276350380e-05 2.531696510762e-03 1.371615665993e-03 0.000000000000e+00 0.000000000000e+00 0.000000000000e+00 0.000000000000e+00 0.000000000000e+00 
9.035000000000e+00 2.083649037003e-03 1.085357511580e-03 3.648688713359e-04 1.040911933330e+05 1.094818757664e+05 1.000000000000e+05 1.135844153132e+04 5.601756103631e+02 1.800000000000e+06 8.396335946748e+04 1.536264816000e+07 6.145068016000e+07 0.000000000000e+00 0.000000000000e+00 0.000000000000e+00 7.678885832770e-05 2.529505878147e-03 1.366386592974e-03 0.000000000000e+00 0.000000000000e+00 0.000000000000e+00 0.000000000000e+00 0.000000000000e+00 
9.040000000000e+00 2.081801355791e-03 1.073911014137e-03 3.734137691160e-04 1.036678886804e+05 1.091921623702e+05 1.000000000000e+05 1.136098172578e+04 5.605520071148e+02 1.800000000000e+06 8.363658703610e+04 1.536264816000e+07 6.145068016000e+07 0.000000000000e+00 0.000000000000e+00 0.000000000000e+00 7.649000794704e-05 2.527262943620e-03 1.361069484709e-03 0.000000000000e+00 0.000000000000e+00 0.000000000000e+00 0.000000000000e+00 0.000000000000e+00 
9.045000000000e+00 2.079911401792e-03 1.062572029918e-03 3.817736797693e-04 1.032395011782e+05 1.088951511074e+05 1.000000000000e+05 1.136358261459e+04 5.609375039657e+02 1.800000000000e+06 8.330482139707e+04 1.536264816000e+07 6.145068016000e+07 0.000000000000e+00 0.000000000000e+00 0.000000000000e+00 7.618659101833e-05 2.524968750191e-03 1.355671078768e-03 0.000000000000e+00 0.000000000000e+00 0.000000000000e+00 0.000000000000e+00 0.000000000000e+00 
9.050000000000e+00 2.077980177098e-03 1.051363909766e-03 3.899211717669e-04 1.028065499553e+05 1.085909524656e+05 1.000000000000e+05 1.136624299893e+04 5.613319304419e+02 1.800000000000e+06 8.296847698167e+04 1.536264816000e+07 6.145068016000e+07 0.000000000000e+00 0.000000000000e+00 0.000000000000e+00 7.587898656054e-05 2.522624512291e-03 1.350198119261e-03 0.000000000000e+00 0.000000000000e+00 0.000000000000e+00 0.000000000000e+00 0.000000000000e+00 
9.055000000000e+00 2.076008820828e-03 1.040308462889e-03 3.978309530975e-04 1.023695479189e+05 1.082796987963e+05 1.000000000000e+05 1.136896149199e+04 5.617350878298e+02 1.800000000000e+06 8.262796771376e+04 1.536264816000e+07 6.145068016000e+07 0.000000000000e+00 0.000000000000e+00 0.000000000000e+00 7.556757312855e-05 2.520231604383e-03 1.344657342192e-03 0.000000000000e+00 0.000000000000e+00 0.000000000000e+00 0.000000000000e+00 0.000000000000e+00 
9.060000000000e+00 2.073998594124e-03 1.029425853874e-03 4.054796264123e-04 1.019290032422e+05 1.079615422742e+05 1.000000000000e+05 1.137173653793e+04 5.621467520041e+02 1.800000000000e+06 8.228370499509e+04 1.536264816000e+07 6.145068016000e+07 0.000000000000e+00 0.000000000000e+00 0.000000000000e+00 7.525272697067e-05 2.517791548030e-03 1.339055442716e-03 0.000000000000e+00 0.000000000000e+00 0.000000000000e+00 0.000000000000e+00 0.000000000000e+00 
9.065000000000e+00 2.071950867347e-03 1.018735049101e-03 4.128456835603e-04 1.014854176244e+05 1.076366531860e+05 1.000000000000e+05 1.137456642820e+04 5.625666758206e+02 1.800000000000e+06 8.193609711667e+04 1.536264816000e+07 6.145068016000e+07 0.000000000000e+00 0.000000000000e+00 0.000000000000e+00 7.493482149025e-05 2.515306000490e-03 1.333399065459e-03 0.000000000000e+00 0.000000000000e+00 0.000000000000e+00 0.000000000000e+00 0.000000000000e+00 
9.070000000000e+00 2.069867116663e-03 1.008255803774e-03 4.199081521766e-04 1.010393061606e+05 1.073052197000e+05 1.000000000000e+05 1.137744930353e+04 5.629945895888e+02 1.800000000000e+06 8.158555007316e+04 1.536264816000e+07 6.145068016000e+07 0.000000000000e+00 0.000000000000e+00 0.000000000000e+00 7.461422799050e-05 2.512776745684e-03 1.327694817032e-03 0.000000000000e+00 0.000000000000e+00 0.000000000000e+00 0.000000000000e+00 0.000000000000e+00 
9.075000000000e+00 2.067748930853e-03 9.980176263647e-04 4.266404211766e-04 1.005912911063e+05 1.069674492697e+05 1.000000000000e+05 1.138038313736e+04 5.634301994419e+02 1.800000000000e+06 8.123248346284e+04 1.536264816000e+07 6.145068016000e+07 0.000000000000e+00 0.000000000000e+00 0.000000000000e+00 7.429133021591e-05 2.510205707378e-03 1.321949522750e-03 0.000000000000e+00 0.000000000000e+00 0.000000000000e+00 0.000000000000e+00 0.000000000000e+00 
9.080000000000e+00 2.065598090483e-03 9.880830329736e-04 4.329935360750e-04 1.001423660689e+05 1.066235816483e+05 1.000000000000e+05 1.138336560886e+04 5.638731707725e+02 1.800000000000e+06 8.087738980867e+04 1.536264816000e+07 6.145068016000e+07 0.000000000000e+00 0.000000000000e+00 0.000000000000e+00 7.396657860430e-05 2.507595032774e-03 1.316171184194e-03 0.000000000000e+00 0.000000000000e+00 0.000000000000e+00 0.000000000000e+00 0.000000000000e+00 
9.085000000000e+00 2.063416769267e-03 9.785776782263e-04 4.388600319854e-04 9.969447483073e+04 1.062739217307e+05 1.000000000000e+05 1.138639378694e+04 5.643230862923e+02 1.800000000000e+06 8.052099363298e+04 1.536264816000e+07 6.145068016000e+07 0.000000000000e+00 0.000000000000e+00 0.000000000000e+00 7.364063576903e-05 2.504947342401e-03 1.310371554221e-03 0.000000000000e+00 0.000000000000e+00 0.000000000000e+00 0.000000000000e+00 0.000000000000e+00 
9.090000000000e+00 2.061207975558e-03 9.698350621126e-04 4.440055624911e-04 9.925161953133e+04 1.059189115799e+05 1.000000000000e+05 1.138946344774e+04 5.647793540625e+02 1.800000000000e+06 8.016460614972e+04 1.536264816000e+07 6.145068016000e+07 0.000000000000e+00 0.000000000000e+00 0.000000000000e+00 7.331470088344e-05 2.502266299066e-03 1.304571885152e-03 0.000000000000e+00 0.000000000000e+00 0.000000000000e+00 0.000000000000e+00 0.000000000000e+00 
9.095000000000e+00 2.058976400459e-03 9.624373824207e-04 4.479998001778e-04 9.882105904541e+04 1.055592692706e+05 1.000000000000e+05 1.139256782031e+04 5.652410304733e+02 1.800000000000e+06 7.981068488976e+04 1.536264816000e+07 6.145068016000e+07 0.000000000000e+00 0.000000000000e+00 0.000000000000e+00 7.299102148730e-05 2.499557603783e-03 1.298812016903e-03 0.000000000000e+00 0.000000000000e+00 0.000000000000e+00 0.000000000000e+00 0.000000000000e+00 
9.100000000000e+00 2.056729738933e-03 9.573382102812e-04 4.501005471266e-04 9.841530427083e+04 1.051962065959e+05 1.000000000000e+05 1.139569561865e+04 5.657065434649e+02 1.800000000000e+06 7.946367680698e+04 1.536264816000e+07 6.145068016000e+07 0.000000000000e+00 0.000000000000e+00 0.000000000000e+00 7.267366455118e-05 2.496830644559e-03 1.293164063174e-03 0.000000000000e+00 0.000000000000e+00 0.000000000000e+00 0.000000000000e+00 0.000000000000e+00 
9.105000000000e+00 2.054480319254e-03 9.558871161014e-04 4.491916700317e-04 9.805337359937e+04 1.048317004296e+05 1.000000000000e+05 1.139882867883e+04 5.661733491046e+02 1.800000000000e+06 7.913096921607e+04 1.536264816000e+07 6.145068016000e+07 0.000000000000e+00 0.000000000000e+00 0.000000000000e+00 7.236938615850e-05 2.494100542148e-03 1.287747898051e-03 0.000000000000e+00 0.000000000000e+00 0.000000000000e+00 0.000000000000e+00 0.000000000000e+00 
9.110000000000e+00 2.052244921221e-03 9.597172744742e-04 4.437314936488e-04 9.776159803501e+04 1.044684737530e+05 1.000000000000e+05 1.140194211574e+04 5.666379617630e+02 1.800000000000e+06 7.882366494031e+04 1.536264816000e+07 6.145068016000e+07 0.000000000000e+00 0.000000000000e+00 0.000000000000e+00 7.208834041849e-05 2.491390330227e-03 1.282743795385e-03 0.000000000000e+00 0.000000000000e+00 0.000000000000e+00 0.000000000000e+00 0.000000000000e+00 
9.115000000000e+00 2.050049095199e-03 9.709134102107e-04 4.323173770202e-04 9.756585430142e+04 1.041107102024e+05 1.000000000000e+05 1.140499878114e+04 5.670950472660e+02 1.800000000000e+06 7.855669070171e+04 1.536264816000e+07 6.145068016000e+07 0.000000000000e+00 0.000000000000e+00 0.000000000000e+00 7.184417859463e-05 2.488732276137e-03 1.278394300938e-03 0.000000000000e+00 0.000000000000e+00 0.000000000000e+00 0.000000000000e+00 0.000000000000e+00 
9.120000000000e+00 2.047928169359e-03 9.913965395493e-04 4.132059023700e-04 9.749898966497e+04 1.037642370832e+05 1.000000000000e+05 1.140794731809e+04 5.675371996489e+02 1.800000000000e+06 7.834839570790e+04 1.536264816000e+07 6.145068016000e+07 0.000000000000e+00 0.000000000000e+00 0.000000000000e+00 7.165368199145e-05 2.486168594213e-03 1.274997683509e-03 0.000000000000e+00 0.000000000000e+00 0.000000000000e+00 0.000000000000e+00 0.000000000000e+00 
9.125000000000e+00 2.045925725650e-03 1.022225729327e-03 3.851866814374e-04 9.758731135230e+04 1.034362929732e+05 1.000000000000e+05 1.141072506109e+04 5.679552470086e+02 1.800000000000e+06 7.821895497832e+04 1.536264816000e+07 6.145068016000e+07 0.000000000000e+00 0.000000000000e+00 0.000000000000e+00 7.153530171333e-05 2.483750382855e-03 1.272882237314e-03 0.000000000000e+00 0.000000000000e+00 0.000000000000e+00 0.000000000000e+00 0.000000000000e+00 
9.130000000000e+00 2.044103336596e-03 1.065347049576e-03 3.462983559561e-04 9.787163307889e+04 1.031371370962e+05 1.000000000000e+05 1.141324310956e+04 5.683362082249e+02 1.800000000000e+06 7.819017997318e+04 1.536264816000e+07 6.145068016000e+07 0.000000000000e+00 0.000000000000e+00 0.000000000000e+00 7.150898547483e-05 2.481538005615e-03 1.272402486064e-03 0.000000000000e+00 0.000000000000e+00 0.000000000000e+00 0.000000000000e+00 0.000000000000e+00 
9.135000000000e+00 2.042507345717e-03 1.121059517568e-03 2.959811265305e-04 9.836889558618e+04 1.028745965772e+05 1.000000000000e+05 1.141543497891e+04 5.686702371053e+02 1.800000000000e+06 7.828560532746e+04 1.536264816000e+07 6.145068016000e+07 0.000000000000e+00 0.000000000000e+00 0.000000000000e+00 7.159625692344e-05 2.479600475377e-03 1.273941613472e-03 0.000000000000e+00 0.000000000000e+00 0.000000000000e+00 0.000000000000e+00 0.000000000000e+00 
9.140000000000e+00 2.041197880789e-03 1.190589805863e-03 2.330715658743e-04 9.910735791732e+04 1.026588055906e+05 1.000000000000e+05 1.141721410028e+04 5.689445742926e+02 1.800000000000e+06 7.852539546806e+04 1.536264816000e+07 6.145068016000e+07 0.000000000000e+00 0.000000000000e+00 0.000000000000e+00 7.181555747611e-05 2.478010768460e-03 1.277828017781e-03 0.000000000000e+00 0.000000000000e+00 0.000000000000e+00 0.000000000000e+00 0.000000000000e+00 
9.145000000000e+00 2.040239678364e-03 1.274366244903e-03 1.570067931061e-04 1.001065906661e+05 1.025006805325e+05 1.000000000000e+05 1.141848793000e+04 5.691454787345e+02 1.800000000000e+06 7.893017511593e+04 1.536264816000e+07 6.145068016000e+07 0.000000000000e+00 0.000000000000e+00 0.000000000000e+00 7.218574951263e-05 2.476847516355e-03 1.284397366094e-03 0.000000000000e+00 0.000000000000e+00 0.000000000000e+00 0.000000000000e+00 0.000000000000e+00 
9.150000000000e+00 2.039698145574e-03 1.371737102199e-03 6.795980820231e-05 1.013745474786e+05 1.024112331175e+05 1.000000000000e+05 1.141916378284e+04 5.692590799485e+02 1.800000000000e+06 7.951689306971e+04 1.536264816000e+07 6.145068016000e+07 0.000000000000e+00 0.000000000000e+00 0.000000000000e+00 7.272233359069e-05 2.476190098413e-03 1.293925945793e-03 0.000000000000e+00 0.000000000000e+00 0.000000000000e+00 0.000000000000e+00 0.000000000000e+00 
9.155000000000e+00 2.039631511542e-03 1.489839560976e-03 -3.269411934315e-05 1.028989761586e+05 1.024002227653e+05 1.000000000000e+05 1.141916054372e+04 5.692730611971e+02 1.800000000000e+06 8.029760306402e+04 1.536264816000e+07 6.145068016000e+07 0.000000000000e+00 0.000000000000e+00 0.000000000000e+00 7.343633347740e-05 2.476109205021e-03 1.306610459987e-03 0.000000000000e+00 0.000000000000e+00 0.000000000000e+00 0.000000000000e+00 0.000000000000e+00 
9.160000000000e+00 2.040098300277e-03 1.611151154905e-03 -1.452951777971e-04 1.046930719197e+05 1.024773342096e+05 1.000000000000e+05 1.141839559045e+04 5.691751325112e+02 1.800000000000e+06 8.127836791821e+04 1.536264816000e+07 6.145068016000e+07 0.000000000000e+00 0.000000000000e+00 0.000000000000e+00 7.433329393633e-05 2.476675884073e-03 1.322550204372e-03 0.000000000000e+00 0.000000000000e+00 0.000000000000e+00 0.000000000000e+00 0.000000000000e+00 
9.165000000000e+00 2.041155129480e-03 1.741068122538e-03 -2.676266024704e-04 1.067298657003e+05 1.026517546193e+05 1.000000000000e+05 1.141679225893e+04 5.689535350311e+02 1.800000000000e+06 8.245937881250e+04 1.536264816000e+07 6.145068016000e+07 0.000000000000e+00 0.000000000000e+00 0.000000000000e+00 7.541338981173e-05 2.477958868517e-03 1.341748878571e-03 0.000000000000e+00 0.000000000000e+00 0.000000000000e+00 0.000000000000e+00 0.000000000000e+00 
9.170000000000e+00 2.042845688073e-03 1.877233343280e-03 -3.978164152913e-04 1.089847251808e+05 1.029302968072e+05 1.000000000000e+05 1.141429278393e+04 5.685993937451e+02 1.800000000000e+06 8.383484534769e+04 1.536264816000e+07 6.145068016000e+07 0.000000000000e+00 0.000000000000e+00 0.000000000000e+00 7.667132548242e-05 2.480011222427e-03 1.364112874727e-03 0.000000000000e+00 0.000000000000e+00 0.000000000000e+00 0.000000000000e+00 0.000000000000e+00 
9.175000000000e+00 2.045203619898e-03 2.017190462301e-03 -5.337849781282e-04 1.114275446325e+05 1.033178349381e+05 1.000000000000e+05 1.141085494249e+04 5.681061420955e+02 1.800000000000e+06 8.539299627813e+04 1.536264816000e+07 6.145068016000e+07 0.000000000000e+00 0.000000000000e+00 0.000000000000e+00 7.809633553216e-05 2.482873747688e-03 1.389451185091e-03 0.000000000000e+00 0.000000000000e+00 0.000000000000e+00 0.000000000000e+00 0.000000000000e+00 
9.180000000000e+00 2.048252048935e-03 2.158612378059e-03 -6.734194783921e-04 1.140255261519e+05 1.038172040116e+05 1.000000000000e+05 1.140645264152e+04 5.674696381099e+02 1.800000000000e+06 8.711724613844e+04 1.536264816000e+07 6.145068016000e+07 0.000000000000e+00 0.000000000000e+00 0.000000000000e+00 7.967325169041e-05 2.486574535402e-03 1.417494356603e-03 0.000000000000e+00 0.000000000000e+00 0.000000000000e+00 0.000000000000e+00 0.000000000000e+00 
9.185000000000e+00 2.052003681876e-03 2.299317164144e-03 -8.146400109411e-04 1.167444400002e+05 1.044292158051e+05 1.000000000000e+05 1.140107570944e+04 5.666881445632e+02 1.800000000000e+06 8.898736427433e+04 1.536264816000e+07 6.145068016000e+07 0.000000000000e+00 0.000000000000e+00 0.000000000000e+00 8.138357197182e-05 2.491129011469e-03 1.447913476678e-03 0.000000000000e+00 0.000000000000e+00 0.000000000000e+00 0.000000000000e+00 0.000000000000e+00 
9.190000000000e+00 2.056460740020e-03 2.437258483851e-03 -9.553831698388e-04 1.195486330786e+05 1.051526694204e+05 1.000000000000e+05 1.139472991134e+04 5.657623288193e+02 1.800000000000e+06 9.098021651660e+04 1.536264816000e+07 6.145068016000e+07 0.000000000000e+00 0.000000000000e+00 0.000000000000e+00 8.320613897569e-05 2.496539872545e-03 1.480332335171e-03 0.000000000000e+00 0.000000000000e+00 0.000000000000e+00 0.000000000000e+00 0.000000000000e+00 
9.195000000000e+00 2.061615860776e-03 2.570820010284e-03 -1.093853270260e-03 1.224052249296e+05 1.059845411107e+05 1.000000000000e+05 1.138743526629e+04 5.646950456831e+02 1.800000000000e+06 9.307115978188e+04 1.536264816000e+07 6.145068016000e+07 0.000000000000e+00 0.000000000000e+00 0.000000000000e+00 8.511841532083e-05 2.502798180454e-03 1.514349984120e-03 0.000000000000e+00 0.000000000000e+00 0.000000000000e+00 0.000000000000e+00 0.000000000000e+00 
9.200000000000e+00 2.067453468933e-03 2.698754642440e-03 -1.228529647781e-03 1.252846259622e+05 1.069202652238e+05 1.000000000000e+05 1.137922388390e+04 5.634910120096e+02 1.800000000000e+06 9.523547270366e+04 1.536264816000e+07 6.145068016000e+07 0.000000000000e+00 0.000000000000e+00 0.000000000000e+00 8.709779203208e-05 2.509885026919e-03 1.549564066915e-03 0.000000000000e+00 0.000000000000e+00 0.000000000000e+00 0.000000000000e+00 0.000000000000e+00 
9.205000000000e+00 2.073950795760e-03 2.819967313085e-03 -1.358015674600e-03 1.281585977270e+05 1.079539678455e+05 1.000000000000e+05 1.137013840101e+04 5.621565472526e+02 1.800000000000e+06 9.744907357625e+04 1.536264816000e+07 6.145068016000e+07 0.000000000000e+00 0.000000000000e+00 0.000000000000e+00 8.912224513730e-05 2.517772770735e-03 1.585582643222e-03 0.000000000000e+00 0.000000000000e+00 0.000000000000e+00 0.000000000000e+00 0.000000000000e+00 
9.210000000000e+00 2.081078785700e-03 2.933787451570e-03 -1.481242858208e-03 1.310035711898e+05 1.090786886342e+05 1.000000000000e+05 1.136023021108e+04 5.606993324552e+02 1.800000000000e+06 9.968896009981e+04 1.536264816000e+07 6.145068016000e+07 0.000000000000e+00 0.000000000000e+00 0.000000000000e+00 9.117073783720e-05 2.526426138508e-03 1.622031210067e-03 0.000000000000e+00 0.000000000000e+00 0.000000000000e+00 0.000000000000e+00 0.000000000000e+00 
9.215000000000e+00 2.088803746796e-03 3.039720144775e-03 -1.597352003058e-03 1.337991748136e+05 1.102867205736e+05 1.000000000000e+05 1.134955697590e+04 5.591280163995e+02 1.800000000000e+06 1.019342232750e+05 1.536264816000e+07 6.145068016000e+07 0.000000000000e+00 0.000000000000e+00 0.000000000000e+00 9.322414776463e-05 2.535804228253e-03 1.658569291436e-03 0.000000000000e+00 0.000000000000e+00 0.000000000000e+00 0.000000000000e+00 0.000000000000e+00 
9.220000000000e+00 2.097088326179e-03 3.137547414241e-03 -1.705725876778e-03 1.365288805477e+05 1.115698367368e+05 1.000000000000e+05 1.133818094758e+04 5.574519639648e+02 1.800000000000e+06 1.041661761990e+05 1.536264816000e+07 6.145068016000e+07 0.000000000000e+00 0.000000000000e+00 0.000000000000e+00 9.526538477515e-05 2.545861693647e-03 1.694892551717e-03 0.000000000000e+00 0.000000000000e+00 0.000000000000e+00 0.000000000000e+00 0.000000000000e+00 
9.225000000000e+00 2.105892552382e-03 3.227174902284e-03 -1.805919093787e-03 1.391790992107e+05 1.129195197849e+05 1.000000000000e+05 1.132616732648e+04 5.556809959613e+02 1.800000000000e+06 1.063685437741e+05 1.536264816000e+07 6.145068016000e+07 0.000000000000e+00 0.000000000000e+00 0.000000000000e+00 9.727956444567e-05 2.556550009384e-03 1.730735897172e-03 0.000000000000e+00 0.000000000000e+00 0.000000000000e+00 0.000000000000e+00 0.000000000000e+00 
9.230000000000e+00 2.115174660438e-03 3.308620991196e-03 -1.897635590242e-03 1.417389284713e+05 1.143271474495e+05 1.000000000000e+05 1.131358291138e+04 5.538251799053e+02 1.800000000000e+06 1.085274242967e+05 1.536264816000e+07 6.145068016000e+07 0.000000000000e+00 0.000000000000e+00 0.000000000000e+00 9.925397294539e-05 2.567818472844e-03 1.765872867877e-03 0.000000000000e+00 0.000000000000e+00 0.000000000000e+00 0.000000000000e+00 0.000000000000e+00 
9.235000000000e+00 2.124891784025e-03 3.381983309977e-03 -1.980703233591e-03 1.441998214691e+05 1.157841466607e+05 1.000000000000e+05 1.130049497624e+04 5.518946550084e+02 1.800000000000e+06 1.106311718680e+05 1.536264816000e+07 6.145068016000e+07 0.000000000000e+00 0.000000000000e+00 0.000000000000e+00 1.011779594943e-04 2.579615044341e-03 1.800113729377e-03 0.000000000000e+00 0.000000000000e+00 0.000000000000e+00 0.000000000000e+00 0.000000000000e+00 
9.240000000000e+00 2.134999834056e-03 3.447720537310e-03 -2.054882358601e-03 1.465527751684e+05 1.172820161209e+05 1.000000000000e+05 1.128697142523e+04 5.498996252852e+02 1.800000000000e+06 1.126699365798e+05 1.536264816000e+07 6.145068016000e+07 0.000000000000e+00 0.000000000000e+00 0.000000000000e+00 1.030425158390e-04 2.591886199719e-03 1.833298031441e-03 0.000000000000e+00 0.000000000000e+00 0.000000000000e+00 0.000000000000e+00 0.000000000000e+00 
9.245000000000e+00 2.145453825831e-03 3.505947050169e-03 -2.120138934713e-03 1.487922532366e+05 1.188124103342e+05 1.000000000000e+05 1.127307994248e+04 5.478502673081e+02 1.800000000000e+06 1.146353509369e+05 1.536264816000e+07 6.145068016000e+07 0.000000000000e+00 0.000000000000e+00 0.000000000000e+00 1.048399894700e-04 2.604577327493e-03 1.865289473940e-03 0.000000000000e+00 0.000000000000e+00 0.000000000000e+00 0.000000000000e+00 0.000000000000e+00 
9.250000000000e+00 2.156209001593e-03 3.556185453645e-03 -2.176414614617e-03 1.509129629151e+05 1.203673291218e+05 1.000000000000e+05 1.125888659583e+04 5.457564897023e+02 1.800000000000e+06 1.165203733834e+05 1.536264816000e+07 6.145068016000e+07 0.000000000000e+00 0.000000000000e+00 0.000000000000e+00 1.065639405185e-04 2.617634091604e-03 1.895973340511e-03 0.000000000000e+00 0.000000000000e+00 0.000000000000e+00 0.000000000000e+00 0.000000000000e+00 
9.255000000000e+00 2.167220346325e-03 3.598449859892e-03 -2.223656068499e-03 1.529101737367e+05 1.219390615394e+05 1.000000000000e+05 1.124445637111e+04 5.436280149865e+02 1.800000000000e+06 1.183190328405e+05 1.536264816000e+07 6.145068016000e+07 0.000000000000e+00 0.000000000000e+00 0.000000000000e+00 1.082089081224e-04 2.631001843552e-03 1.925252361303e-03 0.000000000000e+00 0.000000000000e+00 0.000000000000e+00 0.000000000000e+00 0.000000000000e+00 
9.260000000000e+00 2.178442671164e-03 3.632673350703e-03 -2.261834950519e-03 1.547799590982e+05 1.235202093443e+05 1.000000000000e+05 1.122985297795e+04 5.414743525061e+02 1.800000000000e+06 1.200262512759e+05 1.536264816000e+07 6.145068016000e+07 0.000000000000e+00 0.000000000000e+00 0.000000000000e+00 1.097702481569e-04 2.644625723610e-03 1.953043818060e-03 0.000000000000e+00 0.000000000000e+00 0.000000000000e+00 0.000000000000e+00 0.000000000000e+00 
9.265000000000e+00 2.189830581675e-03 3.658886846429e-03 -2.290999444443e-03 1.565198414801e+05 1.251036888319e+05 1.000000000000e+05 1.121513880056e+04 5.393047972997e+02 1.800000000000e+06 1.216376509909e+05 1.536264816000e+07 6.145068016000e+07 0.000000000000e+00 0.000000000000e+00 0.000000000000e+00 1.112439569890e-04 2.658450622262e-03 1.979276418398e-03 0.000000000000e+00 0.000000000000e+00 0.000000000000e+00 0.000000000000e+00 0.000000000000e+00 
9.270000000000e+00 2.201338380802e-03 3.677204304918e-03 -2.311034975237e-03 1.581254390164e+05 1.266827196867e+05 1.000000000000e+05 1.120037520558e+04 5.371284442033e+02 1.800000000000e+06 1.231493639241e+05 1.536264816000e+07 6.145068016000e+07 0.000000000000e+00 0.000000000000e+00 0.000000000000e+00 1.126264970755e-04 2.672421062306e-03 2.003887165448e-03 0.000000000000e+00 0.000000000000e+00 0.000000000000e+00 0.000000000000e+00 0.000000000000e+00 
9.275000000000e+00 2.212920260822e-03 3.687628618580e-03 -2.321844827022e-03 1.595929671459e+05 1.282508497139e+05 1.000000000000e+05 1.118562212236e+04 5.349541500757e+02 1.800000000000e+06 1.245579718875e+05 1.536264816000e+07 6.145068016000e+07 0.000000000000e+00 0.000000000000e+00 0.000000000000e+00 1.139147423057e-04 2.686481235939e-03 2.026820389837e-03 0.000000000000e+00 0.000000000000e+00 0.000000000000e+00 0.000000000000e+00 0.000000000000e+00 
9.280000000000e+00 2.224530307060e-03 3.690211118178e-03 -2.323420842642e-03 1.609201282045e+05 1.298019488285e+05 1.000000000000e+05 1.117093798809e+04 5.327905353578e+02 1.800000000000e+06 1.258605190634e+05 1.536264816000e+07 6.145068016000e+07 0.000000000000e+00 0.000000000000e+00 0.000000000000e+00 1.151059894305e-04 2.700575188365e-03 2.048027936760e-03 0.000000000000e+00 0.000000000000e+00 0.000000000000e+00 0.000000000000e+00 0.000000000000e+00 
9.285000000000e+00 2.236122427244e-03 3.685005950787e-03 -2.315784074567e-03 1.621052201002e+05 1.313301900058e+05 1.000000000000e+05 1.115637991575e+04 5.306460019276e+02 1.800000000000e+06 1.270545562818e+05 1.536264816000e+07 6.145068016000e+07 0.000000000000e+00 0.000000000000e+00 0.000000000000e+00 1.161979985567e-04 2.714647042086e-03 2.067469903010e-03 0.000000000000e+00 0.000000000000e+00 0.000000000000e+00 0.000000000000e+00 0.000000000000e+00 
9.290000000000e+00 2.247650790961e-03 3.672161021580e-03 -2.298999041008e-03 1.631473103691e+05 1.328300939933e+05 1.000000000000e+05 1.114200317341e+04 5.285286593965e+02 1.800000000000e+06 1.281381278709e+05 1.536264816000e+07 6.145068016000e+07 0.000000000000e+00 0.000000000000e+00 0.000000000000e+00 1.171889811206e-04 2.728641174247e-03 2.085114405822e-03 0.000000000000e+00 0.000000000000e+00 0.000000000000e+00 0.000000000000e+00 0.000000000000e+00 
9.295000000000e+00 2.259072132862e-03 3.652118645798e-03 -2.273042179168e-03 1.640446927590e+05 1.342968048333e+05 1.000000000000e+05 1.112785851720e+04 5.264459183339e+02 1.800000000000e+06 1.291099650536e+05 1.536264816000e+07 6.145068016000e+07 0.000000000000e+00 0.000000000000e+00 0.000000000000e+00 1.180777767597e-04 2.742502639170e-03 2.100940727082e-03 0.000000000000e+00 0.000000000000e+00 0.000000000000e+00 0.000000000000e+00 0.000000000000e+00 
9.300000000000e+00 2.270343539572e-03 3.624815407132e-03 -2.238359328216e-03 1.648018771547e+05 1.357257721596e+05 1.000000000000e+05 1.111399460610e+04 5.244049176615e+02 1.800000000000e+06 1.299695153696e+05 1.536264816000e+07 6.145068016000e+07 0.000000000000e+00 0.000000000000e+00 0.000000000000e+00 1.188638802203e-04 2.756177680063e-03 2.114939791099e-03 0.000000000000e+00 0.000000000000e+00 0.000000000000e+00 0.000000000000e+00 0.000000000000e+00 
9.305000000000e+00 2.281421506950e-03 3.590679669418e-03 -2.195340857329e-03 1.654224549684e+05 1.371126125139e+05 1.000000000000e+05 1.110045969255e+04 5.224127083988e+02 1.800000000000e+06 1.307172232564e+05 1.536264816000e+07 6.145068016000e+07 0.000000000000e+00 0.000000000000e+00 0.000000000000e+00 1.195476979636e-04 2.769614632289e-03 2.127118721003e-03 0.000000000000e+00 0.000000000000e+00 0.000000000000e+00 0.000000000000e+00 0.000000000000e+00 
9.310000000000e+00 2.292264185023e-03 3.549961241275e-03 -2.144398584026e-03 1.659103202033e+05 1.384533698907e+05 1.000000000000e+05 1.108729889164e+04 5.204758643212e+02 1.800000000000e+06 1.313544857620e+05 1.536264816000e+07 6.145068016000e+07 0.000000000000e+00 0.000000000000e+00 0.000000000000e+00 1.201305076626e-04 2.782764328956e-03 2.137500165098e-03 0.000000000000e+00 0.000000000000e+00 0.000000000000e+00 0.000000000000e+00 0.000000000000e+00 
9.315000000000e+00 2.302830779641e-03 3.503086008370e-03 -2.086045756048e-03 1.662705817828e+05 1.397444097943e+05 1.000000000000e+05 1.107455498618e+04 5.186006125491e+02 1.800000000000e+06 1.318834577946e+05 1.536264816000e+07 6.145068016000e+07 0.000000000000e+00 0.000000000000e+00 0.000000000000e+00 1.206142800930e-04 2.795580547583e-03 2.146119126884e-03 0.000000000000e+00 0.000000000000e+00 0.000000000000e+00 0.000000000000e+00 0.000000000000e+00 
9.320000000000e+00 2.313084838420e-03 3.451038521100e-03 -2.020839770875e-03 1.665091121528e+05 1.409827852431e+05 1.000000000000e+05 1.106226466026e+04 5.167922773043e+02 1.800000000000e+06 1.323071069213e+05 1.536264816000e+07 6.145068016000e+07 0.000000000000e+00 0.000000000000e+00 0.000000000000e+00 1.210017292491e-04 2.808019989686e-03 2.153023782187e-03 0.000000000000e+00 0.000000000000e+00 0.000000000000e+00 0.000000000000e+00 0.000000000000e+00 
9.325000000000e+00 2.322995377485e-03 3.394795103855e-03 -1.949560374228e-03 1.666348552512e+05 1.421663206846e+05 1.000000000000e+05 1.105045724396e+04 5.150551217854e+02 1.800000000000e+06 1.326298331346e+05 1.536264816000e+07 6.145068016000e+07 0.000000000000e+00 0.000000000000e+00 0.000000000000e+00 1.212968791530e-04 2.820043715093e-03 2.158285566604e-03 0.000000000000e+00 0.000000000000e+00 0.000000000000e+00 0.000000000000e+00 0.000000000000e+00 
9.330000000000e+00 2.332535931836e-03 3.335158936336e-03 -1.873146461433e-03 1.666588360475e+05 1.432934472686e+05 1.000000000000e+05 1.103915615239e+04 5.133925550783e+02 1.800000000000e+06 1.328573076451e+05 1.536264816000e+07 6.145068016000e+07 0.000000000000e+00 0.000000000000e+00 0.000000000000e+00 1.215049164215e-04 2.831617984695e-03 2.161996689859e-03 0.000000000000e+00 0.000000000000e+00 0.000000000000e+00 0.000000000000e+00 0.000000000000e+00 
9.335000000000e+00 2.341682611573e-03 3.272499949217e-03 -1.792338598528e-03 1.665894713184e+05 1.443629344446e+05 1.000000000000e+05 1.102838168185e+04 5.118075018144e+02 1.800000000000e+06 1.329956871091e+05 1.536264816000e+07 6.145068016000e+07 0.000000000000e+00 0.000000000000e+00 0.000000000000e+00 1.216314716370e-04 2.842713925310e-03 2.164257305839e-03 0.000000000000e+00 0.000000000000e+00 0.000000000000e+00 0.000000000000e+00 0.000000000000e+00 
9.340000000000e+00 2.350415399563e-03 3.207494777335e-03 -1.707874337962e-03 1.664351957488e+05 1.453740125142e+05 1.000000000000e+05 1.101814945395e+04 5.103022009102e+02 1.800000000000e+06 1.330515738147e+05 1.536264816000e+07 6.145068016000e+07 0.000000000000e+00 0.000000000000e+00 0.000000000000e+00 1.216825829353e-04 2.853307573911e-03 2.165174832933e-03 0.000000000000e+00 0.000000000000e+00 0.000000000000e+00 0.000000000000e+00 0.000000000000e+00 
9.345000000000e+00 2.358718304909e-03 3.141021782245e-03 -1.620518859086e-03 1.662048659673e+05 1.463263589769e+05 1.000000000000e+05 1.100847036663e+04 5.088782047907e+02 1.800000000000e+06 1.330315033135e+05 1.536264816000e+07 6.145068016000e+07 0.000000000000e+00 0.000000000000e+00 0.000000000000e+00 1.216642274184e-04 2.863379115106e-03 2.164855635703e-03 0.000000000000e+00 0.000000000000e+00 0.000000000000e+00 0.000000000000e+00 0.000000000000e+00 
9.350000000000e+00 2.366576946192e-03 3.073300206973e-03 -1.531584807768e-03 1.659138682189e+05 1.472197969153e+05 1.000000000000e+05 1.099935314036e+04 5.075368141407e+02 1.800000000000e+06 1.329414891801e+05 1.536264816000e+07 6.145068016000e+07 0.000000000000e+00 0.000000000000e+00 0.000000000000e+00 1.215819048127e-04 2.872912455744e-03 2.163397419305e-03 0.000000000000e+00 0.000000000000e+00 0.000000000000e+00 0.000000000000e+00 0.000000000000e+00 
9.355000000000e+00 2.373987548673e-03 3.005646878961e-03 -1.441454974589e-03 1.655669481778e+05 1.480552922528e+05 1.000000000000e+05 1.099079511568e+04 5.062775635909e+02 1.800000000000e+06 1.327922238387e+05 1.536264816000e+07 6.145068016000e+07 0.000000000000e+00 0.000000000000e+00 0.000000000000e+00 1.214453938961e-04 2.881903268668e-03 2.160974142009e-03 0.000000000000e+00 0.000000000000e+00 0.000000000000e+00 0.000000000000e+00 0.000000000000e+00 
9.360000000000e+00 2.380945412049e-03 2.937802568300e-03 -1.350640900527e-03 1.651701382294e+05 1.488336189832e+05 1.000000000000e+05 1.098279500410e+04 5.051002101438e+02 1.800000000000e+06 1.325893347824e+05 1.536264816000e+07 6.145068016000e+07 0.000000000000e+00 0.000000000000e+00 0.000000000000e+00 1.212598413039e-04 2.890344910540e-03 2.157677619643e-03 0.000000000000e+00 0.000000000000e+00 0.000000000000e+00 0.000000000000e+00 0.000000000000e+00 
9.365000000000e+00 2.387449162715e-03 2.870463683036e-03 -1.259943064532e-03 1.647331001509e+05 1.495558353776e+05 1.000000000000e+05 1.097534783347e+04 5.040040140895e+02 1.800000000000e+06 1.323392541987e+05 1.536264816000e+07 6.145068016000e+07 0.000000000000e+00 0.000000000000e+00 0.000000000000e+00 1.210311296059e-04 2.898235961908e-03 2.153612464924e-03 0.000000000000e+00 0.000000000000e+00 0.000000000000e+00 0.000000000000e+00 0.000000000000e+00 
9.370000000000e+00 2.393501043861e-03 2.804045459250e-03 -1.169982999368e-03 1.642634925630e+05 1.502233050264e+05 1.000000000000e+05 1.096844504670e+04 5.029877000246e+02 1.800000000000e+06 1.320486401302e+05 1.536264816000e+07 6.145068016000e+07 0.000000000000e+00 0.000000000000e+00 0.000000000000e+00 1.207653479284e-04 2.905579355489e-03 2.148887052090e-03 0.000000000000e+00 0.000000000000e+00 0.000000000000e+00 0.000000000000e+00 0.000000000000e+00 
9.375000000000e+00 2.399105359867e-03 2.738768229036e-03 -1.081178238635e-03 1.637665823512e+05 1.508375178002e+05 1.000000000000e+05 1.096207635429e+04 5.020497249808e+02 1.800000000000e+06 1.317234108611e+05 1.536264816000e+07 6.145068016000e+07 0.000000000000e+00 0.000000000000e+00 0.000000000000e+00 1.204679088498e-04 2.912380776583e-03 2.143597766812e-03 0.000000000000e+00 0.000000000000e+00 0.000000000000e+00 0.000000000000e+00 0.000000000000e+00 
9.380000000000e+00 2.404269016631e-03 2.674972154194e-03 -9.939672168952e-04 1.632480437761e+05 1.514001470375e+05 1.000000000000e+05 1.095622894994e+04 5.011881904026e+02 1.800000000000e+06 1.313689956965e+05 1.536264816000e+07 6.145068016000e+07 0.000000000000e+00 0.000000000000e+00 0.000000000000e+00 1.201437777522e-04 2.918648619040e-03 2.137832990956e-03 0.000000000000e+00 0.000000000000e+00 0.000000000000e+00 0.000000000000e+00 0.000000000000e+00 
9.385000000000e+00 2.409001477355e-03 2.613040844209e-03 -9.088666364442e-04 1.627146495533e+05 1.519130430753e+05 1.000000000000e+05 1.095088752948e+04 5.004008515628e+02 1.800000000000e+06 1.309907556907e+05 1.536264816000e+07 6.145068016000e+07 0.000000000000e+00 0.000000000000e+00 0.000000000000e+00 1.197978575985e-04 2.924394334949e-03 2.131679972680e-03 0.000000000000e+00 0.000000000000e+00 0.000000000000e+00 0.000000000000e+00 0.000000000000e+00 
9.390000000000e+00 2.413314242734e-03 2.553176838280e-03 -8.262004945738e-04 1.621710121362e+05 1.523781773864e+05 1.000000000000e+05 1.094603509897e+04 4.996852042735e+02 1.800000000000e+06 1.305936599132e+05 1.536264816000e+07 6.145068016000e+07 0.000000000000e+00 0.000000000000e+00 0.000000000000e+00 1.194346928609e-04 2.929631725436e-03 2.125219631130e-03 0.000000000000e+00 0.000000000000e+00 0.000000000000e+00 0.000000000000e+00 0.000000000000e+00 
9.395000000000e+00 2.417220690926e-03 2.495577793496e-03 -7.462501431045e-04 1.616213896723e+05 1.527976281460e+05 1.000000000000e+05 1.094165302773e+04 4.990385096657e+02 1.800000000000e+06 1.301822218511e+05 1.536264816000e+07 6.145068016000e+07 0.000000000000e+00 0.000000000000e+00 0.000000000000e+00 1.190584113584e-04 2.934376526257e-03 2.118525456266e-03 0.000000000000e+00 0.000000000000e+00 0.000000000000e+00 0.000000000000e+00 0.000000000000e+00 
9.400000000000e+00 2.420735567655e-03 2.440326417452e-03 -6.692294687673e-04 1.610693603263e+05 1.531735297882e+05 1.000000000000e+05 1.093772162894e+04 4.984578755326e+02 1.800000000000e+06 1.297605081007e+05 1.536264816000e+07 6.145068016000e+07 0.000000000000e+00 0.000000000000e+00 0.000000000000e+00 1.186727322045e-04 2.938646079851e-03 2.111663672510e-03 0.000000000000e+00 0.000000000000e+00 0.000000000000e+00 0.000000000000e+00 0.000000000000e+00 
9.405000000000e+00 2.423874237045e-03 2.387493623889e-03 -5.953410725297e-04 1.605184265768e+05 1.535079989379e+05 1.000000000000e+05 1.093422093834e+04 4.979403755041e+02 1.800000000000e+06 1.293320981884e+05 1.536264816000e+07 6.145068016000e+07 0.000000000000e+00 0.000000000000e+00 0.000000000000e+00 1.182809290624e-04 2.942458919661e-03 2.104692580738e-03 0.000000000000e+00 0.000000000000e+00 0.000000000000e+00 0.000000000000e+00 0.000000000000e+00 
9.410000000000e+00 2.426652641775e-03 2.337090223876e-03 -5.246863591640e-04 1.599709637041e+05 1.538031373112e+05 1.000000000000e+05 1.093113079509e+04 4.974830500591e+02 1.800000000000e+06 1.289000739812e+05 1.536264816000e+07 6.145068016000e+07 0.000000000000e+00 0.000000000000e+00 0.000000000000e+00 1.178858204597e-04 2.945834396122e-03 2.097662385421e-03 0.000000000000e+00 0.000000000000e+00 0.000000000000e+00 0.000000000000e+00 0.000000000000e+00 
9.415000000000e+00 2.429087082887e-03 2.289090515441e-03 -4.573115225455e-04 1.594287533605e+05 1.540610153980e+05 1.000000000000e+05 1.092843102091e+04 4.970829372059e+02 1.800000000000e+06 1.284670038078e+05 1.536264816000e+07 6.145068016000e+07 0.000000000000e+00 0.000000000000e+00 0.000000000000e+00 1.174897552665e-04 2.948792290505e-03 2.090614935285e-03 0.000000000000e+00 0.000000000000e+00 0.000000000000e+00 0.000000000000e+00 0.000000000000e+00 
9.420000000000e+00 2.431193900035e-03 2.243421468822e-03 -3.931987016780e-04 1.588928554422e+05 1.542836457290e+05 1.000000000000e+05 1.092610175338e+04 4.967371193579e+02 1.800000000000e+06 1.280349260087e+05 1.536264816000e+07 6.145068016000e+07 0.000000000000e+00 0.000000000000e+00 0.000000000000e+00 1.170945976511e-04 2.951352423118e-03 2.083583453588e-03 0.000000000000e+00 0.000000000000e+00 0.000000000000e+00 0.000000000000e+00 0.000000000000e+00 
9.425000000000e+00 2.432989192430e-03 2.199955912311e-03 -3.322673468062e-04 1.583636016943e+05 1.544729604774e+05 1.000000000000e+05 1.092412372502e+04 4.964427634515e+02 1.800000000000e+06 1.276053526949e+05 1.536264816000e+07 6.145068016000e+07 0.000000000000e+00 0.000000000000e+00 0.000000000000e+00 1.167017305178e-04 2.953534331192e-03 2.076592603081e-03 0.000000000000e+00 0.000000000000e+00 0.000000000000e+00 0.000000000000e+00 0.000000000000e+00 
9.430000000000e+00 2.434488425884e-03 2.158497872146e-03 -2.743563489233e-04 1.578403496922e+05 1.546307768773e+05 1.000000000000e+05 1.092247868635e+04 4.961971798383e+02 1.800000000000e+06 1.271791935137e+05 1.536264816000e+07 6.145068016000e+07 0.000000000000e+00 0.000000000000e+00 0.000000000000e+00 1.163119857863e-04 2.955356776432e-03 2.069657252523e-03 0.000000000000e+00 0.000000000000e+00 0.000000000000e+00 0.000000000000e+00 0.000000000000e+00 
9.435000000000e+00 2.435706051721e-03 2.118782757703e-03 -2.192311372314e-04 1.573215282071e+05 1.547587636249e+05 1.000000000000e+05 1.092114979744e+04 4.959978794192e+02 1.800000000000e+06 1.267567021118e+05 1.536264816000e+07 6.145068016000e+07 0.000000000000e+00 0.000000000000e+00 0.000000000000e+00 1.159255954297e-04 2.956837283374e-03 2.062781596833e-03 0.000000000000e+00 0.000000000000e+00 0.000000000000e+00 0.000000000000e+00 0.000000000000e+00 
9.440000000000e+00 2.436655109111e-03 2.080458603499e-03 -1.665629520578e-04 1.568043525082e+05 1.548584050702e+05 1.000000000000e+05 1.092012206201e+04 4.958426338489e+02 1.800000000000e+06 1.263374163241e+05 1.536264816000e+07 6.145068016000e+07 0.000000000000e+00 0.000000000000e+00 0.000000000000e+00 1.155421367740e-04 2.957991662203e-03 2.055958195141e-03 0.000000000000e+00 0.000000000000e+00 0.000000000000e+00 0.000000000000e+00 0.000000000000e+00 
9.445000000000e+00 2.437346710291e-03 2.043081922294e-03 -1.159242381652e-04 1.562847137321e+05 1.549309525014e+05 1.000000000000e+05 1.091938288382e+04 4.957295553813e+02 1.800000000000e+06 1.259200328080e+05 1.536264816000e+07 6.145068016000e+07 0.000000000000e+00 0.000000000000e+00 0.000000000000e+00 1.151604178446e-04 2.958833372332e-03 2.049165926281e-03 0.000000000000e+00 0.000000000000e+00 0.000000000000e+00 0.000000000000e+00 0.000000000000e+00 
9.450000000000e+00 2.437789575628e-03 2.006115387048e-03 -6.678716962204e-05 1.557571067883e+05 1.549773799107e+05 1.000000000000e+05 1.091892256861e+04 4.956571691668e+02 1.800000000000e+06 1.255023356492e+05 1.536264816000e+07 6.145068016000e+07 0.000000000000e+00 0.000000000000e+00 0.000000000000e+00 1.147784120726e-04 2.959372970739e-03 2.042368830137e-03 0.000000000000e+00 0.000000000000e+00 0.000000000000e+00 0.000000000000e+00 0.000000000000e+00 
9.455000000000e+00 2.437989493120e-03 1.968938996964e-03 -1.852881676389e-05 1.552146245173e+05 1.549983308862e+05 1.000000000000e+05 1.091873491066e+04 4.956244986761e+02 1.800000000000e+06 1.250810862902e+05 1.536264816000e+07 6.145068016000e+07 0.000000000000e+00 0.000000000000e+00 0.000000000000e+00 1.143931576289e-04 2.959617461088e-03 2.035514308685e-03 0.000000000000e+00 0.000000000000e+00 0.000000000000e+00 0.000000000000e+00 0.000000000000e+00 
9.460000000000e+00 2.437952021708e-03 1.929612719077e-03 2.934869017526e-05 1.546517984388e+05 1.549944042942e+05 1.000000000000e+05 1.091881397102e+04 4.956306219668e+02 1.800000000000e+06 1.246519595873e+05 1.536264816000e+07 6.145068016000e+07 0.000000000000e+00 0.000000000000e+00 0.000000000000e+00 1.140006989445e-04 2.959571377356e-03 2.028532093470e-03 0.000000000000e+00 0.000000000000e+00 0.000000000000e+00 0.000000000000e+00 0.000000000000e+00 
9.465000000000e+00 2.437674628164e-03 1.889822569199e-03 7.815067439124e-05 1.540528735408e+05 1.549653316049e+05 1.000000000000e+05 1.091916363492e+04 4.956759555469e+02 1.800000000000e+06 1.242095959465e+05 1.536264816000e+07 6.145068016000e+07 0.000000000000e+00 0.000000000000e+00 0.000000000000e+00 1.135961343921e-04 2.959231901789e-03 2.021335065046e-03 0.000000000000e+00 0.000000000000e+00 0.000000000000e+00 0.000000000000e+00 0.000000000000e+00 
9.470000000000e+00 2.437151419845e-03 1.847627586951e-03 1.283650652706e-04 1.534112472298e+05 1.549104724050e+05 1.000000000000e+05 1.091979103933e+04 4.957614813383e+02 1.800000000000e+06 1.237477558904e+05 1.536264816000e+07 6.145068016000e+07 0.000000000000e+00 0.000000000000e+00 0.000000000000e+00 1.131737576450e-04 2.958591915262e-03 2.013821762481e-03 0.000000000000e+00 0.000000000000e+00 0.000000000000e+00 0.000000000000e+00 0.000000000000e+00 
9.475000000000e+00 2.436373570723e-03 1.802473245387e-03 1.806584628293e-04 1.527178664309e+05 1.548288569385e+05 1.000000000000e+05 1.092070687348e+04 4.958886787913e+02 1.800000000000e+06 1.232597002564e+05 1.536264816000e+07 6.145068016000e+07 0.000000000000e+00 0.000000000000e+00 0.000000000000e+00 1.127274053889e-04 2.957640564348e-03 2.005882540867e-03 0.000000000000e+00 0.000000000000e+00 0.000000000000e+00 0.000000000000e+00 0.000000000000e+00 
9.480000000000e+00 2.435328916692e-03 1.753973619133e-03 2.355601495890e-04 1.519648532703e+05 1.547191401450e+05 1.000000000000e+05 1.092192560954e+04 4.960595939439e+02 1.800000000000e+06 1.227386803386e+05 1.536264816000e+07 6.145068016000e+07 0.000000000000e+00 0.000000000000e+00 0.000000000000e+00 1.122509055810e-04 2.956363386577e-03 1.997407556805e-03 0.000000000000e+00 0.000000000000e+00 0.000000000000e+00 0.000000000000e+00 0.000000000000e+00 
9.485000000000e+00 2.434002951759e-03 1.701995873178e-03 2.933758916141e-04 1.511466004670e+05 1.545797013145e+05 1.000000000000e+05 1.092346434046e+04 4.962766805247e+02 1.800000000000e+06 1.221784363085e+05 1.536264816000e+07 6.145068016000e+07 0.000000000000e+00 0.000000000000e+00 0.000000000000e+00 1.117385332828e-04 2.954743397124e-03 1.988294859920e-03 0.000000000000e+00 0.000000000000e+00 0.000000000000e+00 0.000000000000e+00 0.000000000000e+00 
9.490000000000e+00 2.432380475762e-03 1.646699210950e-03 3.541363396054e-04 1.502605416666e+05 1.544088117104e+05 1.000000000000e+05 1.092534091245e+04 4.965425348240e+02 1.800000000000e+06 1.215738303706e+05 1.536264816000e+07 6.145068016000e+07 0.000000000000e+00 0.000000000000e+00 0.000000000000e+00 1.111855897130e-04 2.952762682983e-03 1.978460700615e-03 0.000000000000e+00 0.000000000000e+00 0.000000000000e+00 0.000000000000e+00 0.000000000000e+00 
9.495000000000e+00 2.430446720708e-03 1.588510518108e-03 4.175999932122e-04 1.493072402228e+05 1.542047477788e+05 1.000000000000e+05 1.092757268417e+04 4.968597155626e+02 1.800000000000e+06 1.209213200028e+05 1.536264816000e+07 6.145068016000e+07 0.000000000000e+00 0.000000000000e+00 0.000000000000e+00 1.105888350512e-04 2.950404041726e-03 1.967847248311e-03 0.000000000000e+00 0.000000000000e+00 0.000000000000e+00 0.000000000000e+00 0.000000000000e+00 
9.500000000000e+00 2.428188864101e-03 1.528091464835e-03 4.832698114914e-04 1.482903726935e+05 1.539659463159e+05 1.000000000000e+05 1.093017485304e+04 4.972304993324e+02 1.800000000000e+06 1.202192897228e+05 1.536264816000e+07 6.145068016000e+07 0.000000000000e+00 0.000000000000e+00 0.000000000000e+00 1.099467918546e-04 2.947652590855e-03 1.956428008675e-03 0.000000000000e+00 0.000000000000e+00 0.000000000000e+00 0.000000000000e+00 0.000000000000e+00 
9.505000000000e+00 2.425597366112e-03 1.466309832813e-03 5.504044316379e-04 1.472167715493e+05 1.536911434550e+05 1.000000000000e+05 1.093315896286e+04 4.976566629146e+02 1.800000000000e+06 1.194682654758e+05 1.536264816000e+07 6.145068016000e+07 0.000000000000e+00 0.000000000000e+00 0.000000000000e+00 1.092599411274e-04 2.944497293079e-03 1.944211314402e-03 0.000000000000e+00 0.000000000000e+00 0.000000000000e+00 0.000000000000e+00 0.000000000000e+00 
9.510000000000e+00 2.422666570866e-03 1.404080914412e-03 6.181485999863e-04 1.460949980721e+05 1.533794387222e+05 1.000000000000e+05 1.093653231988e+04 4.981393840226e+02 1.800000000000e+06 1.186708601491e+05 1.536264816000e+07 6.145068016000e+07 0.000000000000e+00 0.000000000000e+00 0.000000000000e+00 1.085306724911e-04 2.940932053267e-03 1.931239491659e-03 0.000000000000e+00 0.000000000000e+00 0.000000000000e+00 0.000000000000e+00 0.000000000000e+00 
9.515000000000e+00 2.419395508326e-03 1.342362564134e-03 6.855551481830e-04 1.449352152935e+05 1.530303835679e+05 1.000000000000e+05 1.094029708108e+04 4.986791063930e+02 1.800000000000e+06 1.178314687697e+05 1.536264816000e+07 6.145068016000e+07 0.000000000000e+00 0.000000000000e+00 0.000000000000e+00 1.077630054262e-04 2.936956274525e-03 1.917583891370e-03 0.000000000000e+00 0.000000000000e+00 0.000000000000e+00 0.000000000000e+00 0.000000000000e+00 
9.520000000000e+00 2.415787692320e-03 1.282144170895e-03 7.516157264936e-04 1.437488526836e+05 1.526439663357e+05 1.000000000000e+05 1.094445047016e+04 4.992755675640e+02 1.800000000000e+06 1.169560471292e+05 1.536264816000e+07 6.145068016000e+07 0.000000000000e+00 0.000000000000e+00 0.000000000000e+00 1.069623868141e-04 2.932575326376e-03 1.903341289223e-03 0.000000000000e+00 0.000000000000e+00 0.000000000000e+00 0.000000000000e+00 0.000000000000e+00 
9.525000000000e+00 2.411853461483e-03 1.224342549144e-03 8.154239455565e-04 1.425469894989e+05 1.522208734612e+05 1.000000000000e+05 1.094898218587e+04 4.999274030634e+02 1.800000000000e+06 1.160517874817e+05 1.536264816000e+07 6.145068016000e+07 0.000000000000e+00 0.000000000000e+00 0.000000000000e+00 1.061353943450e-04 2.927800653399e-03 1.888628619208e-03 0.000000000000e+00 0.000000000000e+00 0.000000000000e+00 0.000000000000e+00 0.000000000000e+00 
9.530000000000e+00 2.407608392819e-03 1.169656941361e-03 8.760662716485e-04 1.413415130823e+05 1.517623350639e+05 1.000000000000e+05 1.095387603845e+04 5.006323957685e+02 1.800000000000e+06 1.151266464419e+05 1.536264816000e+07 6.145068016000e+07 0.000000000000e+00 0.000000000000e+00 0.000000000000e+00 1.052893047567e-04 2.922649355400e-03 1.873575318144e-03 0.000000000000e+00 0.000000000000e+00 0.000000000000e+00 0.000000000000e+00 0.000000000000e+00 
9.535000000000e+00 2.403070570917e-03 1.118582670597e-03 9.327959614312e-04 1.401427790083e+05 1.512698448825e+05 1.000000000000e+05 1.095911312488e+04 5.013879170351e+02 1.800000000000e+06 1.141887059097e+05 1.536264816000e+07 6.145068016000e+07 0.000000000000e+00 0.000000000000e+00 0.000000000000e+00 1.044315093671e-04 2.917143171801e-03 1.858312913176e-03 0.000000000000e+00 0.000000000000e+00 0.000000000000e+00 0.000000000000e+00 0.000000000000e+00 
9.540000000000e+00 2.398260921209e-03 1.071502999882e-03 9.851590237089e-04 1.389581490999e+05 1.507452087898e+05 1.000000000000e+05 1.096467148319e+04 5.021908609819e+02 1.800000000000e+06 1.132457454263e+05 1.536264816000e+07 6.145068016000e+07 0.000000000000e+00 0.000000000000e+00 0.000000000000e+00 1.035691229711e-04 2.911307573934e-03 1.842968057042e-03 0.000000000000e+00 0.000000000000e+00 0.000000000000e+00 0.000000000000e+00 0.000000000000e+00 
9.545000000000e+00 2.393202460939e-03 1.028601359675e-03 1.032734205136e-03 1.377950011714e+05 1.501904766275e+05 1.000000000000e+05 1.097052667937e+04 5.030377583836e+02 1.800000000000e+06 1.123048510502e+05 1.536264816000e+07 6.145068016000e+07 0.000000000000e+00 0.000000000000e+00 0.000000000000e+00 1.027086261376e-04 2.905170644842e-03 1.827656141224e-03 0.000000000000e+00 0.000000000000e+00 0.000000000000e+00 0.000000000000e+00 0.000000000000e+00 
9.550000000000e+00 2.387920016176e-03 9.897930546980e-04 1.075254951028e-03 1.366592415503e+05 1.496079238801e+05 1.000000000000e+05 1.097665216462e+04 5.039248136428e+02 1.800000000000e+06 1.113722934556e+05 1.536264816000e+07 6.145068016000e+07 0.000000000000e+00 0.000000000000e+00 0.000000000000e+00 1.018557537244e-04 2.898762308044e-03 1.812479306460e-03 0.000000000000e+00 0.000000000000e+00 0.000000000000e+00 0.000000000000e+00 0.000000000000e+00 
9.555000000000e+00 2.382439275836e-03 9.548964997975e-04 1.112708523589e-03 1.355539795937e+05 1.489999590744e+05 1.000000000000e+05 1.098302038752e+04 5.048480541088e+02 1.800000000000e+06 1.104533121379e+05 1.536264816000e+07 6.145068016000e+07 0.000000000000e+00 0.000000000000e+00 0.000000000000e+00 1.010152975224e-04 2.892113338884e-03 1.797522919653e-03 0.000000000000e+00 0.000000000000e+00 0.000000000000e+00 0.000000000000e+00 0.000000000000e+00 
9.560000000000e+00 2.376785348261e-03 9.239766719657e-04 1.145192328106e-03 1.344810496505e+05 1.483689719147e+05 1.000000000000e+05 1.098960431115e+04 5.058035665859e+02 1.800000000000e+06 1.095520555662e+05 1.536264816000e+07 6.145068016000e+07 0.000000000000e+00 0.000000000000e+00 0.000000000000e+00 1.001910515221e-04 2.885254145555e-03 1.782854604576e-03 0.000000000000e+00 0.000000000000e+00 0.000000000000e+00 0.000000000000e+00 0.000000000000e+00 
9.565000000000e+00 2.370982281864e-03 8.967110112821e-04 1.172818766493e-03 1.334420826512e+05 1.477172836895e+05 1.000000000000e+05 1.099637787638e+04 5.067875752929e+02 1.800000000000e+06 1.086715905149e+05 1.536264816000e+07 6.145068016000e+07 0.000000000000e+00 0.000000000000e+00 0.000000000000e+00 9.938582044858e-05 2.878214299654e-03 1.768524374064e-03 0.000000000000e+00 0.000000000000e+00 0.000000000000e+00 0.000000000000e+00 0.000000000000e+00 
9.570000000000e+00 2.365052649013e-03 8.728836658936e-04 1.195897682209e-03 1.324362146079e+05 1.470471020096e+05 1.000000000000e+05 1.100331662676e+04 5.077965113834e+02 1.800000000000e+06 1.078139938099e+05 1.536264816000e+07 6.145068016000e+07 0.000000000000e+00 0.000000000000e+00 0.000000000000e+00 9.860150366683e-05 2.871022070181e-03 1.754566120828e-03 0.000000000000e+00 0.000000000000e+00 0.000000000000e+00 0.000000000000e+00 0.000000000000e+00 
9.575000000000e+00 2.359018692096e-03 8.522435632231e-04 1.214734126869e-03 1.314626518546e+05 1.463606511365e+05 1.000000000000e+05 1.101039620899e+04 5.088268174713e+02 1.800000000000e+06 1.069804620788e+05 1.536264816000e+07 6.145068016000e+07 0.000000000000e+00 0.000000000000e+00 0.000000000000e+00 9.783919555510e-05 2.863703973219e-03 1.740999395094e-03 0.000000000000e+00 0.000000000000e+00 0.000000000000e+00 0.000000000000e+00 0.000000000000e+00 
9.580000000000e+00 2.352901367621e-03 8.346314883225e-04 1.229641396945e-03 1.305203856683e+05 1.456600651800e+05 1.000000000000e+05 1.101759349510e+04 5.098751094766e+02 1.800000000000e+06 1.061715167295e+05 1.536264816000e+07 6.145068016000e+07 0.000000000000e+00 0.000000000000e+00 0.000000000000e+00 9.709937296797e-05 2.856284644083e-03 1.727832754328e-03 0.000000000000e+00 0.000000000000e+00 0.000000000000e+00 0.000000000000e+00 0.000000000000e+00 
9.585000000000e+00 2.346720055637e-03 8.196310708816e-04 1.240946675167e-03 1.296080730001e+05 1.449473532382e+05 1.000000000000e+05 1.102488693853e+04 5.109382279081e+02 1.800000000000e+06 1.053871303016e+05 1.536264816000e+07 6.145068016000e+07 0.000000000000e+00 0.000000000000e+00 0.000000000000e+00 9.638201079159e-05 2.848786729647e-03 1.715065784420e-03 0.000000000000e+00 0.000000000000e+00 0.000000000000e+00 0.000000000000e+00 0.000000000000e+00 
9.590000000000e+00 2.340492220359e-03 8.068851961834e-04 1.248954774552e-03 1.287244281008e+05 1.442243567547e+05 1.000000000000e+05 1.103225696460e+04 5.120132992757e+02 1.800000000000e+06 1.046269485279e+05 1.536264816000e+07 6.145068016000e+07 0.000000000000e+00 0.000000000000e+00 0.000000000000e+00 9.568678503005e-05 2.841231170273e-03 1.702692745750e-03 0.000000000000e+00 0.000000000000e+00 0.000000000000e+00 0.000000000000e+00 0.000000000000e+00 
9.595000000000e+00 2.334233289987e-03 7.961463651456e-04 1.253942658864e-03 1.278682680127e+05 1.434927302545e+05 1.000000000000e+05 1.103968613633e+04 5.130977613148e+02 1.800000000000e+06 1.038903704817e+05 1.536264816000e+07 6.145068016000e+07 0.000000000000e+00 0.000000000000e+00 0.000000000000e+00 9.501314610476e-05 2.833637241086e-03 1.690703887898e-03 0.000000000000e+00 0.000000000000e+00 0.000000000000e+00 0.000000000000e+00 0.000000000000e+00 
9.600000000000e+00 2.327957473199e-03 7.873065146457e-04 1.256155664190e-03 1.270386587209e+05 1.427540314825e+05 1.000000000000e+05 1.104715821048e+04 5.141892259673e+02 1.800000000000e+06 1.031766247856e+05 1.536264816000e+07 6.145068016000e+07 0.000000000000e+00 0.000000000000e+00 0.000000000000e+00 9.436038855092e-05 2.826022424635e-03 1.679086668799e-03 0.000000000000e+00 0.000000000000e+00 0.000000000000e+00 0.000000000000e+00 0.000000000000e+00 
9.605000000000e+00 2.321677696130e-03 7.802145378866e-04 1.255800759606e-03 1.262349912301e+05 1.420097104194e+05 1.000000000000e+05 1.105465822606e+04 5.152854933835e+02 1.800000000000e+06 1.024849234278e+05 1.536264816000e+07 6.145068016000e+07 0.000000000000e+00 0.000000000000e+00 0.000000000000e+00 9.372779169073e-05 2.818402714593e-03 1.667828254029e-03 0.000000000000e+00 0.000000000000e+00 0.000000000000e+00 0.000000000000e+00 0.000000000000e+00 
9.610000000000e+00 2.315406009962e-03 7.748277916744e-04 1.253060504694e-03 1.254568600950e+05 1.412611539721e+05 1.000000000000e+05 1.106217204790e+04 5.163844838399e+02 1.800000000000e+06 1.018146992235e+05 1.536264816000e+07 6.145068016000e+07 0.000000000000e+00 0.000000000000e+00 0.000000000000e+00 9.311483680426e-05 2.810793068524e-03 1.656919392411e-03 0.000000000000e+00 0.000000000000e+00 0.000000000000e+00 0.000000000000e+00 0.000000000000e+00 
9.615000000000e+00 2.309153924249e-03 7.710692629814e-04 1.248105536455e-03 1.247039491953e+05 1.405097234281e+05 1.000000000000e+05 1.106968599017e+04 5.174841813578e+02 1.800000000000e+06 1.011655107995e+05 1.536264816000e+07 6.145068016000e+07 0.000000000000e+00 0.000000000000e+00 0.000000000000e+00 9.252112023266e-05 2.803207353013e-03 1.646352888547e-03 0.000000000000e+00 0.000000000000e+00 0.000000000000e+00 0.000000000000e+00 0.000000000000e+00 
9.620000000000e+00 2.302932221940e-03 7.688856477735e-04 1.241060396983e-03 1.239764406855e+05 1.397567303937e+05 1.000000000000e+05 1.107718702075e+04 5.185826678598e+02 1.800000000000e+06 1.005370767022e+05 1.536264816000e+07 6.145068016000e+07 0.000000000000e+00 0.000000000000e+00 0.000000000000e+00 9.194638457219e-05 2.795658586037e-03 1.636124144352e-03 0.000000000000e+00 0.000000000000e+00 0.000000000000e+00 0.000000000000e+00 0.000000000000e+00 
9.625000000000e+00 2.296751075085e-03 7.682355257334e-04 1.232033621836e-03 1.232746531998e+05 1.390034483635e+05 1.000000000000e+05 1.108466265933e+04 5.196781048313e+02 1.800000000000e+06 9.992928416494e+04 1.536264816000e+07 6.145068016000e+07 0.000000000000e+00 0.000000000000e+00 0.000000000000e+00 9.139052669162e-05 2.788159078120e-03 1.626231308533e-03 0.000000000000e+00 0.000000000000e+00 0.000000000000e+00 0.000000000000e+00 0.000000000000e+00 
9.630000000000e+00 2.290620136842e-03 7.690865624739e-04 1.221120477391e-03 1.225990189501e+05 1.382511217683e+05 1.000000000000e+05 1.109210087982e+04 5.207687188768e+02 1.800000000000e+06 9.934217080637e+04 1.536264816000e+07 6.145068016000e+07 0.000000000000e+00 0.000000000000e+00 0.000000000000e+00 9.085358099531e-05 2.780720532440e-03 1.616674978943e-03 0.000000000000e+00 0.000000000000e+00 0.000000000000e+00 0.000000000000e+00 0.000000000000e+00 
9.635000000000e+00 2.284548600166e-03 7.714049545322e-04 1.208409383406e-03 1.219500086185e+05 1.375009711940e+05 1.000000000000e+05 1.109949005515e+04 5.218527929885e+02 1.800000000000e+06 9.877589150212e+04 1.536264816000e+07 6.145068016000e+07 0.000000000000e+00 0.000000000000e+00 0.000000000000e+00 9.033568912504e-05 2.773354098921e-03 1.607457665953e-03 0.000000000000e+00 0.000000000000e+00 0.000000000000e+00 0.000000000000e+00 0.000000000000e+00 
9.640000000000e+00 2.278545218591e-03 7.751529917982e-04 1.193985795597e-03 1.213280823132e+05 1.367541940207e+05 1.000000000000e+05 1.110681894554e+04 5.229286644875e+02 1.800000000000e+06 9.823068057684e+04 1.536264816000e+07 6.145068016000e+07 0.000000000000e+00 0.000000000000e+00 0.000000000000e+00 8.983706538291e-05 2.766070405252e-03 1.598583176478e-03 0.000000000000e+00 0.000000000000e+00 0.000000000000e+00 0.000000000000e+00 0.000000000000e+00 
9.645000000000e+00 2.272618287575e-03 7.802828223340e-04 1.177941440552e-03 1.207335647051e+05 1.360119600791e+05 1.000000000000e+05 1.111407673986e+04 5.239947300822e+02 1.800000000000e+06 9.770680198781e+04 1.536264816000e+07 6.145068016000e+07 0.000000000000e+00 0.000000000000e+00 0.000000000000e+00 8.935795117155e-05 2.758879543272e-03 1.590055804614e-03 0.000000000000e+00 0.000000000000e+00 0.000000000000e+00 0.000000000000e+00 0.000000000000e+00 
9.650000000000e+00 2.266775643411e-03 7.867430948010e-04 1.160361340571e-03 1.201668089428e+05 1.352754093206e+05 1.000000000000e+05 1.112125305761e+04 5.250494478979e+02 1.800000000000e+06 9.720452600376e+04 1.536264816000e+07 6.145068016000e+07 0.000000000000e+00 0.000000000000e+00 0.000000000000e+00 8.889859366579e-05 2.751791076254e-03 1.581879950301e-03 0.000000000000e+00 0.000000000000e+00 0.000000000000e+00 0.000000000000e+00 0.000000000000e+00 
9.655000000000e+00 2.261024695429e-03 7.944632954945e-04 1.141348566460e-03 1.196278760143e+05 1.345456536172e+05 1.000000000000e+05 1.112833794183e+04 5.260913335358e+02 1.800000000000e+06 9.672407850942e+04 1.536264816000e+07 6.145068016000e+07 0.000000000000e+00 0.000000000000e+00 0.000000000000e+00 8.845919944895e-05 2.744813979155e-03 1.574059296825e-03 0.000000000000e+00 0.000000000000e+00 0.000000000000e+00 0.000000000000e+00 0.000000000000e+00 
9.660000000000e+00 2.255372336793e-03 8.033646743125e-04 1.121011803327e-03 1.191166781355e+05 1.338237630803e+05 1.000000000000e+05 1.113532197096e+04 5.271189781716e+02 1.800000000000e+06 9.626560303952e+04 1.536264816000e+07 6.145068016000e+07 0.000000000000e+00 0.000000000000e+00 0.000000000000e+00 8.803989979100e-05 2.737956589739e-03 1.566596189046e-03 0.000000000000e+00 0.000000000000e+00 0.000000000000e+00 0.000000000000e+00 0.000000000000e+00 
9.665000000000e+00 2.249824902157e-03 8.133572487606e-04 1.099467189061e-03 1.186329442213e+05 1.331107579144e+05 1.000000000000e+05 1.114219632665e+04 5.281310584678e+02 1.800000000000e+06 9.582913961857e+04 1.536264816000e+07 6.145068016000e+07 0.000000000000e+00 0.000000000000e+00 0.000000000000e+00 8.764073129644e-05 2.731226563581e-03 1.559491289826e-03 0.000000000000e+00 0.000000000000e+00 0.000000000000e+00 0.000000000000e+00 0.000000000000e+00 
9.670000000000e+00 2.244388127943e-03 8.243432135363e-04 1.076836593801e-03 1.181762322983e+05 1.324076003612e+05 1.000000000000e+05 1.114895285623e+04 5.291263461837e+02 1.800000000000e+06 9.541460896221e+04 1.536264816000e+07 6.145068016000e+07 0.000000000000e+00 0.000000000000e+00 0.000000000000e+00 8.726162145561e-05 2.724630831629e-03 1.552743321233e-03 0.000000000000e+00 0.000000000000e+00 0.000000000000e+00 0.000000000000e+00 0.000000000000e+00 
9.675000000000e+00 2.239067141012e-03 8.362246402905e-04 1.053244540909e-03 1.177459645378e+05 1.317151901421e+05 1.000000000000e+05 1.115558409935e+04 5.301037127046e+02 1.800000000000e+06 9.502181211116e+04 1.536264816000e+07 6.145068016000e+07 0.000000000000e+00 0.000000000000e+00 0.000000000000e+00 8.690238830988e-05 2.718175575210e-03 1.546349057783e-03 0.000000000000e+00 0.000000000000e+00 0.000000000000e+00 0.000000000000e+00 0.000000000000e+00 
9.680000000000e+00 2.233866429918e-03 8.488930775254e-04 1.028820040682e-03 1.173413955877e+05 1.310343575670e+05 1.000000000000e+05 1.116208334067e+04 5.310621368044e+02 1.800000000000e+06 9.465042981858e+04 1.536264816000e+07 6.145068016000e+07 0.000000000000e+00 0.000000000000e+00 0.000000000000e+00 8.656273989144e-05 2.711866205993e-03 1.540303316605e-03 0.000000000000e+00 0.000000000000e+00 0.000000000000e+00 0.000000000000e+00 0.000000000000e+00 
9.685000000000e+00 2.228789828393e-03 8.622438028737e-04 1.003691976371e-03 1.169616684365e+05 1.303658581571e+05 1.000000000000e+05 1.116844464194e+04 5.320007102047e+02 1.800000000000e+06 9.430002335717e+04 1.536264816000e+07 6.145068016000e+07 0.000000000000e+00 0.000000000000e+00 0.000000000000e+00 8.624227496135e-05 2.705707350389e-03 1.534598969516e-03 0.000000000000e+00 0.000000000000e+00 0.000000000000e+00 0.000000000000e+00 0.000000000000e+00 
9.690000000000e+00 2.223840527277e-03 8.761679678859e-04 9.779911013633e-04 1.166057872449e+05 1.297103710271e+05 1.000000000000e+05 1.117466284378e+04 5.329186378471e+02 1.800000000000e+06 9.397004823482e+04 1.536264816000e+07 6.145068016000e+07 0.000000000000e+00 0.000000000000e+00 0.000000000000e+00 8.594049555325e-05 2.699702853196e-03 1.529227167294e-03 0.000000000000e+00 0.000000000000e+00 0.000000000000e+00 0.000000000000e+00 0.000000000000e+00 
9.695000000000e+00 2.219021069833e-03 8.905703294350e-04 9.518377545733e-04 1.162727796182e+05 1.290684951817e+05 1.000000000000e+05 1.118073357535e+04 5.338152411430e+02 1.800000000000e+06 9.365985930610e+04 1.536264816000e+07 6.145068016000e+07 0.000000000000e+00 0.000000000000e+00 0.000000000000e+00 8.565681164812e-05 2.693855779734e-03 1.524177417597e-03 0.000000000000e+00 0.000000000000e+00 0.000000000000e+00 0.000000000000e+00 0.000000000000e+00 
9.700000000000e+00 2.214333433747e-03 9.053680255320e-04 9.253407322286e-04 1.159617242483e+05 1.284407575277e+05 1.000000000000e+05 1.118665316304e+04 5.346899449512e+02 1.800000000000e+06 9.336877996638e+04 1.536264816000e+07 6.145068016000e+07 0.000000000000e+00 0.000000000000e+00 0.000000000000e+00 8.539060445581e-05 2.688168518371e-03 1.519438712708e-03 0.000000000000e+00 0.000000000000e+00 0.000000000000e+00 0.000000000000e+00 0.000000000000e+00 
9.705000000000e+00 2.209779058062e-03 9.204787473792e-04 8.986056685363e-04 1.156716427002e+05 1.278276139158e+05 1.000000000000e+05 1.119241861525e+04 5.355422745078e+02 1.800000000000e+06 9.309610409252e+04 1.536264816000e+07 6.145068016000e+07 0.000000000000e+00 0.000000000000e+00 0.000000000000e+00 8.514122819003e-05 2.682642809647e-03 1.514999565195e-03 0.000000000000e+00 0.000000000000e+00 0.000000000000e+00 0.000000000000e+00 0.000000000000e+00 
9.710000000000e+00 2.205358848171e-03 9.358217456090e-04 8.717348167998e-04 1.154015028299e+05 1.272294474294e+05 1.000000000000e+05 1.119802762664e+04 5.363718562978e+02 1.800000000000e+06 9.284108010064e+04 1.536264816000e+07 6.145068016000e+07 0.000000000000e+00 0.000000000000e+00 0.000000000000e+00 8.490799548820e-05 2.677279749765e-03 1.510847747848e-03 0.000000000000e+00 0.000000000000e+00 0.000000000000e+00 0.000000000000e+00 0.000000000000e+00 
9.715000000000e+00 2.201072272949e-03 9.513596138623e-04 8.448164882045e-04 1.151502322887e+05 1.266464430260e+05 1.000000000000e+05 1.120347973375e+04 5.371785899071e+02 1.800000000000e+06 9.260295628532e+04 1.536264816000e+07 6.145068016000e+07 0.000000000000e+00 0.000000000000e+00 0.000000000000e+00 8.469021887666e-05 2.672079871344e-03 1.506971026689e-03 0.000000000000e+00 0.000000000000e+00 0.000000000000e+00 0.000000000000e+00 0.000000000000e+00 
9.720000000000e+00 2.196920447827e-03 9.670029139152e-04 8.179281739588e-04 1.149171219590e+05 1.260790048266e+05 1.000000000000e+05 1.120877238831e+04 5.379620693058e+02 1.800000000000e+06 9.238098932122e+04 1.536264816000e+07 6.145068016000e+07 0.000000000000e+00 0.000000000000e+00 0.000000000000e+00 8.448721854570e-05 2.667043198286e-03 1.503357304593e-03 0.000000000000e+00 0.000000000000e+00 0.000000000000e+00 0.000000000000e+00 0.000000000000e+00 
9.725000000000e+00 2.192903285803e-03 9.826893618106e-04 7.911435792576e-04 1.147013228174e+05 1.255273691082e+05 1.000000000000e+05 1.121390460009e+04 5.387221186301e+02 1.800000000000e+06 9.217444267100e+04 1.536264816000e+07 6.145068016000e+07 0.000000000000e+00 0.000000000000e+00 0.000000000000e+00 8.429832089365e-05 2.662169303814e-03 1.499994594750e-03 0.000000000000e+00 0.000000000000e+00 0.000000000000e+00 0.000000000000e+00 0.000000000000e+00 
9.730000000000e+00 2.189019937901e-03 9.983784400420e-04 7.645258346444e-04 1.145020018313e+05 1.249916610452e+05 1.000000000000e+05 1.121887638243e+04 5.394587116627e+02 1.800000000000e+06 9.198260211183e+04 1.536264816000e+07 6.145068016000e+07 0.000000000000e+00 0.000000000000e+00 0.000000000000e+00 8.412287272658e-05 2.657457348852e-03 1.496871271349e-03 0.000000000000e+00 0.000000000000e+00 0.000000000000e+00 0.000000000000e+00 0.000000000000e+00 
9.735000000000e+00 2.185269301884e-03 1.014034654050e-03 7.381299772068e-04 1.143183830685e+05 1.244719628450e+05 1.000000000000e+05 1.122368810895e+04 5.401718768521e+02 1.800000000000e+06 9.180478529615e+04 1.536264816000e+07 6.145068016000e+07 0.000000000000e+00 0.000000000000e+00 0.000000000000e+00 8.396025000217e-05 2.652906137332e-03 1.493976226930e-03 0.000000000000e+00 0.000000000000e+00 0.000000000000e+00 0.000000000000e+00 0.000000000000e+00 
9.740000000000e+00 2.181650064253e-03 1.029626525807e-03 7.120040462512e-04 1.141497403506e+05 1.239683187970e+05 1.000000000000e+05 1.122834046346e+04 5.408616898694e+02 1.800000000000e+06 9.164034558010e+04 1.536264816000e+07 6.145068016000e+07 0.000000000000e+00 0.000000000000e+00 0.000000000000e+00 8.380986133097e-05 2.648514164148e-03 1.491298935037e-03 0.000000000000e+00 0.000000000000e+00 0.000000000000e+00 0.000000000000e+00 0.000000000000e+00 
9.745000000000e+00 2.178160709862e-03 1.045124580363e-03 6.861931919182e-04 1.139953433340e+05 1.234807360088e+05 1.000000000000e+05 1.123283443343e+04 5.415282721896e+02 1.800000000000e+06 9.148866633947e+04 1.536264816000e+07 6.145068016000e+07 0.000000000000e+00 0.000000000000e+00 0.000000000000e+00 8.367114277809e-05 2.644279648722e-03 1.488829358259e-03 0.000000000000e+00 0.000000000000e+00 0.000000000000e+00 0.000000000000e+00 0.000000000000e+00 
9.750000000000e+00 2.174799574152e-03 1.060504496757e-03 6.607362796494e-04 1.138545130018e+05 1.230091912289e+05 1.000000000000e+05 1.123717124121e+04 5.421717814320e+02 1.800000000000e+06 9.134916341987e+04 1.536264816000e+07 6.145068016000e+07 0.000000000000e+00 0.000000000000e+00 0.000000000000e+00 8.354356010397e-05 2.640200574805e-03 1.486557986796e-03 0.000000000000e+00 0.000000000000e+00 0.000000000000e+00 0.000000000000e+00 0.000000000000e+00 
9.755000000000e+00 2.171564794408e-03 1.075740551121e-03 6.356600106043e-04 1.137266975306e+05 1.225536236555e+05 1.000000000000e+05 1.124135240314e+04 5.427924209182e+02 1.800000000000e+06 9.122128213282e+04 1.536264816000e+07 6.145068016000e+07 0.000000000000e+00 0.000000000000e+00 0.000000000000e+00 8.342660601713e-05 2.636274722314e-03 1.484475792080e-03 0.000000000000e+00 0.000000000000e+00 0.000000000000e+00 0.000000000000e+00 0.000000000000e+00 
9.760000000000e+00 2.168454349349e-03 1.090808471111e-03 6.109964574213e-04 1.136112362404e+05 1.221139401521e+05 1.000000000000e+05 1.124537969493e+04 5.433904323081e+02 1.800000000000e+06 9.110448341851e+04 1.536264816000e+07 6.145068016000e+07 0.000000000000e+00 0.000000000000e+00 0.000000000000e+00 8.331978751936e-05 2.632499676530e-03 1.482574001327e-03 0.000000000000e+00 0.000000000000e+00 0.000000000000e+00 0.000000000000e+00 0.000000000000e+00 
9.765000000000e+00 2.165466621000e-03 1.105667801566e-03 5.867785228120e-04 1.135075054807e+05 1.216900948658e+05 1.000000000000e+05 1.124925441504e+04 5.439659873913e+02 1.800000000000e+06 9.099822427473e+04 1.536264816000e+07 6.145068016000e+07 0.000000000000e+00 0.000000000000e+00 0.000000000000e+00 8.322260800691e-05 2.628872824390e-03 1.480843779696e-03 0.000000000000e+00 0.000000000000e+00 0.000000000000e+00 0.000000000000e+00 0.000000000000e+00 
9.770000000000e+00 2.162598859677e-03 1.120295054744e-03 5.630371606001e-04 1.134147312370e+05 1.212818715180e+05 1.000000000000e+05 1.125297938340e+04 5.445194837168e+02 1.800000000000e+06 9.090195628864e+04 1.536264816000e+07 6.145068016000e+07 0.000000000000e+00 0.000000000000e+00 0.000000000000e+00 8.313456592769e-05 2.625391367548e-03 1.479276202655e-03 0.000000000000e+00 0.000000000000e+00 0.000000000000e+00 0.000000000000e+00 0.000000000000e+00 
9.775000000000e+00 2.159848383706e-03 1.134662503403e-03 5.398055869303e-04 1.133321074764e+05 1.208890525544e+05 1.000000000000e+05 1.125655738508e+04 5.450513142306e+02 1.800000000000e+06 9.081510835481e+04 1.536264816000e+07 6.145068016000e+07 0.000000000000e+00 0.000000000000e+00 0.000000000000e+00 8.305513897611e-05 2.622052294835e-03 1.477861978627e-03 0.000000000000e+00 0.000000000000e+00 0.000000000000e+00 0.000000000000e+00 0.000000000000e+00 
9.780000000000e+00 2.157212573167e-03 1.148743647683e-03 5.171115282647e-04 1.132589044240e+05 1.205114187430e+05 1.000000000000e+05 1.125999116895e+04 5.455618680815e+02 1.800000000000e+06 9.073710827636e+04 1.536264816000e+07 6.145068016000e+07 0.000000000000e+00 0.000000000000e+00 0.000000000000e+00 8.298380384836e-05 2.618852425686e-03 1.476591796425e-03 0.000000000000e+00 0.000000000000e+00 0.000000000000e+00 0.000000000000e+00 0.000000000000e+00 
9.785000000000e+00 2.154688648353e-03 1.162507481845e-03 4.949884403329e-04 1.131942794234e+05 1.201487177604e+05 1.000000000000e+05 1.126328374633e+04 5.460515732559e+02 1.800000000000e+06 9.066735912982e+04 1.536264816000e+07 6.145068016000e+07 0.000000000000e+00 0.000000000000e+00 0.000000000000e+00 8.292001462689e-05 2.615788385555e-03 1.475455945252e-03 0.000000000000e+00 0.000000000000e+00 0.000000000000e+00 0.000000000000e+00 0.000000000000e+00 
9.790000000000e+00 2.152273670429e-03 1.175915701347e-03 4.734668647384e-04 1.131373984447e+05 1.198006642902e+05 1.000000000000e+05 1.126643838211e+04 5.465208964177e+02 1.800000000000e+06 9.060523769191e+04 1.536264816000e+07 6.145068016000e+07 0.000000000000e+00 0.000000000000e+00 0.000000000000e+00 8.286320134161e-05 2.612856606713e-03 1.474444285814e-03 0.000000000000e+00 0.000000000000e+00 0.000000000000e+00 0.000000000000e+00 0.000000000000e+00 
9.795000000000e+00 2.149964544072e-03 1.188934194009e-03 4.525784735569e-04 1.130873803142e+05 1.194669404551e+05 1.000000000000e+05 1.126945859439e+04 5.469703423284e+02 1.800000000000e+06 9.055009670934e+04 1.536264816000e+07 6.145068016000e+07 0.000000000000e+00 0.000000000000e+00 0.000000000000e+00 8.281277204572e-05 2.610053331450e-03 1.473546287842e-03 0.000000000000e+00 0.000000000000e+00 0.000000000000e+00 0.000000000000e+00 0.000000000000e+00 
9.800000000000e+00 2.147758018437e-03 1.201529042119e-03 4.323540930945e-04 1.130433251360e+05 1.191471960506e+05 1.000000000000e+05 1.127234815083e+04 5.474004535630e+02 1.800000000000e+06 9.050126590876e+04 1.536264816000e+07 6.145068016000e+07 0.000000000000e+00 0.000000000000e+00 0.000000000000e+00 8.276811373939e-05 2.607374613254e-03 1.472751046056e-03 0.000000000000e+00 0.000000000000e+00 0.000000000000e+00 0.000000000000e+00 0.000000000000e+00 
9.805000000000e+00 2.145650692699e-03 1.213664603793e-03 4.128254641537e-04 1.130042908358e+05 1.188410494842e+05 1.000000000000e+05 1.127511106204e+04 5.478118093033e+02 1.800000000000e+06 9.045805655689e+04 1.536264816000e+07 6.145068016000e+07 0.000000000000e+00 0.000000000000e+00 0.000000000000e+00 8.272859654022e-05 2.604816323535e-03 1.472047355393e-03 0.000000000000e+00 0.000000000000e+00 0.000000000000e+00 0.000000000000e+00 0.000000000000e+00 
9.810000000000e+00 2.143638983636e-03 1.225302817245e-03 3.940266069487e-04 1.129692693975e+05 1.185480832250e+05 1.000000000000e+05 1.127775162473e+04 5.482050315248e+02 1.800000000000e+06 9.041973240712e+04 1.536264816000e+07 6.145068016000e+07 0.000000000000e+00 0.000000000000e+00 0.000000000000e+00 8.269354711240e-05 2.602374112152e-03 1.471423238004e-03 0.000000000000e+00 0.000000000000e+00 0.000000000000e+00 0.000000000000e+00 0.000000000000e+00 
9.815000000000e+00 2.141719200372e-03 1.236429069927e-03 3.759737194684e-04 1.129374833177e+05 1.182678548771e+05 1.000000000000e+05 1.128027430373e+04 5.485807702256e+02 1.800000000000e+06 9.038557787632e+04 1.536264816000e+07 6.145068016000e+07 0.000000000000e+00 0.000000000000e+00 0.000000000000e+00 8.266231101795e-05 2.600043497963e-03 1.470867044814e-03 0.000000000000e+00 0.000000000000e+00 0.000000000000e+00 0.000000000000e+00 0.000000000000e+00 
9.820000000000e+00 2.139887518956e-03 1.246996942196e-03 3.587040233333e-04 1.129078325114e+05 1.179998937590e+05 1.000000000000e+05 1.128268379929e+04 5.489397081662e+02 1.800000000000e+06 9.035486685904e+04 1.536264816000e+07 6.145068016000e+07 0.000000000000e+00 0.000000000000e+00 0.000000000000e+00 8.263422419567e-05 2.597819839103e-03 1.470366966633e-03 0.000000000000e+00 0.000000000000e+00 0.000000000000e+00 0.000000000000e+00 0.000000000000e+00 
9.825000000000e+00 2.138139919926e-03 1.256965812715e-03 3.422521402546e-04 1.128792192208e+05 1.177436920166e+05 1.000000000000e+05 1.128498510712e+04 5.492825729032e+02 1.800000000000e+06 9.032680496790e+04 1.536264816000e+07 6.145068016000e+07 0.000000000000e+00 0.000000000000e+00 0.000000000000e+00 8.260856013700e-05 2.595698255953e-03 1.469910080055e-03 0.000000000000e+00 0.000000000000e+00 0.000000000000e+00 0.000000000000e+00 0.000000000000e+00 
9.830000000000e+00 2.136472262377e-03 1.266316736312e-03 3.266335388117e-04 1.128507953619e+05 1.174987157150e+05 1.000000000000e+05 1.128718340404e+04 5.496101220685e+02 1.800000000000e+06 9.030060506498e+04 1.536264816000e+07 6.145068016000e+07 0.000000000000e+00 0.000000000000e+00 0.000000000000e+00 8.258459896339e-05 2.593673721469e-03 1.469483572773e-03 0.000000000000e+00 0.000000000000e+00 0.000000000000e+00 0.000000000000e+00 0.000000000000e+00 
9.835000000000e+00 2.134880345168e-03 1.275019622651e-03 3.118745257828e-04 1.128215464526e+05 1.172644141799e+05 1.000000000000e+05 1.128928399223e+04 5.499231310725e+02 1.800000000000e+06 9.027549198998e+04 1.536264816000e+07 6.145068016000e+07 0.000000000000e+00 0.000000000000e+00 0.000000000000e+00 8.256163175042e-05 2.591741079330e-03 1.469074831172e-03 0.000000000000e+00 0.000000000000e+00 0.000000000000e+00 0.000000000000e+00 0.000000000000e+00 
9.840000000000e+00 2.133359860232e-03 1.283037909041e-03 2.980024460828e-04 1.127904238222e+05 1.170402135172e+05 1.000000000000e+05 1.129129235055e+04 5.502224019800e+02 1.800000000000e+06 9.025067472814e+04 1.536264816000e+07 6.145068016000e+07 0.000000000000e+00 0.000000000000e+00 0.000000000000e+00 8.253893507397e-05 2.589895018571e-03 1.468670984856e-03 0.000000000000e+00 0.000000000000e+00 0.000000000000e+00 0.000000000000e+00 0.000000000000e+00 
9.845000000000e+00 2.131906265497e-03 1.290344788541e-03 2.850388356514e-04 1.127564234376e+05 1.168254981664e+05 1.000000000000e+05 1.129321429580e+04 5.505087882945e+02 1.800000000000e+06 9.022535183683e+04 1.536264816000e+07 6.145068016000e+07 0.000000000000e+00 0.000000000000e+00 0.000000000000e+00 8.251577597308e-05 2.588130082279e-03 1.468258991662e-03 0.000000000000e+00 0.000000000000e+00 0.000000000000e+00 0.000000000000e+00 0.000000000000e+00 
9.850000000000e+00 2.130514957271e-03 1.296926374520e-03 2.730001843542e-04 1.127186015933e+05 1.166196366080e+05 1.000000000000e+05 1.129505575290e+04 5.507831608043e+02 1.800000000000e+06 9.019873139558e+04 1.536264816000e+07 6.145068016000e+07 0.000000000000e+00 0.000000000000e+00 0.000000000000e+00 8.249143019529e-05 2.586440693590e-03 1.467825962902e-03 0.000000000000e+00 0.000000000000e+00 0.000000000000e+00 0.000000000000e+00 0.000000000000e+00 
9.855000000000e+00 2.129181222191e-03 1.302763845385e-03 2.618995095104e-04 1.126760456979e+05 1.164219746279e+05 1.000000000000e+05 1.129682281855e+04 5.510464167696e+02 1.800000000000e+06 9.017003639073e+04 1.536264816000e+07 6.145068016000e+07 0.000000000000e+00 0.000000000000e+00 0.000000000000e+00 8.246518712121e-05 2.584821179140e-03 1.467359252131e-03 0.000000000000e+00 0.000000000000e+00 0.000000000000e+00 0.000000000000e+00 0.000000000000e+00 
9.860000000000e+00 2.127900347495e-03 1.307838280206e-03 2.517537854665e-04 1.126277848929e+05 1.162318520148e+05 1.000000000000e+05 1.129852161945e+04 5.512994578870e+02 1.800000000000e+06 9.013850487635e+04 1.536264816000e+07 6.145068016000e+07 0.000000000000e+00 0.000000000000e+00 0.000000000000e+00 8.243634991168e-05 2.583265787660e-03 1.466846459648e-03 0.000000000000e+00 0.000000000000e+00 0.000000000000e+00 0.000000000000e+00 0.000000000000e+00 
9.865000000000e+00 2.126667608993e-03 1.312140643768e-03 2.425783500307e-04 1.125728682280e+05 1.160486011896e+05 1.000000000000e+05 1.130015832134e+04 5.515431923493e+02 1.800000000000e+06 9.010337669342e+04 1.536264816000e+07 6.145068016000e+07 0.000000000000e+00 0.000000000000e+00 0.000000000000e+00 8.240422336172e-05 2.581768678034e-03 1.466275213792e-03 0.000000000000e+00 0.000000000000e+00 0.000000000000e+00 0.000000000000e+00 0.000000000000e+00 
9.870000000000e+00 2.125478310901e-03 1.315660931194e-03 2.343797492560e-04 1.125104734455e+05 1.158715535123e+05 1.000000000000e+05 1.130173906753e+04 5.517785266780e+02 1.800000000000e+06 9.006393404824e+04 1.536264816000e+07 6.145068016000e+07 0.000000000000e+00 0.000000000000e+00 0.000000000000e+00 8.236815101168e-05 2.580323984425e-03 1.465633829682e-03 0.000000000000e+00 0.000000000000e+00 0.000000000000e+00 0.000000000000e+00 0.000000000000e+00 
9.875000000000e+00 2.124327556030e-03 1.318367822046e-03 2.271611902847e-04 1.124397944358e+05 1.157000053806e+05 1.000000000000e+05 1.130327028936e+04 5.520064109619e+02 1.800000000000e+06 9.001946432753e+04 1.536264816000e+07 6.145068016000e+07 0.000000000000e+00 0.000000000000e+00 0.000000000000e+00 8.232748113967e-05 2.578925793990e-03 1.464910712070e-03 0.000000000000e+00 0.000000000000e+00 0.000000000000e+00 0.000000000000e+00 0.000000000000e+00 
9.880000000000e+00 2.123210393504e-03 1.320265613159e-03 2.209168891745e-04 1.123601447780e+05 1.155332404103e+05 1.000000000000e+05 1.130475850293e+04 5.522278094814e+02 1.800000000000e+06 8.996927016581e+04 1.536264816000e+07 6.145068016000e+07 0.000000000000e+00 0.000000000000e+00 0.000000000000e+00 8.228157596869e-05 2.577568163797e-03 1.464094505828e-03 0.000000000000e+00 0.000000000000e+00 0.000000000000e+00 0.000000000000e+00 0.000000000000e+00 
9.885000000000e+00 2.122121930941e-03 1.321355476635e-03 2.156416117574e-04 1.122708379226e+05 1.153705464511e+05 1.000000000000e+05 1.130621016651e+04 5.524436782725e+02 1.800000000000e+06 8.991272578283e+04 1.536264816000e+07 6.145068016000e+07 0.000000000000e+00 0.000000000000e+00 0.000000000000e+00 8.222986319014e-05 2.576245208661e-03 1.463175023642e-03 0.000000000000e+00 0.000000000000e+00 0.000000000000e+00 0.000000000000e+00 0.000000000000e+00 
9.890000000000e+00 2.121057310012e-03 1.321638650708e-03 2.113277669103e-04 1.121712250786e+05 1.152112122339e+05 1.000000000000e+05 1.130763170929e+04 5.526549697469e+02 1.800000000000e+06 8.984923162501e+04 1.536264816000e+07 6.145068016000e+07 0.000000000000e+00 0.000000000000e+00 0.000000000000e+00 8.217179448111e-05 2.574951069583e-03 1.462142505336e-03 0.000000000000e+00 0.000000000000e+00 0.000000000000e+00 0.000000000000e+00 0.000000000000e+00 
9.895000000000e+00 2.120011793448e-03 1.321092689601e-03 2.079568646687e-04 1.120608312982e+05 1.150545406575e+05 1.000000000000e+05 1.130902940587e+04 5.528626152248e+02 1.800000000000e+06 8.977823538251e+04 1.536264816000e+07 6.145068016000e+07 0.000000000000e+00 0.000000000000e+00 0.000000000000e+00 8.210686472555e-05 2.573679981518e-03 1.460987957642e-03 0.000000000000e+00 0.000000000000e+00 0.000000000000e+00 0.000000000000e+00 0.000000000000e+00 
9.900000000000e+00 2.118980741514e-03 1.319746747001e-03 2.055201561238e-04 1.119390549177e+05 1.148998455372e+05 1.000000000000e+05 1.131040942544e+04 5.530675294010e+02 1.800000000000e+06 8.969922952819e+04 1.536264816000e+07 6.145068016000e+07 0.000000000000e+00 0.000000000000e+00 0.000000000000e+00 8.203460976347e-05 2.572426268773e-03 1.459703116859e-03 0.000000000000e+00 0.000000000000e+00 0.000000000000e+00 0.000000000000e+00 0.000000000000e+00 
9.905000000000e+00 2.117959487359e-03 1.317634369988e-03 2.039941987911e-04 1.118055000614e+05 1.147464330818e+05 1.000000000000e+05 1.131177797571e+04 5.532706349833e+02 1.800000000000e+06 8.961175763966e+04 1.536264816000e+07 6.145068016000e+07 0.000000000000e+00 0.000000000000e+00 0.000000000000e+00 8.195461217286e-05 2.571184339370e-03 1.458280549645e-03 0.000000000000e+00 0.000000000000e+00 0.000000000000e+00 0.000000000000e+00 0.000000000000e+00 
9.910000000000e+00 2.116943463428e-03 1.314768658345e-03 2.033570986843e-04 1.116597619867e+05 1.145936209807e+05 1.000000000000e+05 1.131314114777e+04 5.534728374769e+02 1.800000000000e+06 8.951541562425e+04 1.536264816000e+07 6.145068016000e+07 0.000000000000e+00 0.000000000000e+00 0.000000000000e+00 8.186650238999e-05 2.569948738501e-03 1.456713676902e-03 0.000000000000e+00 0.000000000000e+00 0.000000000000e+00 0.000000000000e+00 0.000000000000e+00 
9.915000000000e+00 2.115928233107e-03 1.311166006145e-03 2.035802056436e-04 1.115015514387e+05 1.144407433105e+05 1.000000000000e+05 1.131450486537e+04 5.536750187754e+02 1.800000000000e+06 8.940983649344e+04 1.536264816000e+07 6.145068016000e+07 0.000000000000e+00 0.000000000000e+00 0.000000000000e+00 8.176994478475e-05 2.568714148512e-03 1.454996521847e-03 0.000000000000e+00 0.000000000000e+00 0.000000000000e+00 0.000000000000e+00 0.000000000000e+00 
9.920000000000e+00 2.114909524641e-03 1.306847882098e-03 2.046393989476e-04 1.113305368648e+05 1.142871557821e+05 1.000000000000e+05 1.131587484908e+04 5.538780303003e+02 1.800000000000e+06 8.929469921734e+04 1.536264816000e+07 6.145068016000e+07 0.000000000000e+00 0.000000000000e+00 0.000000000000e+00 8.166464575861e-05 2.567475415042e-03 1.453123855275e-03 0.000000000000e+00 0.000000000000e+00 0.000000000000e+00 0.000000000000e+00 0.000000000000e+00 
9.925000000000e+00 2.113883243059e-03 1.301842324659e-03 2.065003435869e-04 1.111465589431e+05 1.141322376707e+05 1.000000000000e+05 1.131725658614e+04 5.540826905254e+02 1.800000000000e+06 8.916973599757e+04 1.536264816000e+07 6.145068016000e+07 0.000000000000e+00 0.000000000000e+00 0.000000000000e+00 8.155036039605e-05 2.566227573171e-03 1.451091312907e-03 0.000000000000e+00 0.000000000000e+00 0.000000000000e+00 0.000000000000e+00 0.000000000000e+00 
9.930000000000e+00 2.112845473226e-03 1.296177165489e-03 2.091271970023e-04 1.109495054044e+05 1.139753923865e+05 1.000000000000e+05 1.131865533384e+04 5.542897842839e+02 1.800000000000e+06 8.903474074649e+04 1.536264816000e+07 6.145068016000e+07 0.000000000000e+00 0.000000000000e+00 0.000000000000e+00 8.142690021918e-05 2.564965877253e-03 1.448895535742e-03 0.000000000000e+00 0.000000000000e+00 0.000000000000e+00 0.000000000000e+00 0.000000000000e+00 
9.935000000000e+00 2.111792482737e-03 1.289881591933e-03 2.124823816310e-04 1.107393146756e+05 1.138160480007e+05 1.000000000000e+05 1.132007611504e+04 5.545000621238e+02 1.800000000000e+06 8.888955484186e+04 1.536264816000e+07 6.145068016000e+07 0.000000000000e+00 0.000000000000e+00 0.000000000000e+00 8.129412015973e-05 2.563685801759e-03 1.446533937539e-03 0.000000000000e+00 0.000000000000e+00 0.000000000000e+00 0.000000000000e+00 0.000000000000e+00 
9.940000000000e+00 2.110720735241e-03 1.282987234437e-03 2.165257747324e-04 1.105159896211e+05 1.136536593348e+05 1.000000000000e+05 1.132152369914e+04 5.547142375909e+02 1.800000000000e+06 8.873406945596e+04 1.536264816000e+07 6.145068016000e+07 0.000000000000e+00 0.000000000000e+00 0.000000000000e+00 8.115192068909e-05 2.562383058585e-03 1.444004742292e-03 0.000000000000e+00 0.000000000000e+00 0.000000000000e+00 0.000000000000e+00 0.000000000000e+00 
9.945000000000e+00 2.109626899851e-03 1.275526485026e-03 2.212159712015e-04 1.102795807275e+05 1.134877094556e+05 1.000000000000e+05 1.132300259025e+04 5.549329852948e+02 1.800000000000e+06 8.856822322386e+04 1.536264816000e+07 6.145068016000e+07 0.000000000000e+00 0.000000000000e+00 0.000000000000e+00 8.100024568583e-05 2.561053607766e-03 1.441306946793e-03 0.000000000000e+00 0.000000000000e+00 0.000000000000e+00 0.000000000000e+00 0.000000000000e+00 
9.950000000000e+00 2.108507857333e-03 1.267533009713e-03 2.265101472503e-04 1.100301890701e+05 1.133177106793e+05 1.000000000000e+05 1.132451701840e+04 5.551569396212e+02 1.800000000000e+06 8.839199888346e+04 1.536264816000e+07 6.145068016000e+07 0.000000000000e+00 0.000000000000e+00 0.000000000000e+00 8.083907936286e-05 2.559693665118e-03 1.438440265704e-03 0.000000000000e+00 0.000000000000e+00 0.000000000000e+00 0.000000000000e+00 0.000000000000e+00 
9.955000000000e+00 2.107360705369e-03 1.259041048452e-03 2.323646611311e-04 1.097679584950e+05 1.131432054363e+05 1.000000000000e+05 1.132607093270e+04 5.553866936280e+02 1.800000000000e+06 8.820542108283e+04 1.536264816000e+07 6.145068016000e+07 0.000000000000e+00 0.000000000000e+00 0.000000000000e+00 8.066844426214e-05 2.558299709385e-03 1.435405096063e-03 0.000000000000e+00 0.000000000000e+00 0.000000000000e+00 0.000000000000e+00 0.000000000000e+00 
9.960000000000e+00 2.106182765316e-03 1.250088388267e-03 2.387331100497e-04 1.094931050294e+05 1.129637673683e+05 1.000000000000e+05 1.132766799011e+04 5.556227976379e+02 1.800000000000e+06 8.800855725537e+04 1.536264816000e+07 6.145068016000e+07 0.000000000000e+00 0.000000000000e+00 0.000000000000e+00 8.048840205501e-05 2.556868492283e-03 1.432202530459e-03 0.000000000000e+00 0.000000000000e+00 0.000000000000e+00 0.000000000000e+00 0.000000000000e+00 
9.965000000000e+00 2.104971593850e-03 1.240711943801e-03 2.455692368401e-04 1.092058766902e+05 1.127790031806e+05 1.000000000000e+05 1.132931154198e+04 5.558657568447e+02 1.800000000000e+06 8.780151859008e+04 1.536264816000e+07 6.145068016000e+07 0.000000000000e+00 0.000000000000e+00 0.000000000000e+00 8.029905442960e-05 2.555397048337e-03 1.428834374360e-03 0.000000000000e+00 0.000000000000e+00 0.000000000000e+00 0.000000000000e+00 0.000000000000e+00 
9.970000000000e+00 2.103724980464e-03 1.230949084538e-03 2.528263454448e-04 1.089065617980e+05 1.125885523563e+05 1.000000000000e+05 1.133100463649e+04 5.561160317411e+02 1.800000000000e+06 8.758445339112e+04 1.536264816000e+07 6.145068016000e+07 0.000000000000e+00 0.000000000000e+00 0.000000000000e+00 8.010053701776e-05 2.553882693900e-03 1.425303037446e-03 0.000000000000e+00 0.000000000000e+00 0.000000000000e+00 0.000000000000e+00 0.000000000000e+00 
9.975000000000e+00 2.102440950824e-03 1.220837449183e-03 2.604574975960e-04 1.085954869066e+05 1.123920877728e+05 1.000000000000e+05 1.133275001375e+04 5.563740373664e+02 1.800000000000e+06 8.735754555585e+04 1.536264816000e+07 6.145068016000e+07 0.000000000000e+00 0.000000000000e+00 0.000000000000e+00 7.989301800319e-05 2.552323030034e-03 1.421611508828e-03 0.000000000000e+00 0.000000000000e+00 0.000000000000e+00 0.000000000000e+00 0.000000000000e+00 
9.980000000000e+00 2.101117764922e-03 1.210413974762e-03 2.684163460774e-04 1.082730046771e+05 1.121893155409e+05 1.000000000000e+05 1.133455010857e+04 5.566401435846e+02 1.800000000000e+06 8.712101001693e+04 1.536264816000e+07 6.145068016000e+07 0.000000000000e+00 0.000000000000e+00 0.000000000000e+00 7.967669395301e-05 2.550715940038e-03 1.417763283156e-03 0.000000000000e+00 0.000000000000e+00 0.000000000000e+00 0.000000000000e+00 0.000000000000e+00 
9.985000000000e+00 2.099753919820e-03 1.199717184526e-03 2.766555112604e-04 1.079395183262e+05 1.119799755625e+05 1.000000000000e+05 1.133640704452e+04 5.569146744289e+02 1.800000000000e+06 8.687509408582e+04 1.536264816000e+07 6.145068016000e+07 0.000000000000e+00 0.000000000000e+00 0.000000000000e+00 7.945179104637e-05 2.549059593103e-03 1.413762381412e-03 0.000000000000e+00 0.000000000000e+00 0.000000000000e+00 0.000000000000e+00 0.000000000000e+00 
9.990000000000e+00 2.098348174012e-03 1.188783175977e-03 2.851293605625e-04 1.075954452945e+05 1.117638454416e+05 1.000000000000e+05 1.133832260276e+04 5.571979030686e+02 1.800000000000e+06 8.662007475657e+04 1.536264816000e+07 6.145068016000e+07 0.000000000000e+00 0.000000000000e+00 0.000000000000e+00 7.921856260877e-05 2.547352442263e-03 1.409613308709e-03 0.000000000000e+00 0.000000000000e+00 0.000000000000e+00 0.000000000000e+00 0.000000000000e+00 
9.995000000000e+00 2.096899477300e-03 1.177649533383e-03 2.937922373816e-04 1.072412325087e+05 1.115407298908e+05 1.000000000000e+05 1.134029831464e+04 5.574900657961e+02 1.800000000000e+06 8.635625183617e+04 1.536264816000e+07 6.145068016000e+07 0.000000000000e+00 0.000000000000e+00 0.000000000000e+00 7.897728282928e-05 2.545593215527e-03 1.405320941574e-03 0.000000000000e+00 0.000000000000e+00 0.000000000000e+00 0.000000000000e+00 0.000000000000e+00 
1.000000000000e+01 2.095406999419e-03 1.166351867394e-03 3.026000407403e-04 1.068773381675e+05 1.113104653003e+05 1.000000000000e+05 1.134233542358e+04 5.577913561335e+02 1.800000000000e+06 8.608394755447e+04 1.536264816000e+07 6.145068016000e+07 0.000000000000e+00 0.000000000000e+00 0.000000000000e+00 7.872824640384e-05 2.543780912701e-03 1.400890521704e-03 0.000000000000e+00 0.000000000000e+00 0.000000000000e+00 0.000000000000e+00 0.000000000000e+00 
