9.000000000000e+00 1.469209647500e-02 1.612938354745e-02 3.902715891405e-03 9.959898085245e+04 1.067592086563e+05 1.000000000000e+05 1.110230609826e+04 5.255933340518e+02 1.800000000000e+06 0.000000000000e+00 -8.752000000000e-01 -8.752000000000e-01 0.000000000000e+00 0.000000000000e+00 0.000000000000e+00 -0.000000000000e+00 8.536837527503e-03 0.000000000000e+00 0.000000000000e+00 0.000000000000e+00 0.000000000000e+00 0.000000000000e+00 0.000000000000e+00 
9.005000000000e+00 1.467263373630e-02 1.612260032149e-02 3.913140002082e-03 9.918434604599e+04 1.063779882173e+05 1.000000000000e+05 1.110600453227e+04 5.261201157483e+02 1.800000000000e+06 0.000000000000e+00 -8.752000000000e-01 -8.752000000000e-01 0.000000000000e+00 0.000000000000e+00 0.000000000000e+00 -0.000000000000e+00 8.525528709978e-03 0.000000000000e+00 0.000000000000e+00 0.000000000000e+00 0.000000000000e+00 0.000000000000e+00 0.000000000000e+00 
9.010000000000e+00 1.465312680554e-02 1.611506625557e-02 3.920623573552e-03 9.877282945531e+04 1.059946259316e+05 1.000000000000e+05 1.110971718761e+04 5.266490855978e+02 1.800000000000e+06 0.000000000000e+00 -8.752000000000e-01 -8.752000000000e-01 0.000000000000e+00 0.000000000000e+00 0.000000000000e+00 -0.000000000000e+00 8.514194214670e-03 0.000000000000e+00 0.000000000000e+00 0.000000000000e+00 0.000000000000e+00 0.000000000000e+00 0.000000000000e+00 
9.015000000000e+00 1.463359026732e-02 1.610659379784e-02 3.925201675976e-03 9.836468230304e+04 1.056093955341e+05 1.000000000000e+05 1.111344134528e+04 5.271798570809e+02 1.800000000000e+06 0.000000000000e+00 -8.752000000000e-01 -8.752000000000e-01 0.000000000000e+00 0.000000000000e+00 0.000000000000e+00 -0.000000000000e+00 8.502842515961e-03 0.000000000000e+00 0.000000000000e+00 0.000000000000e+00 0.000000000000e+00 0.000000000000e+00 0.000000000000e+00 
9.020000000000e+00 1.461403850407e-02 1.609701223124e-02 3.926919056903e-03 9.796013750278e+04 1.052225705009e+05 1.000000000000e+05 1.111717430784e+04 5.277120462578e+02 1.800000000000e+06 0.000000000000e+00 -8.752000000000e-01 -8.752000000000e-01 0.000000000000e+00 0.000000000000e+00 0.000000000000e+00 -0.000000000000e+00 8.491481970749e-03 0.000000000000e+00 0.000000000000e+00 0.000000000000e+00 0.000000000000e+00 0.000000000000e+00 0.000000000000e+00 
9.025000000000e+00 1.459448564250e-02 1.608616138376e-02 3.925832585123e-03 9.755940375021e+04 1.048344229702e+05 1.000000000000e+05 1.112091341005e+04 5.282452732479e+02 1.800000000000e+06 0.000000000000e+00 -8.752000000000e-01 -8.752000000000e-01 0.000000000000e+00 0.000000000000e+00 0.000000000000e+00 -0.000000000000e+00 8.480120787361e-03 0.000000000000e+00 0.000000000000e+00 0.000000000000e+00 0.000000000000e+00 0.000000000000e+00 0.000000000000e+00 
9.030000000000e+00 1.457494550480e-02 1.607388902059e-02 3.922006885077e-03 9.716267227074e+04 1.044452227286e+05 1.000000000000e+05 1.112465602803e+04 5.287791636037e+02 1.800000000000e+06 0.000000000000e+00 -8.752000000000e-01 -8.752000000000e-01 0.000000000000e+00 0.000000000000e+00 0.000000000000e+00 -0.000000000000e+00 8.468766997173e-03 0.000000000000e+00 0.000000000000e+00 0.000000000000e+00 0.000000000000e+00 0.000000000000e+00 0.000000000000e+00 
9.035000000000e+00 1.455543156646e-02 1.606006497510e-02 3.915515208067e-03 9.677011403413e+04 1.040552363029e+05 1.000000000000e+05 1.112839958781e+04 5.293133495234e+02 1.800000000000e+06 0.000000000000e+00 -8.752000000000e-01 -8.752000000000e-01 0.000000000000e+00 0.000000000000e+00 0.000000000000e+00 -0.000000000000e+00 8.457428430112e-03 0.000000000000e+00 0.000000000000e+00 0.000000000000e+00 0.000000000000e+00 0.000000000000e+00 0.000000000000e+00 
9.040000000000e+00 1.453595691972e-02 1.604456384209e-02 3.906437572754e-03 9.638188213623e+04 1.036647261416e+05 1.000000000000e+05 1.113214157263e+04 5.298474709264e+02 1.800000000000e+06 0.000000000000e+00 -8.752000000000e-01 -8.752000000000e-01 0.000000000000e+00 0.000000000000e+00 0.000000000000e+00 -0.000000000000e+00 8.446112693421e-03 0.000000000000e+00 0.000000000000e+00 0.000000000000e+00 0.000000000000e+00 0.000000000000e+00 0.000000000000e+00 
9.045000000000e+00 1.451653423720e-02 1.602727794422e-02 3.894861358624e-03 9.599810962560e+04 1.032739497768e+05 1.000000000000e+05 1.113587953058e+04 5.303811765425e+02 1.800000000000e+06 0.000000000000e+00 -8.752000000000e-01 -8.752000000000e-01 0.000000000000e+00 0.000000000000e+00 0.000000000000e+00 -0.000000000000e+00 8.434827150524e-03 0.000000000000e+00 0.000000000000e+00 0.000000000000e+00 0.000000000000e+00 0.000000000000e+00 0.000000000000e+00 
9.050000000000e+00 1.449717573903e-02 1.600810369266e-02 3.880880014958e-03 9.561891090169e+04 1.028831590366e+05 1.000000000000e+05 1.113961108147e+04 5.309141249195e+02 1.800000000000e+06 0.000000000000e+00 -8.752000000000e-01 -8.752000000000e-01 0.000000000000e+00 0.000000000000e+00 0.000000000000e+00 -0.000000000000e+00 8.423578901922e-03 0.000000000000e+00 0.000000000000e+00 0.000000000000e+00 0.000000000000e+00 0.000000000000e+00 0.000000000000e+00 
9.055000000000e+00 1.447789328672e-02 1.598702253657e-02 3.864599175563e-03 9.524437190466e+04 1.024926018088e+05 1.000000000000e+05 1.114333390013e+04 5.314459819470e+02 1.800000000000e+06 0.000000000000e+00 -8.752000000000e-01 -8.752000000000e-01 0.000000000000e+00 0.000000000000e+00 0.000000000000e+00 -0.000000000000e+00 8.412374758061e-03 0.000000000000e+00 0.000000000000e+00 0.000000000000e+00 0.000000000000e+00 0.000000000000e+00 0.000000000000e+00 
9.060000000000e+00 1.445869779046e-02 1.596402571570e-02 3.846094693581e-03 9.487461607180e+04 1.021025098609e+05 1.000000000000e+05 1.114704582674e+04 5.319764373454e+02 1.800000000000e+06 0.000000000000e+00 -8.752000000000e-01 -8.752000000000e-01 0.000000000000e+00 0.000000000000e+00 0.000000000000e+00 -0.000000000000e+00 8.401221262101e-03 0.000000000000e+00 0.000000000000e+00 0.000000000000e+00 0.000000000000e+00 0.000000000000e+00 0.000000000000e+00 
9.065000000000e+00 1.443960055264e-02 1.594003949520e-02 3.825346738013e-03 9.450995706845e+04 1.017131259596e+05 1.000000000000e+05 1.115074459973e+04 5.325051676869e+02 1.800000000000e+06 0.000000000000e+00 -8.752000000000e-01 -8.752000000000e-01 0.000000000000e+00 0.000000000000e+00 0.000000000000e+00 -0.000000000000e+00 8.390124841839e-03 0.000000000000e+00 0.000000000000e+00 0.000000000000e+00 0.000000000000e+00 0.000000000000e+00 0.000000000000e+00 
9.070000000000e+00 1.442061353492e-02 1.591881537139e-02 3.801962792378e-03 9.415142894406e+04 1.013247094711e+05 1.000000000000e+05 1.115442776943e+04 5.330318288871e+02 1.800000000000e+06 0.000000000000e+00 -8.752000000000e-01 -8.752000000000e-01 0.000000000000e+00 0.000000000000e+00 0.000000000000e+00 -0.000000000000e+00 8.379092453489e-03 0.000000000000e+00 0.000000000000e+00 0.000000000000e+00 0.000000000000e+00 0.000000000000e+00 0.000000000000e+00 
9.075000000000e+00 1.440175257475e-02 1.591059740714e-02 3.774768014014e-03 9.380163610310e+04 1.009376026980e+05 1.000000000000e+05 1.115809202074e+04 5.335559665816e+02 1.800000000000e+06 0.000000000000e+00 -8.752000000000e-01 -8.752000000000e-01 0.000000000000e+00 0.000000000000e+00 0.000000000000e+00 -0.000000000000e+00 8.368133304015e-03 0.000000000000e+00 0.000000000000e+00 0.000000000000e+00 0.000000000000e+00 0.000000000000e+00 0.000000000000e+00 
9.080000000000e+00 1.438304270937e-02 1.593683235749e-02 3.741261215485e-03 9.346591302540e+04 1.005523419686e+05 1.000000000000e+05 1.116173206196e+04 5.340768667870e+02 1.800000000000e+06 0.000000000000e+00 -8.752000000000e-01 -8.752000000000e-01 0.000000000000e+00 0.000000000000e+00 0.000000000000e+00 -0.000000000000e+00 8.357261944690e-03 0.000000000000e+00 0.000000000000e+00 0.000000000000e+00 0.000000000000e+00 0.000000000000e+00 0.000000000000e+00 
9.085000000000e+00 1.436452603441e-02 1.603324337421e-02 3.697163809285e-03 9.315337541973e+04 1.001698232765e+05 1.000000000000e+05 1.116533901956e+04 5.345933341970e+02 1.800000000000e+06 0.000000000000e+00 -8.752000000000e-01 -8.752000000000e-01 0.000000000000e+00 0.000000000000e+00 0.000000000000e+00 -0.000000000000e+00 8.346502837362e-03 0.000000000000e+00 0.000000000000e+00 0.000000000000e+00 0.000000000000e+00 0.000000000000e+00 0.000000000000e+00 
9.090000000000e+00 1.434627118164e-02 1.624964650416e-02 3.636307821564e-03 9.287737288725e+04 9.979150456591e+04 1.000000000000e+05 1.116889854327e+04 5.351034228798e+02 1.800000000000e+06 0.000000000000e+00 -8.752000000000e-01 -8.752000000000e-01 0.000000000000e+00 0.000000000000e+00 0.000000000000e+00 -0.000000000000e+00 8.335895861530e-03 0.000000000000e+00 0.000000000000e+00 0.000000000000e+00 0.000000000000e+00 0.000000000000e+00 0.000000000000e+00 
9.095000000000e+00 1.432838136947e-02 1.664312360994e-02 3.551239425216e-03 9.265455040554e+04 9.941958177958e+04 1.000000000000e+05 1.117238926229e+04 5.356042043185e+02 1.800000000000e+06 0.000000000000e+00 -8.752000000000e-01 -8.752000000000e-01 0.000000000000e+00 0.000000000000e+00 0.000000000000e+00 -0.000000000000e+00 8.325500992185e-03 0.000000000000e+00 0.000000000000e+00 0.000000000000e+00 0.000000000000e+00 0.000000000000e+00 0.000000000000e+00 
9.100000000000e+00 1.431099629338e-02 1.726124875200e-02 3.434999325199e-03 9.250151475635e+04 9.905703876524e+04 1.000000000000e+05 1.117578258427e+04 5.360917064398e+02 1.800000000000e+06 0.000000000000e+00 -8.752000000000e-01 -8.752000000000e-01 0.000000000000e+00 0.000000000000e+00 0.000000000000e+00 -0.000000000000e+00 8.315399398392e-03 0.000000000000e+00 0.000000000000e+00 0.000000000000e+00 0.000000000000e+00 0.000000000000e+00 0.000000000000e+00 
9.105000000000e+00 1.429429387293e-02 1.814752402047e-02 3.279511159859e-03 9.243793810816e+04 9.870769373014e+04 1.000000000000e+05 1.117904210856e+04 5.365608570346e+02 1.800000000000e+06 0.000000000000e+00 -8.752000000000e-01 -8.752000000000e-01 0.000000000000e+00 0.000000000000e+00 0.000000000000e+00 -0.000000000000e+00 8.305694458703e-03 0.000000000000e+00 0.000000000000e+00 0.000000000000e+00 0.000000000000e+00 0.000000000000e+00 0.000000000000e+00 
9.110000000000e+00 1.427848727332e-02 1.932055872422e-02 3.078806925675e-03 9.248031837703e+04 9.837614517448e+04 1.000000000000e+05 1.118212457139e+04 5.370055612111e+02 1.800000000000e+06 0.000000000000e+00 -8.752000000000e-01 -8.752000000000e-01 0.000000000000e+00 0.000000000000e+00 0.000000000000e+00 -0.000000000000e+00 8.296510030958e-03 0.000000000000e+00 0.000000000000e+00 0.000000000000e+00 0.000000000000e+00 0.000000000000e+00 0.000000000000e+00 
9.115000000000e+00 1.426381649506e-02 2.077706756229e-02 2.827651052689e-03 9.264437291191e+04 9.806759962068e+04 1.000000000000e+05 1.118498131372e+04 5.374189349249e+02 1.800000000000e+06 0.000000000000e+00 -8.752000000000e-01 -8.752000000000e-01 0.000000000000e+00 0.000000000000e+00 0.000000000000e+00 -0.000000000000e+00 8.287985566044e-03 0.000000000000e+00 0.000000000000e+00 0.000000000000e+00 0.000000000000e+00 0.000000000000e+00 0.000000000000e+00 
9.120000000000e+00 1.425054303934e-02 2.249376248780e-02 2.522892173045e-03 9.294227442741e+04 9.778775803053e+04 1.000000000000e+05 1.118755950835e+04 5.377934564029e+02 1.800000000000e+06 0.000000000000e+00 -8.752000000000e-01 -8.752000000000e-01 0.000000000000e+00 0.000000000000e+00 0.000000000000e+00 -0.000000000000e+00 8.280273008769e-03 0.000000000000e+00 0.000000000000e+00 0.000000000000e+00 0.000000000000e+00 0.000000000000e+00 0.000000000000e+00 
9.125000000000e+00 1.423893802317e-02 2.442687499773e-02 2.163504789888e-03 9.338223539913e+04 9.754255812868e+04 1.000000000000e+05 1.118980454481e+04 5.381213069241e+02 1.800000000000e+06 0.000000000000e+00 -8.752000000000e-01 -8.752000000000e-01 0.000000000000e+00 0.000000000000e+00 0.000000000000e+00 -0.000000000000e+00 8.273529892637e-03 0.000000000000e+00 0.000000000000e+00 0.000000000000e+00 0.000000000000e+00 0.000000000000e+00 0.000000000000e+00 
9.130000000000e+00 1.422926777561e-02 2.652358277345e-02 1.751971082907e-03 9.396545944573e+04 9.733785622054e+04 1.000000000000e+05 1.119166311093e+04 5.383947882643e+02 1.800000000000e+06 0.000000000000e+00 -8.752000000000e-01 -8.752000000000e-01 0.000000000000e+00 0.000000000000e+00 0.000000000000e+00 -0.000000000000e+00 8.267911073308e-03 0.000000000000e+00 0.000000000000e+00 0.000000000000e+00 0.000000000000e+00 0.000000000000e+00 0.000000000000e+00 
9.135000000000e+00 1.422178377359e-02 2.871325049044e-02 1.291556081485e-03 9.469109538621e+04 9.717919475853e+04 1.000000000000e+05 1.119308493578e+04 5.386066220155e+02 1.800000000000e+06 0.000000000000e+00 -8.752000000000e-01 -8.752000000000e-01 0.000000000000e+00 0.000000000000e+00 0.000000000000e+00 -0.000000000000e+00 8.263562496547e-03 0.000000000000e+00 0.000000000000e+00 0.000000000000e+00 0.000000000000e+00 0.000000000000e+00 0.000000000000e+00 
9.140000000000e+00 1.421671818834e-02 3.090729163955e-02 7.868278505071e-04 9.555510240465e+04 9.707168564326e+04 1.000000000000e+05 1.119402383910e+04 5.387500925018e+02 1.800000000000e+06 0.000000000000e+00 -8.752000000000e-01 -8.752000000000e-01 0.000000000000e+00 0.000000000000e+00 0.000000000000e+00 -0.000000000000e+00 8.260619140004e-03 0.000000000000e+00 0.000000000000e+00 0.000000000000e+00 0.000000000000e+00 0.000000000000e+00 0.000000000000e+00 
9.145000000000e+00 1.421427599071e-02 3.302896835169e-02 2.437375149078e-04 9.654990302603e+04 9.701981966555e+04 1.000000000000e+05 1.119443940935e+04 5.388192877612e+02 1.800000000000e+06 0.000000000000e+00 -8.752000000000e-01 -8.752000000000e-01 0.000000000000e+00 0.000000000000e+00 0.000000000000e+00 -0.000000000000e+00 8.259200101924e-03 0.000000000000e+00 0.000000000000e+00 0.000000000000e+00 0.000000000000e+00 0.000000000000e+00 0.000000000000e+00 
9.150000000000e+00 1.421458365578e-02 3.498119005006e-02 -3.234585807957e-04 9.764995047194e+04 9.702635490220e+04 1.000000000000e+05 1.119430811043e+04 5.388105696988e+02 1.800000000000e+06 0.000000000000e+00 -8.752000000000e-01 -8.752000000000e-01 0.000000000000e+00 0.000000000000e+00 0.000000000000e+00 -0.000000000000e+00 8.259378870610e-03 0.000000000000e+00 0.000000000000e+00 0.000000000000e+00 0.000000000000e+00 0.000000000000e+00 0.000000000000e+00 
9.155000000000e+00 1.421779083046e-02 3.670609569516e-02 -9.191083764383e-04 9.886580763355e+04 9.709445876940e+04 1.000000000000e+05 1.119359990911e+04 5.387197064514e+02 1.800000000000e+06 0.000000000000e+00 -8.752000000000e-01 -8.752000000000e-01 0.000000000000e+00 0.000000000000e+00 0.000000000000e+00 -0.000000000000e+00 8.261242398336e-03 0.000000000000e+00 0.000000000000e+00 0.000000000000e+00 0.000000000000e+00 0.000000000000e+00 0.000000000000e+00 
9.160000000000e+00 1.422401850999e-02 3.816075676650e-02 -1.530726617837e-03 1.001747442210e+05 9.722659317064e+04 1.000000000000e+05 1.119229299062e+04 5.385433515288e+02 1.800000000000e+06 0.000000000000e+00 -8.752000000000e-01 -8.752000000000e-01 0.000000000000e+00 0.000000000000e+00 0.000000000000e+00 -0.000000000000e+00 8.264860989354e-03 0.000000000000e+00 0.000000000000e+00 0.000000000000e+00 0.000000000000e+00 0.000000000000e+00 0.000000000000e+00 
9.165000000000e+00 1.423333393492e-02 3.931133420191e-02 -2.150719477856e-03 1.015621517901e+05 9.742397185737e+04 1.000000000000e+05 1.119037606634e+04 5.382797623481e+02 1.800000000000e+06 0.000000000000e+00 -8.752000000000e-01 -8.752000000000e-01 0.000000000000e+00 0.000000000000e+00 0.000000000000e+00 -0.000000000000e+00 8.270273713756e-03 0.000000000000e+00 0.000000000000e+00 0.000000000000e+00 0.000000000000e+00 0.000000000000e+00 0.000000000000e+00 
9.170000000000e+00 1.424575972735e-02 4.013615304430e-02 -2.772292080867e-03 1.030139175276e+05 9.768675285643e+04 1.000000000000e+05 1.118784707998e+04 5.379285427288e+02 1.800000000000e+06 0.000000000000e+00 -8.752000000000e-01 -8.752000000000e-01 0.000000000000e+00 0.000000000000e+00 0.000000000000e+00 -0.000000000000e+00 8.277493657445e-03 0.000000000000e+00 0.000000000000e+00 0.000000000000e+00 0.000000000000e+00 0.000000000000e+00 0.000000000000e+00 
9.175000000000e+00 1.426128549415e-02 4.062844775646e-02 -3.389341787017e-03 1.045165280079e+05 9.801428921119e+04 1.000000000000e+05 1.118471090437e+04 5.374903110675e+02 1.800000000000e+06 0.000000000000e+00 -8.752000000000e-01 -8.752000000000e-01 0.000000000000e+00 0.000000000000e+00 0.000000000000e+00 -0.000000000000e+00 8.286514925567e-03 0.000000000000e+00 0.000000000000e+00 0.000000000000e+00 0.000000000000e+00 0.000000000000e+00 0.000000000000e+00 
9.180000000000e+00 1.427987382619e-02 4.079183502146e-02 -3.996547451835e-03 1.060574241290e+05 9.840526524777e+04 1.000000000000e+05 1.118097810211e+04 5.369665239044e+02 1.800000000000e+06 0.000000000000e+00 -8.752000000000e-01 -8.752000000000e-01 0.000000000000e+00 0.000000000000e+00 0.000000000000e+00 -0.000000000000e+00 8.297315688013e-03 0.000000000000e+00 0.000000000000e+00 0.000000000000e+00 0.000000000000e+00 0.000000000000e+00 0.000000000000e+00 
9.185000000000e+00 1.430145410736e-02 4.064503790132e-02 -4.587666913441e-03 1.076216771582e+05 9.885758080963e+04 1.000000000000e+05 1.117666628632e+04 5.363596397068e+02 1.800000000000e+06 0.000000000000e+00 -8.752000000000e-01 -8.752000000000e-01 0.000000000000e+00 0.000000000000e+00 0.000000000000e+00 -0.000000000000e+00 8.309854912650e-03 0.000000000000e+00 0.000000000000e+00 0.000000000000e+00 0.000000000000e+00 0.000000000000e+00 0.000000000000e+00 
9.190000000000e+00 1.432593105881e-02 4.021017216476e-02 -5.158945092521e-03 1.091987463811e+05 9.936855030690e+04 1.000000000000e+05 1.117179792829e+04 5.356728637407e+02 1.800000000000e+06 0.000000000000e+00 -8.752000000000e-01 -8.752000000000e-01 0.000000000000e+00 0.000000000000e+00 0.000000000000e+00 -0.000000000000e+00 8.324077239933e-03 0.000000000000e+00 0.000000000000e+00 0.000000000000e+00 0.000000000000e+00 0.000000000000e+00 0.000000000000e+00 
9.195000000000e+00 1.435319536164e-02 3.952024035743e-02 -5.707007210584e-03 1.107786848571e+05 9.993514482334e+04 1.000000000000e+05 1.116639844199e+04 5.349098348611e+02 1.800000000000e+06 0.000000000000e+00 -8.752000000000e-01 -8.752000000000e-01 0.000000000000e+00 0.000000000000e+00 0.000000000000e+00 -0.000000000000e+00 8.339919153903e-03 0.000000000000e+00 0.000000000000e+00 0.000000000000e+00 0.000000000000e+00 0.000000000000e+00 0.000000000000e+00 
9.200000000000e+00 1.438312581838e-02 3.860782570447e-02 -6.229666016195e-03 1.123537408209e+05 1.005540560643e+05 1.000000000000e+05 1.116049557488e+04 5.340745508324e+02 1.800000000000e+06 0.000000000000e+00 -8.752000000000e-01 -8.752000000000e-01 0.000000000000e+00 0.000000000000e+00 0.000000000000e+00 -0.000000000000e+00 8.357310235150e-03 0.000000000000e+00 0.000000000000e+00 0.000000000000e+00 0.000000000000e+00 0.000000000000e+00 0.000000000000e+00 
9.205000000000e+00 1.441558827742e-02 3.751153893280e-02 -6.724365176681e-03 1.139153956490e+05 1.012216937358e+05 1.000000000000e+05 1.115411971868e+04 5.331713836496e+02 1.800000000000e+06 0.000000000000e+00 -8.752000000000e-01 -8.752000000000e-01 0.000000000000e+00 0.000000000000e+00 0.000000000000e+00 -0.000000000000e+00 8.376172531162e-03 0.000000000000e+00 0.000000000000e+00 0.000000000000e+00 0.000000000000e+00 0.000000000000e+00 0.000000000000e+00 
9.210000000000e+00 1.445044023500e-02 3.626665078043e-02 -7.189940806015e-03 1.154578049204e+05 1.019343001755e+05 1.000000000000e+05 1.114730270593e+04 5.322049364484e+02 1.800000000000e+06 0.000000000000e+00 -8.752000000000e-01 -8.752000000000e-01 0.000000000000e+00 0.000000000000e+00 0.000000000000e+00 -0.000000000000e+00 8.396423224115e-03 0.000000000000e+00 0.000000000000e+00 0.000000000000e+00 0.000000000000e+00 0.000000000000e+00 0.000000000000e+00 
9.215000000000e+00 1.448753140256e-02 3.491041737048e-02 -7.624917441646e-03 1.169745878931e+05 1.026879801658e+05 1.000000000000e+05 1.114007782417e+04 5.311800139816e+02 1.800000000000e+06 0.000000000000e+00 -8.752000000000e-01 -8.752000000000e-01 0.000000000000e+00 0.000000000000e+00 0.000000000000e+00 -0.000000000000e+00 8.417975063581e-03 0.000000000000e+00 0.000000000000e+00 0.000000000000e+00 0.000000000000e+00 0.000000000000e+00 0.000000000000e+00 
9.220000000000e+00 1.452670693375e-02 3.347658801072e-02 -8.028281351467e-03 1.184603553810e+05 1.034787835304e+05 1.000000000000e+05 1.113247901777e+04 5.301015204648e+02 1.800000000000e+06 0.000000000000e+00 -8.752000000000e-01 -8.752000000000e-01 0.000000000000e+00 0.000000000000e+00 0.000000000000e+00 -0.000000000000e+00 8.440737992303e-03 0.000000000000e+00 0.000000000000e+00 0.000000000000e+00 0.000000000000e+00 0.000000000000e+00 0.000000000000e+00 
9.225000000000e+00 1.456780741868e-02 3.199547586675e-02 -8.399327896483e-03 1.199104162635e+05 1.043027198701e+05 1.000000000000e+05 1.112454083799e+04 5.289744483146e+02 1.800000000000e+06 0.000000000000e+00 -8.752000000000e-01 -8.752000000000e-01 0.000000000000e+00 0.000000000000e+00 0.000000000000e+00 -0.000000000000e+00 8.464619414722e-03 0.000000000000e+00 0.000000000000e+00 0.000000000000e+00 0.000000000000e+00 0.000000000000e+00 0.000000000000e+00 
9.230000000000e+00 1.461066964734e-02 3.049450139298e-02 -8.737458485647e-03 1.213204077468e+05 1.051557876063e+05 1.000000000000e+05 1.111629825551e+04 5.278038465394e+02 1.800000000000e+06 0.000000000000e+00 -8.752000000000e-01 -8.752000000000e-01 0.000000000000e+00 0.000000000000e+00 0.000000000000e+00 -0.000000000000e+00 8.489524497722e-03 0.000000000000e+00 0.000000000000e+00 0.000000000000e+00 0.000000000000e+00 0.000000000000e+00 0.000000000000e+00 
9.235000000000e+00 1.465512850860e-02 2.899635556785e-02 -9.042353673019e-03 1.226866448260e+05 1.060340236318e+05 1.000000000000e+05 1.110778621896e+04 5.265947595493e+02 1.800000000000e+06 0.000000000000e+00 -8.752000000000e-01 -8.752000000000e-01 0.000000000000e+00 0.000000000000e+00 0.000000000000e+00 -0.000000000000e+00 8.515357303533e-03 0.000000000000e+00 0.000000000000e+00 0.000000000000e+00 0.000000000000e+00 0.000000000000e+00 0.000000000000e+00 
9.240000000000e+00 1.470101769607e-02 2.752005567154e-02 -9.314047571010e-03 1.240062543513e+05 1.069335267449e+05 1.000000000000e+05 1.109903946509e+04 5.253522003622e+02 1.800000000000e+06 0.000000000000e+00 -8.752000000000e-01 -8.752000000000e-01 0.000000000000e+00 0.000000000000e+00 0.000000000000e+00 -0.000000000000e+00 8.542021199892e-03 0.000000000000e+00 0.000000000000e+00 0.000000000000e+00 0.000000000000e+00 0.000000000000e+00 0.000000000000e+00 
9.245000000000e+00 1.474817073731e-02 2.608147113452e-02 -9.552284677050e-03 1.252759987663e+05 1.078504853900e+05 1.000000000000e+05 1.109009236203e+04 5.240811165398e+02 1.800000000000e+06 0.000000000000e+00 -8.752000000000e-01 -8.752000000000e-01 0.000000000000e+00 0.000000000000e+00 0.000000000000e+00 -0.000000000000e+00 8.569419458036e-03 0.000000000000e+00 0.000000000000e+00 0.000000000000e+00 0.000000000000e+00 0.000000000000e+00 0.000000000000e+00 
9.250000000000e+00 1.479642029050e-02 2.469465663593e-02 -9.756685115420e-03 1.264925685800e+05 1.087811698356e+05 1.000000000000e+05 1.108097899126e+04 5.227864042037e+02 1.800000000000e+06 0.000000000000e+00 -8.752000000000e-01 -8.752000000000e-01 0.000000000000e+00 0.000000000000e+00 0.000000000000e+00 -0.000000000000e+00 8.597454844055e-03 0.000000000000e+00 0.000000000000e+00 0.000000000000e+00 0.000000000000e+00 0.000000000000e+00 0.000000000000e+00 
9.255000000000e+00 1.484559753270e-02 2.337062620095e-02 -9.927128721252e-03 1.276532631707e+05 1.097219254795e+05 1.000000000000e+05 1.107173318959e+04 5.214729200229e+02 1.800000000000e+06 0.000000000000e+00 -8.752000000000e-01 -8.752000000000e-01 0.000000000000e+00 0.000000000000e+00 0.000000000000e+00 -0.000000000000e+00 8.626029263432e-03 0.000000000000e+00 0.000000000000e+00 0.000000000000e+00 0.000000000000e+00 0.000000000000e+00 0.000000000000e+00 
9.260000000000e+00 1.489553291122e-02 2.211816437171e-02 -1.006361667771e-02 1.287557348088e+05 1.106691912714e+05 1.000000000000e+05 1.106238840192e+04 5.201454574846e+02 1.800000000000e+06 0.000000000000e+00 -8.752000000000e-01 -8.752000000000e-01 0.000000000000e+00 0.000000000000e+00 0.000000000000e+00 -0.000000000000e+00 8.655044197628e-03 0.000000000000e+00 0.000000000000e+00 0.000000000000e+00 0.000000000000e+00 0.000000000000e+00 0.000000000000e+00 
9.265000000000e+00 1.494605720234e-02 2.094350870664e-02 -1.016609314384e-02 1.297976720686e+05 1.116195219988e+05 1.000000000000e+05 1.105297748998e+04 5.188087164890e+02 1.800000000000e+06 0.000000000000e+00 -8.752000000000e-01 -8.752000000000e-01 0.000000000000e+00 0.000000000000e+00 0.000000000000e+00 -0.000000000000e+00 8.684401319222e-03 0.000000000000e+00 0.000000000000e+00 0.000000000000e+00 0.000000000000e+00 0.000000000000e+00 0.000000000000e+00 
9.270000000000e+00 1.499700109521e-02 1.985153496824e-02 -1.023453562402e-02 1.307769447440e+05 1.125695810535e+05 1.000000000000e+05 1.104353279225e+04 5.174673133320e+02 1.800000000000e+06 0.000000000000e+00 -8.752000000000e-01 -8.752000000000e-01 0.000000000000e+00 0.000000000000e+00 0.000000000000e+00 -0.000000000000e+00 8.714002250166e-03 0.000000000000e+00 0.000000000000e+00 0.000000000000e+00 0.000000000000e+00 0.000000000000e+00 0.000000000000e+00 
9.275000000000e+00 1.504819562296e-02 1.884669130578e-02 -1.026932767863e-02 1.316922576039e+05 1.135161481474e+05 1.000000000000e+05 1.103408599843e+04 5.161257690332e+02 1.800000000000e+06 0.000000000000e+00 -8.752000000000e-01 -8.752000000000e-01 0.000000000000e+00 0.000000000000e+00 0.000000000000e+00 -0.000000000000e+00 8.743748812266e-03 0.000000000000e+00 0.000000000000e+00 0.000000000000e+00 0.000000000000e+00 0.000000000000e+00 0.000000000000e+00 
9.280000000000e+00 1.509947438689e-02 1.793293443815e-02 -1.027106129412e-02 1.325428084572e+05 1.144561583795e+05 1.000000000000e+05 1.102466776898e+04 5.147884520998e+02 1.800000000000e+06 0.000000000000e+00 -8.752000000000e-01 -8.752000000000e-01 0.000000000000e+00 0.000000000000e+00 0.000000000000e+00 -0.000000000000e+00 8.773544319533e-03 0.000000000000e+00 0.000000000000e+00 0.000000000000e+00 0.000000000000e+00 0.000000000000e+00 0.000000000000e+00 
9.285000000000e+00 1.515067414652e-02 1.711253090640e-02 -1.024033786204e-02 1.333279261849e+05 1.153867087663e+05 1.000000000000e+05 1.101530766705e+04 5.134595659677e+02 1.800000000000e+06 0.000000000000e+00 -8.752000000000e-01 -8.752000000000e-01 0.000000000000e+00 0.000000000000e+00 0.000000000000e+00 -0.000000000000e+00 8.803293921026e-03 0.000000000000e+00 0.000000000000e+00 0.000000000000e+00 0.000000000000e+00 0.000000000000e+00 0.000000000000e+00 
9.290000000000e+00 1.520163544371e-02 1.638889179306e-02 -1.017791444148e-02 1.340473219314e+05 1.163050641142e+05 1.000000000000e+05 1.100603405088e+04 5.121431366069e+02 1.800000000000e+06 0.000000000000e+00 -8.752000000000e-01 -8.752000000000e-01 0.000000000000e+00 0.000000000000e+00 0.000000000000e+00 -0.000000000000e+00 8.832904963494e-03 0.000000000000e+00 0.000000000000e+00 0.000000000000e+00 0.000000000000e+00 0.000000000000e+00 0.000000000000e+00 
9.295000000000e+00 1.525220403913e-02 1.576377463690e-02 -1.008529751991e-02 1.347021220303e+05 1.172086761847e+05 1.000000000000e+05 1.099687377470e+04 5.108429802604e+02 1.800000000000e+06 0.000000000000e+00 -8.752000000000e-01 -8.752000000000e-01 0.000000000000e+00 0.000000000000e+00 0.000000000000e+00 -0.000000000000e+00 8.862287826043e-03 0.000000000000e+00 0.000000000000e+00 0.000000000000e+00 0.000000000000e+00 0.000000000000e+00 0.000000000000e+00 
9.300000000000e+00 1.530223221511e-02 1.523964091774e-02 -9.963737541975e-03 1.352931081788e+05 1.180951987725e+05 1.000000000000e+05 1.098785210564e+04 5.095626760354e+02 1.800000000000e+06 0.000000000000e+00 -8.752000000000e-01 -8.752000000000e-01 0.000000000000e+00 0.000000000000e+00 0.000000000000e+00 -0.000000000000e+00 8.891356677145e-03 0.000000000000e+00 0.000000000000e+00 0.000000000000e+00 0.000000000000e+00 0.000000000000e+00 0.000000000000e+00 
9.305000000000e+00 1.535157975026e-02 1.481824199702e-02 -9.814855240655e-03 1.358218076800e+05 1.189624956336e+05 1.000000000000e+05 1.097899252022e+04 5.083055480338e+02 1.800000000000e+06 0.000000000000e+00 -8.752000000000e-01 -8.752000000000e-01 0.000000000000e+00 0.000000000000e+00 0.000000000000e+00 -0.000000000000e+00 8.920030040921e-03 0.000000000000e+00 0.000000000000e+00 0.000000000000e+00 0.000000000000e+00 0.000000000000e+00 0.000000000000e+00 
9.310000000000e+00 1.540011498165e-02 1.449950199638e-02 -9.640394984424e-03 1.362900620481e+05 1.198086490202e+05 1.000000000000e+05 1.097031659007e+04 5.070746460762e+02 1.800000000000e+06 0.000000000000e+00 -8.752000000000e-01 -8.752000000000e-01 0.000000000000e+00 0.000000000000e+00 0.000000000000e+00 -0.000000000000e+00 8.948231414373e-03 0.000000000000e+00 0.000000000000e+00 0.000000000000e+00 0.000000000000e+00 0.000000000000e+00 0.000000000000e+00 
9.315000000000e+00 1.544771527124e-02 1.428205149164e-02 -9.442239516318e-03 1.367000446826e+05 1.206319571559e+05 1.000000000000e+05 1.096184394855e+04 5.058727421639e+02 1.800000000000e+06 0.000000000000e+00 -8.752000000000e-01 -8.752000000000e-01 0.000000000000e+00 0.000000000000e+00 0.000000000000e+00 -0.000000000000e+00 8.975889538343e-03 0.000000000000e+00 0.000000000000e+00 0.000000000000e+00 0.000000000000e+00 0.000000000000e+00 0.000000000000e+00 
9.320000000000e+00 1.549426764261e-02 1.416314686714e-02 -9.222366336310e-03 1.370541833100e+05 1.214309344987e+05 1.000000000000e+05 1.095359223487e+04 5.047023228487e+02 1.800000000000e+06 0.000000000000e+00 -8.752000000000e-01 -8.752000000000e-01 0.000000000000e+00 0.000000000000e+00 0.000000000000e+00 -0.000000000000e+00 9.002938767564e-03 0.000000000000e+00 0.000000000000e+00 0.000000000000e+00 0.000000000000e+00 0.000000000000e+00 0.000000000000e+00 
9.325000000000e+00 1.553966914648e-02 1.413874721671e-02 -8.982815031388e-03 1.373551002938e+05 1.222043072791e+05 1.000000000000e+05 1.094557708606e+04 5.035655885644e+02 1.800000000000e+06 0.000000000000e+00 -8.752000000000e-01 -8.752000000000e-01 0.000000000000e+00 0.000000000000e+00 0.000000000000e+00 -0.000000000000e+00 9.029319283004e-03 0.000000000000e+00 0.000000000000e+00 0.000000000000e+00 0.000000000000e+00 0.000000000000e+00 0.000000000000e+00 
9.330000000000e+00 1.558382692136e-02 1.420252455216e-02 -8.725539199489e-03 1.376053574966e+05 1.229510041268e+05 1.000000000000e+05 1.093781219484e+04 5.024644604402e+02 1.800000000000e+06 0.000000000000e+00 -8.752000000000e-01 -8.752000000000e-01 0.000000000000e+00 0.000000000000e+00 0.000000000000e+00 -0.000000000000e+00 9.054977127142e-03 0.000000000000e+00 0.000000000000e+00 0.000000000000e+00 0.000000000000e+00 0.000000000000e+00 0.000000000000e+00 
9.335000000000e+00 1.562665715288e-02 1.434630311335e-02 -8.452193387251e-03 1.378070832843e+05 1.236701288096e+05 1.000000000000e+05 1.093030956542e+04 5.014006140519e+02 1.800000000000e+06 0.000000000000e+00 -8.752000000000e-01 -8.752000000000e-01 0.000000000000e+00 0.000000000000e+00 0.000000000000e+00 -0.000000000000e+00 9.079863683118e-03 0.000000000000e+00 0.000000000000e+00 0.000000000000e+00 0.000000000000e+00 0.000000000000e+00 0.000000000000e+00 
9.340000000000e+00 1.566808363318e-02 1.456768947534e-02 -8.164173823558e-03 1.379620260228e+05 1.243609276679e+05 1.000000000000e+05 1.092307980452e+04 5.003755220228e+02 1.800000000000e+06 0.000000000000e+00 -8.752000000000e-01 -8.752000000000e-01 0.000000000000e+00 0.000000000000e+00 0.000000000000e+00 -0.000000000000e+00 9.103934525029e-03 0.000000000000e+00 0.000000000000e+00 0.000000000000e+00 0.000000000000e+00 0.000000000000e+00 0.000000000000e+00 
9.345000000000e+00 1.570804046167e-02 1.485123090348e-02 -7.864555205853e-03 1.380748162476e+05 1.250228269656e+05 1.000000000000e+05 1.091613147484e+04 4.993903934981e+02 1.800000000000e+06 0.000000000000e+00 -8.752000000000e-01 -8.752000000000e-01 0.000000000000e+00 0.000000000000e+00 0.000000000000e+00 -0.000000000000e+00 9.127151426275e-03 0.000000000000e+00 0.000000000000e+00 0.000000000000e+00 0.000000000000e+00 0.000000000000e+00 0.000000000000e+00 
9.350000000000e+00 1.574647970038e-02 1.518212103882e-02 -7.556390296364e-03 1.381502185280e+05 1.256555504012e+05 1.000000000000e+05 1.090946999451e+04 4.984459930859e+02 1.800000000000e+06 0.000000000000e+00 -8.752000000000e-01 -8.752000000000e-01 0.000000000000e+00 0.000000000000e+00 0.000000000000e+00 -0.000000000000e+00 9.149486532508e-03 0.000000000000e+00 0.000000000000e+00 0.000000000000e+00 0.000000000000e+00 0.000000000000e+00 0.000000000000e+00 
9.355000000000e+00 1.578335964318e-02 1.555716846455e-02 -7.240178883491e-03 1.381887857399e+05 1.262589166601e+05 1.000000000000e+05 1.090310000490e+04 4.975429368391e+02 1.800000000000e+06 0.000000000000e+00 -8.752000000000e-01 -8.752000000000e-01 0.000000000000e+00 0.000000000000e+00 0.000000000000e+00 -0.000000000000e+00 9.170915610396e-03 0.000000000000e+00 0.000000000000e+00 0.000000000000e+00 0.000000000000e+00 0.000000000000e+00 0.000000000000e+00 
9.360000000000e+00 1.581864359721e-02 1.596459118771e-02 -6.917263010773e-03 1.381924924125e+05 1.268328153027e+05 1.000000000000e+05 1.089702523161e+04 4.966817256490e+02 1.800000000000e+06 0.000000000000e+00 -8.752000000000e-01 -8.752000000000e-01 0.000000000000e+00 0.000000000000e+00 0.000000000000e+00 -0.000000000000e+00 9.191417339570e-03 0.000000000000e+00 0.000000000000e+00 0.000000000000e+00 0.000000000000e+00 0.000000000000e+00 0.000000000000e+00 
9.365000000000e+00 1.585230255912e-02 1.639491691396e-02 -6.589295889198e-03 1.381638829944e+05 1.273772465671e+05 1.000000000000e+05 1.089124810024e+04 4.958626831263e+02 1.800000000000e+06 0.000000000000e+00 -8.752000000000e-01 -8.752000000000e-01 0.000000000000e+00 0.000000000000e+00 0.000000000000e+00 -0.000000000000e+00 9.210974867634e-03 0.000000000000e+00 0.000000000000e+00 0.000000000000e+00 0.000000000000e+00 0.000000000000e+00 0.000000000000e+00 
9.370000000000e+00 1.588431498312e-02 1.683921259975e-02 -6.257649490966e-03 1.381050954315e+05 1.278923135225e+05 1.000000000000e+05 1.088576986321e+04 4.950859647651e+02 1.800000000000e+06 0.000000000000e+00 -8.752000000000e-01 -8.752000000000e-01 0.000000000000e+00 0.000000000000e+00 0.000000000000e+00 -0.000000000000e+00 9.229575675425e-03 0.000000000000e+00 0.000000000000e+00 0.000000000000e+00 0.000000000000e+00 0.000000000000e+00 0.000000000000e+00 
9.375000000000e+00 1.591466600468e-02 1.728827262311e-02 -5.923622754267e-03 1.380181978720e+05 1.283782061770e+05 1.000000000000e+05 1.088059072944e+04 4.943515797371e+02 1.800000000000e+06 0.000000000000e+00 -8.752000000000e-01 -8.752000000000e-01 0.000000000000e+00 0.000000000000e+00 0.000000000000e+00 -0.000000000000e+00 9.247211125902e-03 0.000000000000e+00 0.000000000000e+00 0.000000000000e+00 0.000000000000e+00 0.000000000000e+00 0.000000000000e+00 
9.380000000000e+00 1.594334775301e-02 1.773400863721e-02 -5.588599161950e-03 1.379054534440e+05 1.288352037487e+05 1.000000000000e+05 1.087570980888e+04 4.936593857408e+02 1.800000000000e+06 0.000000000000e+00 -8.752000000000e-01 -8.752000000000e-01 0.000000000000e+00 0.000000000000e+00 0.000000000000e+00 -0.000000000000e+00 9.263876645756e-03 0.000000000000e+00 0.000000000000e+00 0.000000000000e+00 0.000000000000e+00 0.000000000000e+00 0.000000000000e+00 
9.385000000000e+00 1.597035763898e-02 1.817146358381e-02 -5.253496169206e-03 1.377684043175e+05 1.292636452044e+05 1.000000000000e+05 1.087112547773e+04 4.930091322772e+02 1.800000000000e+06 0.000000000000e+00 -8.752000000000e-01 -8.752000000000e-01 0.000000000000e+00 0.000000000000e+00 0.000000000000e+00 -0.000000000000e+00 9.279570730571e-03 0.000000000000e+00 0.000000000000e+00 0.000000000000e+00 0.000000000000e+00 0.000000000000e+00 0.000000000000e+00 
9.390000000000e+00 1.599569874419e-02 1.859349521400e-02 -4.919570419955e-03 1.376091904389e+05 1.296639340306e+05 1.000000000000e+05 1.086683523343e+04 4.924004525883e+02 1.800000000000e+06 0.000000000000e+00 -8.752000000000e-01 -8.752000000000e-01 0.000000000000e+00 0.000000000000e+00 0.000000000000e+00 -0.000000000000e+00 9.294295170904e-03 0.000000000000e+00 0.000000000000e+00 0.000000000000e+00 0.000000000000e+00 0.000000000000e+00 0.000000000000e+00 
9.395000000000e+00 1.601937961053e-02 1.899409741263e-02 -4.587789145596e-03 1.374295297522e+05 1.300365337702e+05 1.000000000000e+05 1.086283580513e+04 4.918328697965e+02 1.800000000000e+06 0.000000000000e+00 -8.752000000000e-01 -8.752000000000e-01 0.000000000000e+00 0.000000000000e+00 0.000000000000e+00 -0.000000000000e+00 9.308054930024e-03 0.000000000000e+00 0.000000000000e+00 0.000000000000e+00 0.000000000000e+00 0.000000000000e+00 0.000000000000e+00 
9.400000000000e+00 1.604141296701e-02 1.937049188371e-02 -4.258850239195e-03 1.372307396867e+05 1.303819473267e+05 1.000000000000e+05 1.085912337260e+04 4.913058281001e+02 1.800000000000e+06 0.000000000000e+00 -8.752000000000e-01 -8.752000000000e-01 0.000000000000e+00 0.000000000000e+00 0.000000000000e+00 -0.000000000000e+00 9.320857404116e-03 0.000000000000e+00 0.000000000000e+00 0.000000000000e+00 0.000000000000e+00 0.000000000000e+00 0.000000000000e+00 
9.405000000000e+00 1.606181297920e-02 1.971918159958e-02 -3.933350438154e-03 1.370139728597e+05 1.307006739183e+05 1.000000000000e+05 1.085569401633e+04 4.908187586247e+02 1.800000000000e+06 0.000000000000e+00 -8.752000000000e-01 -8.752000000000e-01 0.000000000000e+00 0.000000000000e+00 0.000000000000e+00 -0.000000000000e+00 9.332710824078e-03 0.000000000000e+00 0.000000000000e+00 0.000000000000e+00 0.000000000000e+00 0.000000000000e+00 0.000000000000e+00 
9.410000000000e+00 1.608059789121e-02 2.003831465642e-02 -3.612017498031e-03 1.367806324483e+05 1.309932508730e+05 1.000000000000e+05 1.085254324223e+04 4.903710160205e+02 1.800000000000e+06 0.000000000000e+00 -8.752000000000e-01 -8.752000000000e-01 0.000000000000e+00 0.000000000000e+00 0.000000000000e+00 -0.000000000000e+00 9.343625790644e-03 0.000000000000e+00 0.000000000000e+00 0.000000000000e+00 0.000000000000e+00 0.000000000000e+00 0.000000000000e+00 
9.415000000000e+00 1.609778771852e-02 2.032557633625e-02 -3.295341751086e-03 1.365317485610e+05 1.312602180226e+05 1.000000000000e+05 1.084966641100e+04 4.899619332780e+02 1.800000000000e+06 0.000000000000e+00 -8.752000000000e-01 -8.752000000000e-01 0.000000000000e+00 0.000000000000e+00 0.000000000000e+00 -0.000000000000e+00 9.353613933799e-03 0.000000000000e+00 0.000000000000e+00 0.000000000000e+00 0.000000000000e+00 0.000000000000e+00 0.000000000000e+00 
9.420000000000e+00 1.611340575885e-02 2.057727135798e-02 -2.983339166013e-03 1.362676276287e+05 1.315021418852e+05 1.000000000000e+05 1.084705850419e+04 4.895907852594e+02 1.800000000000e+06 0.000000000000e+00 -8.752000000000e-01 -8.752000000000e-01 0.000000000000e+00 0.000000000000e+00 0.000000000000e+00 -0.000000000000e+00 9.362688790679e-03 0.000000000000e+00 0.000000000000e+00 0.000000000000e+00 0.000000000000e+00 0.000000000000e+00 0.000000000000e+00 
9.425000000000e+00 1.612747451832e-02 2.078865889107e-02 -2.675696139909e-03 1.359880289959e+05 1.317195533722e+05 1.000000000000e+05 1.084471479374e+04 4.892568849089e+02 1.800000000000e+06 0.000000000000e+00 -8.752000000000e-01 -8.752000000000e-01 0.000000000000e+00 0.000000000000e+00 0.000000000000e+00 -0.000000000000e+00 9.370863438459e-03 0.000000000000e+00 0.000000000000e+00 0.000000000000e+00 0.000000000000e+00 0.000000000000e+00 0.000000000000e+00 
9.430000000000e+00 1.614001433425e-02 2.094829575003e-02 -2.371729109357e-03 1.356920834844e+05 1.319129279170e+05 1.000000000000e+05 1.084263107176e+04 4.889596148242e+02 1.800000000000e+06 0.000000000000e+00 -8.752000000000e-01 -8.752000000000e-01 0.000000000000e+00 0.000000000000e+00 0.000000000000e+00 -0.000000000000e+00 9.378149694125e-03 0.000000000000e+00 0.000000000000e+00 0.000000000000e+00 0.000000000000e+00 0.000000000000e+00 0.000000000000e+00 
9.435000000000e+00 1.615104120276e-02 2.104359640144e-02 -2.069961818509e-03 1.353775904329e+05 1.320826534934e+05 1.000000000000e+05 1.084080405418e+04 4.886984775405e+02 1.800000000000e+06 0.000000000000e+00 -8.752000000000e-01 -8.752000000000e-01 0.000000000000e+00 0.000000000000e+00 0.000000000000e+00 -0.000000000000e+00 9.384556852227e-03 0.000000000000e+00 0.000000000000e+00 0.000000000000e+00 0.000000000000e+00 0.000000000000e+00 0.000000000000e+00 
9.440000000000e+00 1.616055918040e-02 2.105846107099e-02 -1.767963335325e-03 1.350406494792e+05 1.322289154414e+05 1.000000000000e+05 1.083923266970e+04 4.884732740308e+02 1.800000000000e+06 0.000000000000e+00 -8.752000000000e-01 -8.752000000000e-01 0.000000000000e+00 0.000000000000e+00 0.000000000000e+00 -0.000000000000e+00 9.390087269810e-03 0.000000000000e+00 0.000000000000e+00 0.000000000000e+00 0.000000000000e+00 0.000000000000e+00 0.000000000000e+00 
9.445000000000e+00 1.616856065277e-02 2.097659099702e-02 -1.463153467701e-03 1.346769458398e+05 1.323517025446e+05 1.000000000000e+05 1.083791791921e+04 4.882840957546e+02 1.800000000000e+06 0.000000000000e+00 -8.752000000000e-01 -8.752000000000e-01 0.000000000000e+00 0.000000000000e+00 0.000000000000e+00 -0.000000000000e+00 9.394736522538e-03 0.000000000000e+00 0.000000000000e+00 0.000000000000e+00 0.000000000000e+00 0.000000000000e+00 0.000000000000e+00 
9.450000000000e+00 1.617502295176e-02 2.077839765991e-02 -1.152500166043e-03 1.342812120390e+05 1.324507564419e+05 1.000000000000e+05 1.083686347099e+04 4.881314035602e+02 1.800000000000e+06 0.000000000000e+00 -8.752000000000e-01 -8.752000000000e-01 0.000000000000e+00 0.000000000000e+00 0.000000000000e+00 -0.000000000000e+00 9.398491439109e-03 0.000000000000e+00 0.000000000000e+00 0.000000000000e+00 0.000000000000e+00 0.000000000000e+00 0.000000000000e+00 
9.455000000000e+00 1.617991289605e-02 2.045196032043e-02 -8.337671854425e-04 1.338492703286e+05 1.325256418894e+05 1.000000000000e+05 1.083607476195e+04 4.880159198704e+02 1.800000000000e+06 0.000000000000e+00 -8.752000000000e-01 -8.752000000000e-01 0.000000000000e+00 0.000000000000e+00 0.000000000000e+00 -0.000000000000e+00 9.401332739531e-03 0.000000000000e+00 0.000000000000e+00 0.000000000000e+00 0.000000000000e+00 0.000000000000e+00 0.000000000000e+00 
9.460000000000e+00 1.618318516221e-02 1.999627061995e-02 -5.048940651715e-04 1.333770116963e+05 1.325757215151e+05 1.000000000000e+05 1.083555933957e+04 4.879386674256e+02 1.800000000000e+06 0.000000000000e+00 -8.752000000000e-01 -8.752000000000e-01 0.000000000000e+00 0.000000000000e+00 0.000000000000e+00 -0.000000000000e+00 9.403234088639e-03 0.000000000000e+00 0.000000000000e+00 0.000000000000e+00 0.000000000000e+00 0.000000000000e+00 0.000000000000e+00 
9.465000000000e+00 1.618478784926e-02 1.942660105494e-02 -1.655504465064e-04 1.328629371572e+05 1.326002399837e+05 1.000000000000e+05 1.083532576817e+04 4.879008387703e+02 1.800000000000e+06 0.000000000000e+00 -8.752000000000e-01 -8.752000000000e-01 0.000000000000e+00 0.000000000000e+00 0.000000000000e+00 -0.000000000000e+00 9.404165329394e-03 0.000000000000e+00 0.000000000000e+00 0.000000000000e+00 0.000000000000e+00 0.000000000000e+00 0.000000000000e+00 
9.470000000000e+00 1.618469546540e-02 1.878394377490e-02 1.787972700164e-04 1.323151070320e+05 1.325988268323e+05 1.000000000000e+05 1.083537766441e+04 4.879030191892e+02 1.800000000000e+06 0.000000000000e+00 -8.752000000000e-01 -8.752000000000e-01 0.000000000000e+00 0.000000000000e+00 0.000000000000e+00 -0.000000000000e+00 9.404111649785e-03 0.000000000000e+00 0.000000000000e+00 0.000000000000e+00 0.000000000000e+00 0.000000000000e+00 0.000000000000e+00 
9.475000000000e+00 1.618289089806e-02 1.812726857520e-02 5.301753203231e-04 1.317297834323e+05 1.325712190821e+05 1.000000000000e+05 1.083571813969e+04 4.879456135906e+02 1.800000000000e+06 0.000000000000e+00 -8.752000000000e-01 -8.752000000000e-01 0.000000000000e+00 0.000000000000e+00 0.000000000000e+00 -0.000000000000e+00 9.403063106561e-03 0.000000000000e+00 0.000000000000e+00 0.000000000000e+00 0.000000000000e+00 0.000000000000e+00 0.000000000000e+00 
9.480000000000e+00 1.617932787074e-02 1.749766556409e-02 8.824589320218e-04 1.311156818525e+05 1.325166857691e+05 1.000000000000e+05 1.083635446497e+04 4.880297335896e+02 1.800000000000e+06 0.000000000000e+00 -8.752000000000e-01 -8.752000000000e-01 0.000000000000e+00 0.000000000000e+00 0.000000000000e+00 -0.000000000000e+00 9.400992810778e-03 0.000000000000e+00 0.000000000000e+00 0.000000000000e+00 0.000000000000e+00 0.000000000000e+00 0.000000000000e+00 
9.485000000000e+00 1.617401923869e-02 1.695333931572e-02 1.229223439441e-03 1.304828853369e+05 1.324353782222e+05 1.000000000000e+05 1.083728405851e+04 4.881551138526e+02 1.800000000000e+06 0.000000000000e+00 -8.752000000000e-01 -8.752000000000e-01 0.000000000000e+00 0.000000000000e+00 0.000000000000e+00 -0.000000000000e+00 9.397908231977e-03 0.000000000000e+00 0.000000000000e+00 0.000000000000e+00 0.000000000000e+00 0.000000000000e+00 0.000000000000e+00 
9.490000000000e+00 1.616700832885e-02 1.654577281266e-02 1.564642298204e-03 1.298410059792e+05 1.323278934463e+05 1.000000000000e+05 1.083849938733e+04 4.883207870113e+02 1.800000000000e+06 0.000000000000e+00 -8.752000000000e-01 -8.752000000000e-01 0.000000000000e+00 0.000000000000e+00 0.000000000000e+00 -0.000000000000e+00 9.393834545267e-03 0.000000000000e+00 0.000000000000e+00 0.000000000000e+00 0.000000000000e+00 0.000000000000e+00 0.000000000000e+00 
9.495000000000e+00 1.615836744854e-02 1.630990850449e-02 1.883062514568e-03 1.291998600216e+05 1.321952548679e+05 1.000000000000e+05 1.083998815258e+04 4.885251158486e+02 1.800000000000e+06 0.000000000000e+00 -8.752000000000e-01 -8.752000000000e-01 0.000000000000e+00 0.000000000000e+00 0.000000000000e+00 -0.000000000000e+00 9.388813764778e-03 0.000000000000e+00 0.000000000000e+00 0.000000000000e+00 0.000000000000e+00 0.000000000000e+00 0.000000000000e+00 
9.500000000000e+00 1.614819310368e-02 1.627228857495e-02 2.180309823491e-03 1.285673384148e+05 1.320388440162e+05 1.000000000000e+05 1.084173420458e+04 4.887659020778e+02 1.800000000000e+06 0.000000000000e+00 -8.752000000000e-01 -8.752000000000e-01 0.000000000000e+00 0.000000000000e+00 0.000000000000e+00 -0.000000000000e+00 9.382901965247e-03 0.000000000000e+00 0.000000000000e+00 0.000000000000e+00 0.000000000000e+00 0.000000000000e+00 0.000000000000e+00 
9.505000000000e+00 1.613660131729e-02 1.643860654093e-02 2.452847799985e-03 1.279506828821e+05 1.318603344763e+05 1.000000000000e+05 1.084371821041e+04 4.890404921371e+02 1.800000000000e+06 0.000000000000e+00 -8.752000000000e-01 -8.752000000000e-01 0.000000000000e+00 0.000000000000e+00 0.000000000000e+00 -0.000000000000e+00 9.376166561815e-03 0.000000000000e+00 0.000000000000e+00 0.000000000000e+00 0.000000000000e+00 0.000000000000e+00 0.000000000000e+00 
9.510000000000e+00 1.612372200127e-02 1.679779498371e-02 2.698471483310e-03 1.273552999380e+05 1.316616114276e+05 1.000000000000e+05 1.084591864322e+04 4.893459052796e+02 1.800000000000e+06 0.000000000000e+00 -8.752000000000e-01 -8.752000000000e-01 0.000000000000e+00 0.000000000000e+00 0.000000000000e+00 -0.000000000000e+00 9.368683039736e-03 0.000000000000e+00 0.000000000000e+00 0.000000000000e+00 0.000000000000e+00 0.000000000000e+00 0.000000000000e+00 
9.515000000000e+00 1.610969195214e-02 1.732612083461e-02 2.916259227105e-03 1.267847239504e+05 1.314446693921e+05 1.000000000000e+05 1.084831292878e+04 4.896789947694e+02 1.800000000000e+06 0.000000000000e+00 -8.752000000000e-01 -8.752000000000e-01 0.000000000000e+00 0.000000000000e+00 0.000000000000e+00 -0.000000000000e+00 9.360530884591e-03 0.000000000000e+00 0.000000000000e+00 0.000000000000e+00 0.000000000000e+00 0.000000000000e+00 0.000000000000e+00 
9.520000000000e+00 1.609465103504e-02 1.799126518430e-02 3.105985364624e-03 1.262414868667e+05 1.312115581536e+05 1.000000000000e+05 1.085087800239e+04 4.900365343428e+02 1.800000000000e+06 0.000000000000e+00 -8.752000000000e-01 -8.752000000000e-01 0.000000000000e+00 0.000000000000e+00 0.000000000000e+00 -0.000000000000e+00 9.351791364960e-03 0.000000000000e+00 0.000000000000e+00 0.000000000000e+00 0.000000000000e+00 0.000000000000e+00 0.000000000000e+00 
9.525000000000e+00 1.607873758406e-02 1.875582857116e-02 3.268397443554e-03 1.257265927649e+05 1.309643154571e+05 1.000000000000e+05 1.085359109598e+04 4.904153242092e+02 1.800000000000e+06 0.000000000000e+00 -8.752000000000e-01 -8.752000000000e-01 0.000000000000e+00 0.000000000000e+00 0.000000000000e+00 -0.000000000000e+00 9.342544859824e-03 0.000000000000e+00 0.000000000000e+00 0.000000000000e+00 0.000000000000e+00 0.000000000000e+00 0.000000000000e+00 
9.530000000000e+00 1.606208460227e-02 1.958104209494e-02 3.404813919494e-03 1.252400879983e+05 1.307049107217e+05 1.000000000000e+05 1.085643032538e+04 4.908122792083e+02 1.800000000000e+06 0.000000000000e+00 -8.752000000000e-01 -8.752000000000e-01 0.000000000000e+00 0.000000000000e+00 0.000000000000e+00 -0.000000000000e+00 9.332868650569e-03 0.000000000000e+00 0.000000000000e+00 0.000000000000e+00 0.000000000000e+00 0.000000000000e+00 0.000000000000e+00 
9.535000000000e+00 1.604481742518e-02 2.042958972102e-02 3.516930570723e-03 1.247813223983e+05 1.304352101942e+05 1.000000000000e+05 1.085937505856e+04 4.912244832263e+02 1.800000000000e+06 0.000000000000e+00 -8.752000000000e-01 -8.752000000000e-01 0.000000000000e+00 0.000000000000e+00 0.000000000000e+00 -0.000000000000e+00 9.322835563347e-03 0.000000000000e+00 0.000000000000e+00 0.000000000000e+00 0.000000000000e+00 0.000000000000e+00 0.000000000000e+00 
9.540000000000e+00 1.602705344872e-02 2.126679410039e-02 3.606024243691e-03 1.243502160330e+05 1.301569733302e+05 1.000000000000e+05 1.086240587423e+04 4.916491951859e+02 1.800000000000e+06 0.000000000000e+00 -8.752000000000e-01 -8.752000000000e-01 0.000000000000e+00 0.000000000000e+00 0.000000000000e+00 -0.000000000000e+00 9.312513811028e-03 0.000000000000e+00 0.000000000000e+00 0.000000000000e+00 0.000000000000e+00 0.000000000000e+00 0.000000000000e+00 
9.545000000000e+00 1.600890118070e-02 2.206575512173e-02 3.674543997733e-03 1.239446769068e+05 1.298718379338e+05 1.000000000000e+05 1.086550489380e+04 4.920838717535e+02 1.800000000000e+06 0.000000000000e+00 -8.752000000000e-01 -8.752000000000e-01 0.000000000000e+00 0.000000000000e+00 0.000000000000e+00 -0.000000000000e+00 9.301966442033e-03 0.000000000000e+00 0.000000000000e+00 0.000000000000e+00 0.000000000000e+00 0.000000000000e+00 0.000000000000e+00 
9.550000000000e+00 1.599045703492e-02 2.280491479256e-02 3.724692867218e-03 1.235628181971e+05 1.295812689629e+05 1.000000000000e+05 1.086865618117e+04 4.925262448350e+02 1.800000000000e+06 0.000000000000e+00 -8.752000000000e-01 -8.752000000000e-01 0.000000000000e+00 0.000000000000e+00 0.000000000000e+00 -0.000000000000e+00 9.291249477567e-03 0.000000000000e+00 0.000000000000e+00 0.000000000000e+00 0.000000000000e+00 0.000000000000e+00 0.000000000000e+00 
9.555000000000e+00 1.597180747757e-02 2.346691273407e-02 3.758391997673e-03 1.232030483824e+05 1.292865907209e+05 1.000000000000e+05 1.087184538175e+04 4.929742714763e+02 1.800000000000e+06 0.000000000000e+00 -8.752000000000e-01 -8.752000000000e-01 0.000000000000e+00 0.000000000000e+00 0.000000000000e+00 -0.000000000000e+00 9.280413158779e-03 0.000000000000e+00 0.000000000000e+00 0.000000000000e+00 0.000000000000e+00 0.000000000000e+00 0.000000000000e+00 
9.560000000000e+00 1.595302996850e-02 2.404083913238e-02 3.777474498127e-03 1.228637711860e+05 1.289890001797e+05 1.000000000000e+05 1.087505959097e+04 4.934261125704e+02 1.800000000000e+06 0.000000000000e+00 -8.752000000000e-01 -8.752000000000e-01 0.000000000000e+00 0.000000000000e+00 0.000000000000e+00 -0.000000000000e+00 9.269502493687e-03 0.000000000000e+00 0.000000000000e+00 0.000000000000e+00 0.000000000000e+00 0.000000000000e+00 0.000000000000e+00 
9.565000000000e+00 1.593419244072e-02 2.452126101978e-02 3.783822532752e-03 1.225431512078e+05 1.286895570400e+05 1.000000000000e+05 1.087828746730e+04 4.938801468157e+02 1.800000000000e+06 0.000000000000e+00 -8.752000000000e-01 -8.752000000000e-01 0.000000000000e+00 0.000000000000e+00 0.000000000000e+00 -0.000000000000e+00 9.258556954749e-03 0.000000000000e+00 0.000000000000e+00 0.000000000000e+00 0.000000000000e+00 0.000000000000e+00 0.000000000000e+00 
9.570000000000e+00 1.591535561523e-02 2.490584257680e-02 3.778597537780e-03 1.222404001745e+05 1.283892187169e+05 1.000000000000e+05 1.088151876264e+04 4.943349164526e+02 1.800000000000e+06 0.000000000000e+00 -8.752000000000e-01 -8.752000000000e-01 0.000000000000e+00 0.000000000000e+00 0.000000000000e+00 -0.000000000000e+00 9.247611823875e-03 0.000000000000e+00 0.000000000000e+00 0.000000000000e+00 0.000000000000e+00 0.000000000000e+00 0.000000000000e+00 
9.575000000000e+00 1.589657344276e-02 2.519629647640e-02 3.763174366749e-03 1.219542688689e+05 1.280888458493e+05 1.000000000000e+05 1.088474435520e+04 4.947891178954e+02 1.800000000000e+06 0.000000000000e+00 -8.752000000000e-01 -8.752000000000e-01 0.000000000000e+00 0.000000000000e+00 0.000000000000e+00 -0.000000000000e+00 9.236698449114e-03 0.000000000000e+00 0.000000000000e+00 0.000000000000e+00 0.000000000000e+00 0.000000000000e+00 0.000000000000e+00 
9.580000000000e+00 1.587789309334e-02 2.539695093151e-02 3.738836881384e-03 1.216835384400e+05 1.277892005688e+05 1.000000000000e+05 1.088795622700e+04 4.952416033024e+02 1.800000000000e+06 0.000000000000e+00 -8.752000000000e-01 -8.752000000000e-01 0.000000000000e+00 0.000000000000e+00 0.000000000000e+00 -0.000000000000e+00 9.225844238606e-03 0.000000000000e+00 0.000000000000e+00 0.000000000000e+00 0.000000000000e+00 0.000000000000e+00 0.000000000000e+00 
9.585000000000e+00 1.585935591504e-02 2.551447864002e-02 3.706705744165e-03 1.214271535521e+05 1.274909603092e+05 1.000000000000e+05 1.089114729951e+04 4.956913586723e+02 1.800000000000e+06 0.000000000000e+00 -8.752000000000e-01 -8.752000000000e-01 0.000000000000e+00 0.000000000000e+00 0.000000000000e+00 -0.000000000000e+00 9.215073217628e-03 0.000000000000e+00 0.000000000000e+00 0.000000000000e+00 0.000000000000e+00 0.000000000000e+00 0.000000000000e+00 
9.590000000000e+00 1.584099807153e-02 2.555675721912e-02 3.667775133142e-03 1.211841733918e+05 1.271947266564e+05 1.000000000000e+05 1.089431133511e+04 4.961374895561e+02 1.800000000000e+06 0.000000000000e+00 -8.752000000000e-01 -8.752000000000e-01 0.000000000000e+00 0.000000000000e+00 0.000000000000e+00 -0.000000000000e+00 9.204406399065e-03 0.000000000000e+00 0.000000000000e+00 0.000000000000e+00 0.000000000000e+00 0.000000000000e+00 0.000000000000e+00 
9.595000000000e+00 1.582285093769e-02 2.553250470894e-02 3.622986376624e-03 1.209536577195e+05 1.269010304322e+05 1.000000000000e+05 1.089744288372e+04 4.965792125316e+02 1.800000000000e+06 0.000000000000e+00 -8.752000000000e-01 -8.752000000000e-01 0.000000000000e+00 0.000000000000e+00 0.000000000000e+00 -0.000000000000e+00 9.193862013282e-03 0.000000000000e+00 0.000000000000e+00 0.000000000000e+00 0.000000000000e+00 0.000000000000e+00 0.000000000000e+00 
9.600000000000e+00 1.580494151129e-02 2.545095272720e-02 3.573137854447e-03 1.207348214207e+05 1.266103371398e+05 1.000000000000e+05 1.090053720828e+04 4.970158461993e+02 1.800000000000e+06 0.000000000000e+00 -8.752000000000e-01 -8.752000000000e-01 0.000000000000e+00 0.000000000000e+00 0.000000000000e+00 -0.000000000000e+00 9.183455747326e-03 0.000000000000e+00 0.000000000000e+00 0.000000000000e+00 0.000000000000e+00 0.000000000000e+00 0.000000000000e+00 
9.605000000000e+00 1.578729291525e-02 2.532153647410e-02 3.519004943707e-03 1.205268463392e+05 1.263230540019e+05 1.000000000000e+05 1.090359021665e+04 4.974467998674e+02 1.800000000000e+06 0.000000000000e+00 -8.752000000000e-01 -8.752000000000e-01 0.000000000000e+00 0.000000000000e+00 0.000000000000e+00 -0.000000000000e+00 9.173201036759e-03 0.000000000000e+00 0.000000000000e+00 0.000000000000e+00 0.000000000000e+00 0.000000000000e+00 0.000000000000e+00 
9.610000000000e+00 1.576992448269e-02 2.515361921039e-02 3.461423743491e-03 1.203287440386e+05 1.260395303254e+05 1.000000000000e+05 1.090659846144e+04 4.978715723217e+02 1.800000000000e+06 0.000000000000e+00 -8.752000000000e-01 -8.752000000000e-01 0.000000000000e+00 0.000000000000e+00 0.000000000000e+00 -0.000000000000e+00 9.163109115087e-03 0.000000000000e+00 0.000000000000e+00 0.000000000000e+00 0.000000000000e+00 0.000000000000e+00 0.000000000000e+00 
9.615000000000e+00 1.575285248563e-02 2.495515640716e-02 3.400824081894e-03 1.201401383014e+05 1.257600684558e+05 1.000000000000e+05 1.090955896745e+04 4.982897347862e+02 1.800000000000e+06 0.000000000000e+00 -8.752000000000e-01 -8.752000000000e-01 0.000000000000e+00 0.000000000000e+00 0.000000000000e+00 -0.000000000000e+00 9.153189437152e-03 0.000000000000e+00 0.000000000000e+00 0.000000000000e+00 0.000000000000e+00 0.000000000000e+00 0.000000000000e+00 
9.620000000000e+00 1.573609044864e-02 2.473388063008e-02 3.337762174076e-03 1.199603937035e+05 1.254849281256e+05 1.000000000000e+05 1.091246923928e+04 4.987009238905e+02 1.800000000000e+06 0.000000000000e+00 -8.752000000000e-01 -8.752000000000e-01 0.000000000000e+00 0.000000000000e+00 0.000000000000e+00 -0.000000000000e+00 9.143449861412e-03 0.000000000000e+00 0.000000000000e+00 0.000000000000e+00 0.000000000000e+00 0.000000000000e+00 0.000000000000e+00 
9.625000000000e+00 1.571964913785e-02 2.449688688271e-02 3.272775357443e-03 1.197888540860e+05 1.252143255546e+05 1.000000000000e+05 1.091532725117e+04 4.991048425344e+02 1.800000000000e+06 0.000000000000e+00 -8.752000000000e-01 -8.752000000000e-01 0.000000000000e+00 0.000000000000e+00 0.000000000000e+00 -0.000000000000e+00 9.133896643518e-03 0.000000000000e+00 0.000000000000e+00 0.000000000000e+00 0.000000000000e+00 0.000000000000e+00 0.000000000000e+00 
9.630000000000e+00 1.570353681041e-02 2.425023714694e-02 3.206331540621e-03 1.196249305784e+05 1.249484368731e+05 1.000000000000e+05 1.091813140152e+04 4.995012543219e+02 1.800000000000e+06 0.000000000000e+00 -8.752000000000e-01 -8.752000000000e-01 0.000000000000e+00 0.000000000000e+00 0.000000000000e+00 -0.000000000000e+00 9.124534581281e-03 0.000000000000e+00 0.000000000000e+00 0.000000000000e+00 0.000000000000e+00 0.000000000000e+00 0.000000000000e+00 
9.635000000000e+00 1.568775947072e-02 2.399903099764e-02 3.138894533774e-03 1.194679979046e+05 1.246874017455e+05 1.000000000000e+05 1.092088047847e+04 4.998899777532e+02 1.800000000000e+06 0.000000000000e+00 -8.752000000000e-01 -8.752000000000e-01 0.000000000000e+00 0.000000000000e+00 0.000000000000e+00 -0.000000000000e+00 9.115367163567e-03 0.000000000000e+00 0.000000000000e+00 0.000000000000e+00 0.000000000000e+00 0.000000000000e+00 0.000000000000e+00 
9.640000000000e+00 1.567232083829e-02 2.374791822510e-02 3.070885479640e-03 1.193174578664e+05 1.244313222927e+05 1.000000000000e+05 1.092357366403e+04 5.002708874656e+02 1.800000000000e+06 0.000000000000e+00 -8.752000000000e-01 -8.752000000000e-01 0.000000000000e+00 0.000000000000e+00 0.000000000000e+00 -0.000000000000e+00 9.106396551580e-03 0.000000000000e+00 0.000000000000e+00 0.000000000000e+00 0.000000000000e+00 0.000000000000e+00 0.000000000000e+00 
9.645000000000e+00 1.565722274048e-02 2.350021963653e-02 3.002666949725e-03 1.191727729005e+05 1.241802691065e+05 1.000000000000e+05 1.092621046623e+04 5.006439049507e+02 1.800000000000e+06 0.000000000000e+00 -8.752000000000e-01 -8.752000000000e-01 0.000000000000e+00 0.000000000000e+00 0.000000000000e+00 -0.000000000000e+00 9.097623807120e-03 0.000000000000e+00 0.000000000000e+00 0.000000000000e+00 0.000000000000e+00 0.000000000000e+00 0.000000000000e+00 
9.650000000000e+00 1.564246513758e-02 2.325882630585e-02 2.934616526250e-03 1.190333441827e+05 1.239342812454e+05 1.000000000000e+05 1.092879072490e+04 5.010089982789e+02 1.800000000000e+06 0.000000000000e+00 -8.752000000000e-01 -8.752000000000e-01 0.000000000000e+00 0.000000000000e+00 0.000000000000e+00 -0.000000000000e+00 9.089048907104e-03 0.000000000000e+00 0.000000000000e+00 0.000000000000e+00 0.000000000000e+00 0.000000000000e+00 0.000000000000e+00 
9.655000000000e+00 1.562804616103e-02 2.302602409371e-02 2.867091726135e-03 1.188985706461e+05 1.236933664820e+05 1.000000000000e+05 1.093131460313e+04 5.013661814705e+02 1.800000000000e+06 0.000000000000e+00 -8.752000000000e-01 -8.752000000000e-01 0.000000000000e+00 0.000000000000e+00 0.000000000000e+00 -0.000000000000e+00 9.080670765816e-03 0.000000000000e+00 0.000000000000e+00 0.000000000000e+00 0.000000000000e+00 0.000000000000e+00 0.000000000000e+00 
9.660000000000e+00 1.561396241040e-02 2.280318117003e-02 2.800406457288e-03 1.187678936588e+05 1.234575059161e+05 1.000000000000e+05 1.093378253427e+04 5.017155074215e+02 1.800000000000e+06 0.000000000000e+00 -8.752000000000e-01 -8.752000000000e-01 0.000000000000e+00 0.000000000000e+00 0.000000000000e+00 -0.000000000000e+00 9.072487329666e-03 0.000000000000e+00 0.000000000000e+00 0.000000000000e+00 0.000000000000e+00 0.000000000000e+00 0.000000000000e+00 
9.665000000000e+00 1.560020857127e-02 2.259102852460e-02 2.734801430231e-03 1.186408404984e+05 1.232266472692e+05 1.000000000000e+05 1.093619528731e+04 5.020570776280e+02 1.800000000000e+06 0.000000000000e+00 -8.752000000000e-01 -8.752000000000e-01 0.000000000000e+00 0.000000000000e+00 0.000000000000e+00 -0.000000000000e+00 9.064495672361e-03 0.000000000000e+00 0.000000000000e+00 0.000000000000e+00 0.000000000000e+00 0.000000000000e+00 0.000000000000e+00 
9.670000000000e+00 1.558677863586e-02 2.238973010315e-02 2.670518754669e-03 1.185169208860e+05 1.230007251020e+05 1.000000000000e+05 1.093855376174e+04 5.023910120917e+02 1.800000000000e+06 0.000000000000e+00 -8.752000000000e-01 -8.752000000000e-01 0.000000000000e+00 0.000000000000e+00 0.000000000000e+00 -0.000000000000e+00 9.056692218649e-03 0.000000000000e+00 0.000000000000e+00 0.000000000000e+00 0.000000000000e+00 0.000000000000e+00 0.000000000000e+00 
9.675000000000e+00 1.557366488237e-02 2.219946368352e-02 2.607907961499e-03 1.183954311315e+05 1.227796434947e+05 1.000000000000e+05 1.094085917977e+04 5.027174748164e+02 1.800000000000e+06 0.000000000000e+00 -8.752000000000e-01 -8.752000000000e-01 0.000000000000e+00 0.000000000000e+00 0.000000000000e+00 -0.000000000000e+00 9.049072481837e-03 0.000000000000e+00 0.000000000000e+00 0.000000000000e+00 0.000000000000e+00 0.000000000000e+00 0.000000000000e+00 
9.680000000000e+00 1.556085820635e-02 2.201980326953e-02 2.547244182900e-03 1.182757647179e+05 1.225632813835e+05 1.000000000000e+05 1.094311300905e+04 5.030366657589e+02 1.800000000000e+06 0.000000000000e+00 -8.752000000000e-01 -8.752000000000e-01 0.000000000000e+00 0.000000000000e+00 0.000000000000e+00 -0.000000000000e+00 9.041631171840e-03 0.000000000000e+00 0.000000000000e+00 0.000000000000e+00 0.000000000000e+00 0.000000000000e+00 0.000000000000e+00 
9.685000000000e+00 1.554834821797e-02 2.185029083662e-02 2.488772694885e-03 1.181573396997e+05 1.223514940182e+05 1.000000000000e+05 1.094531695133e+04 5.033488185531e+02 1.800000000000e+06 0.000000000000e+00 -8.752000000000e-01 -8.752000000000e-01 0.000000000000e+00 0.000000000000e+00 0.000000000000e+00 -0.000000000000e+00 9.034362251690e-03 0.000000000000e+00 0.000000000000e+00 0.000000000000e+00 0.000000000000e+00 0.000000000000e+00 0.000000000000e+00 
9.690000000000e+00 1.553612339121e-02 2.169001154878e-02 2.432709976261e-03 1.180395998036e+05 1.221441153357e+05 1.000000000000e+05 1.094747291693e+04 5.036541969077e+02 1.800000000000e+06 0.000000000000e+00 -8.752000000000e-01 -8.752000000000e-01 0.000000000000e+00 0.000000000000e+00 0.000000000000e+00 -0.000000000000e+00 9.027259024234e-03 0.000000000000e+00 0.000000000000e+00 0.000000000000e+00 0.000000000000e+00 0.000000000000e+00 0.000000000000e+00 
9.695000000000e+00 1.552417121635e-02 2.153753348966e-02 2.379246624684e-03 1.179220124403e+05 1.219409604312e+05 1.000000000000e+05 1.094958299866e+04 5.039530908865e+02 1.800000000000e+06 0.000000000000e+00 -8.752000000000e-01 -8.752000000000e-01 0.000000000000e+00 0.000000000000e+00 0.000000000000e+00 -0.000000000000e+00 9.020314220748e-03 0.000000000000e+00 0.000000000000e+00 0.000000000000e+00 0.000000000000e+00 0.000000000000e+00 0.000000000000e+00 
9.700000000000e+00 1.551247810633e-02 2.139210053612e-02 2.328609552516e-03 1.178039621453e+05 1.217418238728e+05 1.000000000000e+05 1.095164949572e+04 5.042458193240e+02 1.800000000000e+06 0.000000000000e+00 -8.752000000000e-01 -8.752000000000e-01 0.000000000000e+00 0.000000000000e+00 0.000000000000e+00 -0.000000000000e+00 9.013519946500e-03 0.000000000000e+00 0.000000000000e+00 0.000000000000e+00 0.000000000000e+00 0.000000000000e+00 0.000000000000e+00 
9.705000000000e+00 1.550102936549e-02 2.125284806984e-02 2.281000783446e-03 1.176848532831e+05 1.215464790707e+05 1.000000000000e+05 1.095367491294e+04 5.045327306836e+02 1.800000000000e+06 0.000000000000e+00 -8.752000000000e-01 -8.752000000000e-01 0.000000000000e+00 0.000000000000e+00 0.000000000000e+00 -0.000000000000e+00 9.006867662612e-03 0.000000000000e+00 0.000000000000e+00 0.000000000000e+00 0.000000000000e+00 0.000000000000e+00 0.000000000000e+00 
9.710000000000e+00 1.548980962007e-02 2.111802872969e-02 2.236548011906e-03 1.175642015662e+05 1.213546855472e+05 1.000000000000e+05 1.095566187924e+04 5.048141923277e+02 1.800000000000e+06 0.000000000000e+00 -8.752000000000e-01 -8.752000000000e-01 0.000000000000e+00 0.000000000000e+00 0.000000000000e+00 -0.000000000000e+00 9.000348436190e-03 0.000000000000e+00 0.000000000000e+00 0.000000000000e+00 0.000000000000e+00 0.000000000000e+00 0.000000000000e+00 
9.715000000000e+00 1.547880270747e-02 2.098624115587e-02 2.195400421112e-03 1.174414702292e+05 1.211661870146e+05 1.000000000000e+05 1.095761317805e+04 5.050905933153e+02 1.800000000000e+06 0.000000000000e+00 -8.752000000000e-01 -8.752000000000e-01 0.000000000000e+00 0.000000000000e+00 0.000000000000e+00 -0.000000000000e+00 8.993952875990e-03 0.000000000000e+00 0.000000000000e+00 0.000000000000e+00 0.000000000000e+00 0.000000000000e+00 0.000000000000e+00 
9.720000000000e+00 1.546799161349e-02 2.085657155800e-02 2.157737929483e-03 1.173160529889e+05 1.209807102560e+05 1.000000000000e+05 1.095953175975e+04 5.053623460112e+02 1.800000000000e+06 0.000000000000e+00 -8.752000000000e-01 -8.752000000000e-01 0.000000000000e+00 0.000000000000e+00 0.000000000000e+00 -0.000000000000e+00 8.987671095939e-03 0.000000000000e+00 0.000000000000e+00 0.000000000000e+00 0.000000000000e+00 0.000000000000e+00 0.000000000000e+00 
9.725000000000e+00 1.545735856303e-02 2.072808332148e-02 2.123706799717e-03 1.171873847776e+05 1.207979666357e+05 1.000000000000e+05 1.096142071851e+04 5.056298838405e+02 1.800000000000e+06 0.000000000000e+00 -8.752000000000e-01 -8.752000000000e-01 0.000000000000e+00 0.000000000000e+00 0.000000000000e+00 -0.000000000000e+00 8.981492767830e-03 0.000000000000e+00 0.000000000000e+00 0.000000000000e+00 0.000000000000e+00 0.000000000000e+00 0.000000000000e+00 
9.730000000000e+00 1.544688510752e-02 2.059982453776e-02 2.093426542016e-03 1.170549317633e+05 1.206176535679e+05 1.000000000000e+05 1.096328327766e+04 5.058936591122e+02 1.800000000000e+06 0.000000000000e+00 -8.752000000000e-01 -8.752000000000e-01 0.000000000000e+00 0.000000000000e+00 0.000000000000e+00 -0.000000000000e+00 8.975407172160e-03 0.000000000000e+00 0.000000000000e+00 0.000000000000e+00 0.000000000000e+00 0.000000000000e+00 0.000000000000e+00 
9.735000000000e+00 1.543655221515e-02 2.047097226996e-02 2.067013868655e-03 1.169181522787e+05 1.204394560445e+05 1.000000000000e+05 1.096512277641e+04 5.061541407659e+02 1.800000000000e+06 0.000000000000e+00 -8.752000000000e-01 -8.752000000000e-01 0.000000000000e+00 0.000000000000e+00 0.000000000000e+00 -0.000000000000e+00 8.969403250502e-03 0.000000000000e+00 0.000000000000e+00 0.000000000000e+00 0.000000000000e+00 0.000000000000e+00 0.000000000000e+00 
9.740000000000e+00 1.542634031594e-02 2.034088657160e-02 2.044570131771e-03 1.167765189715e+05 1.202630473958e+05 1.000000000000e+05 1.096694266044e+04 5.064118132451e+02 1.800000000000e+06 0.000000000000e+00 -8.752000000000e-01 -8.752000000000e-01 0.000000000000e+00 0.000000000000e+00 0.000000000000e+00 -0.000000000000e+00 8.963469631751e-03 0.000000000000e+00 0.000000000000e+00 0.000000000000e+00 0.000000000000e+00 0.000000000000e+00 0.000000000000e+00 
9.745000000000e+00 1.541622938532e-02 2.020902808244e-02 2.026181431889e-03 1.166295201144e+05 1.200880907156e+05 1.000000000000e+05 1.096874646706e+04 5.066671744014e+02 1.800000000000e+06 0.000000000000e+00 -8.752000000000e-01 -8.752000000000e-01 0.000000000000e+00 0.000000000000e+00 0.000000000000e+00 -0.000000000000e+00 8.957594680642e-03 0.000000000000e+00 0.000000000000e+00 0.000000000000e+00 0.000000000000e+00 0.000000000000e+00 0.000000000000e+00 
9.750000000000e+00 1.540619902134e-02 2.007502042366e-02 2.011910600727e-03 1.164766746764e+05 1.199142401852e+05 1.000000000000e+05 1.097053781060e+04 5.069207335513e+02 1.800000000000e+06 0.000000000000e+00 -8.752000000000e-01 -8.752000000000e-01 0.000000000000e+00 0.000000000000e+00 0.000000000000e+00 -0.000000000000e+00 8.951766542648e-03 0.000000000000e+00 0.000000000000e+00 0.000000000000e+00 0.000000000000e+00 0.000000000000e+00 0.000000000000e+00 
9.755000000000e+00 1.539622854052e-02 1.993862957022e-02 2.001805552421e-03 1.163175197968e+05 1.197411427227e+05 1.000000000000e+05 1.097232036622e+04 5.071730090604e+02 1.800000000000e+06 0.000000000000e+00 -8.752000000000e-01 -8.752000000000e-01 0.000000000000e+00 0.000000000000e+00 0.000000000000e+00 -0.000000000000e+00 8.945973199642e-03 0.000000000000e+00 0.000000000000e+00 0.000000000000e+00 0.000000000000e+00 0.000000000000e+00 0.000000000000e+00 
9.760000000000e+00 1.538629708446e-02 1.979974896427e-02 1.995897505321e-03 1.161516157021e+05 1.195684398272e+05 1.000000000000e+05 1.097409785064e+04 5.074245256486e+02 1.800000000000e+06 0.000000000000e+00 -8.752000000000e-01 -8.752000000000e-01 0.000000000000e+00 0.000000000000e+00 0.000000000000e+00 -0.000000000000e+00 8.940202531874e-03 0.000000000000e+00 0.000000000000e+00 0.000000000000e+00 0.000000000000e+00 0.000000000000e+00 0.000000000000e+00 
9.765000000000e+00 1.537638364942e-02 1.965843839703e-02 1.994209971282e-03 1.159785308178e+05 1.193957680850e+05 1.000000000000e+05 1.097587401791e+04 5.076758136456e+02 1.800000000000e+06 0.000000000000e+00 -8.752000000000e-01 -8.752000000000e-01 0.000000000000e+00 0.000000000000e+00 0.000000000000e+00 -0.000000000000e+00 8.934442335125e-03 0.000000000000e+00 0.000000000000e+00 0.000000000000e+00 0.000000000000e+00 0.000000000000e+00 0.000000000000e+00 
9.770000000000e+00 1.536646717518e-02 1.951484517797e-02 1.996741758098e-03 1.157978724077e+05 1.192227607059e+05 1.000000000000e+05 1.097765264160e+04 5.079274067442e+02 1.800000000000e+06 0.000000000000e+00 -8.752000000000e-01 -8.752000000000e-01 0.000000000000e+00 0.000000000000e+00 0.000000000000e+00 -0.000000000000e+00 8.928680372380e-03 0.000000000000e+00 0.000000000000e+00 0.000000000000e+00 0.000000000000e+00 0.000000000000e+00 0.000000000000e+00 
9.775000000000e+00 1.535652667996e-02 1.936927061693e-02 2.003460382241e-03 1.156093003281e+05 1.190490498658e+05 1.000000000000e+05 1.097943748987e+04 5.081798385850e+02 1.800000000000e+06 0.000000000000e+00 -8.752000000000e-01 -8.752000000000e-01 0.000000000000e+00 0.000000000000e+00 0.000000000000e+00 -0.000000000000e+00 8.922904452188e-03 0.000000000000e+00 0.000000000000e+00 0.000000000000e+00 0.000000000000e+00 0.000000000000e+00 0.000000000000e+00 
9.780000000000e+00 1.534654140977e-02 1.922215001585e-02 2.014318662325e-03 1.154125012805e+05 1.188742693126e+05 1.000000000000e+05 1.098123230057e+04 5.084336389637e+02 1.800000000000e+06 0.000000000000e+00 -8.752000000000e-01 -8.752000000000e-01 0.000000000000e+00 0.000000000000e+00 0.000000000000e+00 -0.000000000000e+00 8.917102515447e-03 0.000000000000e+00 0.000000000000e+00 0.000000000000e+00 0.000000000000e+00 0.000000000000e+00 0.000000000000e+00 
9.785000000000e+00 1.533649087201e-02 1.907394915697e-02 2.029260081731e-03 1.152071801687e+05 1.186980549566e+05 1.000000000000e+05 1.098304077576e+04 5.086893329730e+02 1.800000000000e+06 0.000000000000e+00 -8.752000000000e-01 -8.752000000000e-01 0.000000000000e+00 0.000000000000e+00 0.000000000000e+00 -0.000000000000e+00 8.911262654951e-03 0.000000000000e+00 0.000000000000e+00 0.000000000000e+00 0.000000000000e+00 0.000000000000e+00 0.000000000000e+00 
9.790000000000e+00 1.532635492168e-02 1.892519273680e-02 2.048203750660e-03 1.149930874723e+05 1.185200463762e+05 1.000000000000e+05 1.098486656452e+04 5.089474388116e+02 1.800000000000e+06 0.000000000000e+00 -8.752000000000e-01 -8.752000000000e-01 0.000000000000e+00 0.000000000000e+00 0.000000000000e+00 -0.000000000000e+00 8.905373165453e-03 0.000000000000e+00 0.000000000000e+00 0.000000000000e+00 0.000000000000e+00 0.000000000000e+00 0.000000000000e+00 
9.795000000000e+00 1.531611386655e-02 1.877638247124e-02 2.071048334796e-03 1.147700144391e+05 1.183398886638e+05 1.000000000000e+05 1.098671324446e+04 5.092084651039e+02 1.800000000000e+06 0.000000000000e+00 -8.752000000000e-01 -8.752000000000e-01 0.000000000000e+00 0.000000000000e+00 0.000000000000e+00 -0.000000000000e+00 8.899422604799e-03 0.000000000000e+00 0.000000000000e+00 0.000000000000e+00 0.000000000000e+00 0.000000000000e+00 0.000000000000e+00 
9.800000000000e+00 1.530574854326e-02 1.862814269458e-02 2.097680237197e-03 1.145377803990e+05 1.181572337662e+05 1.000000000000e+05 1.098858430890e+04 5.094729089569e+02 1.800000000000e+06 0.000000000000e+00 -8.752000000000e-01 -8.752000000000e-01 0.000000000000e+00 0.000000000000e+00 0.000000000000e+00 -0.000000000000e+00 8.893399838125e-03 0.000000000000e+00 0.000000000000e+00 0.000000000000e+00 0.000000000000e+00 0.000000000000e+00 0.000000000000e+00 
9.805000000000e+00 1.529524041163e-02 1.848109631871e-02 2.127966457822e-03 1.142962468099e+05 1.179717421517e+05 1.000000000000e+05 1.099048314902e+04 5.097412535468e+02 1.800000000000e+06 0.000000000000e+00 -8.752000000000e-01 -8.752000000000e-01 0.000000000000e+00 0.000000000000e+00 0.000000000000e+00 -0.000000000000e+00 8.887294092676e-03 0.000000000000e+00 0.000000000000e+00 0.000000000000e+00 0.000000000000e+00 0.000000000000e+00 0.000000000000e+00 
9.810000000000e+00 1.528457164219e-02 1.833593950215e-02 2.161757168137e-03 1.140453144874e+05 1.177830843663e+05 1.000000000000e+05 1.099241303828e+04 5.100139658723e+02 1.800000000000e+06 0.000000000000e+00 -8.752000000000e-01 -8.752000000000e-01 0.000000000000e+00 0.000000000000e+00 0.000000000000e+00 -0.000000000000e+00 8.881095008634e-03 0.000000000000e+00 0.000000000000e+00 0.000000000000e+00 0.000000000000e+00 0.000000000000e+00 0.000000000000e+00 
9.815000000000e+00 1.527372522644e-02 1.819325348016e-02 2.198876633969e-03 1.137849414242e+05 1.175909430047e+05 1.000000000000e+05 1.099437711134e+04 5.102914939158e+02 1.800000000000e+06 0.000000000000e+00 -8.752000000000e-01 -8.752000000000e-01 0.000000000000e+00 0.000000000000e+00 0.000000000000e+00 -0.000000000000e+00 8.874792703223e-03 0.000000000000e+00 0.000000000000e+00 0.000000000000e+00 0.000000000000e+00 0.000000000000e+00 0.000000000000e+00 
9.820000000000e+00 1.526268504695e-02 1.805357058202e-02 2.239144396212e-03 1.135151075955e+05 1.173950139836e+05 1.000000000000e+05 1.099637835362e+04 5.105742648214e+02 1.800000000000e+06 0.000000000000e+00 -8.752000000000e-01 -8.752000000000e-01 0.000000000000e+00 0.000000000000e+00 0.000000000000e+00 -0.000000000000e+00 8.868377811419e-03 0.000000000000e+00 0.000000000000e+00 0.000000000000e+00 0.000000000000e+00 0.000000000000e+00 0.000000000000e+00 
9.825000000000e+00 1.525143593512e-02 1.791740850424e-02 2.282362551817e-03 1.132358381476e+05 1.171950076082e+05 1.000000000000e+05 1.099841958915e+04 5.108626833796e+02 1.800000000000e+06 0.000000000000e+00 -8.752000000000e-01 -8.752000000000e-01 0.000000000000e+00 0.000000000000e+00 0.000000000000e+00 -0.000000000000e+00 8.861841519519e-03 0.000000000000e+00 0.000000000000e+00 0.000000000000e+00 0.000000000000e+00 0.000000000000e+00 0.000000000000e+00 
9.830000000000e+00 1.523996373258e-02 1.778524303771e-02 2.328318872401e-03 1.129471993313e+05 1.169906497137e+05 1.000000000000e+05 1.100050346952e+04 5.111571304092e+02 1.800000000000e+06 0.000000000000e+00 -8.752000000000e-01 -8.752000000000e-01 0.000000000000e+00 0.000000000000e+00 0.000000000000e+00 -0.000000000000e+00 8.855175600802e-03 0.000000000000e+00 0.000000000000e+00 0.000000000000e+00 0.000000000000e+00 0.000000000000e+00 0.000000000000e+00 
9.835000000000e+00 1.522825532139e-02 1.765753622015e-02 2.376796786562e-03 1.126492819407e+05 1.167816822666e+05 1.000000000000e+05 1.100263246921e+04 5.114579619287e+02 1.800000000000e+06 0.000000000000e+00 -8.752000000000e-01 -8.752000000000e-01 0.000000000000e+00 0.000000000000e+00 0.000000000000e+00 -0.000000000000e+00 8.848372433089e-03 0.000000000000e+00 0.000000000000e+00 0.000000000000e+00 0.000000000000e+00 0.000000000000e+00 0.000000000000e+00 
9.840000000000e+00 1.521629867453e-02 1.753472801350e-02 2.427584087624e-03 1.123421872590e+05 1.165678643383e+05 1.000000000000e+05 1.100480887703e+04 5.117655077964e+02 1.800000000000e+06 0.000000000000e+00 -8.752000000000e-01 -8.752000000000e-01 0.000000000000e+00 0.000000000000e+00 0.000000000000e+00 -0.000000000000e+00 8.841425028100e-03 0.000000000000e+00 0.000000000000e+00 0.000000000000e+00 0.000000000000e+00 0.000000000000e+00 0.000000000000e+00 
9.845000000000e+00 1.520408293753e-02 1.741710648475e-02 2.480437695099e-03 1.120260900928e+05 1.163489736538e+05 1.000000000000e+05 1.100703477674e+04 5.120800695377e+02 1.800000000000e+06 0.000000000000e+00 -8.752000000000e-01 -8.752000000000e-01 0.000000000000e+00 0.000000000000e+00 0.000000000000e+00 -0.000000000000e+00 8.834327078840e-03 0.000000000000e+00 0.000000000000e+00 0.000000000000e+00 0.000000000000e+00 0.000000000000e+00 0.000000000000e+00 
9.850000000000e+00 1.519159849337e-02 1.730504671755e-02 2.535106772722e-03 1.117012001703e+05 1.161248078672e+05 1.000000000000e+05 1.100931203737e+04 5.124019185785e+02 1.800000000000e+06 0.000000000000e+00 -8.752000000000e-01 -8.752000000000e-01 0.000000000000e+00 0.000000000000e+00 0.000000000000e+00 -0.000000000000e+00 8.827072997341e-03 0.000000000000e+00 0.000000000000e+00 0.000000000000e+00 0.000000000000e+00 0.000000000000e+00 0.000000000000e+00 
9.855000000000e+00 1.517883693359e-02 1.719880123970e-02 2.591348749911e-03 1.113677339692e+05 1.158951841730e+05 1.000000000000e+05 1.101164231954e+04 5.127312968833e+02 1.800000000000e+06 0.000000000000e+00 -8.752000000000e-01 -8.752000000000e-01 0.000000000000e+00 0.000000000000e+00 0.000000000000e+00 -0.000000000000e+00 8.819657897881e-03 0.000000000000e+00 0.000000000000e+00 0.000000000000e+00 0.000000000000e+00 0.000000000000e+00 0.000000000000e+00 
9.860000000000e+00 1.516579108858e-02 1.709857280214e-02 2.648912593408e-03 1.110259447406e+05 1.156599399906e+05 1.000000000000e+05 1.101402706732e+04 5.130684160582e+02 1.800000000000e+06 0.000000000000e+00 -8.752000000000e-01 -8.752000000000e-01 0.000000000000e+00 0.000000000000e+00 0.000000000000e+00 -0.000000000000e+00 8.812077614558e-03 0.000000000000e+00 0.000000000000e+00 0.000000000000e+00 0.000000000000e+00 0.000000000000e+00 0.000000000000e+00 
9.865000000000e+00 1.515245504150e-02 1.700445714072e-02 2.707546842047e-03 1.106761091128e+05 1.154189333744e+05 1.000000000000e+05 1.101646750578e+04 5.134134568602e+02 1.800000000000e+06 0.000000000000e+00 -8.752000000000e-01 -8.752000000000e-01 0.000000000000e+00 0.000000000000e+00 0.000000000000e+00 -0.000000000000e+00 8.804328709387e-03 0.000000000000e+00 0.000000000000e+00 0.000000000000e+00 0.000000000000e+00 0.000000000000e+00 0.000000000000e+00 
9.870000000000e+00 1.513882415531e-02 1.691626577303e-02 2.766981639639e-03 1.103185594746e+05 1.151720436809e+05 1.000000000000e+05 1.101896463304e+04 5.137665683513e+02 1.800000000000e+06 0.000000000000e+00 -8.752000000000e-01 -8.752000000000e-01 0.000000000000e+00 0.000000000000e+00 0.000000000000e+00 -0.000000000000e+00 8.796408488029e-03 0.000000000000e+00 0.000000000000e+00 0.000000000000e+00 0.000000000000e+00 0.000000000000e+00 0.000000000000e+00 
9.875000000000e+00 1.512489512220e-02 1.683395931942e-02 2.826976929424e-03 1.099536008589e+05 1.149191726650e+05 1.000000000000e+05 1.102151921573e+04 5.141278664552e+02 1.800000000000e+06 0.000000000000e+00 -8.752000000000e-01 -8.752000000000e-01 0.000000000000e+00 0.000000000000e+00 0.000000000000e+00 -0.000000000000e+00 8.788315028482e-03 0.000000000000e+00 0.000000000000e+00 0.000000000000e+00 0.000000000000e+00 0.000000000000e+00 0.000000000000e+00 
9.880000000000e+00 1.511066585886e-02 1.675735298718e-02 2.887302272623e-03 1.095815445551e+05 1.146602427987e+05 1.000000000000e+05 1.102413180472e+04 5.144974364939e+02 1.800000000000e+06 0.000000000000e+00 -8.752000000000e-01 -8.752000000000e-01 0.000000000000e+00 0.000000000000e+00 0.000000000000e+00 -0.000000000000e+00 8.780047120235e-03 0.000000000000e+00 0.000000000000e+00 0.000000000000e+00 0.000000000000e+00 0.000000000000e+00 0.000000000000e+00 
9.885000000000e+00 1.509613549732e-02 1.668671266343e-02 2.947688868844e-03 1.092027927558e+05 1.143951973276e+05 1.000000000000e+05 1.102680273007e+04 5.148753332449e+02 1.800000000000e+06 0.000000000000e+00 -8.752000000000e-01 -8.752000000000e-01 0.000000000000e+00 0.000000000000e+00 0.000000000000e+00 -0.000000000000e+00 8.771604258963e-03 0.000000000000e+00 0.000000000000e+00 0.000000000000e+00 0.000000000000e+00 0.000000000000e+00 0.000000000000e+00 
9.890000000000e+00 1.508130438460e-02 1.662191509134e-02 3.007889662709e-03 1.088177334522e+05 1.141240005035e+05 1.000000000000e+05 1.102953210685e+04 5.152615807571e+02 1.800000000000e+06 0.000000000000e+00 -8.752000000000e-01 -8.752000000000e-01 0.000000000000e+00 0.000000000000e+00 0.000000000000e+00 -0.000000000000e+00 8.762986646299e-03 0.000000000000e+00 0.000000000000e+00 0.000000000000e+00 0.000000000000e+00 0.000000000000e+00 0.000000000000e+00 
9.895000000000e+00 1.506617410247e-02 1.656276120436e-02 3.067667359010e-03 1.084267621777e+05 1.138466382051e+05 1.000000000000e+05 1.103231982875e+04 5.156561716271e+02 1.800000000000e+06 0.000000000000e+00 -8.752000000000e-01 -8.752000000000e-01 0.000000000000e+00 0.000000000000e+00 0.000000000000e+00 -0.000000000000e+00 8.754195201329e-03 0.000000000000e+00 0.000000000000e+00 0.000000000000e+00 0.000000000000e+00 0.000000000000e+00 0.000000000000e+00 
9.900000000000e+00 1.505074740036e-02 1.650906928056e-02 3.126788953804e-03 1.080302907792e+05 1.135631169856e+05 1.000000000000e+05 1.103516557837e+04 5.160590685248e+02 1.800000000000e+06 0.000000000000e+00 -8.752000000000e-01 -8.752000000000e-01 0.000000000000e+00 0.000000000000e+00 0.000000000000e+00 -0.000000000000e+00 8.745231521611e-03 0.000000000000e+00 0.000000000000e+00 0.000000000000e+00 0.000000000000e+00 0.000000000000e+00 0.000000000000e+00 
9.905000000000e+00 1.503502816731e-02 1.646059518184e-02 3.185029559771e-03 1.076287405365e+05 1.132734638401e+05 1.000000000000e+05 1.103806883146e+04 5.164702047000e+02 1.800000000000e+06 0.000000000000e+00 -8.752000000000e-01 -8.752000000000e-01 0.000000000000e+00 0.000000000000e+00 0.000000000000e+00 -0.000000000000e+00 8.736097866877e-03 0.000000000000e+00 0.000000000000e+00 0.000000000000e+00 0.000000000000e+00 0.000000000000e+00 0.000000000000e+00 
9.910000000000e+00 1.501902139028e-02 1.641707375472e-02 3.242173620080e-03 1.072225395961e+05 1.129777257305e+05 1.000000000000e+05 1.104102886316e+04 5.168894848377e+02 1.800000000000e+06 0.000000000000e+00 -8.752000000000e-01 -8.752000000000e-01 0.000000000000e+00 0.000000000000e+00 0.000000000000e+00 -0.000000000000e+00 8.726797134794e-03 0.000000000000e+00 0.000000000000e+00 0.000000000000e+00 0.000000000000e+00 0.000000000000e+00 0.000000000000e+00 
9.915000000000e+00 1.500273310509e-02 1.637821992110e-02 3.298015038344e-03 1.068121221622e+05 1.126759689803e+05 1.000000000000e+05 1.104404475566e+04 5.173167861027e+02 1.800000000000e+06 0.000000000000e+00 -8.752000000000e-01 -8.752000000000e-01 0.000000000000e+00 0.000000000000e+00 0.000000000000e+00 -0.000000000000e+00 8.717332832474e-03 0.000000000000e+00 0.000000000000e+00 0.000000000000e+00 0.000000000000e+00 0.000000000000e+00 0.000000000000e+00 
9.920000000000e+00 1.498617034640e-02 1.634373859889e-02 3.352357342619e-03 1.063979275939e+05 1.123682786526e+05 1.000000000000e+05 1.104711540585e+04 5.177519592096e+02 1.800000000000e+06 0.000000000000e+00 -8.752000000000e-01 -8.752000000000e-01 0.000000000000e+00 0.000000000000e+00 0.000000000000e+00 -0.000000000000e+00 8.707709047409e-03 0.000000000000e+00 0.000000000000e+00 0.000000000000e+00 0.000000000000e+00 0.000000000000e+00 0.000000000000e+00 
9.925000000000e+00 1.496934110290e-02 1.631331856384e-02 3.405013618502e-03 1.059803999935e+05 1.120547580251e+05 1.000000000000e+05 1.105023953214e+04 5.181948293558e+02 1.800000000000e+06 0.000000000000e+00 -8.752000000000e-01 -8.752000000000e-01 0.000000000000e+00 0.000000000000e+00 0.000000000000e+00 -0.000000000000e+00 8.697930421424e-03 0.000000000000e+00 0.000000000000e+00 0.000000000000e+00 0.000000000000e+00 0.000000000000e+00 0.000000000000e+00 
9.930000000000e+00 1.495225425938e-02 1.628663549660e-02 3.455810150390e-03 1.055599809015e+05 1.117355278215e+05 1.000000000000e+05 1.105341568403e+04 5.186451974999e+02 1.800000000000e+06 0.000000000000e+00 -8.752000000000e-01 -8.752000000000e-01 0.000000000000e+00 0.000000000000e+00 0.000000000000e+00 -0.000000000000e+00 8.688002117030e-03 0.000000000000e+00 0.000000000000e+00 0.000000000000e+00 0.000000000000e+00 0.000000000000e+00 0.000000000000e+00 
9.935000000000e+00 1.493491954261e-02 1.626337407688e-02 3.504582485802e-03 1.051371155351e+05 1.114107255078e+05 1.000000000000e+05 1.105664225022e+04 5.191028415463e+02 1.800000000000e+06 0.000000000000e+00 -8.752000000000e-01 -8.752000000000e-01 0.000000000000e+00 0.000000000000e+00 0.000000000000e+00 -0.000000000000e+00 8.677929785955e-03 0.000000000000e+00 0.000000000000e+00 0.000000000000e+00 0.000000000000e+00 0.000000000000e+00 0.000000000000e+00 
9.940000000000e+00 1.491734743236e-02 1.624320154089e-02 3.551178187213e-03 1.047122464047e+05 1.110805039275e+05 1.000000000000e+05 1.105991747395e+04 5.195675184557e+02 1.800000000000e+06 0.000000000000e+00 -8.752000000000e-01 -8.752000000000e-01 0.000000000000e+00 0.000000000000e+00 0.000000000000e+00 -0.000000000000e+00 8.667719517474e-03 0.000000000000e+00 0.000000000000e+00 0.000000000000e+00 0.000000000000e+00 0.000000000000e+00 0.000000000000e+00 
9.945000000000e+00 1.489954900888e-02 1.622579765705e-02 3.595457555199e-03 1.042858092396e+05 1.107450287178e+05 1.000000000000e+05 1.106323948009e+04 5.200389680571e+02 1.800000000000e+06 0.000000000000e+00 -8.752000000000e-01 -8.752000000000e-01 0.000000000000e+00 0.000000000000e+00 0.000000000000e+00 -0.000000000000e+00 8.657377749761e-03 0.000000000000e+00 0.000000000000e+00 0.000000000000e+00 0.000000000000e+00 0.000000000000e+00 0.000000000000e+00 
9.950000000000e+00 1.488153614852e-02 1.621085625710e-02 3.637298396857e-03 1.038582283711e+05 1.104044822735e+05 1.000000000000e+05 1.106660623794e+04 5.205169076503e+02 1.800000000000e+06 0.000000000000e+00 -8.752000000000e-01 -8.752000000000e-01 0.000000000000e+00 0.000000000000e+00 0.000000000000e+00 -0.000000000000e+00 8.646911383567e-03 0.000000000000e+00 0.000000000000e+00 0.000000000000e+00 0.000000000000e+00 0.000000000000e+00 0.000000000000e+00 
9.955000000000e+00 1.486332133376e-02 1.619806150301e-02 3.676586226135e-03 1.034299307749e+05 1.100590604632e+05 1.000000000000e+05 1.107001559400e+04 5.210010368062e+02 1.800000000000e+06 0.000000000000e+00 -8.752000000000e-01 -8.752000000000e-01 0.000000000000e+00 0.000000000000e+00 0.000000000000e+00 -0.000000000000e+00 8.636327671837e-03 0.000000000000e+00 0.000000000000e+00 0.000000000000e+00 0.000000000000e+00 0.000000000000e+00 0.000000000000e+00 
9.960000000000e+00 1.484491760175e-02 1.618710743257e-02 3.713194478731e-03 1.030013809897e+05 1.097089719237e+05 1.000000000000e+05 1.107346527802e+04 5.214910385261e+02 1.800000000000e+06 0.000000000000e+00 -8.752000000000e-01 -8.752000000000e-01 0.000000000000e+00 0.000000000000e+00 0.000000000000e+00 -0.000000000000e+00 8.625634189795e-03 0.000000000000e+00 0.000000000000e+00 0.000000000000e+00 0.000000000000e+00 0.000000000000e+00 0.000000000000e+00 
9.965000000000e+00 1.482633845836e-02 1.617764978672e-02 3.747057314925e-03 1.025729481596e+05 1.093544366825e+05 1.000000000000e+05 1.107695292640e+04 5.219865813301e+02 1.800000000000e+06 0.000000000000e+00 -8.752000000000e-01 -8.752000000000e-01 0.000000000000e+00 0.000000000000e+00 0.000000000000e+00 -0.000000000000e+00 8.614838785027e-03 0.000000000000e+00 0.000000000000e+00 0.000000000000e+00 0.000000000000e+00 0.000000000000e+00 0.000000000000e+00 
9.970000000000e+00 1.480759777277e-02 1.616941528723e-02 3.778108546517e-03 1.021450139049e+05 1.089956843788e+05 1.000000000000e+05 1.108047609366e+04 5.224873218908e+02 1.800000000000e+06 0.000000000000e+00 -8.752000000000e-01 -8.752000000000e-01 0.000000000000e+00 0.000000000000e+00 0.000000000000e+00 -0.000000000000e+00 8.603949516218e-03 0.000000000000e+00 0.000000000000e+00 0.000000000000e+00 0.000000000000e+00 0.000000000000e+00 0.000000000000e+00 
9.975000000000e+00 1.478870974124e-02 1.616211990740e-02 3.806288700607e-03 1.017179589738e+05 1.086329537778e+05 1.000000000000e+05 1.108403225918e+04 5.229929058438e+02 1.800000000000e+06 0.000000000000e+00 -8.752000000000e-01 -8.752000000000e-01 0.000000000000e+00 0.000000000000e+00 0.000000000000e+00 -0.000000000000e+00 8.592974632103e-03 0.000000000000e+00 0.000000000000e+00 0.000000000000e+00 0.000000000000e+00 0.000000000000e+00 0.000000000000e+00 
9.980000000000e+00 1.476968881762e-02 1.615548815148e-02 3.831552462038e-03 1.012921483684e+05 1.082664916289e+05 1.000000000000e+05 1.108761884020e+04 5.235029695011e+02 1.800000000000e+06 0.000000000000e+00 -8.752000000000e-01 -8.752000000000e-01 0.000000000000e+00 0.000000000000e+00 0.000000000000e+00 -0.000000000000e+00 8.581922531079e-03 0.000000000000e+00 0.000000000000e+00 0.000000000000e+00 0.000000000000e+00 0.000000000000e+00 0.000000000000e+00 
9.985000000000e+00 1.475054964930e-02 1.614926573623e-02 3.853866770472e-03 1.008679334266e+05 1.078965516040e+05 1.000000000000e+05 1.109123320290e+04 5.240171414396e+02 1.800000000000e+06 0.000000000000e+00 -8.752000000000e-01 -8.752000000000e-01 0.000000000000e+00 0.000000000000e+00 0.000000000000e+00 -0.000000000000e+00 8.570801724015e-03 0.000000000000e+00 0.000000000000e+00 0.000000000000e+00 0.000000000000e+00 0.000000000000e+00 0.000000000000e+00 
9.990000000000e+00 1.473130700291e-02 1.614325356810e-02 3.873209125969e-03 1.004456533148e+05 1.075233930070e+05 1.000000000000e+05 1.109487267559e+04 5.245350443899e+02 1.800000000000e+06 0.000000000000e+00 -8.752000000000e-01 -8.752000000000e-01 0.000000000000e+00 0.000000000000e+00 0.000000000000e+00 -0.000000000000e+00 8.559620791049e-03 0.000000000000e+00 0.000000000000e+00 0.000000000000e+00 0.000000000000e+00 0.000000000000e+00 0.000000000000e+00 
9.995000000000e+00 1.471197571772e-02 1.613726195459e-02 3.889576120469e-03 1.000256183495e+05 1.071472799935e+05 1.000000000000e+05 1.109853455799e+04 5.250562963997e+02 1.800000000000e+06 0.000000000000e+00 -8.752000000000e-01 -8.752000000000e-01 0.000000000000e+00 0.000000000000e+00 0.000000000000e+00 -0.000000000000e+00 8.548388354542e-03 0.000000000000e+00 0.000000000000e+00 0.000000000000e+00 0.000000000000e+00 0.000000000000e+00 0.000000000000e+00 
1.000000000000e+01 1.469257065045e-02 1.613102238500e-02 3.902970353482e-03 9.960813258280e+04 1.067684805983e+05 1.000000000000e+05 1.110221612967e+04 5.255805122502e+02 1.800000000000e+06 0.000000000000e+00 -8.752000000000e-01 -8.752000000000e-01 0.000000000000e+00 0.000000000000e+00 0.000000000000e+00 -0.000000000000e+00 8.537113046981e-03 0.000000000000e+00 0.000000000000e+00 0.000000000000e+00 0.000000000000e+00 0.000000000000e+00 0.000000000000e+00 
