9.000000000000e+00 1.850367203706e-02 -5.708056352530e-02 2.980673248804e-03 1.009492536150e+05 9.923394733518e+04 1.028810246215e+05 5.262115302333e+03 6.539621964288e+02 2.600000000000e+06 0.000000000000e+00 -8.752000000000e-01 -8.752000000000e-01 0.000000000000e+00 0.000000000000e+00 0.000000000000e+00 -0.000000000000e+00 2.366623992175e-02 0.000000000000e+00 0.000000000000e+00 0.000000000000e+00 0.000000000000e+00 0.000000000000e+00 0.000000000000e+00 
9.005000000000e+00 1.848929344548e-02 -5.688801784959e-02 2.962816002788e-03 1.006090172238e+05 9.890813070140e+04 1.028609729673e+05 5.263148569789e+03 6.541806271167e+02 2.600000000000e+06 0.000000000000e+00 -8.752000000000e-01 -8.752000000000e-01 0.000000000000e+00 0.000000000000e+00 0.000000000000e+00 -0.000000000000e+00 2.364784164017e-02 0.000000000000e+00 0.000000000000e+00 0.000000000000e+00 0.000000000000e+00 0.000000000000e+00 0.000000000000e+00 
9.010000000000e+00 1.847500316241e-02 -5.669512353907e-02 2.944825548894e-03 1.002704827213e+05 9.858368722304e+04 1.028411758698e+05 5.264176635258e+03 6.543992188317e+02 2.600000000000e+06 0.000000000000e+00 -8.752000000000e-01 -8.752000000000e-01 0.000000000000e+00 0.000000000000e+00 0.000000000000e+00 -0.000000000000e+00 2.362955626101e-02 0.000000000000e+00 0.000000000000e+00 0.000000000000e+00 0.000000000000e+00 0.000000000000e+00 0.000000000000e+00 
9.015000000000e+00 1.846080156326e-02 -5.650183594370e-02 2.926800174913e-03 9.993362753164e+04 9.826063546847e+04 1.028216306050e+05 5.265199456460e+03 6.546179315850e+02 2.600000000000e+06 0.000000000000e+00 -8.752000000000e-01 -8.752000000000e-01 0.000000000000e+00 0.000000000000e+00 0.000000000000e+00 -0.000000000000e+00 2.361138429028e-02 0.000000000000e+00 0.000000000000e+00 0.000000000000e+00 0.000000000000e+00 0.000000000000e+00 0.000000000000e+00 
9.020000000000e+00 1.844668856226e-02 -5.630812998181e-02 2.908829061532e-03 9.959842136857e+04 9.793898353263e+04 1.028023338566e+05 5.266217023934e+03 6.548367328584e+02 2.600000000000e+06 0.000000000000e+00 -8.752000000000e-01 -8.752000000000e-01 0.000000000000e+00 0.000000000000e+00 0.000000000000e+00 -0.000000000000e+00 2.359332564019e-02 0.000000000000e+00 0.000000000000e+00 0.000000000000e+00 0.000000000000e+00 0.000000000000e+00 0.000000000000e+00 
9.025000000000e+00 1.843266364326e-02 -5.611398464616e-02 2.890995574131e-03 9.926482563081e+04 9.761872963967e+04 1.027832817777e+05 5.267229359172e+03 6.550555973542e+02 2.600000000000e+06 0.000000000000e+00 -8.752000000000e-01 -8.752000000000e-01 0.000000000000e+00 0.000000000000e+00 0.000000000000e+00 -0.000000000000e+00 2.357537967125e-02 0.000000000000e+00 0.000000000000e+00 0.000000000000e+00 0.000000000000e+00 0.000000000000e+00 0.000000000000e+00 
9.030000000000e+00 1.841872588991e-02 -5.591939388833e-02 2.873375804571e-03 9.893279465071e+04 9.729986274053e+04 1.027644700497e+05 5.268236512523e+03 6.552745067276e+02 2.600000000000e+06 0.000000000000e+00 -8.752000000000e-01 -8.752000000000e-01 0.000000000000e+00 0.000000000000e+00 0.000000000000e+00 -0.000000000000e+00 2.355754523234e-02 0.000000000000e+00 0.000000000000e+00 0.000000000000e+00 0.000000000000e+00 0.000000000000e+00 0.000000000000e+00 
9.035000000000e+00 1.840487404645e-02 -5.572436364647e-02 2.856029922233e-03 9.860228053404e+04 9.698236382162e+04 1.027458939786e+05 5.269238558477e+03 6.554934488104e+02 2.600000000000e+06 0.000000000000e+00 -8.752000000000e-01 -8.752000000000e-01 0.000000000000e+00 0.000000000000e+00 0.000000000000e+00 -0.000000000000e+00 2.353982073822e-02 0.000000000000e+00 0.000000000000e+00 0.000000000000e+00 0.000000000000e+00 0.000000000000e+00 0.000000000000e+00 
9.040000000000e+00 1.839110658132e-02 -5.552891128848e-02 2.839009325868e-03 9.827323186832e+04 9.666620729548e+04 1.027275485929e+05 5.270235591561e+03 6.557124167468e+02 2.600000000000e+06 0.000000000000e+00 -8.752000000000e-01 -8.752000000000e-01 0.000000000000e+00 0.000000000000e+00 0.000000000000e+00 -0.000000000000e+00 2.352220425083e-02 0.000000000000e+00 0.000000000000e+00 0.000000000000e+00 0.000000000000e+00 0.000000000000e+00 0.000000000000e+00 
9.045000000000e+00 1.837742172668e-02 -5.533306594517e-02 2.822356128110e-03 9.794559486452e+04 9.635136185268e+04 1.027094287051e+05 5.271227723542e+03 6.559314084751e+02 2.600000000000e+06 0.000000000000e+00 -8.752000000000e-01 -8.752000000000e-01 0.000000000000e+00 0.000000000000e+00 0.000000000000e+00 -0.000000000000e+00 2.350469352961e-02 0.000000000000e+00 0.000000000000e+00 0.000000000000e+00 0.000000000000e+00 0.000000000000e+00 0.000000000000e+00 
9.050000000000e+00 1.836381753255e-02 -5.513687399922e-02 2.806102126355e-03 9.761931507042e+04 9.603779166286e+04 1.026915289901e+05 5.272215079522e+03 6.561504259465e+02 2.600000000000e+06 0.000000000000e+00 -8.752000000000e-01 -8.752000000000e-01 0.000000000000e+00 0.000000000000e+00 0.000000000000e+00 -0.000000000000e+00 2.348728610162e-02 0.000000000000e+00 0.000000000000e+00 0.000000000000e+00 0.000000000000e+00 0.000000000000e+00 0.000000000000e+00 
9.055000000000e+00 1.835029190253e-02 -5.494039515640e-02 2.790266301658e-03 9.729433922810e+04 9.572545716344e+04 1.026738440371e+05 5.273197795258e+03 6.563694746089e+02 2.600000000000e+06 0.000000000000e+00 -8.752000000000e-01 -8.752000000000e-01 0.000000000000e+00 0.000000000000e+00 0.000000000000e+00 -0.000000000000e+00 2.346997930784e-02 0.000000000000e+00 0.000000000000e+00 0.000000000000e+00 0.000000000000e+00 0.000000000000e+00 0.000000000000e+00 
9.060000000000e+00 1.833684334049e-02 -5.474468847154e-02 2.774410352696e-03 9.697080980666e+04 9.541433232111e+04 1.026563693199e+05 5.274175938737e+03 6.565885512544e+02 2.600000000000e+06 0.000000000000e+00 -8.752000000000e-01 -8.752000000000e-01 0.000000000000e+00 0.000000000000e+00 0.000000000000e+00 -0.000000000000e+00 2.345277145278e-02 0.000000000000e+00 0.000000000000e+00 0.000000000000e+00 0.000000000000e+00 0.000000000000e+00 0.000000000000e+00 
9.065000000000e+00 1.832347890276e-02 -5.455841413361e-02 2.755381839281e-03 9.665015721088e+04 9.510458923485e+04 1.026391114077e+05 5.275148807570e+03 6.568075130539e+02 2.600000000000e+06 0.000000000000e+00 -8.752000000000e-01 -8.752000000000e-01 0.000000000000e+00 0.000000000000e+00 0.000000000000e+00 -0.000000000000e+00 2.343567111125e-02 0.000000000000e+00 0.000000000000e+00 0.000000000000e+00 0.000000000000e+00 0.000000000000e+00 0.000000000000e+00 
9.070000000000e+00 1.831024377629e-02 -5.441986209157e-02 2.720097635103e-03 9.633870209807e+04 9.479728731707e+04 1.026221254694e+05 5.276112374390e+03 6.570255848663e+02 2.600000000000e+06 0.000000000000e+00 -8.752000000000e-01 -8.752000000000e-01 0.000000000000e+00 0.000000000000e+00 0.000000000000e+00 -0.000000000000e+00 2.341873768209e-02 0.000000000000e+00 0.000000000000e+00 0.000000000000e+00 0.000000000000e+00 0.000000000000e+00 0.000000000000e+00 
9.075000000000e+00 1.829729444987e-02 -5.442979594520e-02 2.638074819338e-03 9.605245613412e+04 9.449608467673e+04 1.026056068614e+05 5.277053518356e+03 6.572401263836e+02 2.600000000000e+06 0.000000000000e+00 -8.752000000000e-01 -8.752000000000e-01 0.000000000000e+00 0.000000000000e+00 0.000000000000e+00 -0.000000000000e+00 2.340217421973e-02 0.000000000000e+00 0.000000000000e+00 0.000000000000e+00 0.000000000000e+00 0.000000000000e+00 0.000000000000e+00 
9.080000000000e+00 1.828499170145e-02 -5.476884126170e-02 2.459912655978e-03 9.582007037592e+04 9.420942869922e+04 1.025900046462e+05 5.277943098873e+03 6.574450315034e+02 2.600000000000e+06 0.000000000000e+00 -8.752000000000e-01 -8.752000000000e-01 0.000000000000e+00 0.000000000000e+00 0.000000000000e+00 -0.000000000000e+00 2.338644617746e-02 0.000000000000e+00 0.000000000000e+00 0.000000000000e+00 0.000000000000e+00 0.000000000000e+00 0.000000000000e+00 
9.085000000000e+00 1.827398278838e-02 -5.568529405032e-02 2.124556185834e-03 9.568201758149e+04 9.395251130701e+04 1.025761185222e+05 5.278730269074e+03 6.576292731749e+02 2.600000000000e+06 0.000000000000e+00 -8.752000000000e-01 -8.752000000000e-01 0.000000000000e+00 0.000000000000e+00 0.000000000000e+00 -0.000000000000e+00 2.337238539151e-02 0.000000000000e+00 0.000000000000e+00 0.000000000000e+00 0.000000000000e+00 0.000000000000e+00 0.000000000000e+00 
9.090000000000e+00 1.826521834415e-02 -5.744609666151e-02 1.571388161213e-03 9.568617994789e+04 9.374769753500e+04 1.025651140507e+05 5.279341841004e+03 6.577765483467e+02 2.600000000000e+06 0.000000000000e+00 -8.752000000000e-01 -8.752000000000e-01 0.000000000000e+00 0.000000000000e+00 0.000000000000e+00 -0.000000000000e+00 2.336121671337e-02 0.000000000000e+00 0.000000000000e+00 0.000000000000e+00 0.000000000000e+00 0.000000000000e+00 0.000000000000e+00 
9.095000000000e+00 1.825996853496e-02 -6.028226752998e-02 7.413293824461e-04 9.588769103173e+04 9.362489889451e+04 1.025585438850e+05 5.279681183491e+03 6.578650171102e+02 2.600000000000e+06 0.000000000000e+00 -8.752000000000e-01 -8.752000000000e-01 0.000000000000e+00 0.000000000000e+00 0.000000000000e+00 -0.000000000000e+00 2.335451519978e-02 0.000000000000e+00 0.000000000000e+00 0.000000000000e+00 0.000000000000e+00 0.000000000000e+00 0.000000000000e+00 
9.100000000000e+00 1.825943079028e-02 -6.411585047895e-02 -4.168142868003e-04 9.633648180190e+04 9.361231550351e+04 1.025578717977e+05 5.279657470408e+03 6.578740897449e+02 2.600000000000e+06 0.000000000000e+00 -8.752000000000e-01 -8.752000000000e-01 0.000000000000e+00 0.000000000000e+00 0.000000000000e+00 -0.000000000000e+00 2.335398981954e-02 0.000000000000e+00 0.000000000000e+00 0.000000000000e+00 0.000000000000e+00 0.000000000000e+00 0.000000000000e+00 
9.105000000000e+00 1.826542458116e-02 -6.938168594120e-02 -1.874374573197e-03 9.706533496732e+04 9.375251984298e+04 1.025653724843e+05 5.279139036496e+03 6.577730767392e+02 2.600000000000e+06 0.000000000000e+00 -8.752000000000e-01 -8.752000000000e-01 0.000000000000e+00 0.000000000000e+00 0.000000000000e+00 -0.000000000000e+00 2.336160833297e-02 0.000000000000e+00 0.000000000000e+00 0.000000000000e+00 0.000000000000e+00 0.000000000000e+00 0.000000000000e+00 
9.110000000000e+00 1.827958953719e-02 -7.593070831773e-02 -3.664909874936e-03 9.812634154083e+04 9.408340542198e+04 1.025831817513e+05 5.278004927010e+03 6.575353360596e+02 2.600000000000e+06 0.000000000000e+00 -8.752000000000e-01 -8.752000000000e-01 0.000000000000e+00 0.000000000000e+00 0.000000000000e+00 -0.000000000000e+00 2.337960511053e-02 0.000000000000e+00 0.000000000000e+00 0.000000000000e+00 0.000000000000e+00 0.000000000000e+00 0.000000000000e+00 
9.115000000000e+00 1.830352669666e-02 -8.357273255648e-02 -5.755952203832e-03 9.954279068489e+04 9.464111369794e+04 1.026135445547e+05 5.276142236190e+03 6.571367266775e+02 2.600000000000e+06 0.000000000000e+00 -8.752000000000e-01 -8.752000000000e-01 0.000000000000e+00 0.000000000000e+00 0.000000000000e+00 -0.000000000000e+00 2.341005811028e-02 0.000000000000e+00 0.000000000000e+00 0.000000000000e+00 0.000000000000e+00 0.000000000000e+00 0.000000000000e+00 
9.120000000000e+00 1.833860046632e-02 -9.204424843744e-02 -8.106482922861e-03 1.013269466982e+05 9.545501475693e+04 1.026586463079e+05 5.273458188966e+03 6.565598556448e+02 2.600000000000e+06 0.000000000000e+00 -8.752000000000e-01 -8.752000000000e-01 0.000000000000e+00 0.000000000000e+00 0.000000000000e+00 -0.000000000000e+00 2.345470049693e-02 0.000000000000e+00 0.000000000000e+00 0.000000000000e+00 0.000000000000e+00 0.000000000000e+00 0.000000000000e+00 
9.125000000000e+00 1.838587392932e-02 -1.009998835933e-01 -1.063511450418e-02 1.034658443752e+05 9.654588950296e+04 1.027206065757e+05 5.269887160320e+03 6.557959950167e+02 2.600000000000e+06 0.000000000000e+00 -8.752000000000e-01 -8.752000000000e-01 0.000000000000e+00 0.000000000000e+00 0.000000000000e+00 -0.000000000000e+00 2.351485883667e-02 0.000000000000e+00 0.000000000000e+00 0.000000000000e+00 0.000000000000e+00 0.000000000000e+00 0.000000000000e+00 
9.130000000000e+00 1.844604468386e-02 -1.100608769691e-01 -1.326490134905e-02 1.059378811288e+05 9.792429412234e+04 1.028014564768e+05 5.265393192038e+03 6.548467496917e+02 2.600000000000e+06 0.000000000000e+00 -8.752000000000e-01 -8.752000000000e-01 0.000000000000e+00 0.000000000000e+00 0.000000000000e+00 -0.000000000000e+00 2.359147570837e-02 0.000000000000e+00 0.000000000000e+00 0.000000000000e+00 0.000000000000e+00 0.000000000000e+00 0.000000000000e+00 
9.135000000000e+00 1.851944858514e-02 -1.188276138078e-01 -1.591966058980e-02 1.087119960179e+05 9.959071422417e+04 1.029031793830e+05 5.259969831921e+03 6.537242815528e+02 2.600000000000e+06 0.000000000000e+00 -8.752000000000e-01 -8.752000000000e-01 0.000000000000e+00 0.000000000000e+00 0.000000000000e+00 -0.000000000000e+00 2.368491921128e-02 0.000000000000e+00 0.000000000000e+00 0.000000000000e+00 0.000000000000e+00 0.000000000000e+00 0.000000000000e+00 
9.140000000000e+00 1.860595549669e-02 -1.269179672675e-01 -1.850847383146e-02 1.117400076492e+05 1.015335276454e+05 1.030275654219e+05 5.253647911054e+03 6.524527209325e+02 2.600000000000e+06 0.000000000000e+00 -8.752000000000e-01 -8.752000000000e-01 0.000000000000e+00 0.000000000000e+00 0.000000000000e+00 -0.000000000000e+00 2.379502498413e-02 0.000000000000e+00 0.000000000000e+00 0.000000000000e+00 0.000000000000e+00 0.000000000000e+00 0.000000000000e+00 
9.145000000000e+00 1.870470205994e-02 -1.340297528096e-01 -2.097318533982e-02 1.149700928074e+05 1.037237831102e+05 1.031757371490e+05 5.246510727326e+03 6.510708774991e+02 2.600000000000e+06 0.000000000000e+00 -8.752000000000e-01 -8.752000000000e-01 0.000000000000e+00 0.000000000000e+00 0.000000000000e+00 -0.000000000000e+00 2.392112254188e-02 0.000000000000e+00 0.000000000000e+00 0.000000000000e+00 0.000000000000e+00 0.000000000000e+00 0.000000000000e+00 
9.150000000000e+00 1.881491749905e-02 -1.399239523514e-01 -2.323605114107e-02 1.183466044928e+05 1.061344724474e+05 1.033492495878e+05 5.238636538212e+03 6.496189327312e+02 2.600000000000e+06 0.000000000000e+00 -8.752000000000e-01 -8.752000000000e-01 0.000000000000e+00 0.000000000000e+00 0.000000000000e+00 -0.000000000000e+00 2.406207528559e-02 0.000000000000e+00 0.000000000000e+00 0.000000000000e+00 0.000000000000e+00 0.000000000000e+00 0.000000000000e+00 
9.155000000000e+00 1.893553785682e-02 -1.444443374895e-01 -2.523049255629e-02 1.218137480539e+05 1.087324821833e+05 1.035494552740e+05 5.230123402107e+03 6.481430560018e+02 2.600000000000e+06 0.000000000000e+00 -8.752000000000e-01 -8.752000000000e-01 0.000000000000e+00 0.000000000000e+00 0.000000000000e+00 -0.000000000000e+00 2.421633459232e-02 0.000000000000e+00 0.000000000000e+00 0.000000000000e+00 0.000000000000e+00 0.000000000000e+00 0.000000000000e+00 
9.160000000000e+00 1.906508462229e-02 -1.475161290017e-01 -2.690381775063e-02 1.253145473267e+05 1.114768680815e+05 1.037771240081e+05 5.221095852841e+03 6.466948051854e+02 2.600000000000e+06 0.000000000000e+00 -8.752000000000e-01 -8.752000000000e-01 0.000000000000e+00 0.000000000000e+00 0.000000000000e+00 -0.000000000000e+00 2.438200972876e-02 0.000000000000e+00 0.000000000000e+00 0.000000000000e+00 0.000000000000e+00 0.000000000000e+00 0.000000000000e+00 
9.165000000000e+00 1.920227805435e-02 -1.491224315345e-01 -2.819314274735e-02 1.287958229303e+05 1.143325803015e+05 1.040333340306e+05 5.211662402485e+03 6.453221902790e+02 2.600000000000e+06 0.000000000000e+00 -8.752000000000e-01 -8.752000000000e-01 0.000000000000e+00 0.000000000000e+00 0.000000000000e+00 -0.000000000000e+00 2.455695001843e-02 0.000000000000e+00 0.000000000000e+00 0.000000000000e+00 0.000000000000e+00 0.000000000000e+00 0.000000000000e+00 
9.170000000000e+00 1.934502181302e-02 -1.493255243821e-01 -2.909682847327e-02 1.322124951182e+05 1.172497911798e+05 1.043174025492e+05 5.201980233511e+03 6.440780099570e+02 2.600000000000e+06 0.000000000000e+00 -8.752000000000e-01 -8.752000000000e-01 0.000000000000e+00 0.000000000000e+00 0.000000000000e+00 -0.000000000000e+00 2.473884846650e-02 0.000000000000e+00 0.000000000000e+00 0.000000000000e+00 0.000000000000e+00 0.000000000000e+00 0.000000000000e+00 
9.175000000000e+00 1.949126121834e-02 -1.482402002044e-01 -2.961917665077e-02 1.355254495198e+05 1.201826737202e+05 1.046280956164e+05 5.192197517514e+03 6.430072560487e+02 2.600000000000e+06 0.000000000000e+00 -8.752000000000e-01 -8.752000000000e-01 0.000000000000e+00 0.000000000000e+00 0.000000000000e+00 -0.000000000000e+00 2.492527799701e-02 0.000000000000e+00 0.000000000000e+00 0.000000000000e+00 0.000000000000e+00 0.000000000000e+00 0.000000000000e+00 
9.180000000000e+00 1.963908404111e-02 -1.460132246825e-01 -2.976032494840e-02 1.386994634997e+05 1.230913564867e+05 1.049636878189e+05 5.182447093282e+03 6.421450201446e+02 2.600000000000e+06 0.000000000000e+00 -8.752000000000e-01 -8.752000000000e-01 0.000000000000e+00 0.000000000000e+00 0.000000000000e+00 -0.000000000000e+00 2.511380146391e-02 0.000000000000e+00 0.000000000000e+00 0.000000000000e+00 0.000000000000e+00 0.000000000000e+00 0.000000000000e+00 
9.185000000000e+00 1.978662366253e-02 -1.428190100699e-01 -2.953419891087e-02 1.417069912000e+05 1.259397523396e+05 1.053216290632e+05 5.172852216868e+03 6.415161947052e+02 2.600000000000e+06 0.000000000000e+00 -8.752000000000e-01 -8.752000000000e-01 0.000000000000e+00 0.000000000000e+00 0.000000000000e+00 -0.000000000000e+00 2.530204020151e-02 0.000000000000e+00 0.000000000000e+00 0.000000000000e+00 0.000000000000e+00 0.000000000000e+00 0.000000000000e+00 
9.190000000000e+00 1.993210819671e-02 -1.388467048370e-01 -2.896383086191e-02 1.445267177128e+05 1.286962542830e+05 1.056985308281e+05 5.163523844239e+03 6.411342514920e+02 2.600000000000e+06 0.000000000000e+00 -8.752000000000e-01 -8.752000000000e-01 0.000000000000e+00 0.000000000000e+00 0.000000000000e+00 -0.000000000000e+00 2.548773590321e-02 0.000000000000e+00 0.000000000000e+00 0.000000000000e+00 0.000000000000e+00 0.000000000000e+00 0.000000000000e+00 
9.195000000000e+00 2.007389829825e-02 -1.342854903669e-01 -2.807815257195e-02 1.471424806418e+05 1.313340574268e+05 1.060901949939e+05 5.154558915285e+03 6.410008055748e+02 2.600000000000e+06 0.000000000000e+00 -8.752000000000e-01 -8.752000000000e-01 0.000000000000e+00 0.000000000000e+00 0.000000000000e+00 -0.000000000000e+00 2.566879780607e-02 0.000000000000e+00 0.000000000000e+00 0.000000000000e+00 0.000000000000e+00 0.000000000000e+00 0.000000000000e+00 
9.200000000000e+00 2.021051445562e-02 -1.293187706091e-01 -2.691261181953e-02 1.495434071469e+05 1.338311861379e+05 1.064916898905e+05 5.146039380210e+03 6.411059474451e+02 2.600000000000e+06 0.000000000000e+00 -8.752000000000e-01 -8.752000000000e-01 0.000000000000e+00 0.000000000000e+00 0.000000000000e+00 -0.000000000000e+00 2.584333704497e-02 0.000000000000e+00 0.000000000000e+00 0.000000000000e+00 0.000000000000e+00 0.000000000000e+00 0.000000000000e+00 
9.205000000000e+00 2.034066383838e-02 -1.241180008595e-01 -2.550512725885e-02 1.517225461051e+05 1.361704644498e+05 1.068975024964e+05 5.138031662106e+03 6.414293045675e+02 2.600000000000e+06 0.000000000000e+00 -8.752000000000e-01 -8.752000000000e-01 0.000000000000e+00 0.000000000000e+00 0.000000000000e+00 -0.000000000000e+00 2.600969992425e-02 0.000000000000e+00 0.000000000000e+00 0.000000000000e+00 0.000000000000e+00 0.000000000000e+00 0.000000000000e+00 
9.210000000000e+00 2.046324354277e-02 -1.188300867570e-01 -2.389449152217e-02 1.536760476738e+05 1.383390545313e+05 1.073016907168e+05 5.130587570026e+03 6.419417003126e+02 2.600000000000e+06 0.000000000000e+00 -8.752000000000e-01 -8.752000000000e-01 0.000000000000e+00 0.000000000000e+00 0.000000000000e+00 -0.000000000000e+00 2.616647239329e-02 0.000000000000e+00 0.000000000000e+00 0.000000000000e+00 0.000000000000e+00 0.000000000000e+00 0.000000000000e+00 
9.215000000000e+00 2.057733588305e-02 -1.135728576884e-01 -2.212017698991e-02 1.554028110170e+05 1.403279016614e+05 1.076980581934e+05 5.123745618654e+03 6.426071685445e+02 2.600000000000e+06 0.000000000000e+00 -8.752000000000e-01 -8.752000000000e-01 0.000000000000e+00 0.000000000000e+00 0.000000000000e+00 -0.000000000000e+00 2.631247584016e-02 0.000000000000e+00 0.000000000000e+00 0.000000000000e+00 0.000000000000e+00 0.000000000000e+00 0.000000000000e+00 
9.220000000000e+00 2.068221470137e-02 -1.084494411107e-01 -2.021854779035e-02 1.569032916670e+05 1.421314331168e+05 1.080804038993e+05 5.117531792504e+03 6.433852869538e+02 2.600000000000e+06 0.000000000000e+00 -8.752000000000e-01 -8.752000000000e-01 0.000000000000e+00 0.000000000000e+00 0.000000000000e+00 -0.000000000000e+00 2.644677518678e-02 0.000000000000e+00 0.000000000000e+00 0.000000000000e+00 0.000000000000e+00 0.000000000000e+00 0.000000000000e+00 
9.225000000000e+00 2.077734972649e-02 -1.035404832471e-01 -1.822585405050e-02 1.581806547210e+05 1.437472791441e+05 1.084427964805e+05 5.111960055051e+03 6.442336957939e+02 2.600000000000e+06 0.000000000000e+00 -8.752000000000e-01 -8.752000000000e-01 0.000000000000e+00 0.000000000000e+00 0.000000000000e+00 -0.000000000000e+00 2.656871197086e-02 0.000000000000e+00 0.000000000000e+00 0.000000000000e+00 0.000000000000e+00 0.000000000000e+00 0.000000000000e+00 
9.230000000000e+00 2.086238106011e-02 -9.891242640023e-02 -1.617733028796e-02 1.592400819602e+05 1.451755567806e+05 1.087797418633e+05 5.107034713454e+03 6.451103198033e+02 2.600000000000e+06 0.000000000000e+00 -8.752000000000e-01 -8.752000000000e-01 0.000000000000e+00 0.000000000000e+00 0.000000000000e+00 -0.000000000000e+00 2.667783356550e-02 0.000000000000e+00 0.000000000000e+00 0.000000000000e+00 0.000000000000e+00 0.000000000000e+00 0.000000000000e+00 
9.235000000000e+00 2.093711297662e-02 -9.460765517111e-02 -1.410302541576e-02 1.600874750499e+05 1.464185642762e+05 1.090864027164e+05 5.102751616240e+03 6.459754805348e+02 2.600000000000e+06 0.000000000000e+00 -8.752000000000e-01 -8.752000000000e-01 0.000000000000e+00 0.000000000000e+00 0.000000000000e+00 -0.000000000000e+00 2.677386977394e-02 0.000000000000e+00 0.000000000000e+00 0.000000000000e+00 0.000000000000e+00 0.000000000000e+00 0.000000000000e+00 
9.240000000000e+00 2.100150533724e-02 -9.065383007056e-02 -1.203123592411e-02 1.607306350486e+05 1.474804975083e+05 1.093587834668e+05 5.099099003199e+03 6.467936927980e+02 2.600000000000e+06 0.000000000000e+00 -8.752000000000e-01 -8.752000000000e-01 0.000000000000e+00 0.000000000000e+00 0.000000000000e+00 -0.000000000000e+00 2.685674846146e-02 0.000000000000e+00 0.000000000000e+00 0.000000000000e+00 0.000000000000e+00 0.000000000000e+00 0.000000000000e+00 
9.245000000000e+00 2.105566089399e-02 -8.706650302620e-02 -9.986385654239e-03 1.611785348767e+05 1.483671561838e+05 1.095938593928e+05 5.096058706619e+03 6.475350188378e+02 2.600000000000e+06 0.000000000000e+00 -8.752000000000e-01 -8.752000000000e-01 0.000000000000e+00 0.000000000000e+00 0.000000000000e+00 -0.000000000000e+00 2.692654571258e-02 0.000000000000e+00 0.000000000000e+00 0.000000000000e+00 0.000000000000e+00 0.000000000000e+00 0.000000000000e+00 
9.250000000000e+00 2.109976700749e-02 -8.385029210002e-02 -7.988877051863e-03 1.614402895521e+05 1.490849618582e+05 1.097894533080e+05 5.093609732846e+03 6.481752912659e+02 2.600000000000e+06 0.000000000000e+00 -8.752000000000e-01 -8.752000000000e-01 0.000000000000e+00 0.000000000000e+00 0.000000000000e+00 -0.000000000000e+00 2.698348994534e-02 0.000000000000e+00 0.000000000000e+00 0.000000000000e+00 0.000000000000e+00 0.000000000000e+00 0.000000000000e+00 
9.255000000000e+00 2.113412798025e-02 -8.100519747350e-02 -6.058433493201e-03 1.615270654404e+05 1.496415018446e+05 1.099444543033e+05 5.091726307378e+03 6.486971210521e+02 2.600000000000e+06 0.000000000000e+00 -8.752000000000e-01 -8.752000000000e-01 0.000000000000e+00 0.000000000000e+00 0.000000000000e+00 -0.000000000000e+00 2.702797177968e-02 0.000000000000e+00 0.000000000000e+00 0.000000000000e+00 0.000000000000e+00 0.000000000000e+00 0.000000000000e+00 
9.260000000000e+00 2.115921716643e-02 -7.851754566533e-02 -4.205342775184e-03 1.614504896639e+05 1.500463999127e+05 1.100591025544e+05 5.090375294723e+03 6.490910147427e+02 2.600000000000e+06 0.000000000000e+00 -8.752000000000e-01 -8.752000000000e-01 0.000000000000e+00 0.000000000000e+00 0.000000000000e+00 -0.000000000000e+00 2.706047329151e-02 0.000000000000e+00 0.000000000000e+00 0.000000000000e+00 0.000000000000e+00 0.000000000000e+00 0.000000000000e+00 
9.265000000000e+00 2.117534125433e-02 -7.637793800911e-02 -2.460802044302e-03 1.612255460024e+05 1.503059646239e+05 1.101334462642e+05 5.089533898371e+03 6.493499374477e+02 2.600000000000e+06 0.000000000000e+00 -8.752000000000e-01 -8.752000000000e-01 0.000000000000e+00 0.000000000000e+00 0.000000000000e+00 -0.000000000000e+00 2.708156553362e-02 0.000000000000e+00 0.000000000000e+00 0.000000000000e+00 0.000000000000e+00 0.000000000000e+00 0.000000000000e+00 
9.270000000000e+00 2.118303776109e-02 -7.454675620582e-02 -8.010031382084e-04 1.608545514706e+05 1.504296833110e+05 1.101691167710e+05 5.089170175972e+03 6.494751311302e+02 2.600000000000e+06 0.000000000000e+00 -8.752000000000e-01 -8.752000000000e-01 0.000000000000e+00 0.000000000000e+00 0.000000000000e+00 -0.000000000000e+00 2.709181175216e-02 0.000000000000e+00 0.000000000000e+00 0.000000000000e+00 0.000000000000e+00 0.000000000000e+00 0.000000000000e+00 
9.275000000000e+00 2.118273953272e-02 -7.325164007097e-02 7.292138212690e-04 1.603597891412e+05 1.504248915478e+05 1.101677323690e+05 5.089256408979e+03 6.494702607310e+02 2.600000000000e+06 0.000000000000e+00 -8.752000000000e-01 -8.752000000000e-01 0.000000000000e+00 0.000000000000e+00 0.000000000000e+00 -0.000000000000e+00 2.709189619679e-02 0.000000000000e+00 0.000000000000e+00 0.000000000000e+00 0.000000000000e+00 0.000000000000e+00 0.000000000000e+00 
9.280000000000e+00 2.117573745381e-02 -7.202991434108e-02 2.110102978010e-03 1.597735349813e+05 1.503123362195e+05 1.101352795944e+05 5.089718197146e+03 6.493563568283e+02 2.600000000000e+06 0.000000000000e+00 -8.752000000000e-01 -8.752000000000e-01 0.000000000000e+00 0.000000000000e+00 0.000000000000e+00 -0.000000000000e+00 2.708327795386e-02 0.000000000000e+00 0.000000000000e+00 0.000000000000e+00 0.000000000000e+00 0.000000000000e+00 0.000000000000e+00 
9.285000000000e+00 2.116209353804e-02 -7.115248144813e-02 3.389638871428e-03 1.590811863902e+05 1.500927408916e+05 1.100723265660e+05 5.090555058656e+03 6.491368715918e+02 2.600000000000e+06 0.000000000000e+00 -8.752000000000e-01 -8.752000000000e-01 0.000000000000e+00 0.000000000000e+00 0.000000000000e+00 -0.000000000000e+00 2.706614972728e-02 0.000000000000e+00 0.000000000000e+00 0.000000000000e+00 0.000000000000e+00 0.000000000000e+00 0.000000000000e+00 
9.290000000000e+00 2.114245077860e-02 -7.061437443917e-02 4.529913512856e-03 1.583077851991e+05 1.497759551141e+05 1.099823478812e+05 5.091730103501e+03 6.488265773819e+02 2.600000000000e+06 0.000000000000e+00 -8.752000000000e-01 -8.752000000000e-01 0.000000000000e+00 0.000000000000e+00 0.000000000000e+00 -0.000000000000e+00 2.704133495999e-02 0.000000000000e+00 0.000000000000e+00 0.000000000000e+00 0.000000000000e+00 0.000000000000e+00 0.000000000000e+00 
9.295000000000e+00 2.111749686282e-02 -7.037462976207e-02 5.530016019481e-03 1.574676644890e+05 1.493724207641e+05 1.098691426694e+05 5.093205905106e+03 6.484420153902e+02 2.600000000000e+06 0.000000000000e+00 -8.752000000000e-01 -8.752000000000e-01 0.000000000000e+00 0.000000000000e+00 0.000000000000e+00 -0.000000000000e+00 2.700972193130e-02 0.000000000000e+00 0.000000000000e+00 0.000000000000e+00 0.000000000000e+00 0.000000000000e+00 0.000000000000e+00 
9.300000000000e+00 2.108793387947e-02 -7.041355769225e-02 6.389640104273e-03 1.565754132666e+05 1.488927622686e+05 1.097366086913e+05 5.094944345373e+03 6.480002682622e+02 2.600000000000e+06 0.000000000000e+00 -8.752000000000e-01 -8.752000000000e-01 0.000000000000e+00 0.000000000000e+00 0.000000000000e+00 -0.000000000000e+00 2.697219391452e-02 0.000000000000e+00 0.000000000000e+00 0.000000000000e+00 0.000000000000e+00 0.000000000000e+00 0.000000000000e+00 
9.305000000000e+00 2.105445555436e-02 -7.070415930587e-02 7.110798006748e-03 1.556448234962e+05 1.483474855876e+05 1.095885667221e+05 5.096907795798e+03 6.475179839686e+02 2.600000000000e+06 0.000000000000e+00 -8.752000000000e-01 -8.752000000000e-01 0.000000000000e+00 0.000000000000e+00 0.000000000000e+00 -0.000000000000e+00 2.692962771886e-02 0.000000000000e+00 0.000000000000e+00 0.000000000000e+00 0.000000000000e+00 0.000000000000e+00 0.000000000000e+00 
9.310000000000e+00 2.101774870656e-02 -7.122996156676e-02 7.699823400978e-03 1.546882418399e+05 1.477470574906e+05 1.094287102715e+05 5.099058963381e+03 6.470109009702e+02 2.600000000000e+06 0.000000000000e+00 -8.752000000000e-01 -8.752000000000e-01 0.000000000000e+00 0.000000000000e+00 0.000000000000e+00 -0.000000000000e+00 2.688290097460e-02 0.000000000000e+00 0.000000000000e+00 0.000000000000e+00 0.000000000000e+00 0.000000000000e+00 0.000000000000e+00 
9.315000000000e+00 2.097849014518e-02 -7.197269060021e-02 8.155619067298e-03 1.537202740239e+05 1.471019012467e+05 1.092605487190e+05 5.101360403935e+03 6.464934193924e+02 2.600000000000e+06 0.000000000000e+00 -8.752000000000e-01 -8.752000000000e-01 0.000000000000e+00 0.000000000000e+00 0.000000000000e+00 -0.000000000000e+00 2.683288036424e-02 0.000000000000e+00 0.000000000000e+00 0.000000000000e+00 0.000000000000e+00 0.000000000000e+00 0.000000000000e+00 
9.320000000000e+00 2.093735854142e-02 -7.290838915796e-02 8.482574148964e-03 1.527538553992e+05 1.464226299664e+05 1.090874269840e+05 5.103774320302e+03 6.459784719266e+02 2.600000000000e+06 0.000000000000e+00 -8.752000000000e-01 -8.752000000000e-01 0.000000000000e+00 0.000000000000e+00 0.000000000000e+00 -0.000000000000e+00 2.678040962898e-02 0.000000000000e+00 0.000000000000e+00 0.000000000000e+00 0.000000000000e+00 0.000000000000e+00 0.000000000000e+00 
9.325000000000e+00 2.089496998236e-02 -7.400450960138e-02 8.688280853832e-03 1.517996106176e+05 1.457190072409e+05 1.089122390003e+05 5.106266160329e+03 6.454765671751e+02 2.600000000000e+06 0.000000000000e+00 -8.752000000000e-01 -8.752000000000e-01 0.000000000000e+00 0.000000000000e+00 0.000000000000e+00 -0.000000000000e+00 2.672627350338e-02 0.000000000000e+00 0.000000000000e+00 0.000000000000e+00 0.000000000000e+00 0.000000000000e+00 0.000000000000e+00 
9.330000000000e+00 2.085186585297e-02 -7.522183721037e-02 8.787452948364e-03 1.508642902650e+05 1.449997409709e+05 1.087373915006e+05 5.108805537959e+03 6.449957534997e+02 2.600000000000e+06 0.000000000000e+00 -8.752000000000e-01 -8.752000000000e-01 0.000000000000e+00 0.000000000000e+00 0.000000000000e+00 -0.000000000000e+00 2.667118627507e-02 0.000000000000e+00 0.000000000000e+00 0.000000000000e+00 0.000000000000e+00 0.000000000000e+00 0.000000000000e+00 
9.335000000000e+00 2.080854189283e-02 -7.652203342642e-02 8.790231949881e-03 1.499551677788e+05 1.442729539907e+05 1.085649440337e+05 5.111364042080e+03 6.445421253281e+02 2.600000000000e+06 0.000000000000e+00 -8.752000000000e-01 -8.752000000000e-01 0.000000000000e+00 0.000000000000e+00 0.000000000000e+00 -0.000000000000e+00 2.661578928269e-02 0.000000000000e+00 0.000000000000e+00 0.000000000000e+00 0.000000000000e+00 0.000000000000e+00 0.000000000000e+00 
9.340000000000e+00 2.076544458604e-02 -7.786458642436e-02 8.707647886376e-03 1.490781837979e+05 1.435461107247e+05 1.083966147935e+05 5.113915749227e+03 6.441199520508e+02 2.600000000000e+06 0.000000000000e+00 -8.752000000000e-01 -8.752000000000e-01 0.000000000000e+00 0.000000000000e+00 0.000000000000e+00 -0.000000000000e+00 2.656065953904e-02 0.000000000000e+00 0.000000000000e+00 0.000000000000e+00 0.000000000000e+00 0.000000000000e+00 0.000000000000e+00 
9.345000000000e+00 2.072296391305e-02 -7.921621945771e-02 8.551421890771e-03 1.482378494875e+05 1.428258748633e+05 1.082337774924e+05 5.116437711792e+03 6.437318214483e+02 2.600000000000e+06 0.000000000000e+00 -8.752000000000e-01 -8.752000000000e-01 0.000000000000e+00 0.000000000000e+00 0.000000000000e+00 -0.000000000000e+00 2.650630926886e-02 0.000000000000e+00 0.000000000000e+00 0.000000000000e+00 0.000000000000e+00 0.000000000000e+00 0.000000000000e+00 
9.350000000000e+00 2.068143476287e-02 -8.053989294586e-02 8.332804246378e-03 1.474376527657e+05 1.421181073560e+05 1.080774950157e+05 5.118909900505e+03 6.433788982748e+02 2.600000000000e+06 0.000000000000e+00 -8.752000000000e-01 -8.752000000000e-01 0.000000000000e+00 0.000000000000e+00 0.000000000000e+00 -0.000000000000e+00 2.645317596598e-02 0.000000000000e+00 0.000000000000e+00 0.000000000000e+00 0.000000000000e+00 0.000000000000e+00 0.000000000000e+00 
9.355000000000e+00 2.064114099378e-02 -8.180434943831e-02 8.063461964749e-03 1.466798476973e+05 1.414279082645e+05 1.079285619956e+05 5.121315083972e+03 6.430611996447e+02 2.600000000000e+06 0.000000000000e+00 -8.752000000000e-01 -8.752000000000e-01 0.000000000000e+00 0.000000000000e+00 0.000000000000e+00 -0.000000000000e+00 2.640161862580e-02 0.000000000000e+00 0.000000000000e+00 0.000000000000e+00 0.000000000000e+00 0.000000000000e+00 0.000000000000e+00 
9.360000000000e+00 2.060230657447e-02 -8.298459184992e-02 7.754494985594e-03 1.459655906350e+05 1.407594366360e+05 1.077874980618e+05 5.123639395113e+03 6.427777578554e+02 2.600000000000e+06 0.000000000000e+00 -8.752000000000e-01 -8.752000000000e-01 0.000000000000e+00 0.000000000000e+00 0.000000000000e+00 -0.000000000000e+00 2.635192127225e-02 0.000000000000e+00 0.000000000000e+00 0.000000000000e+00 0.000000000000e+00 0.000000000000e+00 0.000000000000e+00 
9.365000000000e+00 2.056510109788e-02 -8.406238759030e-02 7.416000926642e-03 1.452952011545e+05 1.401159751615e+05 1.076545932703e+05 5.125872061084e+03 6.425268912016e+02 2.600000000000e+06 0.000000000000e+00 -8.752000000000e-01 -8.752000000000e-01 0.000000000000e+00 0.000000000000e+00 0.000000000000e+00 -0.000000000000e+00 2.630429779800e-02 0.000000000000e+00 0.000000000000e+00 0.000000000000e+00 0.000000000000e+00 0.000000000000e+00 0.000000000000e+00 
9.370000000000e+00 2.052964494151e-02 -8.502360767960e-02 7.056592227918e-03 1.446684343615e+05 1.394999924657e+05 1.075299476489e+05 5.128005139684e+03 6.423064327162e+02 2.600000000000e+06 0.000000000000e+00 -8.752000000000e-01 -8.752000000000e-01 0.000000000000e+00 0.000000000000e+00 0.000000000000e+00 -0.000000000000e+00 2.625890535143e-02 0.000000000000e+00 0.000000000000e+00 0.000000000000e+00 0.000000000000e+00 0.000000000000e+00 0.000000000000e+00 
9.375000000000e+00 2.049600941782e-02 -8.586001575048e-02 6.684497540633e-03 1.440841187641e+05 1.389131218645e+05 1.074134891110e+05 5.130033622877e+03 6.421138928020e+02 2.600000000000e+06 0.000000000000e+00 -8.752000000000e-01 -8.752000000000e-01 0.000000000000e+00 0.000000000000e+00 0.000000000000e+00 -0.000000000000e+00 2.621584433765e-02 0.000000000000e+00 0.000000000000e+00 0.000000000000e+00 0.000000000000e+00 0.000000000000e+00 0.000000000000e+00 
9.380000000000e+00 2.046422734763e-02 -8.656571726934e-02 6.308633808713e-03 1.435400182853e+05 1.383563252536e+05 1.073050240121e+05 5.131954895628e+03 6.419466511285e+02 2.600000000000e+06 0.000000000000e+00 -8.752000000000e-01 -8.752000000000e-01 0.000000000000e+00 0.000000000000e+00 0.000000000000e+00 -0.000000000000e+00 2.617516027759e-02 0.000000000000e+00 0.000000000000e+00 0.000000000000e+00 0.000000000000e+00 0.000000000000e+00 0.000000000000e+00 
9.385000000000e+00 2.043430077174e-02 -8.714057711450e-02 5.935782637533e-03 1.430339429897e+05 1.378300132159e+05 1.072042727259e+05 5.133768168236e+03 6.418020859576e+02 2.600000000000e+06 0.000000000000e+00 -8.752000000000e-01 -8.752000000000e-01 0.000000000000e+00 0.000000000000e+00 0.000000000000e+00 -0.000000000000e+00 2.613685425474e-02 0.000000000000e+00 0.000000000000e+00 0.000000000000e+00 0.000000000000e+00 0.000000000000e+00 0.000000000000e+00 
9.390000000000e+00 2.040619851198e-02 -8.758888522060e-02 5.570521631199e-03 1.425637282949e+05 1.373339906065e+05 1.071108678536e+05 5.135474648123e+03 6.416776251288e+02 2.600000000000e+06 0.000000000000e+00 -8.752000000000e-01 -8.752000000000e-01 0.000000000000e+00 0.000000000000e+00 0.000000000000e+00 -0.000000000000e+00 2.610089346058e-02 0.000000000000e+00 0.000000000000e+00 0.000000000000e+00 0.000000000000e+00 0.000000000000e+00 0.000000000000e+00 
9.395000000000e+00 2.037987242123e-02 -8.791797098764e-02 5.218460995396e-03 1.421264899434e+05 1.368677345671e+05 1.070244125925e+05 5.137076715603e+03 6.415708616756e+02 2.600000000000e+06 0.000000000000e+00 -8.752000000000e-01 -8.752000000000e-01 0.000000000000e+00 0.000000000000e+00 0.000000000000e+00 -0.000000000000e+00 2.606721122924e-02 0.000000000000e+00 0.000000000000e+00 0.000000000000e+00 0.000000000000e+00 0.000000000000e+00 0.000000000000e+00 
9.400000000000e+00 2.035524871328e-02 -8.813513075817e-02 4.883756284850e-03 1.417192803466e+05 1.364302362902e+05 1.069444537985e+05 5.138578348415e+03 6.414795357957e+02 2.600000000000e+06 0.000000000000e+00 -8.752000000000e-01 -8.752000000000e-01 0.000000000000e+00 0.000000000000e+00 0.000000000000e+00 -0.000000000000e+00 2.603570835044e-02 0.000000000000e+00 0.000000000000e+00 0.000000000000e+00 0.000000000000e+00 0.000000000000e+00 0.000000000000e+00 
9.405000000000e+00 2.033223177403e-02 -8.824709499481e-02 4.570288030642e-03 1.413387728008e+05 1.360200637919e+05 1.068704961081e+05 5.139984952537e+03 6.414015679230e+02 2.600000000000e+06 0.000000000000e+00 -8.752000000000e-01 -8.752000000000e-01 0.000000000000e+00 0.000000000000e+00 0.000000000000e+00 -0.000000000000e+00 2.600626103873e-02 0.000000000000e+00 0.000000000000e+00 0.000000000000e+00 0.000000000000e+00 0.000000000000e+00 0.000000000000e+00 
9.410000000000e+00 2.031070481711e-02 -8.826022692441e-02 4.281568383935e-03 1.409813076090e+05 1.356353706042e+05 1.068020045995e+05 5.141303322501e+03 6.413350684393e+02 2.600000000000e+06 0.000000000000e+00 -8.752000000000e-01 -8.752000000000e-01 0.000000000000e+00 0.000000000000e+00 0.000000000000e+00 -0.000000000000e+00 2.597872199937e-02 0.000000000000e+00 0.000000000000e+00 0.000000000000e+00 0.000000000000e+00 0.000000000000e+00 0.000000000000e+00 
9.415000000000e+00 2.029054471395e-02 -8.816712550733e-02 4.024013769243e-03 1.406420922721e+05 1.352741598791e+05 1.067384513350e+05 5.142540880327e+03 6.412783794053e+02 2.600000000000e+06 0.000000000000e+00 -8.752000000000e-01 -8.752000000000e-01 0.000000000000e+00 0.000000000000e+00 0.000000000000e+00 -0.000000000000e+00 2.595291872970e-02 0.000000000000e+00 0.000000000000e+00 0.000000000000e+00 0.000000000000e+00 0.000000000000e+00 0.000000000000e+00 
9.420000000000e+00 2.027161643812e-02 -8.795771792158e-02 3.803996416154e-03 1.403160829019e+05 1.349341864461e+05 1.066792957942e+05 5.143705874348e+03 6.412300411634e+02 2.600000000000e+06 0.000000000000e+00 -8.752000000000e-01 -8.752000000000e-01 0.000000000000e+00 0.000000000000e+00 0.000000000000e+00 -0.000000000000e+00 2.592863697866e-02 0.000000000000e+00 0.000000000000e+00 0.000000000000e+00 0.000000000000e+00 0.000000000000e+00 0.000000000000e+00 
9.425000000000e+00 2.025366605394e-02 -8.760212526981e-02 3.631852443101e-03 1.399943474094e+05 1.346110289916e+05 1.066236530538e+05 5.144814229432e+03 6.411885454221e+02 2.600000000000e+06 0.000000000000e+00 -8.752000000000e-01 -8.752000000000e-01 0.000000000000e+00 0.000000000000e+00 0.000000000000e+00 -0.000000000000e+00 2.590560512388e-02 0.000000000000e+00 0.000000000000e+00 0.000000000000e+00 0.000000000000e+00 0.000000000000e+00 0.000000000000e+00 
9.430000000000e+00 2.023641618599e-02 -8.705388234259e-02 3.521935610771e-03 1.396660575059e+05 1.342997946079e+05 1.065705974639e+05 5.145883645063e+03 6.411526310115e+02 2.600000000000e+06 0.000000000000e+00 -8.752000000000e-01 -8.752000000000e-01 0.000000000000e+00 0.000000000000e+00 0.000000000000e+00 -0.000000000000e+00 2.588346878930e-02 0.000000000000e+00 0.000000000000e+00 0.000000000000e+00 0.000000000000e+00 0.000000000000e+00 0.000000000000e+00 
9.435000000000e+00 2.021950675259e-02 -8.624799743954e-02 3.492538890484e-03 1.393172468027e+05 1.339940460558e+05 1.065189815000e+05 5.146937292065e+03 6.411211727614e+02 2.600000000000e+06 0.000000000000e+00 -8.752000000000e-01 -8.752000000000e-01 0.000000000000e+00 0.000000000000e+00 0.000000000000e+00 -0.000000000000e+00 2.586176750491e-02 0.000000000000e+00 0.000000000000e+00 0.000000000000e+00 0.000000000000e+00 0.000000000000e+00 0.000000000000e+00 
9.440000000000e+00 2.020248146814e-02 -8.510849340390e-02 3.563147303468e-03 1.389314477034e+05 1.336855442132e+05 1.064674017277e+05 5.148004555709e+03 6.410932261637e+02 2.600000000000e+06 0.000000000000e+00 -8.752000000000e-01 -8.752000000000e-01 0.000000000000e+00 0.000000000000e+00 0.000000000000e+00 -0.000000000000e+00 2.583991784163e-02 0.000000000000e+00 0.000000000000e+00 0.000000000000e+00 0.000000000000e+00 0.000000000000e+00 0.000000000000e+00 
9.445000000000e+00 2.018479164263e-02 -8.356384218100e-02 3.750808674772e-03 1.384909968495e+05 1.333642987959e+05 1.064142200252e+05 5.149120667614e+03 6.410681279929e+02 2.600000000000e+06 0.000000000000e+00 -8.752000000000e-01 -8.752000000000e-01 0.000000000000e+00 0.000000000000e+00 0.000000000000e+00 -0.000000000000e+00 2.581721906775e-02 0.000000000000e+00 0.000000000000e+00 0.000000000000e+00 0.000000000000e+00 0.000000000000e+00 0.000000000000e+00 
9.450000000000e+00 2.016582313255e-02 -8.157343054449e-02 4.066858836145e-03 1.379787107449e+05 1.330190354360e+05 1.063576564433e+05 5.150324914896e+03 6.410456497576e+02 2.600000000000e+06 0.000000000000e+00 -8.752000000000e-01 -8.752000000000e-01 0.000000000000e+00 0.000000000000e+00 0.000000000000e+00 -0.000000000000e+00 2.579288840179e-02 0.000000000000e+00 0.000000000000e+00 0.000000000000e+00 0.000000000000e+00 0.000000000000e+00 0.000000000000e+00 
9.455000000000e+00 2.014495423860e-02 -7.914587146806e-02 4.505365749152e-03 1.373830746639e+05 1.326382253380e+05 1.062959742230e+05 5.151656510765e+03 6.410261873889e+02 2.600000000000e+06 0.000000000000e+00 -8.752000000000e-01 -8.752000000000e-01 0.000000000000e+00 0.000000000000e+00 0.000000000000e+00 -0.000000000000e+00 2.576613189169e-02 0.000000000000e+00 0.000000000000e+00 0.000000000000e+00 0.000000000000e+00 0.000000000000e+00 0.000000000000e+00 
9.460000000000e+00 2.012162512471e-02 -7.636168687929e-02 5.045315856413e-03 1.366989833862e+05 1.322113318680e+05 1.062276942867e+05 5.153150382810e+03 6.410109187046e+02 2.600000000000e+06 0.000000000000e+00 -8.752000000000e-01 -8.752000000000e-01 0.000000000000e+00 0.000000000000e+00 0.000000000000e+00 -0.000000000000e+00 2.573623827272e-02 0.000000000000e+00 0.000000000000e+00 0.000000000000e+00 0.000000000000e+00 0.000000000000e+00 0.000000000000e+00 
9.465000000000e+00 2.009542576500e-02 -7.337550605361e-02 5.649247428143e-03 1.359301268598e+05 1.317304132076e+05 1.061518534790e+05 5.154831580384e+03 6.410018732932e+02 2.600000000000e+06 0.000000000000e+00 -8.752000000000e-01 -8.752000000000e-01 0.000000000000e+00 0.000000000000e+00 0.000000000000e+00 -0.000000000000e+00 2.570269008206e-02 0.000000000000e+00 0.000000000000e+00 0.000000000000e+00 0.000000000000e+00 0.000000000000e+00 0.000000000000e+00 
9.470000000000e+00 2.006615811184e-02 -7.039831611412e-02 6.270373207102e-03 1.350879366598e+05 1.311912836886e+05 1.060681697475e+05 5.156711637832e+03 6.410018164201e+02 2.600000000000e+06 0.000000000000e+00 -8.752000000000e-01 -8.752000000000e-01 0.000000000000e+00 0.000000000000e+00 0.000000000000e+00 -0.000000000000e+00 2.566523608270e-02 0.000000000000e+00 0.000000000000e+00 0.000000000000e+00 0.000000000000e+00 0.000000000000e+00 0.000000000000e+00 
9.475000000000e+00 2.003387238177e-02 -6.767382254100e-02 6.856574076764e-03 1.341910799987e+05 1.305942356764e+05 1.059771128889e+05 5.158786334199e+03 6.410139350028e+02 2.600000000000e+06 0.000000000000e+00 -8.752000000000e-01 -8.752000000000e-01 0.000000000000e+00 0.000000000000e+00 0.000000000000e+00 -0.000000000000e+00 2.562394270084e-02 0.000000000000e+00 0.000000000000e+00 0.000000000000e+00 0.000000000000e+00 0.000000000000e+00 0.000000000000e+00 
9.480000000000e+00 1.999887239610e-02 -6.543909142023e-02 7.358797897616e-03 1.332627699506e+05 1.299442257947e+05 1.058798695481e+05 5.161035545040e+03 6.410413539323e+02 2.600000000000e+06 0.000000000000e+00 -8.752000000000e-01 -8.752000000000e-01 0.000000000000e+00 0.000000000000e+00 0.000000000000e+00 -0.000000000000e+00 2.557919995431e-02 0.000000000000e+00 0.000000000000e+00 0.000000000000e+00 0.000000000000e+00 0.000000000000e+00 0.000000000000e+00 
9.485000000000e+00 1.996168310548e-02 -6.388433103008e-02 7.737215615702e-03 1.323280081059e+05 1.292503828256e+05 1.057781932220e+05 5.163425342553e+03 6.410865811112e+02 2.600000000000e+06 0.000000000000e+00 -8.752000000000e-01 -8.752000000000e-01 0.000000000000e+00 0.000000000000e+00 0.000000000000e+00 -0.000000000000e+00 2.553168059485e-02 0.000000000000e+00 0.000000000000e+00 0.000000000000e+00 0.000000000000e+00 0.000000000000e+00 0.000000000000e+00 
9.490000000000e+00 1.992299903178e-02 -6.313287221625e-02 7.963512488038e-03 1.314117127989e+05 1.285251602314e+05 1.056742057291e+05 5.165911134606e+03 6.411510051577e+02 2.600000000000e+06 0.000000000000e+00 -8.752000000000e-01 -8.752000000000e-01 0.000000000000e+00 0.000000000000e+00 0.000000000000e+00 -0.000000000000e+00 2.548227384426e-02 0.000000000000e+00 0.000000000000e+00 0.000000000000e+00 0.000000000000e+00 0.000000000000e+00 0.000000000000e+00 
9.495000000000e+00 1.988362374759e-02 -6.322652595965e-02 8.022734938188e-03 1.305367588351e+05 1.277832997150e+05 1.055701895300e+05 5.168441414630e+03 6.412345479131e+02 2.600000000000e+06 0.000000000000e+00 -8.752000000000e-01 -8.752000000000e-01 0.000000000000e+00 0.000000000000e+00 0.000000000000e+00 -0.000000000000e+00 2.543199761377e-02 0.000000000000e+00 0.000000000000e+00 0.000000000000e+00 0.000000000000e+00 0.000000000000e+00 0.000000000000e+00 
9.500000000000e+00 1.984440274062e-02 -6.412857305422e-02 7.911801426197e-03 1.297229952360e+05 1.270406313980e+05 1.054683854009e+05 5.170961870035e+03 6.413355500918e+02 2.600000000000e+06 0.000000000000e+00 -8.752000000000e-01 -8.752000000000e-01 0.000000000000e+00 0.000000000000e+00 0.000000000000e+00 -0.000000000000e+00 2.538192344516e-02 0.000000000000e+00 0.000000000000e+00 0.000000000000e+00 0.000000000000e+00 0.000000000000e+00 0.000000000000e+00 
9.505000000000e+00 1.980616798982e-02 -6.573750506212e-02 7.639428436584e-03 1.289859899440e+05 1.263130464757e+05 1.053708464180e+05 5.173418921052e+03 6.414508795985e+02 2.600000000000e+06 0.000000000000e+00 -8.752000000000e-01 -8.752000000000e-01 0.000000000000e+00 0.000000000000e+00 0.000000000000e+00 -0.000000000000e+00 2.533310608463e-02 0.000000000000e+00 0.000000000000e+00 0.000000000000e+00 0.000000000000e+00 0.000000000000e+00 0.000000000000e+00 
9.510000000000e+00 1.976969214620e-02 -6.791044625913e-02 7.221494732500e-03 1.283375758279e+05 1.256156063085e+05 1.052793384370e+05 5.175762518117e+03 6.415762289038e+02 2.600000000000e+06 0.000000000000e+00 -8.752000000000e-01 -8.752000000000e-01 0.000000000000e+00 0.000000000000e+00 0.000000000000e+00 -0.000000000000e+00 2.528652604437e-02 0.000000000000e+00 0.000000000000e+00 0.000000000000e+00 0.000000000000e+00 0.000000000000e+00 0.000000000000e+00 
9.515000000000e+00 1.973565076782e-02 -7.046957216773e-02 6.679297359872e-03 1.277855622844e+05 1.249617667491e+05 1.051952770553e+05 5.177948639976e+03 6.417065493414e+02 2.600000000000e+06 0.000000000000e+00 -8.752000000000e-01 -8.752000000000e-01 0.000000000000e+00 0.000000000000e+00 0.000000000000e+00 -0.000000000000e+00 2.524304022917e-02 0.000000000000e+00 0.000000000000e+00 0.000000000000e+00 0.000000000000e+00 0.000000000000e+00 0.000000000000e+00 
9.520000000000e+00 1.970459450517e-02 -7.323884142267e-02 6.038451144206e-03 1.273334449411e+05 1.243627661038e+05 1.051196987872e+05 5.179941230724e+03 6.418365480195e+02 2.600000000000e+06 0.000000000000e+00 -8.752000000000e-01 -8.752000000000e-01 0.000000000000e+00 0.000000000000e+00 0.000000000000e+00 -0.000000000000e+00 2.520335025908e-02 0.000000000000e+00 0.000000000000e+00 0.000000000000e+00 0.000000000000e+00 0.000000000000e+00 0.000000000000e+00 
9.525000000000e+00 1.967694060842e-02 -7.605173981858e-02 5.326865813587e-03 1.269808826902e+05 1.238273733559e+05 1.050532815775e+05 5.181712851538e+03 6.419611320992e+02 2.600000000000e+06 0.000000000000e+00 -8.752000000000e-01 -8.752000000000e-01 0.000000000000e+00 0.000000000000e+00 0.000000000000e+00 -0.000000000000e+00 2.516798587920e-02 0.000000000000e+00 0.000000000000e+00 0.000000000000e+00 0.000000000000e+00 0.000000000000e+00 0.000000000000e+00 
9.530000000000e+00 1.965296234950e-02 -7.875982261791e-02 4.573694685800e-03 1.267238072912e+05 1.233615986119e+05 1.049963562791e+05 5.183245504018e+03 6.420758266312e+02 2.600000000000e+06 0.000000000000e+00 -8.752000000000e-01 -8.752000000000e-01 0.000000000000e+00 0.000000000000e+00 0.000000000000e+00 -0.000000000000e+00 2.513729721632e-02 0.000000000000e+00 0.000000000000e+00 0.000000000000e+00 0.000000000000e+00 0.000000000000e+00 0.000000000000e+00 
9.535000000000e+00 1.963279369621e-02 -8.124350062237e-02 3.805972088535e-03 1.265557159076e+05 1.229687100029e+05 1.049489478262e+05 5.184530312426e+03 6.421770572822e+02 2.600000000000e+06 0.000000000000e+00 -8.752000000000e-01 -8.752000000000e-01 0.000000000000e+00 0.000000000000e+00 0.000000000000e+00 -0.000000000000e+00 2.511146222294e-02 0.000000000000e+00 0.000000000000e+00 0.000000000000e+00 0.000000000000e+00 0.000000000000e+00 0.000000000000e+00 
9.540000000000e+00 1.961643629163e-02 -8.341795503759e-02 3.050238849171e-03 1.264672536450e+05 1.226493143945e+05 1.049108125694e+05 5.185567258293e+03 6.422623301357e+02 2.600000000000e+06 0.000000000000e+00 -8.752000000000e-01 -8.752000000000e-01 0.000000000000e+00 0.000000000000e+00 0.000000000000e+00 -0.000000000000e+00 2.509048281525e-02 0.000000000000e+00 0.000000000000e+00 0.000000000000e+00 0.000000000000e+00 0.000000000000e+00 0.000000000000e+00 
9.545000000000e+00 1.960377631371e-02 -8.521227781837e-02 2.326873498586e-03 1.264486357790e+05 1.224016520734e+05 1.048814894089e+05 5.186363856478e+03 6.423302673851e+02 2.600000000000e+06 0.000000000000e+00 -8.752000000000e-01 -8.752000000000e-01 0.000000000000e+00 0.000000000000e+00 0.000000000000e+00 -0.000000000000e+00 2.507422227278e-02 0.000000000000e+00 0.000000000000e+00 0.000000000000e+00 0.000000000000e+00 0.000000000000e+00 0.000000000000e+00 
9.550000000000e+00 1.959459424816e-02 -8.658892727094e-02 1.657535204752e-03 1.264872263352e+05 1.222217735810e+05 1.048603260758e+05 5.186934906205e+03 6.423805954465e+02 2.600000000000e+06 0.000000000000e+00 -8.752000000000e-01 -8.752000000000e-01 0.000000000000e+00 0.000000000000e+00 0.000000000000e+00 -0.000000000000e+00 2.506240306050e-02 0.000000000000e+00 0.000000000000e+00 0.000000000000e+00 0.000000000000e+00 0.000000000000e+00 0.000000000000e+00 
9.555000000000e+00 1.958860048450e-02 -8.754190907033e-02 1.046440066124e-03 1.265750683510e+05 1.221042395197e+05 1.048465584138e+05 5.187299202304e+03 6.424139247308e+02 2.600000000000e+06 0.000000000000e+00 -8.752000000000e-01 -8.752000000000e-01 0.000000000000e+00 0.000000000000e+00 0.000000000000e+00 -0.000000000000e+00 2.505464854319e-02 0.000000000000e+00 0.000000000000e+00 0.000000000000e+00 0.000000000000e+00 0.000000000000e+00 0.000000000000e+00 
9.560000000000e+00 1.958525742873e-02 -8.787985723734e-02 5.418481380353e-04 1.266829371308e+05 1.220386447116e+05 1.048388955408e+05 5.187494289780e+03 6.424326775769e+02 2.600000000000e+06 0.000000000000e+00 -8.752000000000e-01 -8.752000000000e-01 0.000000000000e+00 0.000000000000e+00 0.000000000000e+00 -0.000000000000e+00 2.505038462579e-02 0.000000000000e+00 0.000000000000e+00 0.000000000000e+00 0.000000000000e+00 0.000000000000e+00 0.000000000000e+00 
9.565000000000e+00 1.958395311048e-02 -8.786493305098e-02 1.098240806925e-04 1.268095067387e+05 1.220130447269e+05 1.048359089390e+05 5.187558676482e+03 6.424400258056e+02 2.600000000000e+06 0.000000000000e+00 -8.752000000000e-01 -8.752000000000e-01 0.000000000000e+00 0.000000000000e+00 0.000000000000e+00 -0.000000000000e+00 2.504891269909e-02 0.000000000000e+00 0.000000000000e+00 0.000000000000e+00 0.000000000000e+00 0.000000000000e+00 0.000000000000e+00 
9.570000000000e+00 1.958456522393e-02 -8.758304731488e-02 -2.578649286410e-04 1.269549859215e+05 1.220250592758e+05 1.048373103258e+05 5.187499977195e+03 6.424365750870e+02 2.600000000000e+06 0.000000000000e+00 -8.752000000000e-01 -8.752000000000e-01 0.000000000000e+00 0.000000000000e+00 0.000000000000e+00 -0.000000000000e+00 2.504972491251e-02 0.000000000000e+00 0.000000000000e+00 0.000000000000e+00 0.000000000000e+00 0.000000000000e+00 0.000000000000e+00 
9.575000000000e+00 1.958667597188e-02 -8.700177480839e-02 -5.066475182265e-04 1.270905685479e+05 1.220664817062e+05 1.048421456835e+05 5.187348469377e+03 6.424247060043e+02 2.600000000000e+06 0.000000000000e+00 -8.752000000000e-01 -8.752000000000e-01 0.000000000000e+00 0.000000000000e+00 0.000000000000e+00 -0.000000000000e+00 2.505235901800e-02 0.000000000000e+00 0.000000000000e+00 0.000000000000e+00 0.000000000000e+00 0.000000000000e+00 0.000000000000e+00 
9.580000000000e+00 1.958977319373e-02 -8.615409301622e-02 -6.626962348949e-04 1.272144150524e+05 1.221272427907e+05 1.048492492029e+05 5.187136635505e+03 6.424073741090e+02 2.600000000000e+06 0.000000000000e+00 -8.752000000000e-01 -8.752000000000e-01 0.000000000000e+00 0.000000000000e+00 0.000000000000e+00 -0.000000000000e+00 2.505623506637e-02 0.000000000000e+00 0.000000000000e+00 0.000000000000e+00 0.000000000000e+00 0.000000000000e+00 0.000000000000e+00 
9.585000000000e+00 1.959338541925e-02 -8.508387277976e-02 -7.303098462216e-04 1.273177482911e+05 1.221980765006e+05 1.048575464080e+05 5.186895356039e+03 6.423872870547e+02 2.600000000000e+06 0.000000000000e+00 -8.752000000000e-01 -8.752000000000e-01 0.000000000000e+00 0.000000000000e+00 0.000000000000e+00 -0.000000000000e+00 2.506078458065e-02 0.000000000000e+00 0.000000000000e+00 0.000000000000e+00 0.000000000000e+00 0.000000000000e+00 0.000000000000e+00 
9.590000000000e+00 1.959707057012e-02 -8.384220652370e-02 -7.152965531261e-04 1.273929955882e+05 1.222703062124e+05 1.048660250315e+05 5.186653470889e+03 6.423669353038e+02 2.600000000000e+06 0.000000000000e+00 -8.752000000000e-01 -8.752000000000e-01 0.000000000000e+00 0.000000000000e+00 0.000000000000e+00 -0.000000000000e+00 2.506547264728e-02 0.000000000000e+00 0.000000000000e+00 0.000000000000e+00 0.000000000000e+00 0.000000000000e+00 0.000000000000e+00 
9.595000000000e+00 1.960046215918e-02 -8.247769611206e-02 -6.251278330184e-04 1.274348439605e+05 1.223367517046e+05 1.048738406759e+05 5.186434728049e+03 6.423483306309e+02 2.600000000000e+06 0.000000000000e+00 -8.752000000000e-01 -8.752000000000e-01 0.000000000000e+00 0.000000000000e+00 0.000000000000e+00 -0.000000000000e+00 2.506980590973e-02 0.000000000000e+00 0.000000000000e+00 0.000000000000e+00 0.000000000000e+00 0.000000000000e+00 0.000000000000e+00 
9.600000000000e+00 1.960322312934e-02 -8.103650605157e-02 -4.678896831367e-04 1.274388432483e+05 1.223908211133e+05 1.048802119223e+05 5.186260883242e+03 6.423332744014e+02 2.600000000000e+06 0.000000000000e+00 -8.752000000000e-01 -8.752000000000e-01 0.000000000000e+00 0.000000000000e+00 0.000000000000e+00 -0.000000000000e+00 2.507333950302e-02 0.000000000000e+00 0.000000000000e+00 0.000000000000e+00 0.000000000000e+00 0.000000000000e+00 0.000000000000e+00 
9.605000000000e+00 1.960505695868e-02 -7.955914033863e-02 -2.559671173555e-04 1.274029618869e+05 1.224267232333e+05 1.048844480642e+05 5.186150797187e+03 6.423233183589e+02 2.600000000000e+06 0.000000000000e+00 -8.752000000000e-01 -8.752000000000e-01 0.000000000000e+00 0.000000000000e+00 0.000000000000e+00 -0.000000000000e+00 2.507569219013e-02 0.000000000000e+00 0.000000000000e+00 0.000000000000e+00 0.000000000000e+00 0.000000000000e+00 0.000000000000e+00 
9.610000000000e+00 1.960562192161e-02 -7.809935454281e-02 9.999156241949e-06 1.273199504430e+05 1.224377821841e+05 1.048857538318e+05 5.186126891693e+03 6.423202582426e+02 2.600000000000e+06 0.000000000000e+00 -8.752000000000e-01 -8.752000000000e-01 0.000000000000e+00 0.000000000000e+00 0.000000000000e+00 -0.000000000000e+00 2.507652931424e-02 0.000000000000e+00 0.000000000000e+00 0.000000000000e+00 0.000000000000e+00 0.000000000000e+00 0.000000000000e+00 
9.615000000000e+00 1.960491697990e-02 -7.673795746820e-02 2.949390673161e-04 1.272023404814e+05 1.224239830733e+05 1.048841245903e+05 5.186187477464e+03 6.423240770714e+02 2.600000000000e+06 0.000000000000e+00 -8.752000000000e-01 -8.752000000000e-01 0.000000000000e+00 0.000000000000e+00 0.000000000000e+00 -0.000000000000e+00 2.507566355878e-02 0.000000000000e+00 0.000000000000e+00 0.000000000000e+00 0.000000000000e+00 0.000000000000e+00 0.000000000000e+00 
9.620000000000e+00 1.960290084227e-02 -7.550626018217e-02 5.987730515410e-04 1.270492211341e+05 1.223845106034e+05 1.048794678009e+05 5.186335285862e+03 6.423350277817e+02 2.600000000000e+06 0.000000000000e+00 -8.752000000000e-01 -8.752000000000e-01 0.000000000000e+00 0.000000000000e+00 0.000000000000e+00 -0.000000000000e+00 2.507302305635e-02 0.000000000000e+00 0.000000000000e+00 0.000000000000e+00 0.000000000000e+00 0.000000000000e+00 0.000000000000e+00 
9.625000000000e+00 1.959950512570e-02 -7.433392156911e-02 9.270639448077e-04 1.268570499968e+05 1.223180051611e+05 1.048716340611e+05 5.186575142964e+03 6.423535682448e+02 2.600000000000e+06 0.000000000000e+00 -8.752000000000e-01 -8.752000000000e-01 0.000000000000e+00 0.000000000000e+00 0.000000000000e+00 -0.000000000000e+00 2.506848593482e-02 0.000000000000e+00 0.000000000000e+00 0.000000000000e+00 0.000000000000e+00 0.000000000000e+00 0.000000000000e+00 
9.630000000000e+00 1.959445934831e-02 -7.313647835733e-02 1.281673320991e-03 1.266191601953e+05 1.222191292770e+05 1.048600158024e+05 5.186925034927e+03 6.423813414409e+02 2.600000000000e+06 0.000000000000e+00 -8.752000000000e-01 -8.752000000000e-01 0.000000000000e+00 0.000000000000e+00 0.000000000000e+00 -0.000000000000e+00 2.506185302115e-02 0.000000000000e+00 0.000000000000e+00 0.000000000000e+00 0.000000000000e+00 0.000000000000e+00 0.000000000000e+00 
9.635000000000e+00 1.958761974145e-02 -7.204814513187e-02 1.636818728500e-03 1.263415561105e+05 1.220849990860e+05 1.048443091826e+05 5.187393290729e+03 6.424194140938e+02 2.600000000000e+06 0.000000000000e+00 -8.752000000000e-01 -8.752000000000e-01 0.000000000000e+00 0.000000000000e+00 0.000000000000e+00 -0.000000000000e+00 2.505300177702e-02 0.000000000000e+00 0.000000000000e+00 0.000000000000e+00 0.000000000000e+00 0.000000000000e+00 0.000000000000e+00 
9.640000000000e+00 1.957903919835e-02 -7.108522797245e-02 1.979111098392e-03 1.260301026345e+05 1.219165601543e+05 1.048246728953e+05 5.187975960938e+03 6.424678691053e+02 2.600000000000e+06 0.000000000000e+00 -8.752000000000e-01 -8.752000000000e-01 0.000000000000e+00 0.000000000000e+00 0.000000000000e+00 -0.000000000000e+00 2.504197079399e-02 0.000000000000e+00 0.000000000000e+00 0.000000000000e+00 0.000000000000e+00 0.000000000000e+00 0.000000000000e+00 
9.645000000000e+00 1.956879754142e-02 -7.025085475054e-02 2.302598296782e-03 1.256885879557e+05 1.217152684958e+05 1.048013342846e+05 5.188667729427e+03 6.425267090683e+02 2.600000000000e+06 0.000000000000e+00 -8.752000000000e-01 -8.752000000000e-01 0.000000000000e+00 0.000000000000e+00 0.000000000000e+00 -0.000000000000e+00 2.502884307815e-02 0.000000000000e+00 0.000000000000e+00 0.000000000000e+00 0.000000000000e+00 0.000000000000e+00 0.000000000000e+00 
9.650000000000e+00 1.955699951702e-02 -6.954373346565e-02 2.603584397561e-03 1.253205425629e+05 1.214830572860e+05 1.047745821013e+05 5.189461773648e+03 6.425958409734e+02 2.600000000000e+06 0.000000000000e+00 -8.752000000000e-01 -8.752000000000e-01 0.000000000000e+00 0.000000000000e+00 0.000000000000e+00 -0.000000000000e+00 2.501374152424e-02 0.000000000000e+00 0.000000000000e+00 0.000000000000e+00 0.000000000000e+00 0.000000000000e+00 0.000000000000e+00 
9.655000000000e+00 1.954376759358e-02 -6.895918730061e-02 2.878323809545e-03 1.249299144249e+05 1.212222021260e+05 1.047447471681e+05 5.190350109523e+03 6.426750882093e+02 2.600000000000e+06 0.000000000000e+00 -8.752000000000e-01 -8.752000000000e-01 0.000000000000e+00 0.000000000000e+00 0.000000000000e+00 -0.000000000000e+00 2.499681656579e-02 0.000000000000e+00 0.000000000000e+00 0.000000000000e+00 0.000000000000e+00 0.000000000000e+00 0.000000000000e+00 
9.660000000000e+00 1.952923837573e-02 -6.848666034430e-02 3.124311151646e-03 1.245205303235e+05 1.209352573496e+05 1.047121913549e+05 5.191323877701e+03 6.427641823869e+02 2.600000000000e+06 0.000000000000e+00 -8.752000000000e-01 -8.752000000000e-01 0.000000000000e+00 0.000000000000e+00 0.000000000000e+00 -0.000000000000e+00 2.497824226424e-02 0.000000000000e+00 0.000000000000e+00 0.000000000000e+00 0.000000000000e+00 0.000000000000e+00 0.000000000000e+00 
9.665000000000e+00 1.951356237068e-02 -6.812114469233e-02 3.339208468957e-03 1.240964805661e+05 1.206250584533e+05 1.046773041759e+05 5.192373290215e+03 6.428627356160e+02 2.600000000000e+06 0.000000000000e+00 -8.752000000000e-01 -8.752000000000e-01 0.000000000000e+00 0.000000000000e+00 0.000000000000e+00 -0.000000000000e+00 2.495820889152e-02 0.000000000000e+00 0.000000000000e+00 0.000000000000e+00 0.000000000000e+00 0.000000000000e+00 0.000000000000e+00 
9.670000000000e+00 1.949689855705e-02 -6.785579449262e-02 3.521954545356e-03 1.236616017534e+05 1.202946215284e+05 1.046404879743e+05 5.193488031313e+03 6.429702468617e+02 2.600000000000e+06 0.000000000000e+00 -8.752000000000e-01 -8.752000000000e-01 0.000000000000e+00 0.000000000000e+00 0.000000000000e+00 -0.000000000000e+00 2.493691697565e-02 0.000000000000e+00 0.000000000000e+00 0.000000000000e+00 0.000000000000e+00 0.000000000000e+00 0.000000000000e+00 
9.675000000000e+00 1.947940991090e-02 -6.768116134861e-02 3.672038774091e-03 1.232196407705e+05 1.199470603269e+05 1.046021458500e+05 5.194657505968e+03 6.430861083766e+02 2.600000000000e+06 0.000000000000e+00 -8.752000000000e-01 -8.752000000000e-01 0.000000000000e+00 0.000000000000e+00 0.000000000000e+00 -0.000000000000e+00 2.491457216570e-02 0.000000000000e+00 0.000000000000e+00 0.000000000000e+00 0.000000000000e+00 0.000000000000e+00 0.000000000000e+00 
9.680000000000e+00 1.946125928143e-02 -6.758660834395e-02 3.789779145837e-03 1.227740630316e+05 1.195855087542e+05 1.045626710380e+05 5.195871118909e+03 6.432096166413e+02 2.600000000000e+06 0.000000000000e+00 -8.752000000000e-01 -8.752000000000e-01 0.000000000000e+00 0.000000000000e+00 0.000000000000e+00 -0.000000000000e+00 2.489138107834e-02 0.000000000000e+00 0.000000000000e+00 0.000000000000e+00 0.000000000000e+00 0.000000000000e+00 0.000000000000e+00 
9.685000000000e+00 1.944260630363e-02 -6.756174939669e-02 3.876018964310e-03 1.223280926676e+05 1.192130623885e+05 1.045224392453e+05 5.197118459072e+03 6.433399833175e+02 2.600000000000e+06 0.000000000000e+00 -8.752000000000e-01 -8.752000000000e-01 0.000000000000e+00 0.000000000000e+00 0.000000000000e+00 -0.000000000000e+00 2.486754644954e-02 0.000000000000e+00 0.000000000000e+00 0.000000000000e+00 0.000000000000e+00 0.000000000000e+00 0.000000000000e+00 
9.690000000000e+00 1.942360461483e-02 -6.759544843812e-02 3.932255640876e-03 1.218846021964e+05 1.188327245362e+05 1.044818022809e+05 5.198389488832e+03 6.434763505212e+02 2.600000000000e+06 0.000000000000e+00 -8.752000000000e-01 -8.752000000000e-01 0.000000000000e+00 0.000000000000e+00 0.000000000000e+00 -0.000000000000e+00 2.484326362151e-02 0.000000000000e+00 0.000000000000e+00 0.000000000000e+00 0.000000000000e+00 0.000000000000e+00 0.000000000000e+00 
9.695000000000e+00 1.940439926572e-02 -6.767668308189e-02 3.960374230462e-03 1.214461491288e+05 1.184473546834e+05 1.044410826980e+05 5.199674703547e+03 6.436178107673e+02 2.600000000000e+06 0.000000000000e+00 -8.752000000000e-01 -8.752000000000e-01 0.000000000000e+00 0.000000000000e+00 0.000000000000e+00 -0.000000000000e+00 2.481871722082e-02 0.000000000000e+00 0.000000000000e+00 0.000000000000e+00 0.000000000000e+00 0.000000000000e+00 0.000000000000e+00 
9.700000000000e+00 1.938512505099e-02 -6.779447116764e-02 3.962591464621e-03 1.210149564125e+05 1.180596340268e+05 1.044005709039e+05 5.200965243069e+03 6.437634254579e+02 2.600000000000e+06 0.000000000000e+00 -8.752000000000e-01 -8.752000000000e-01 0.000000000000e+00 0.000000000000e+00 0.000000000000e+00 -0.000000000000e+00 2.479407906976e-02 0.000000000000e+00 0.000000000000e+00 0.000000000000e+00 0.000000000000e+00 0.000000000000e+00 0.000000000000e+00 
9.705000000000e+00 1.936590383756e-02 -6.793764352168e-02 3.941682378101e-03 1.205927669042e+05 1.176720096695e+05 1.043605205798e+05 5.202253087055e+03 6.439122552622e+02 2.600000000000e+06 0.000000000000e+00 -8.752000000000e-01 -8.752000000000e-01 0.000000000000e+00 0.000000000000e+00 0.000000000000e+00 -0.000000000000e+00 2.476950470919e-02 0.000000000000e+00 0.000000000000e+00 0.000000000000e+00 0.000000000000e+00 0.000000000000e+00 0.000000000000e+00 
9.710000000000e+00 1.934684413470e-02 -6.809634539016e-02 3.900272484753e-03 1.201810885820e+05 1.172866829047e+05 1.043211491468e+05 5.203531054940e+03 6.440633770672e+02 2.600000000000e+06 0.000000000000e+00 -8.752000000000e-01 -8.752000000000e-01 0.000000000000e+00 0.000000000000e+00 0.000000000000e+00 -0.000000000000e+00 2.474513282897e-02 0.000000000000e+00 0.000000000000e+00 0.000000000000e+00 0.000000000000e+00 0.000000000000e+00 0.000000000000e+00 
9.715000000000e+00 1.932804036162e-02 -6.826129762190e-02 3.841338887187e-03 1.197809923149e+05 1.169055908752e+05 1.042826377434e+05 5.204792888269e+03 6.442159048197e+02 2.600000000000e+06 0.000000000000e+00 -8.752000000000e-01 -8.752000000000e-01 0.000000000000e+00 0.000000000000e+00 0.000000000000e+00 -0.000000000000e+00 2.472108423788e-02 0.000000000000e+00 0.000000000000e+00 0.000000000000e+00 0.000000000000e+00 0.000000000000e+00 0.000000000000e+00 
9.720000000000e+00 1.930957163833e-02 -6.842381411334e-02 3.767961281018e-03 1.193931724396e+05 1.165303780879e+05 1.042451303424e+05 5.206033328065e+03 6.443690155364e+02 2.600000000000e+06 0.000000000000e+00 -8.752000000000e-01 -8.752000000000e-01 0.000000000000e+00 0.000000000000e+00 0.000000000000e+00 -0.000000000000e+00 2.469746029618e-02 0.000000000000e+00 0.000000000000e+00 0.000000000000e+00 0.000000000000e+00 0.000000000000e+00 0.000000000000e+00 
9.725000000000e+00 1.929150171083e-02 -6.857593734040e-02 3.683219211733e-03 1.190179798509e+05 1.161623906031e+05 1.042087352444e+05 5.207248123776e+03 6.445219667596e+02 2.600000000000e+06 0.000000000000e+00 -8.752000000000e-01 -8.752000000000e-01 0.000000000000e+00 0.000000000000e+00 0.000000000000e+00 -0.000000000000e+00 2.467434285024e-02 0.000000000000e+00 0.000000000000e+00 0.000000000000e+00 0.000000000000e+00 0.000000000000e+00 0.000000000000e+00 
9.730000000000e+00 1.927387902055e-02 -6.871074958372e-02 3.590126797272e-03 1.186554450437e+05 1.158026731660e+05 1.041735267998e+05 5.208434034231e+03 6.446741122583e+02 2.600000000000e+06 0.000000000000e+00 -8.752000000000e-01 -8.752000000000e-01 0.000000000000e+00 0.000000000000e+00 0.000000000000e+00 -0.000000000000e+00 2.465179452149e-02 0.000000000000e+00 0.000000000000e+00 0.000000000000e+00 0.000000000000e+00 0.000000000000e+00 0.000000000000e+00 
9.735000000000e+00 1.925673730023e-02 -6.882250588302e-02 3.491575884362e-03 1.183053103211e+05 1.154519772508e+05 1.041395480699e+05 5.209588792998e+03 6.448249121094e+02 2.600000000000e+06 0.000000000000e+00 -8.752000000000e-01 -8.752000000000e-01 0.000000000000e+00 0.000000000000e+00 0.000000000000e+00 -0.000000000000e+00 2.462985868698e-02 0.000000000000e+00 0.000000000000e+00 0.000000000000e+00 0.000000000000e+00 0.000000000000e+00 0.000000000000e+00 
9.740000000000e+00 1.924009625038e-02 -6.890647502863e-02 3.390269709489e-03 1.179670677795e+05 1.151107711035e+05 1.041068134812e+05 5.210711066981e+03 6.449739404104e+02 2.600000000000e+06 0.000000000000e+00 -8.752000000000e-01 -8.752000000000e-01 0.000000000000e+00 0.000000000000e+00 0.000000000000e+00 -0.000000000000e+00 2.460856056988e-02 0.000000000000e+00 0.000000000000e+00 0.000000000000e+00 0.000000000000e+00 0.000000000000e+00 0.000000000000e+00 
9.745000000000e+00 1.922396260178e-02 -6.895845119916e-02 3.288716231903e-03 1.176399844428e+05 1.147792581236e+05 1.040753120535e+05 5.211800390946e+03 6.451208876788e+02 2.600000000000e+06 0.000000000000e+00 -8.752000000000e-01 -8.752000000000e-01 0.000000000000e+00 0.000000000000e+00 0.000000000000e+00 -0.000000000000e+00 2.458790911921e-02 0.000000000000e+00 0.000000000000e+00 0.000000000000e+00 0.000000000000e+00 0.000000000000e+00 0.000000000000e+00 
9.750000000000e+00 1.920833121733e-02 -6.897576972362e-02 3.189183866936e-03 1.173231425108e+05 1.144573965725e+05 1.040450105013e+05 5.212857096355e+03 6.452655608071e+02 2.600000000000e+06 0.000000000000e+00 -8.752000000000e-01 -8.752000000000e-01 0.000000000000e+00 0.000000000000e+00 0.000000000000e+00 -0.000000000000e+00 2.456789826484e-02 0.000000000000e+00 0.000000000000e+00 0.000000000000e+00 0.000000000000e+00 0.000000000000e+00 0.000000000000e+00 
9.755000000000e+00 1.919318644034e-02 -6.895682620665e-02 3.093628630309e-03 1.170154961623e+05 1.141449248804e+05 1.040158566141e+05 5.213882220874e+03 6.454078787046e+02 2.600000000000e+06 0.000000000000e+00 -8.752000000000e-01 -8.752000000000e-01 0.000000000000e+00 0.000000000000e+00 0.000000000000e+00 -0.000000000000e+00 2.454850842501e-02 0.000000000000e+00 0.000000000000e+00 0.000000000000e+00 0.000000000000e+00 0.000000000000e+00 0.000000000000e+00 
9.760000000000e+00 1.917850356373e-02 -6.890101173450e-02 3.003758729000e-03 1.167158806027e+05 1.138413899928e+05 1.039877826731e+05 5.214877415558e+03 6.455478647734e+02 2.600000000000e+06 0.000000000000e+00 -8.752000000000e-01 -8.752000000000e-01 0.000000000000e+00 0.000000000000e+00 0.000000000000e+00 -0.000000000000e+00 2.452970846062e-02 0.000000000000e+00 0.000000000000e+00 0.000000000000e+00 0.000000000000e+00 0.000000000000e+00 0.000000000000e+00 
9.765000000000e+00 1.916425030558e-02 -6.880902791020e-02 2.920951561839e-03 1.164230760887e+05 1.135461763729e+05 1.039607086998e+05 5.215844842978e+03 6.456856374418e+02 2.600000000000e+06 0.000000000000e+00 -8.752000000000e-01 -8.752000000000e-01 0.000000000000e+00 0.000000000000e+00 0.000000000000e+00 -0.000000000000e+00 2.451145737959e-02 0.000000000000e+00 0.000000000000e+00 0.000000000000e+00 0.000000000000e+00 0.000000000000e+00 0.000000000000e+00 
9.770000000000e+00 1.915038827819e-02 -6.868118206602e-02 2.846330478852e-03 1.161358128663e+05 1.132585353396e+05 1.039345455346e+05 5.216787083025e+03 6.458213991114e+02 2.600000000000e+06 0.000000000000e+00 -8.752000000000e-01 -8.752000000000e-01 0.000000000000e+00 0.000000000000e+00 0.000000000000e+00 -0.000000000000e+00 2.449370644505e-02 0.000000000000e+00 0.000000000000e+00 0.000000000000e+00 0.000000000000e+00 0.000000000000e+00 0.000000000000e+00 
9.775000000000e+00 1.913687404705e-02 -6.851907990794e-02 2.780726214194e-03 1.158528096413e+05 1.129776062903e+05 1.039091970130e+05 5.217707060007e+03 6.459554277750e+02 2.600000000000e+06 0.000000000000e+00 -8.752000000000e-01 -8.752000000000e-01 0.000000000000e+00 0.000000000000e+00 0.000000000000e+00 -0.000000000000e+00 2.447640052341e-02 0.000000000000e+00 0.000000000000e+00 0.000000000000e+00 0.000000000000e+00 0.000000000000e+00 0.000000000000e+00 
9.780000000000e+00 1.912366086826e-02 -6.832495721659e-02 2.724669171388e-03 1.155728162066e+05 1.127024523419e+05 1.038845633156e+05 5.218607924339e+03 6.460880608548e+02 2.600000000000e+06 0.000000000000e+00 -8.752000000000e-01 -8.752000000000e-01 0.000000000000e+00 0.000000000000e+00 0.000000000000e+00 -0.000000000000e+00 2.445948018366e-02 0.000000000000e+00 0.000000000000e+00 0.000000000000e+00 0.000000000000e+00 0.000000000000e+00 0.000000000000e+00 
9.785000000000e+00 1.911070010457e-02 -6.810152409045e-02 2.678423117771e-03 1.152946335033e+05 1.124320896468e+05 1.038605436058e+05 5.219492957627e+03 6.462196810718e+02 2.600000000000e+06 0.000000000000e+00 -8.752000000000e-01 -8.752000000000e-01 0.000000000000e+00 0.000000000000e+00 0.000000000000e+00 -0.000000000000e+00 2.444288351420e-02 0.000000000000e+00 0.000000000000e+00 0.000000000000e+00 0.000000000000e+00 0.000000000000e+00 0.000000000000e+00 
9.790000000000e+00 1.909794243268e-02 -6.785181769338e-02 2.642028368932e-03 1.150171254252e+05 1.121655126177e+05 1.038370382025e+05 5.220365492016e+03 6.463507035936e+02 2.600000000000e+06 0.000000000000e+00 -8.752000000000e-01 -8.752000000000e-01 0.000000000000e+00 0.000000000000e+00 0.000000000000e+00 -0.000000000000e+00 2.442654767200e-02 0.000000000000e+00 0.000000000000e+00 0.000000000000e+00 0.000000000000e+00 0.000000000000e+00 0.000000000000e+00 
9.795000000000e+00 1.908533886782e-02 -6.757905376837e-02 2.615323968879e-03 1.147392342975e+05 1.119017155342e+05 1.038139503597e+05 5.221228840613e+03 6.464815644543e+02 2.600000000000e+06 0.000000000000e+00 -8.752000000000e-01 -8.752000000000e-01 0.000000000000e+00 0.000000000000e+00 0.000000000000e+00 -0.000000000000e+00 2.441041020718e-02 0.000000000000e+00 0.000000000000e+00 0.000000000000e+00 0.000000000000e+00 0.000000000000e+00 0.000000000000e+00 
9.800000000000e+00 1.907284187995e-02 -6.728665229556e-02 2.597935634480e-03 1.144600112837e+05 1.116397162209e+05 1.037911881700e+05 5.222086219549e+03 6.466127075523e+02 2.600000000000e+06 0.000000000000e+00 -8.752000000000e-01 -8.752000000000e-01 0.000000000000e+00 0.000000000000e+00 0.000000000000e+00 -0.000000000000e+00 2.439441048657e-02 0.000000000000e+00 0.000000000000e+00 0.000000000000e+00 0.000000000000e+00 0.000000000000e+00 0.000000000000e+00 
9.805000000000e+00 1.906040615690e-02 -6.697800575382e-02 2.589352861430e-03 1.141786054974e+05 1.113785724747e+05 1.037686657863e+05 5.222940698609e+03 6.467445749170e+02 2.600000000000e+06 0.000000000000e+00 -8.752000000000e-01 -8.752000000000e-01 0.000000000000e+00 0.000000000000e+00 0.000000000000e+00 -0.000000000000e+00 2.437849076212e-02 0.000000000000e+00 0.000000000000e+00 0.000000000000e+00 0.000000000000e+00 0.000000000000e+00 0.000000000000e+00 
9.810000000000e+00 1.904798942256e-02 -6.665656794457e-02 2.588917174703e-03 1.138942875554e+05 1.111173997420e+05 1.037463047170e+05 5.223795143321e+03 6.468775961244e+02 2.600000000000e+06 0.000000000000e+00 -8.752000000000e-01 -8.752000000000e-01 0.000000000000e+00 0.000000000000e+00 0.000000000000e+00 -0.000000000000e+00 2.436259695875e-02 0.000000000000e+00 0.000000000000e+00 0.000000000000e+00 0.000000000000e+00 0.000000000000e+00 0.000000000000e+00 
9.815000000000e+00 1.903555287922e-02 -6.632555418488e-02 2.595891578655e-03 1.136064342073e+05 1.108553809872e+05 1.037240344228e+05 5.224652186906e+03 6.470121814790e+02 2.600000000000e+06 0.000000000000e+00 -8.752000000000e-01 -8.752000000000e-01 0.000000000000e+00 0.000000000000e+00 0.000000000000e+00 -0.000000000000e+00 2.434667938664e-02 0.000000000000e+00 0.000000000000e+00 0.000000000000e+00 0.000000000000e+00 0.000000000000e+00 0.000000000000e+00 
9.820000000000e+00 1.902306165724e-02 -6.598800013678e-02 2.609463301272e-03 1.133145380674e+05 1.105917767606e+05 1.037017929156e+05 5.225514198226e+03 6.471487150062e+02 2.600000000000e+06 0.000000000000e+00 -8.752000000000e-01 -8.752000000000e-01 0.000000000000e+00 0.000000000000e+00 0.000000000000e+00 -0.000000000000e+00 2.433069341565e-02 0.000000000000e+00 0.000000000000e+00 0.000000000000e+00 0.000000000000e+00 0.000000000000e+00 0.000000000000e+00 
9.825000000000e+00 1.901048513855e-02 -6.564674473598e-02 2.628755153922e-03 1.130182112878e+05 1.103259326619e+05 1.036795271214e+05 5.226383258737e+03 6.472875486846e+02 2.600000000000e+06 0.000000000000e+00 -8.752000000000e-01 -8.752000000000e-01 0.000000000000e+00 0.000000000000e+00 0.000000000000e+00 -0.000000000000e+00 2.431460019235e-02 0.000000000000e+00 0.000000000000e+00 0.000000000000e+00 0.000000000000e+00 0.000000000000e+00 0.000000000000e+00 
9.830000000000e+00 1.899779712961e-02 -6.530443757734e-02 2.652892548111e-03 1.127171648835e+05 1.100572836628e+05 1.036571929682e+05 5.227261152671e+03 6.474289982451e+02 2.600000000000e+06 0.000000000000e+00 -8.752000000000e-01 -8.752000000000e-01 0.000000000000e+00 0.000000000000e+00 0.000000000000e+00 -0.000000000000e+00 2.429836583145e-02 0.000000000000e+00 0.000000000000e+00 0.000000000000e+00 0.000000000000e+00 0.000000000000e+00 0.000000000000e+00 
9.835000000000e+00 1.898497580185e-02 -6.496335761449e-02 2.680988659223e-03 1.124112134099e+05 1.097853535298e+05 1.036347550630e+05 5.228149368987e+03 6.475733415326e+02 2.600000000000e+06 0.000000000000e+00 -8.752000000000e-01 -8.752000000000e-01 0.000000000000e+00 0.000000000000e+00 0.000000000000e+00 -0.000000000000e+00 2.428196209047e-02 0.000000000000e+00 0.000000000000e+00 0.000000000000e+00 0.000000000000e+00 0.000000000000e+00 0.000000000000e+00 
9.840000000000e+00 1.897200387016e-02 -6.462545586467e-02 2.712148634464e-03 1.121002780124e+05 1.095097593011e+05 1.036121867871e+05 5.229049087854e+03 6.477208142034e+02 2.600000000000e+06 0.000000000000e+00 -8.752000000000e-01 -8.752000000000e-01 0.000000000000e+00 0.000000000000e+00 0.000000000000e+00 -0.000000000000e+00 2.426536669174e-02 0.000000000000e+00 0.000000000000e+00 0.000000000000e+00 0.000000000000e+00 0.000000000000e+00 0.000000000000e+00 
9.845000000000e+00 1.895886829546e-02 -6.429238293524e-02 2.745542558525e-03 1.117843526096e+05 1.092302056852e+05 1.035894695597e+05 5.229961203588e+03 6.478716107749e+02 2.600000000000e+06 0.000000000000e+00 -8.752000000000e-01 -8.752000000000e-01 0.000000000000e+00 0.000000000000e+00 0.000000000000e+00 -0.000000000000e+00 2.424856282894e-02 0.000000000000e+00 0.000000000000e+00 0.000000000000e+00 0.000000000000e+00 0.000000000000e+00 0.000000000000e+00 
9.850000000000e+00 1.894556011935e-02 -6.396550809886e-02 2.780370253585e-03 1.114635137778e+05 1.089464822368e+05 1.035665923426e+05 5.230886332903e+03 6.480258842997e+02 2.600000000000e+06 0.000000000000e+00 -8.752000000000e-01 -8.752000000000e-01 0.000000000000e+00 0.000000000000e+00 0.000000000000e+00 -0.000000000000e+00 2.423153894004e-02 0.000000000000e+00 0.000000000000e+00 0.000000000000e+00 0.000000000000e+00 0.000000000000e+00 0.000000000000e+00 
9.855000000000e+00 1.893207422914e-02 -6.364589919500e-02 2.815894661335e-03 1.111379031934e+05 1.086584590365e+05 1.035435510340e+05 5.231824831584e+03 6.481837469202e+02 2.600000000000e+06 0.000000000000e+00 -8.752000000000e-01 -8.752000000000e-01 0.000000000000e+00 0.000000000000e+00 0.000000000000e+00 -0.000000000000e+00 2.421428836826e-02 0.000000000000e+00 0.000000000000e+00 0.000000000000e+00 0.000000000000e+00 0.000000000000e+00 0.000000000000e+00 
9.860000000000e+00 1.891840902547e-02 -6.333434050688e-02 2.851439858571e-03 1.108077211034e+05 1.083660802625e+05 1.035203477071e+05 5.232776816153e+03 6.483452716850e+02 2.600000000000e+06 0.000000000000e+00 -8.752000000000e-01 -8.752000000000e-01 0.000000000000e+00 0.000000000000e+00 0.000000000000e+00 -0.000000000000e+00 2.419680894291e-02 0.000000000000e+00 0.000000000000e+00 0.000000000000e+00 0.000000000000e+00 0.000000000000e+00 0.000000000000e+00 
9.865000000000e+00 1.890456612848e-02 -6.303135996390e-02 2.886392982579e-03 1.104732191849e+05 1.080693585455e+05 1.034969899307e+05 5.233742183140e+03 6.485104940753e+02 2.600000000000e+06 0.000000000000e+00 -8.752000000000e-01 -8.752000000000e-01 0.000000000000e+00 0.000000000000e+00 0.000000000000e+00 -0.000000000000e+00 2.417910260633e-02 0.000000000000e+00 0.000000000000e+00 0.000000000000e+00 0.000000000000e+00 0.000000000000e+00 0.000000000000e+00 
9.870000000000e+00 1.889055001729e-02 -6.273733950753e-02 2.920225427339e-03 1.101346845079e+05 1.077683678478e+05 1.034734899934e+05 5.234720634114e+03 6.486794144944e+02 2.600000000000e+06 0.000000000000e+00 -8.752000000000e-01 -8.752000000000e-01 0.000000000000e+00 0.000000000000e+00 0.000000000000e+00 -0.000000000000e+00 2.416117498459e-02 0.000000000000e+00 0.000000000000e+00 0.000000000000e+00 0.000000000000e+00 0.000000000000e+00 0.000000000000e+00 
9.875000000000e+00 1.887636775157e-02 -6.245260057628e-02 2.952449224666e-03 1.097924499112e+05 1.074632380552e+05 1.034498642838e+05 5.235711691699e+03 6.488519999606e+02 2.600000000000e+06 0.000000000000e+00 -8.752000000000e-01 -8.752000000000e-01 0.000000000000e+00 0.000000000000e+00 0.000000000000e+00 -0.000000000000e+00 2.414303492531e-02 0.000000000000e+00 0.000000000000e+00 0.000000000000e+00 0.000000000000e+00 0.000000000000e+00 0.000000000000e+00 
9.880000000000e+00 1.886202845079e-02 -6.217670430551e-02 2.982718572996e-03 1.094468436435e+05 1.071541442925e+05 1.034261322872e+05 5.236714740226e+03 6.490281889575e+02 2.600000000000e+06 0.000000000000e+00 -8.752000000000e-01 -8.752000000000e-01 0.000000000000e+00 0.000000000000e+00 0.000000000000e+00 -0.000000000000e+00 2.412469396517e-02 0.000000000000e+00 0.000000000000e+00 0.000000000000e+00 0.000000000000e+00 0.000000000000e+00 0.000000000000e+00 
9.885000000000e+00 1.884754280173e-02 -6.190944264198e-02 3.010698162611e-03 1.090982280308e+05 1.068412967432e+05 1.034023156608e+05 5.237729052422e+03 6.492078962787e+02 2.600000000000e+06 0.000000000000e+00 -8.752000000000e-01 -8.752000000000e-01 0.000000000000e+00 0.000000000000e+00 0.000000000000e+00 -0.000000000000e+00 2.410616571432e-02 0.000000000000e+00 0.000000000000e+00 0.000000000000e+00 0.000000000000e+00 0.000000000000e+00 0.000000000000e+00 
9.890000000000e+00 1.883292300892e-02 -6.165057869622e-02 3.036126761081e-03 1.087469743827e+05 1.065249399521e+05 1.033784380619e+05 5.238753795498e+03 6.493910126400e+02 2.600000000000e+06 0.000000000000e+00 -8.752000000000e-01 -8.752000000000e-01 0.000000000000e+00 0.000000000000e+00 0.000000000000e+00 -0.000000000000e+00 2.408746573570e-02 0.000000000000e+00 0.000000000000e+00 0.000000000000e+00 0.000000000000e+00 0.000000000000e+00 0.000000000000e+00 
9.895000000000e+00 1.881818236452e-02 -6.139971800061e-02 3.058817163281e-03 1.083934530790e+05 1.062053438659e+05 1.033545243647e+05 5.239788060623e+03 6.495774091615e+02 2.600000000000e+06 0.000000000000e+00 -8.752000000000e-01 -8.752000000000e-01 0.000000000000e+00 0.000000000000e+00 0.000000000000e+00 -0.000000000000e+00 2.406861097812e-02 0.000000000000e+00 0.000000000000e+00 0.000000000000e+00 0.000000000000e+00 0.000000000000e+00 0.000000000000e+00 
9.900000000000e+00 1.880333495237e-02 -6.115640708713e-02 3.078632402762e-03 1.080380357806e+05 1.058827976870e+05 1.033306001213e+05 5.240830881923e+03 6.497669404432e+02 2.600000000000e+06 0.000000000000e+00 -8.752000000000e-01 -8.752000000000e-01 0.000000000000e+00 0.000000000000e+00 0.000000000000e+00 -0.000000000000e+00 2.404961940069e-02 0.000000000000e+00 0.000000000000e+00 0.000000000000e+00 0.000000000000e+00 0.000000000000e+00 0.000000000000e+00 
9.905000000000e+00 1.878839539671e-02 -6.092015249133e-02 3.095489137055e-03 1.076810883042e+05 1.055576046266e+05 1.033066911150e+05 5.241881253923e+03 6.499594472891e+02 2.600000000000e+06 0.000000000000e+00 -8.752000000000e-01 -8.752000000000e-01 0.000000000000e+00 0.000000000000e+00 0.000000000000e+00 -0.000000000000e+00 2.403050965942e-02 0.000000000000e+00 0.000000000000e+00 0.000000000000e+00 0.000000000000e+00 0.000000000000e+00 0.000000000000e+00 
9.910000000000e+00 1.877337860191e-02 -6.069042689157e-02 3.109352851542e-03 1.073229663534e+05 1.052300763954e+05 1.032828229183e+05 5.242938149306e+03 6.501547597453e+02 2.600000000000e+06 0.000000000000e+00 -8.752000000000e-01 -8.752000000000e-01 0.000000000000e+00 0.000000000000e+00 0.000000000000e+00 -0.000000000000e+00 2.401130077596e-02 0.000000000000e+00 0.000000000000e+00 0.000000000000e+00 0.000000000000e+00 0.000000000000e+00 0.000000000000e+00 
9.915000000000e+00 1.875829949002e-02 -6.046666070464e-02 3.120246003818e-03 1.069640061976e+05 1.049005275761e+05 1.032590204653e+05 5.244000537662e+03 6.503527003740e+02 2.600000000000e+06 0.000000000000e+00 -8.752000000000e-01 -8.752000000000e-01 0.000000000000e+00 0.000000000000e+00 0.000000000000e+00 -0.000000000000e+00 2.399201180297e-02 0.000000000000e+00 0.000000000000e+00 0.000000000000e+00 0.000000000000e+00 0.000000000000e+00 0.000000000000e+00 
9.920000000000e+00 1.874317275266e-02 -6.024824399096e-02 3.128228805115e-03 1.066045261011e+05 1.045692702331e+05 1.032353076665e+05 5.245067401916e+03 6.505530875470e+02 2.600000000000e+06 0.000000000000e+00 -8.752000000000e-01 -8.752000000000e-01 0.000000000000e+00 0.000000000000e+00 0.000000000000e+00 -0.000000000000e+00 2.397266150705e-02 0.000000000000e+00 0.000000000000e+00 0.000000000000e+00 0.000000000000e+00 0.000000000000e+00 0.000000000000e+00 
9.925000000000e+00 1.872801258987e-02 -6.003448419501e-02 3.133446644224e-03 1.062448018486e+05 1.042366081679e+05 1.032117070208e+05 5.246137759332e+03 6.507557391094e+02 2.600000000000e+06 0.000000000000e+00 -8.752000000000e-01 -8.752000000000e-01 0.000000000000e+00 0.000000000000e+00 0.000000000000e+00 -0.000000000000e+00 2.395326799163e-02 0.000000000000e+00 0.000000000000e+00 0.000000000000e+00 0.000000000000e+00 0.000000000000e+00 0.000000000000e+00 
9.930000000000e+00 1.871283239074e-02 -5.982489481207e-02 3.135917301279e-03 1.058851407630e+05 1.039028298128e+05 1.031882391559e+05 5.247210673044e+03 6.509604770385e+02 2.600000000000e+06 0.000000000000e+00 -8.752000000000e-01 -8.752000000000e-01 0.000000000000e+00 0.000000000000e+00 0.000000000000e+00 -0.000000000000e+00 2.393384890705e-02 0.000000000000e+00 0.000000000000e+00 0.000000000000e+00 0.000000000000e+00 0.000000000000e+00 0.000000000000e+00 
9.935000000000e+00 1.869764574321e-02 -5.961894085112e-02 3.135812883306e-03 1.055257972498e+05 1.035682303487e+05 1.031649244249e+05 5.248285195758e+03 6.511671141780e+02 2.600000000000e+06 0.000000000000e+00 -8.752000000000e-01 -8.752000000000e-01 0.000000000000e+00 0.000000000000e+00 0.000000000000e+00 -0.000000000000e+00 2.391442105541e-02 0.000000000000e+00 0.000000000000e+00 0.000000000000e+00 0.000000000000e+00 0.000000000000e+00 0.000000000000e+00 
9.940000000000e+00 1.868246506300e-02 -5.941605974383e-02 3.133319297804e-03 1.051669941420e+05 1.032330814695e+05 1.031417808202e+05 5.249360459444e+03 6.513754730828e+02 2.600000000000e+06 0.000000000000e+00 -8.752000000000e-01 -8.752000000000e-01 0.000000000000e+00 0.000000000000e+00 0.000000000000e+00 -0.000000000000e+00 2.389500020836e-02 0.000000000000e+00 0.000000000000e+00 0.000000000000e+00 0.000000000000e+00 0.000000000000e+00 0.000000000000e+00 
9.945000000000e+00 1.866730185861e-02 -5.921576534836e-02 3.128592936411e-03 1.048089454922e+05 1.028976370039e+05 1.031188244450e+05 5.250435654720e+03 6.515853831013e+02 2.600000000000e+06 0.000000000000e+00 -8.752000000000e-01 -8.752000000000e-01 0.000000000000e+00 0.000000000000e+00 0.000000000000e+00 -0.000000000000e+00 2.387560114151e-02 0.000000000000e+00 0.000000000000e+00 0.000000000000e+00 0.000000000000e+00 0.000000000000e+00 0.000000000000e+00 
9.950000000000e+00 1.865216679938e-02 -5.901758608724e-02 3.121824101968e-03 1.044518336044e+05 1.025621342323e+05 1.030960696729e+05 5.251510029761e+03 6.517966800331e+02 2.600000000000e+06 0.000000000000e+00 -8.752000000000e-01 -8.752000000000e-01 0.000000000000e+00 0.000000000000e+00 0.000000000000e+00 -0.000000000000e+00 2.385623759335e-02 0.000000000000e+00 0.000000000000e+00 0.000000000000e+00 0.000000000000e+00 0.000000000000e+00 0.000000000000e+00 
9.955000000000e+00 1.863706956491e-02 -5.882118136414e-02 3.113195603210e-03 1.040958212499e+05 1.022267903549e+05 1.030735289760e+05 5.252582899188e+03 6.520092088282e+02 2.600000000000e+06 0.000000000000e+00 -8.752000000000e-01 -8.752000000000e-01 0.000000000000e+00 0.000000000000e+00 0.000000000000e+00 -0.000000000000e+00 2.383692202684e-02 0.000000000000e+00 0.000000000000e+00 0.000000000000e+00 0.000000000000e+00 0.000000000000e+00 0.000000000000e+00 
9.960000000000e+00 1.862201893949e-02 -5.862621038193e-02 3.102888150770e-03 1.037410516799e+05 1.018918043750e+05 1.030512131261e+05 5.253653638055e+03 6.522228228963e+02 2.600000000000e+06 0.000000000000e+00 -8.752000000000e-01 -8.752000000000e-01 0.000000000000e+00 0.000000000000e+00 0.000000000000e+00 -0.000000000000e+00 2.381766573877e-02 0.000000000000e+00 0.000000000000e+00 0.000000000000e+00 0.000000000000e+00 0.000000000000e+00 0.000000000000e+00 
9.965000000000e+00 1.860702281071e-02 -5.843234210120e-02 3.091078569269e-03 1.033876491414e+05 1.015573568672e+05 1.030291312459e+05 5.254721682250e+03 6.524373847193e+02 2.600000000000e+06 0.000000000000e+00 -8.752000000000e-01 -8.752000000000e-01 0.000000000000e+00 0.000000000000e+00 0.000000000000e+00 -0.000000000000e+00 2.379847886347e-02 0.000000000000e+00 0.000000000000e+00 0.000000000000e+00 0.000000000000e+00 0.000000000000e+00 0.000000000000e+00 
9.970000000000e+00 1.859208816813e-02 -5.823928862561e-02 3.077948186322e-03 1.030357154421e+05 1.012236097421e+05 1.030072908619e+05 5.255786529430e+03 6.526527664577e+02 2.600000000000e+06 0.000000000000e+00 -8.752000000000e-01 -8.752000000000e-01 0.000000000000e+00 0.000000000000e+00 0.000000000000e+00 -0.000000000000e+00 2.377937037695e-02 0.000000000000e+00 0.000000000000e+00 0.000000000000e+00 0.000000000000e+00 0.000000000000e+00 0.000000000000e+00 
9.975000000000e+00 1.857722110460e-02 -5.804680025389e-02 3.063675345895e-03 1.026853327292e+05 1.008907060712e+05 1.029856979580e+05 5.256847738922e+03 6.528688505073e+02 2.600000000000e+06 0.000000000000e+00 -8.752000000000e-01 -8.752000000000e-01 0.000000000000e+00 0.000000000000e+00 0.000000000000e+00 -0.000000000000e+00 2.376034810504e-02 0.000000000000e+00 0.000000000000e+00 0.000000000000e+00 0.000000000000e+00 0.000000000000e+00 0.000000000000e+00 
9.980000000000e+00 1.856242683988e-02 -5.785466378814e-02 3.048429320380e-03 1.023365662767e+05 1.005587704104e+05 1.029643570610e+05 5.257904930106e+03 6.530855297176e+02 2.600000000000e+06 0.000000000000e+00 -8.752000000000e-01 -8.752000000000e-01 0.000000000000e+00 0.000000000000e+00 0.000000000000e+00 -0.000000000000e+00 2.374141875369e-02 0.000000000000e+00 0.000000000000e+00 0.000000000000e+00 0.000000000000e+00 0.000000000000e+00 0.000000000000e+00 
9.985000000000e+00 1.854770977752e-02 -5.766270239483e-02 3.032371730130e-03 1.019894651707e+05 1.002279098803e+05 1.029432713702e+05 5.258957778791e+03 6.533027070882e+02 2.600000000000e+06 0.000000000000e+00 -8.752000000000e-01 -8.752000000000e-01 0.000000000000e+00 0.000000000000e+00 0.000000000000e+00 -0.000000000000e+00 2.372258798209e-02 0.000000000000e+00 0.000000000000e+00 0.000000000000e+00 0.000000000000e+00 0.000000000000e+00 0.000000000000e+00 
9.990000000000e+00 1.853307350609e-02 -5.747074934779e-02 3.015661121988e-03 1.016440604280e+05 9.989821400518e+04 1.029224428035e+05 5.260006017730e+03 6.535202962459e+02 2.600000000000e+06 0.000000000000e+00 -8.752000000000e-01 -8.752000000000e-01 0.000000000000e+00 0.000000000000e+00 0.000000000000e+00 -0.000000000000e+00 2.370386042005e-02 0.000000000000e+00 0.000000000000e+00 0.000000000000e+00 0.000000000000e+00 0.000000000000e+00 0.000000000000e+00 
9.995000000000e+00 1.851852091249e-02 -5.727869788447e-02 2.998431909369e-03 1.013003758201e+05 9.956975708785e+04 1.029018722006e+05 5.261049427699e+03 6.537382202236e+02 2.600000000000e+06 0.000000000000e+00 -8.752000000000e-01 -8.752000000000e-01 0.000000000000e+00 0.000000000000e+00 0.000000000000e+00 -0.000000000000e+00 2.368523978797e-02 0.000000000000e+00 0.000000000000e+00 0.000000000000e+00 0.000000000000e+00 0.000000000000e+00 0.000000000000e+00 
1.000000000000e+01 1.850405419843e-02 -5.708644208650e-02 2.980826230549e-03 1.009584157458e+05 9.924259842135e+04 1.028815593814e+05 5.262087838320e+03 6.539564116188e+02 2.600000000000e+06 0.000000000000e+00 -8.752000000000e-01 -8.752000000000e-01 0.000000000000e+00 0.000000000000e+00 0.000000000000e+00 -0.000000000000e+00 2.366672887759e-02 0.000000000000e+00 0.000000000000e+00 0.000000000000e+00 0.000000000000e+00 0.000000000000e+00 0.000000000000e+00 
