9.000000000000e+00 8.805649812921e-03 2.104507961000e-05 2.152186528974e-03 1.044896754542e+05 1.113595090700e+05 1.000000000000e+05 6.647373225903e+03 5.328367950120e+02 1.800000000000e+06 0.000000000000e+00 -8.752000000000e-01 -8.752000000000e-01 0.000000000000e+00 0.000000000000e+00 0.000000000000e+00 -0.000000000000e+00 1.659478375200e-01 0.000000000000e+00 0.000000000000e+00 0.000000000000e+00 0.000000000000e+00 0.000000000000e+00 0.000000000000e+00 
9.005000000000e+00 8.794921257800e-03 6.407931229251e-06 2.142523273495e-03 1.041476996167e+05 1.109992055850e+05 1.000000000000e+05 6.649423621733e+03 5.333303582266e+02 1.800000000000e+06 0.000000000000e+00 -8.752000000000e-01 -8.752000000000e-01 0.000000000000e+00 0.000000000000e+00 0.000000000000e+00 -0.000000000000e+00 1.657453514931e-01 0.000000000000e+00 0.000000000000e+00 0.000000000000e+00 0.000000000000e+00 0.000000000000e+00 0.000000000000e+00 
9.010000000000e+00 8.784242478122e-03 -1.027798403879e-05 2.132383988771e-03 1.038079524457e+05 1.106394727773e+05 1.000000000000e+05 6.651467451266e+03 5.338224761616e+02 1.800000000000e+06 0.000000000000e+00 -8.752000000000e-01 -8.752000000000e-01 0.000000000000e+00 0.000000000000e+00 0.000000000000e+00 -0.000000000000e+00 1.655438693185e-01 0.000000000000e+00 0.000000000000e+00 0.000000000000e+00 0.000000000000e+00 0.000000000000e+00 0.000000000000e+00 
9.015000000000e+00 8.773615736028e-03 -2.881554268763e-05 2.121805375834e-03 1.034704147126e+05 1.102803981668e+05 1.000000000000e+05 6.653504256645e+03 5.343130350809e+02 1.800000000000e+06 0.000000000000e+00 -8.752000000000e-01 -8.752000000000e-01 0.000000000000e+00 0.000000000000e+00 0.000000000000e+00 -0.000000000000e+00 1.653434322357e-01 0.000000000000e+00 0.000000000000e+00 0.000000000000e+00 0.000000000000e+00 0.000000000000e+00 0.000000000000e+00 
9.020000000000e+00 8.763043109463e-03 -4.900875492135e-05 2.110824968971e-03 1.031350580931e+05 1.099220639808e+05 1.000000000000e+05 6.655533613193e+03 5.348019290549e+02 1.800000000000e+06 0.000000000000e+00 -8.752000000000e-01 -8.752000000000e-01 0.000000000000e+00 0.000000000000e+00 0.000000000000e+00 -0.000000000000e+00 1.651440778834e-01 0.000000000000e+00 0.000000000000e+00 0.000000000000e+00 0.000000000000e+00 0.000000000000e+00 0.000000000000e+00 
9.025000000000e+00 8.752526490358e-03 -7.067107731974e-05 2.099480397014e-03 1.028018473615e+05 1.095645469948e+05 1.000000000000e+05 6.657555129788e+03 5.352890601206e+02 1.800000000000e+06 0.000000000000e+00 -8.752000000000e-01 -8.752000000000e-01 0.000000000000e+00 0.000000000000e+00 0.000000000000e+00 -0.000000000000e+00 1.649458402918e-01 0.000000000000e+00 0.000000000000e+00 0.000000000000e+00 0.000000000000e+00 0.000000000000e+00 0.000000000000e+00 
9.030000000000e+00 8.742067585588e-03 -9.362197591530e-05 2.087807920762e-03 1.024707450442e+05 1.092079184664e+05 1.000000000000e+05 6.659568448459e+03 5.357743383141e+02 1.800000000000e+06 0.000000000000e+00 -8.752000000000e-01 -8.752000000000e-01 0.000000000000e+00 0.000000000000e+00 0.000000000000e+00 -0.000000000000e+00 1.647487500439e-01 0.000000000000e+00 0.000000000000e+00 0.000000000000e+00 0.000000000000e+00 0.000000000000e+00 0.000000000000e+00 
9.035000000000e+00 8.731667930800e-03 -1.177056294971e-04 2.075841344708e-03 1.021417153707e+05 1.088522445107e+05 1.000000000000e+05 6.661573241606e+03 5.362576811040e+02 1.800000000000e+06 0.000000000000e+00 -8.752000000000e-01 -8.752000000000e-01 0.000000000000e+00 0.000000000000e+00 0.000000000000e+00 -0.000000000000e+00 1.645528342563e-01 0.000000000000e+00 0.000000000000e+00 0.000000000000e+00 0.000000000000e+00 0.000000000000e+00 0.000000000000e+00 
9.040000000000e+00 8.721328950925e-03 -1.428279444566e-04 2.063607379454e-03 1.018147414245e+05 1.084975880874e+05 1.000000000000e+05 6.663569198924e+03 5.367390106429e+02 1.800000000000e+06 0.000000000000e+00 -8.752000000000e-01 -8.752000000000e-01 0.000000000000e+00 0.000000000000e+00 0.000000000000e+00 -0.000000000000e+00 1.643581171082e-01 0.000000000000e+00 0.000000000000e+00 0.000000000000e+00 0.000000000000e+00 0.000000000000e+00 0.000000000000e+00 
9.045000000000e+00 8.711052129312e-03 -1.699774577707e-04 2.050934838042e-03 1.014904503091e+05 1.081440147685e+05 1.000000000000e+05 6.665555927787e+03 5.372182459201e+02 1.800000000000e+06 0.000000000000e+00 -8.752000000000e-01 -8.752000000000e-01 0.000000000000e+00 0.000000000000e+00 0.000000000000e+00 -0.000000000000e+00 1.641646331473e-01 0.000000000000e+00 0.000000000000e+00 0.000000000000e+00 0.000000000000e+00 0.000000000000e+00 0.000000000000e+00 
9.050000000000e+00 8.700860689082e-03 -2.610391271206e-04 2.028328043810e-03 1.012005530096e+05 1.077923420192e+05 1.000000000000e+05 6.667525534500e+03 5.376942891654e+02 1.800000000000e+06 0.000000000000e+00 -8.752000000000e-01 -8.752000000000e-01 0.000000000000e+00 0.000000000000e+00 0.000000000000e+00 -0.000000000000e+00 1.639730045310e-01 0.000000000000e+00 0.000000000000e+00 0.000000000000e+00 0.000000000000e+00 0.000000000000e+00 0.000000000000e+00 
9.055000000000e+00 8.690897383395e-03 -6.549757334772e-04 1.964208010095e-03 1.010531515705e+05 1.074475393517e+05 1.000000000000e+05 6.669439062107e+03 5.381604384851e+02 1.800000000000e+06 0.000000000000e+00 -8.752000000000e-01 -8.752000000000e-01 0.000000000000e+00 0.000000000000e+00 0.000000000000e+00 -0.000000000000e+00 1.637864192174e-01 0.000000000000e+00 0.000000000000e+00 0.000000000000e+00 0.000000000000e+00 0.000000000000e+00 0.000000000000e+00 
9.060000000000e+00 8.681483595106e-03 -1.658715412218e-03 1.823631478981e-03 1.011744339410e+05 1.071208402737e+05 1.000000000000e+05 6.671221366874e+03 5.386015721570e+02 1.800000000000e+06 0.000000000000e+00 -8.752000000000e-01 -8.752000000000e-01 0.000000000000e+00 0.000000000000e+00 0.000000000000e+00 -0.000000000000e+00 1.636115575054e-01 0.000000000000e+00 0.000000000000e+00 0.000000000000e+00 0.000000000000e+00 0.000000000000e+00 0.000000000000e+00 
9.065000000000e+00 8.673059110482e-03 -3.441385916275e-03 1.590252755818e-03 1.016347452032e+05 1.068277189001e+05 1.000000000000e+05 6.672780412356e+03 5.389969203064e+02 1.800000000000e+06 0.000000000000e+00 -8.752000000000e-01 -8.752000000000e-01 0.000000000000e+00 0.000000000000e+00 0.000000000000e+00 -0.000000000000e+00 1.634572272920e-01 0.000000000000e+00 0.000000000000e+00 0.000000000000e+00 0.000000000000e+00 0.000000000000e+00 0.000000000000e+00 
9.070000000000e+00 8.666104898911e-03 -6.046695296124e-03 1.262114939248e-03 1.024588139916e+05 1.065852148993e+05 1.000000000000e+05 6.674020865888e+03 5.393236799961e+02 1.800000000000e+06 0.000000000000e+00 -8.752000000000e-01 -8.752000000000e-01 0.000000000000e+00 0.000000000000e+00 0.000000000000e+00 -0.000000000000e+00 1.633328408396e-01 0.000000000000e+00 0.000000000000e+00 0.000000000000e+00 0.000000000000e+00 0.000000000000e+00 0.000000000000e+00 
9.075000000000e+00 8.661050740416e-03 -9.357664848303e-03 8.538223041830e-04 1.036147027040e+05 1.064086618191e+05 1.000000000000e+05 6.674863078386e+03 5.395613939851e+02 1.800000000000e+06 0.000000000000e+00 -8.752000000000e-01 -8.752000000000e-01 0.000000000000e+00 0.000000000000e+00 0.000000000000e+00 -0.000000000000e+00 1.632467698046e-01 0.000000000000e+00 0.000000000000e+00 0.000000000000e+00 0.000000000000e+00 0.000000000000e+00 0.000000000000e+00 
9.080000000000e+00 8.658243111421e-03 -1.315471762748e-02 3.833727234055e-04 1.050553540493e+05 1.063104732441e+05 1.000000000000e+05 6.675244983480e+03 5.396935309177e+02 1.800000000000e+06 0.000000000000e+00 -8.752000000000e-01 -8.752000000000e-01 0.000000000000e+00 0.000000000000e+00 0.000000000000e+00 -0.000000000000e+00 1.632053312295e-01 0.000000000000e+00 0.000000000000e+00 0.000000000000e+00 0.000000000000e+00 0.000000000000e+00 0.000000000000e+00 
9.085000000000e+00 8.657901451535e-03 -1.713249675397e-02 -1.232298787669e-04 1.067019838876e+05 1.062985192377e+05 1.000000000000e+05 6.675132520554e+03 5.397096147724e+02 1.800000000000e+06 0.000000000000e+00 -8.752000000000e-01 -8.752000000000e-01 0.000000000000e+00 0.000000000000e+00 0.000000000000e+00 -0.000000000000e+00 1.632123653411e-01 0.000000000000e+00 0.000000000000e+00 0.000000000000e+00 0.000000000000e+00 0.000000000000e+00 0.000000000000e+00 
9.090000000000e+00 8.660106888505e-03 -2.099186377431e-02 -6.413196522114e-04 1.084745929666e+05 1.063756622887e+05 1.000000000000e+05 6.674518691888e+03 5.396058082305e+02 1.800000000000e+06 0.000000000000e+00 -8.752000000000e-01 -8.752000000000e-01 0.000000000000e+00 0.000000000000e+00 0.000000000000e+00 -0.000000000000e+00 1.632696732864e-01 0.000000000000e+00 0.000000000000e+00 0.000000000000e+00 0.000000000000e+00 0.000000000000e+00 0.000000000000e+00 
9.095000000000e+00 8.664892782545e-03 -2.454858479828e-02 -1.155273123312e-03 1.103207778021e+05 1.065428965274e+05 1.000000000000e+05 6.673403195439e+03 5.393806720174e+02 1.800000000000e+06 0.000000000000e+00 -8.752000000000e-01 -8.752000000000e-01 0.000000000000e+00 0.000000000000e+00 0.000000000000e+00 -0.000000000000e+00 1.633773957335e-01 0.000000000000e+00 0.000000000000e+00 0.000000000000e+00 0.000000000000e+00 0.000000000000e+00 0.000000000000e+00 
9.100000000000e+00 8.672195260611e-03 -2.765851821861e-02 -1.651189598278e-03 1.121903904490e+05 1.067976216939e+05 1.000000000000e+05 6.671804630049e+03 5.390374901390e+02 1.800000000000e+06 0.000000000000e+00 -8.752000000000e-01 -8.752000000000e-01 0.000000000000e+00 0.000000000000e+00 0.000000000000e+00 -0.000000000000e+00 1.635340683305e-01 0.000000000000e+00 0.000000000000e+00 0.000000000000e+00 0.000000000000e+00 0.000000000000e+00 0.000000000000e+00 
9.105000000000e+00 8.681896035025e-03 -3.024686083684e-02 -2.120340501949e-03 1.140485799676e+05 1.071351723594e+05 1.000000000000e+05 6.669750807848e+03 5.385822309080e+02 1.800000000000e+06 0.000000000000e+00 -8.752000000000e-01 -8.752000000000e-01 0.000000000000e+00 0.000000000000e+00 0.000000000000e+00 -0.000000000000e+00 1.637371977029e-01 0.000000000000e+00 0.000000000000e+00 0.000000000000e+00 0.000000000000e+00 0.000000000000e+00 0.000000000000e+00 
9.110000000000e+00 8.693843122353e-03 -3.228711179878e-02 -2.557255391740e-03 1.158703818133e+05 1.075495866763e+05 1.000000000000e+05 6.667275256074e+03 5.380225387383e+02 1.800000000000e+06 0.000000000000e+00 -8.752000000000e-01 -8.752000000000e-01 0.000000000000e+00 0.000000000000e+00 0.000000000000e+00 -0.000000000000e+00 1.639836615587e-01 0.000000000000e+00 0.000000000000e+00 0.000000000000e+00 0.000000000000e+00 0.000000000000e+00 0.000000000000e+00 
9.115000000000e+00 8.707865118537e-03 -3.379353086874e-02 -2.958412252358e-03 1.176369902298e+05 1.080341527723e+05 1.000000000000e+05 6.664414761465e+03 5.373670269288e+02 1.800000000000e+06 0.000000000000e+00 -8.752000000000e-01 -8.752000000000e-01 0.000000000000e+00 0.000000000000e+00 0.000000000000e+00 -0.000000000000e+00 1.642699723258e-01 0.000000000000e+00 0.000000000000e+00 0.000000000000e+00 0.000000000000e+00 0.000000000000e+00 0.000000000000e+00 
9.120000000000e+00 8.723779541797e-03 -3.480326375218e-02 -3.323003732153e-03 1.193385245336e+05 1.085817458953e+05 1.000000000000e+05 6.661207351570e+03 5.366248509203e+02 1.800000000000e+06 0.000000000000e+00 -8.752000000000e-01 -8.752000000000e-01 0.000000000000e+00 0.000000000000e+00 0.000000000000e+00 -0.000000000000e+00 1.645924737951e-01 0.000000000000e+00 0.000000000000e+00 0.000000000000e+00 0.000000000000e+00 0.000000000000e+00 0.000000000000e+00 
9.125000000000e+00 8.741406205825e-03 -3.537089957618e-02 -3.651802380928e-03 1.209707146612e+05 1.091853305997e+05 1.000000000000e+05 6.657689998399e+03 5.358050529503e+02 1.800000000000e+06 0.000000000000e+00 -8.752000000000e-01 -8.752000000000e-01 0.000000000000e+00 0.000000000000e+00 0.000000000000e+00 -0.000000000000e+00 1.649475707745e-01 0.000000000000e+00 0.000000000000e+00 0.000000000000e+00 0.000000000000e+00 0.000000000000e+00 0.000000000000e+00 
9.130000000000e+00 8.760569057140e-03 -3.555351925827e-02 -3.945676097545e-03 1.225300931379e+05 1.098380546540e+05 1.000000000000e+05 6.653898705763e+03 5.349164531733e+02 1.800000000000e+06 0.000000000000e+00 -8.752000000000e-01 -8.752000000000e-01 0.000000000000e+00 0.000000000000e+00 0.000000000000e+00 -0.000000000000e+00 1.653317647705e-01 0.000000000000e+00 0.000000000000e+00 0.000000000000e+00 0.000000000000e+00 0.000000000000e+00 0.000000000000e+00 
9.135000000000e+00 8.781096870356e-03 -3.540344016201e-02 -4.205703544662e-03 1.240143540929e+05 1.105332975683e+05 1.000000000000e+05 6.649868270571e+03 5.339675985260e+02 1.800000000000e+06 0.000000000000e+00 -8.752000000000e-01 -8.752000000000e-01 0.000000000000e+00 0.000000000000e+00 0.000000000000e+00 -0.000000000000e+00 1.657416581874e-01 0.000000000000e+00 0.000000000000e+00 0.000000000000e+00 0.000000000000e+00 0.000000000000e+00 0.000000000000e+00 
9.140000000000e+00 8.802823340390e-03 -3.496761812785e-02 -4.432990330662e-03 1.254217257975e+05 1.112646932674e+05 1.000000000000e+05 6.645632278754e+03 5.329667434618e+02 1.800000000000e+06 0.000000000000e+00 -8.752000000000e-01 -8.752000000000e-01 0.000000000000e+00 0.000000000000e+00 0.000000000000e+00 -0.000000000000e+00 1.661739719037e-01 0.000000000000e+00 0.000000000000e+00 0.000000000000e+00 0.000000000000e+00 0.000000000000e+00 0.000000000000e+00 
9.145000000000e+00 8.825596082033e-03 -3.430576101461e-02 -4.630974461283e-03 1.267585479027e+05 1.120264451139e+05 1.000000000000e+05 6.641220556345e+03 5.319214259667e+02 1.800000000000e+06 0.000000000000e+00 -8.752000000000e-01 -8.752000000000e-01 0.000000000000e+00 0.000000000000e+00 0.000000000000e+00 -0.000000000000e+00 1.666257191927e-01 0.000000000000e+00 0.000000000000e+00 0.000000000000e+00 0.000000000000e+00 0.000000000000e+00 0.000000000000e+00 
9.150000000000e+00 8.849275342228e-03 -3.347037513549e-02 -4.801924622935e-03 1.280279422402e+05 1.128132839945e+05 1.000000000000e+05 6.636660633707e+03 5.308385255224e+02 1.800000000000e+06 0.000000000000e+00 -8.752000000000e-01 -8.752000000000e-01 0.000000000000e+00 0.000000000000e+00 0.000000000000e+00 -0.000000000000e+00 1.670941648773e-01 0.000000000000e+00 0.000000000000e+00 0.000000000000e+00 0.000000000000e+00 0.000000000000e+00 0.000000000000e+00 
9.155000000000e+00 8.873733806252e-03 -3.250891044725e-02 -4.948373049142e-03 1.292343550470e+05 1.136204597286e+05 1.000000000000e+05 6.631977292742e+03 5.297242733100e+02 1.800000000000e+06 0.000000000000e+00 -8.752000000000e-01 -8.752000000000e-01 0.000000000000e+00 0.000000000000e+00 0.000000000000e+00 -0.000000000000e+00 1.675768281123e-01 0.000000000000e+00 0.000000000000e+00 0.000000000000e+00 0.000000000000e+00 0.000000000000e+00 0.000000000000e+00 
9.160000000000e+00 8.898856577639e-03 -3.146071361092e-02 -5.072742496525e-03 1.303823260987e+05 1.144437349068e+05 1.000000000000e+05 6.627192717028e+03 5.285842570104e+02 1.800000000000e+06 0.000000000000e+00 -8.752000000000e-01 -8.752000000000e-01 0.000000000000e+00 0.000000000000e+00 0.000000000000e+00 -0.000000000000e+00 1.680714755182e-01 0.000000000000e+00 0.000000000000e+00 0.000000000000e+00 0.000000000000e+00 0.000000000000e+00 0.000000000000e+00 
9.165000000000e+00 8.924539809563e-03 -3.035941219171e-02 -5.177117807157e-03 1.314757036030e+05 1.152793322292e+05 1.000000000000e+05 6.622326850548e+03 5.274234885716e+02 1.800000000000e+06 0.000000000000e+00 -8.752000000000e-01 -8.752000000000e-01 0.000000000000e+00 0.000000000000e+00 0.000000000000e+00 -0.000000000000e+00 1.685760909350e-01 0.000000000000e+00 0.000000000000e+00 0.000000000000e+00 0.000000000000e+00 0.000000000000e+00 0.000000000000e+00 
9.170000000000e+00 8.950689648468e-03 -2.923388692197e-02 -5.263514974226e-03 1.325184431367e+05 1.161238916530e+05 1.000000000000e+05 6.617397527572e+03 5.262464581431e+02 1.800000000000e+06 0.000000000000e+00 -8.752000000000e-01 -8.752000000000e-01 0.000000000000e+00 0.000000000000e+00 0.000000000000e+00 -0.000000000000e+00 1.690888635565e-01 0.000000000000e+00 0.000000000000e+00 0.000000000000e+00 0.000000000000e+00 0.000000000000e+00 0.000000000000e+00 
9.175000000000e+00 8.977222203157e-03 -2.810759093038e-02 -5.333837459411e-03 1.335144500760e+05 1.169744601716e+05 1.000000000000e+05 6.612420519168e+03 5.250571422526e+02 1.800000000000e+06 0.000000000000e+00 -8.752000000000e-01 -8.752000000000e-01 0.000000000000e+00 0.000000000000e+00 0.000000000000e+00 -0.000000000000e+00 1.696081777051e-01 0.000000000000e+00 0.000000000000e+00 0.000000000000e+00 0.000000000000e+00 0.000000000000e+00 0.000000000000e+00 
9.180000000000e+00 9.004060988009e-03 -2.699673160102e-02 -5.389227401103e-03 1.344654875602e+05 1.178284003673e+05 1.000000000000e+05 6.607410255309e+03 5.238591254336e+02 1.800000000000e+06 0.000000000000e+00 -8.752000000000e-01 -8.752000000000e-01 0.000000000000e+00 0.000000000000e+00 0.000000000000e+00 -0.000000000000e+00 1.701325551155e-01 0.000000000000e+00 0.000000000000e+00 0.000000000000e+00 0.000000000000e+00 0.000000000000e+00 0.000000000000e+00 
9.185000000000e+00 9.031131861499e-03 -2.590629614960e-02 -5.429789578634e-03 1.353702185381e+05 1.186832229920e+05 1.000000000000e+05 6.602380871800e+03 5.226558307861e+02 1.800000000000e+06 0.000000000000e+00 -8.752000000000e-01 -8.752000000000e-01 0.000000000000e+00 0.000000000000e+00 0.000000000000e+00 -0.000000000000e+00 1.706605594851e-01 0.000000000000e+00 0.000000000000e+00 0.000000000000e+00 0.000000000000e+00 0.000000000000e+00 0.000000000000e+00 
9.190000000000e+00 9.058358764958e-03 -2.483135381842e-02 -5.454941366349e-03 1.362252176103e+05 1.195364511885e+05 1.000000000000e+05 6.597346878777e+03 5.214507100070e+02 1.800000000000e+06 0.000000000000e+00 -8.752000000000e-01 -8.752000000000e-01 0.000000000000e+00 0.000000000000e+00 0.000000000000e+00 -0.000000000000e+00 1.711907119457e-01 0.000000000000e+00 0.000000000000e+00 0.000000000000e+00 0.000000000000e+00 0.000000000000e+00 0.000000000000e+00 
9.195000000000e+00 9.085662658533e-03 -2.376315604427e-02 -5.464124804368e-03 1.370271527267e+05 1.203855893221e+05 1.000000000000e+05 6.592323108064e+03 5.202472884387e+02 1.800000000000e+06 0.000000000000e+00 -8.752000000000e-01 -8.752000000000e-01 0.000000000000e+00 0.000000000000e+00 0.000000000000e+00 -0.000000000000e+00 1.717214737794e-01 0.000000000000e+00 0.000000000000e+00 0.000000000000e+00 0.000000000000e+00 0.000000000000e+00 0.000000000000e+00 
9.200000000000e+00 9.112962541660e-03 -2.269658312217e-02 -5.456944893444e-03 1.377732270976e+05 1.212281568348e+05 1.000000000000e+05 6.587324472412e+03 5.190491180758e+02 1.800000000000e+06 0.000000000000e+00 -8.752000000000e-01 -8.752000000000e-01 0.000000000000e+00 0.000000000000e+00 0.000000000000e+00 -0.000000000000e+00 1.722512683363e-01 0.000000000000e+00 0.000000000000e+00 0.000000000000e+00 0.000000000000e+00 0.000000000000e+00 0.000000000000e+00 
9.205000000000e+00 9.140177530976e-03 -2.163086449252e-02 -5.433797074205e-03 1.384631135676e+05 1.220617523197e+05 1.000000000000e+05 6.582365377387e+03 5.178596860549e+02 1.800000000000e+06 0.000000000000e+00 -8.752000000000e-01 -8.752000000000e-01 0.000000000000e+00 0.000000000000e+00 0.000000000000e+00 -0.000000000000e+00 1.727785330587e-01 0.000000000000e+00 0.000000000000e+00 0.000000000000e+00 0.000000000000e+00 0.000000000000e+00 0.000000000000e+00 
9.210000000000e+00 9.167228048553e-03 -2.056977426024e-02 -5.395313842440e-03 1.390972627537e+05 1.228840872062e+05 1.000000000000e+05 6.577459698537e+03 5.166823645130e+02 1.800000000000e+06 0.000000000000e+00 -8.752000000000e-01 -8.752000000000e-01 0.000000000000e+00 0.000000000000e+00 0.000000000000e+00 -0.000000000000e+00 1.733017722259e-01 0.000000000000e+00 0.000000000000e+00 0.000000000000e+00 0.000000000000e+00 0.000000000000e+00 0.000000000000e+00 
9.215000000000e+00 9.194038093775e-03 -1.951373592045e-02 -5.341655485245e-03 1.396748190415e+05 1.236930499509e+05 1.000000000000e+05 6.572620615809e+03 5.155203152343e+02 1.800000000000e+06 0.000000000000e+00 -8.752000000000e-01 -8.752000000000e-01 0.000000000000e+00 0.000000000000e+00 0.000000000000e+00 -0.000000000000e+00 1.738195106369e-01 0.000000000000e+00 0.000000000000e+00 0.000000000000e+00 0.000000000000e+00 0.000000000000e+00 0.000000000000e+00 
9.220000000000e+00 9.220532276265e-03 -1.846080213921e-02 -5.272905409936e-03 1.401947380361e+05 1.244866105456e+05 1.000000000000e+05 6.567861035482e+03 5.143766226826e+02 1.800000000000e+06 0.000000000000e+00 -8.752000000000e-01 -8.752000000000e-01 0.000000000000e+00 0.000000000000e+00 0.000000000000e+00 -0.000000000000e+00 1.743302850689e-01 0.000000000000e+00 0.000000000000e+00 0.000000000000e+00 0.000000000000e+00 0.000000000000e+00 0.000000000000e+00 
9.225000000000e+00 9.246635051972e-03 -1.740821082723e-02 -5.189178385696e-03 1.406560839570e+05 1.252627939965e+05 1.000000000000e+05 6.563193702210e+03 5.132543295980e+02 1.800000000000e+06 0.000000000000e+00 -8.752000000000e-01 -8.752000000000e-01 0.000000000000e+00 0.000000000000e+00 0.000000000000e+00 -0.000000000000e+00 1.748326457057e-01 0.000000000000e+00 0.000000000000e+00 0.000000000000e+00 0.000000000000e+00 0.000000000000e+00 0.000000000000e+00 
9.230000000000e+00 9.272272169655e-03 -1.635348462899e-02 -5.090620002589e-03 1.410580577446e+05 1.260197195095e+05 1.000000000000e+05 6.558630949813e+03 5.121563776088e+02 1.800000000000e+06 0.000000000000e+00 -8.752000000000e-01 -8.752000000000e-01 0.000000000000e+00 0.000000000000e+00 0.000000000000e+00 -0.000000000000e+00 1.753251581025e-01 0.000000000000e+00 0.000000000000e+00 0.000000000000e+00 0.000000000000e+00 0.000000000000e+00 0.000000000000e+00 
9.235000000000e+00 9.297370435391e-03 -1.529366498705e-02 -4.977693376706e-03 1.414008240986e+05 1.267555884577e+05 1.000000000000e+05 6.554184665314e+03 5.110856211560e+02 1.800000000000e+06 0.000000000000e+00 -8.752000000000e-01 -8.752000000000e-01 0.000000000000e+00 0.000000000000e+00 0.000000000000e+00 -0.000000000000e+00 1.758064186477e-01 0.000000000000e+00 0.000000000000e+00 0.000000000000e+00 0.000000000000e+00 0.000000000000e+00 0.000000000000e+00 
9.240000000000e+00 9.321862033657e-03 -1.423577086893e-02 -4.851745575400e-03 1.416872606856e+05 1.274688047153e+05 1.000000000000e+05 6.549865354517e+03 5.100446480528e+02 1.800000000000e+06 0.000000000000e+00 -8.752000000000e-01 -8.752000000000e-01 0.000000000000e+00 0.000000000000e+00 0.000000000000e+00 -0.000000000000e+00 1.762751351103e-01 0.000000000000e+00 0.000000000000e+00 0.000000000000e+00 0.000000000000e+00 0.000000000000e+00 0.000000000000e+00 
9.245000000000e+00 9.345687304869e-03 -1.319379808555e-02 -4.714463508892e-03 1.419213853434e+05 1.281580454548e+05 1.000000000000e+05 6.545681856799e+03 5.090356693811e+02 1.800000000000e+06 0.000000000000e+00 -8.752000000000e-01 -8.752000000000e-01 0.000000000000e+00 0.000000000000e+00 0.000000000000e+00 -0.000000000000e+00 1.767301789300e-01 0.000000000000e+00 0.000000000000e+00 0.000000000000e+00 0.000000000000e+00 0.000000000000e+00 0.000000000000e+00 
9.250000000000e+00 9.368792273592e-03 -1.217270708046e-02 -4.566658944117e-03 1.421047328277e+05 1.288221788728e+05 1.000000000000e+05 6.541642206641e+03 5.080606327342e+02 1.800000000000e+06 0.000000000000e+00 -8.752000000000e-01 -8.752000000000e-01 0.000000000000e+00 0.000000000000e+00 0.000000000000e+00 -0.000000000000e+00 1.771705349461e-01 0.000000000000e+00 0.000000000000e+00 0.000000000000e+00 0.000000000000e+00 0.000000000000e+00 0.000000000000e+00 
9.255000000000e+00 9.391134699942e-03 -1.119101004078e-02 -4.411996480385e-03 1.422473635765e+05 1.294604279730e+05 1.000000000000e+05 6.537751397105e+03 5.071209749858e+02 1.800000000000e+06 0.000000000000e+00 -8.752000000000e-01 -8.752000000000e-01 0.000000000000e+00 0.000000000000e+00 0.000000000000e+00 -0.000000000000e+00 1.775954549045e-01 0.000000000000e+00 0.000000000000e+00 0.000000000000e+00 0.000000000000e+00 0.000000000000e+00 0.000000000000e+00 
9.260000000000e+00 9.412687904392e-03 -1.026959489722e-02 -4.252662915368e-03 1.423553086951e+05 1.300724658048e+05 1.000000000000e+05 6.534012140869e+03 5.062174727512e+02 1.800000000000e+06 0.000000000000e+00 -8.752000000000e-01 -8.752000000000e-01 0.000000000000e+00 0.000000000000e+00 0.000000000000e+00 -0.000000000000e+00 1.780044755141e-01 0.000000000000e+00 0.000000000000e+00 0.000000000000e+00 0.000000000000e+00 0.000000000000e+00 0.000000000000e+00 
9.265000000000e+00 9.433435494353e-03 -9.421521257299e-03 -4.090847347090e-03 1.424347694277e+05 1.306582521639e+05 1.000000000000e+05 6.530425360274e+03 5.053504744571e+02 1.800000000000e+06 0.000000000000e+00 -8.752000000000e-01 -8.752000000000e-01 0.000000000000e+00 0.000000000000e+00 0.000000000000e+00 -0.000000000000e+00 1.783973395031e-01 0.000000000000e+00 0.000000000000e+00 0.000000000000e+00 0.000000000000e+00 0.000000000000e+00 0.000000000000e+00 
9.270000000000e+00 9.453372302889e-03 -8.661298586697e-03 -3.928837697004e-03 1.424924230288e+05 1.312180507658e+05 1.000000000000e+05 6.526990019877e+03 5.045198687616e+02 1.800000000000e+06 0.000000000000e+00 -8.752000000000e-01 -8.752000000000e-01 0.000000000000e+00 0.000000000000e+00 0.000000000000e+00 -0.000000000000e+00 1.787740116239e-01 0.000000000000e+00 0.000000000000e+00 0.000000000000e+00 0.000000000000e+00 0.000000000000e+00 0.000000000000e+00 
9.275000000000e+00 9.472502995123e-03 -7.999169491470e-03 -3.768259843738e-03 1.425332103408e+05 1.317523817552e+05 1.000000000000e+05 6.523703636169e+03 5.037251495128e+02 1.800000000000e+06 0.000000000000e+00 -8.752000000000e-01 -8.752000000000e-01 0.000000000000e+00 0.000000000000e+00 0.000000000000e+00 -0.000000000000e+00 1.791346401898e-01 0.000000000000e+00 0.000000000000e+00 0.000000000000e+00 0.000000000000e+00 0.000000000000e+00 0.000000000000e+00 
9.280000000000e+00 9.490839034254e-03 -7.436534801933e-03 -3.610453038628e-03 1.425613616463e+05 1.322619310778e+05 1.000000000000e+05 6.520562703429e+03 5.029655466990e+02 1.800000000000e+06 0.000000000000e+00 -8.752000000000e-01 -8.752000000000e-01 0.000000000000e+00 0.000000000000e+00 0.000000000000e+00 -0.000000000000e+00 1.794795039587e-01 0.000000000000e+00 0.000000000000e+00 0.000000000000e+00 0.000000000000e+00 0.000000000000e+00 0.000000000000e+00 
9.285000000000e+00 9.508396692248e-03 -6.970856029552e-03 -3.456023666825e-03 1.425790919009e+05 1.327474920379e+05 1.000000000000e+05 6.517563188943e+03 5.022401115675e+02 1.800000000000e+06 0.000000000000e+00 -8.752000000000e-01 -8.752000000000e-01 0.000000000000e+00 0.000000000000e+00 0.000000000000e+00 -0.000000000000e+00 1.798089629239e-01 0.000000000000e+00 0.000000000000e+00 0.000000000000e+00 0.000000000000e+00 0.000000000000e+00 0.000000000000e+00 
9.290000000000e+00 9.525193993306e-03 -6.594901467212e-03 -3.305382303203e-03 1.425880772423e+05 1.332098796483e+05 1.000000000000e+05 6.514700895999e+03 5.015478439582e+02 1.800000000000e+06 0.000000000000e+00 -8.752000000000e-01 -8.752000000000e-01 0.000000000000e+00 0.000000000000e+00 0.000000000000e+00 -0.000000000000e+00 1.801234109390e-01 0.000000000000e+00 0.000000000000e+00 0.000000000000e+00 0.000000000000e+00 0.000000000000e+00 0.000000000000e+00 
9.295000000000e+00 9.541250422585e-03 -6.299226410422e-03 -3.158600200528e-03 1.425890508666e+05 1.336499231531e+05 1.000000000000e+05 6.511971557426e+03 5.008877039921e+02 1.800000000000e+06 0.000000000000e+00 -8.752000000000e-01 -8.752000000000e-01 0.000000000000e+00 0.000000000000e+00 0.000000000000e+00 -0.000000000000e+00 1.804232660809e-01 0.000000000000e+00 0.000000000000e+00 0.000000000000e+00 0.000000000000e+00 0.000000000000e+00 0.000000000000e+00 
9.300000000000e+00 9.556585344113e-03 -6.072360890176e-03 -3.015592186569e-03 1.425822918314e+05 1.340684236668e+05 1.000000000000e+05 6.509371048177e+03 5.002586764135e+02 1.800000000000e+06 0.000000000000e+00 -8.752000000000e-01 -8.752000000000e-01 0.000000000000e+00 0.000000000000e+00 0.000000000000e+00 -0.000000000000e+00 1.807089385607e-01 0.000000000000e+00 0.000000000000e+00 0.000000000000e+00 0.000000000000e+00 0.000000000000e+00 0.000000000000e+00 
9.305000000000e+00 9.571215889702e-03 -5.905604208149e-03 -2.875888395418e-03 1.425669334960e+05 1.344660985175e+05 1.000000000000e+05 6.506895814802e+03 4.996598556877e+02 1.800000000000e+06 0.000000000000e+00 -8.752000000000e-01 -8.752000000000e-01 0.000000000000e+00 0.000000000000e+00 0.000000000000e+00 -0.000000000000e+00 1.809807928144e-01 0.000000000000e+00 0.000000000000e+00 0.000000000000e+00 0.000000000000e+00 0.000000000000e+00 0.000000000000e+00 
9.310000000000e+00 9.585158584131e-03 -5.785854302208e-03 -2.739464597439e-03 1.425433518605e+05 1.348436277552e+05 1.000000000000e+05 6.504542329156e+03 4.990903776605e+02 1.800000000000e+06 0.000000000000e+00 -8.752000000000e-01 -8.752000000000e-01 0.000000000000e+00 0.000000000000e+00 0.000000000000e+00 -0.000000000000e+00 1.812391821218e-01 0.000000000000e+00 0.000000000000e+00 0.000000000000e+00 0.000000000000e+00 0.000000000000e+00 0.000000000000e+00 
9.315000000000e+00 9.598429315607e-03 -5.701144221787e-03 -2.606135404519e-03 1.425114490222e+05 1.352016549049e+05 1.000000000000e+05 6.502307279220e+03 4.985494195695e+02 1.800000000000e+06 0.000000000000e+00 -8.752000000000e-01 -8.752000000000e-01 0.000000000000e+00 0.000000000000e+00 0.000000000000e+00 -0.000000000000e+00 1.814844435054e-01 0.000000000000e+00 0.000000000000e+00 0.000000000000e+00 0.000000000000e+00 0.000000000000e+00 0.000000000000e+00 
9.320000000000e+00 9.611042738235e-03 -5.642468420031e-03 -2.475642475154e-03 1.424708897193e+05 1.355407723794e+05 1.000000000000e+05 6.500187639457e+03 4.980362232137e+02 1.800000000000e+06 0.000000000000e+00 -8.752000000000e-01 -8.752000000000e-01 0.000000000000e+00 0.000000000000e+00 0.000000000000e+00 -0.000000000000e+00 1.817168854127e-01 0.000000000000e+00 0.000000000000e+00 0.000000000000e+00 0.000000000000e+00 0.000000000000e+00 0.000000000000e+00 
9.325000000000e+00 9.623012203464e-03 -5.602478282015e-03 -2.347720214898e-03 1.424212851679e+05 1.358615212441e+05 1.000000000000e+05 6.498180657432e+03 4.975500964824e+02 1.800000000000e+06 0.000000000000e+00 -8.752000000000e-01 -8.752000000000e-01 0.000000000000e+00 0.000000000000e+00 0.000000000000e+00 -0.000000000000e+00 1.819367895096e-01 0.000000000000e+00 0.000000000000e+00 0.000000000000e+00 0.000000000000e+00 0.000000000000e+00 0.000000000000e+00 
9.330000000000e+00 9.634350570865e-03 -5.574538549238e-03 -2.222453611163e-03 1.423632120163e+05 1.361644143277e+05 1.000000000000e+05 6.496283600458e+03 4.970903793427e+02 1.800000000000e+06 0.000000000000e+00 -8.752000000000e-01 -8.752000000000e-01 0.000000000000e+00 0.000000000000e+00 0.000000000000e+00 -0.000000000000e+00 1.821444303213e-01 0.000000000000e+00 0.000000000000e+00 0.000000000000e+00 0.000000000000e+00 0.000000000000e+00 0.000000000000e+00 
9.335000000000e+00 9.645071185526e-03 -5.553531636725e-03 -2.099784483527e-03 1.422968541749e+05 1.364499632558e+05 1.000000000000e+05 6.494493739604e+03 4.966564034992e+02 1.800000000000e+06 0.000000000000e+00 -8.752000000000e-01 -8.752000000000e-01 0.000000000000e+00 0.000000000000e+00 0.000000000000e+00 -0.000000000000e+00 1.823400878904e-01 0.000000000000e+00 0.000000000000e+00 0.000000000000e+00 0.000000000000e+00 0.000000000000e+00 0.000000000000e+00 
9.340000000000e+00 9.655186530425e-03 -5.533920094199e-03 -1.979610058946e-03 1.422222460136e+05 1.367186433177e+05 1.000000000000e+05 6.492808546574e+03 4.962475463622e+02 1.800000000000e+06 0.000000000000e+00 -8.752000000000e-01 -8.752000000000e-01 0.000000000000e+00 0.000000000000e+00 0.000000000000e+00 -0.000000000000e+00 1.825240258940e-01 0.000000000000e+00 0.000000000000e+00 0.000000000000e+00 0.000000000000e+00 0.000000000000e+00 0.000000000000e+00 
9.345000000000e+00 9.664708930175e-03 -5.512547518333e-03 -1.861857048618e-03 1.421394972843e+05 1.369709131495e+05 1.000000000000e+05 6.491225548108e+03 4.958632018251e+02 1.800000000000e+06 0.000000000000e+00 -8.752000000000e-01 -8.752000000000e-01 0.000000000000e+00 0.000000000000e+00 0.000000000000e+00 -0.000000000000e+00 1.826965062784e-01 0.000000000000e+00 0.000000000000e+00 0.000000000000e+00 0.000000000000e+00 0.000000000000e+00 0.000000000000e+00 
9.350000000000e+00 9.673650492701e-03 -5.488168056236e-03 -1.746541731779e-03 1.420489577326e+05 1.372072139448e+05 1.000000000000e+05 6.489742315297e+03 4.955027820284e+02 1.800000000000e+06 0.000000000000e+00 -8.752000000000e-01 -8.752000000000e-01 0.000000000000e+00 0.000000000000e+00 0.000000000000e+00 -0.000000000000e+00 1.828577854078e-01 0.000000000000e+00 0.000000000000e+00 0.000000000000e+00 0.000000000000e+00 0.000000000000e+00 0.000000000000e+00 
9.355000000000e+00 9.682023376924e-03 -5.460421025434e-03 -1.633688019340e-03 1.419509956808e+05 1.374279772314e+05 1.000000000000e+05 6.488356441479e+03 4.951657060206e+02 1.800000000000e+06 0.000000000000e+00 -8.752000000000e-01 -8.752000000000e-01 0.000000000000e+00 0.000000000000e+00 0.000000000000e+00 -0.000000000000e+00 1.830081174620e-01 0.000000000000e+00 0.000000000000e+00 0.000000000000e+00 0.000000000000e+00 0.000000000000e+00 0.000000000000e+00 
9.360000000000e+00 9.689840503124e-03 -5.429645945279e-03 -1.523505880608e-03 1.418465098799e+05 1.376336441522e+05 1.000000000000e+05 6.487065365289e+03 4.948513707311e+02 1.800000000000e+06 0.000000000000e+00 -8.752000000000e-01 -8.752000000000e-01 0.000000000000e+00 0.000000000000e+00 0.000000000000e+00 -0.000000000000e+00 1.831477719227e-01 0.000000000000e+00 0.000000000000e+00 0.000000000000e+00 0.000000000000e+00 0.000000000000e+00 0.000000000000e+00 
9.365000000000e+00 9.697115842948e-03 -5.397193555498e-03 -1.416187355933e-03 1.417363709781e+05 1.378246734794e+05 1.000000000000e+05 6.485866383339e+03 4.945591390162e+02 1.800000000000e+06 0.000000000000e+00 -8.752000000000e-01 -8.752000000000e-01 0.000000000000e+00 0.000000000000e+00 0.000000000000e+00 -0.000000000000e+00 1.832770391276e-01 0.000000000000e+00 0.000000000000e+00 0.000000000000e+00 0.000000000000e+00 0.000000000000e+00 0.000000000000e+00 
9.370000000000e+00 9.703863755222e-03 -5.363413957151e-03 -1.311691787907e-03 1.416208129689e+05 1.380015245800e+05 1.000000000000e+05 6.484756827359e+03 4.942883660236e+02 1.800000000000e+06 0.000000000000e+00 -8.752000000000e-01 -8.752000000000e-01 0.000000000000e+00 0.000000000000e+00 0.000000000000e+00 -0.000000000000e+00 1.833962116559e-01 0.000000000000e+00 0.000000000000e+00 0.000000000000e+00 0.000000000000e+00 0.000000000000e+00 0.000000000000e+00 
9.375000000000e+00 9.710097122784e-03 -5.325648540642e-03 -1.209588911456e-03 1.414989567589e+05 1.381646092414e+05 1.000000000000e+05 6.483734425252e+03 4.940384734314e+02 1.800000000000e+06 0.000000000000e+00 -8.752000000000e-01 -8.752000000000e-01 0.000000000000e+00 0.000000000000e+00 0.000000000000e+00 -0.000000000000e+00 1.835055487579e-01 0.000000000000e+00 0.000000000000e+00 0.000000000000e+00 0.000000000000e+00 0.000000000000e+00 0.000000000000e+00 
9.380000000000e+00 9.715826062195e-03 -5.279669878587e-03 -1.109274515444e-03 1.413693760109e+05 1.383142588889e+05 1.000000000000e+05 6.482797449770e+03 4.938090003818e+02 1.800000000000e+06 0.000000000000e+00 -8.752000000000e-01 -8.752000000000e-01 0.000000000000e+00 0.000000000000e+00 0.000000000000e+00 -0.000000000000e+00 1.836052564494e-01 0.000000000000e+00 0.000000000000e+00 0.000000000000e+00 0.000000000000e+00 0.000000000000e+00 0.000000000000e+00 
9.385000000000e+00 9.721056945894e-03 -5.219835805425e-03 -1.009929139180e-03 1.412299596144e+05 1.384507001228e+05 1.000000000000e+05 6.481944892975e+03 4.935996417663e+02 1.800000000000e+06 0.000000000000e+00 -8.752000000000e-01 -8.752000000000e-01 0.000000000000e+00 0.000000000000e+00 0.000000000000e+00 -0.000000000000e+00 1.836954582294e-01 0.000000000000e+00 0.000000000000e+00 0.000000000000e+00 0.000000000000e+00 0.000000000000e+00 0.000000000000e+00 
9.390000000000e+00 9.725790336437e-03 -5.135543738941e-03 -9.099285071619e-04 1.410762383905e+05 1.385740019636e+05 1.000000000000e+05 6.481176991854e+03 4.934103299797e+02 1.800000000000e+06 0.000000000000e+00 -8.752000000000e-01 -8.752000000000e-01 0.000000000000e+00 0.000000000000e+00 0.000000000000e+00 -0.000000000000e+00 1.837761577705e-01 0.000000000000e+00 0.000000000000e+00 0.000000000000e+00 0.000000000000e+00 0.000000000000e+00 0.000000000000e+00 
9.395000000000e+00 9.730013094652e-03 -5.001145523232e-03 -8.059639278566e-04 1.408987705774e+05 1.386838717509e+05 1.000000000000e+05 6.480496823672e+03 4.932415493369e+02 1.800000000000e+06 0.000000000000e+00 -8.752000000000e-01 -8.752000000000e-01 0.000000000000e+00 0.000000000000e+00 0.000000000000e+00 -0.000000000000e+00 1.838470598169e-01 0.000000000000e+00 0.000000000000e+00 0.000000000000e+00 0.000000000000e+00 0.000000000000e+00 0.000000000000e+00 
9.400000000000e+00 9.733688320463e-03 -4.771582603617e-03 -6.922770633957e-04 1.406807900493e+05 1.387793956313e+05 1.000000000000e+05 6.479912228370e+03 4.930947362985e+02 1.800000000000e+06 0.000000000000e+00 -8.752000000000e-01 -8.752000000000e-01 0.000000000000e+00 0.000000000000e+00 0.000000000000e+00 -0.000000000000e+00 1.839073737732e-01 0.000000000000e+00 0.000000000000e+00 0.000000000000e+00 0.000000000000e+00 0.000000000000e+00 0.000000000000e+00 
9.405000000000e+00 9.736746320994e-03 -4.389780086501e-03 -5.619266177192e-04 1.404014556675e+05 1.388588062225e+05 1.000000000000e+05 6.479436935817e+03 4.929726382635e+02 1.800000000000e+06 0.000000000000e+00 -8.752000000000e-01 -8.752000000000e-01 0.000000000000e+00 0.000000000000e+00 0.000000000000e+00 -0.000000000000e+00 1.839556472083e-01 0.000000000000e+00 0.000000000000e+00 0.000000000000e+00 0.000000000000e+00 0.000000000000e+00 0.000000000000e+00 
9.410000000000e+00 9.739075975730e-03 -3.786505934888e-03 -4.059354757249e-04 1.400332691729e+05 1.389192599106e+05 1.000000000000e+05 6.479092278007e+03 4.928796570692e+02 1.800000000000e+06 0.000000000000e+00 -8.752000000000e-01 -8.752000000000e-01 0.000000000000e+00 0.000000000000e+00 0.000000000000e+00 -0.000000000000e+00 1.839895985047e-01 0.000000000000e+00 0.000000000000e+00 0.000000000000e+00 0.000000000000e+00 0.000000000000e+00 0.000000000000e+00 
9.415000000000e+00 9.740516710355e-03 -2.884980677699e-03 -2.141006162185e-04 1.395440540503e+05 1.389566278011e+05 1.000000000000e+05 6.478908299064e+03 4.928221699796e+02 1.800000000000e+06 0.000000000000e+00 -8.752000000000e-01 -8.752000000000e-01 0.000000000000e+00 0.000000000000e+00 0.000000000000e+00 -0.000000000000e+00 1.840059865526e-01 0.000000000000e+00 0.000000000000e+00 0.000000000000e+00 0.000000000000e+00 0.000000000000e+00 0.000000000000e+00 
9.420000000000e+00 9.740872336108e-03 -1.641552004759e-03 1.898267877964e-05 1.389137695843e+05 1.389658493650e+05 1.000000000000e+05 6.478919608361e+03 4.928079818977e+02 1.800000000000e+06 0.000000000000e+00 -8.752000000000e-01 -8.752000000000e-01 0.000000000000e+00 0.000000000000e+00 0.000000000000e+00 -0.000000000000e+00 1.840009151006e-01 0.000000000000e+00 0.000000000000e+00 0.000000000000e+00 0.000000000000e+00 0.000000000000e+00 0.000000000000e+00 
9.425000000000e+00 9.739960735099e-03 -8.271895781226e-05 2.890035013950e-04 1.381492047040e+05 1.389422093299e+05 1.000000000000e+05 6.479155557286e+03 4.928443526734e+02 1.800000000000e+06 0.000000000000e+00 -8.752000000000e-01 -8.752000000000e-01 0.000000000000e+00 0.000000000000e+00 0.000000000000e+00 -0.000000000000e+00 1.839706141294e-01 0.000000000000e+00 0.000000000000e+00 0.000000000000e+00 0.000000000000e+00 0.000000000000e+00 0.000000000000e+00 
9.430000000000e+00 9.737611061160e-03 1.696207325298e-03 5.853846893422e-04 1.372744157596e+05 1.388812502631e+05 1.000000000000e+05 6.479641812123e+03 4.929381211285e+02 1.800000000000e+06 0.000000000000e+00 -8.752000000000e-01 -8.752000000000e-01 0.000000000000e+00 0.000000000000e+00 0.000000000000e+00 -0.000000000000e+00 1.839120898411e-01 0.000000000000e+00 0.000000000000e+00 0.000000000000e+00 0.000000000000e+00 0.000000000000e+00 0.000000000000e+00 
9.435000000000e+00 9.733768680526e-03 3.469776700268e-03 8.813440045794e-04 1.363608313127e+05 1.387814832553e+05 1.000000000000e+05 6.480379673109e+03 4.930915270451e+02 1.800000000000e+06 0.000000000000e+00 -8.752000000000e-01 -8.752000000000e-01 0.000000000000e+00 0.000000000000e+00 0.000000000000e+00 -0.000000000000e+00 1.838246445258e-01 0.000000000000e+00 0.000000000000e+00 0.000000000000e+00 0.000000000000e+00 0.000000000000e+00 0.000000000000e+00 
9.440000000000e+00 9.728539764291e-03 4.939601992669e-03 1.142704738310e-03 1.355045299647e+05 1.386455518768e+05 1.000000000000e+05 6.481341206798e+03 4.933004256983e+02 1.800000000000e+06 0.000000000000e+00 -8.752000000000e-01 -8.752000000000e-01 0.000000000000e+00 0.000000000000e+00 0.000000000000e+00 -0.000000000000e+00 1.837108146982e-01 0.000000000000e+00 0.000000000000e+00 0.000000000000e+00 0.000000000000e+00 0.000000000000e+00 0.000000000000e+00 
9.445000000000e+00 9.722199817064e-03 5.811579963910e-03 1.337910268906e-03 1.347992922658e+05 1.384804853582e+05 1.000000000000e+05 6.482470741172e+03 4.935539209026e+02 1.800000000000e+06 0.000000000000e+00 -8.752000000000e-01 -8.752000000000e-01 0.000000000000e+00 0.000000000000e+00 0.000000000000e+00 -0.000000000000e+00 1.835764014186e-01 0.000000000000e+00 0.000000000000e+00 0.000000000000e+00 0.000000000000e+00 0.000000000000e+00 0.000000000000e+00 
9.450000000000e+00 9.715123346153e-03 5.938419577157e-03 1.455750730547e-03 1.342861126490e+05 1.382959149784e+05 1.000000000000e+05 6.483701998478e+03 4.938371375626e+02 1.800000000000e+06 0.000000000000e+00 -8.752000000000e-01 -8.752000000000e-01 0.000000000000e+00 0.000000000000e+00 0.000000000000e+00 -0.000000000000e+00 1.834288959835e-01 0.000000000000e+00 0.000000000000e+00 0.000000000000e+00 0.000000000000e+00 0.000000000000e+00 0.000000000000e+00 
9.455000000000e+00 9.707677753392e-03 5.364942358965e-03 1.504007931333e-03 1.339538511930e+05 1.381013428846e+05 1.000000000000e+05 6.484975512197e+03 4.941354381615e+02 1.800000000000e+06 0.000000000000e+00 -8.752000000000e-01 -8.752000000000e-01 0.000000000000e+00 0.000000000000e+00 0.000000000000e+00 -0.000000000000e+00 1.832754459793e-01 0.000000000000e+00 0.000000000000e+00 0.000000000000e+00 0.000000000000e+00 0.000000000000e+00 0.000000000000e+00 
9.460000000000e+00 9.700159483433e-03 4.263387401976e-03 1.500122730042e-03 1.337628931332e+05 1.379044812413e+05 1.000000000000e+05 6.486246570029e+03 4.944369745376e+02 1.800000000000e+06 0.000000000000e+00 -8.752000000000e-01 -8.752000000000e-01 0.000000000000e+00 0.000000000000e+00 0.000000000000e+00 -0.000000000000e+00 1.831216845948e-01 0.000000000000e+00 0.000000000000e+00 0.000000000000e+00 0.000000000000e+00 0.000000000000e+00 0.000000000000e+00 
9.465000000000e+00 9.692767337224e-03 2.860797585782e-03 1.463693783919e-03 1.336649011533e+05 1.377105387036e+05 1.000000000000e+05 6.487487495338e+03 4.947337705267e+02 1.800000000000e+06 0.000000000000e+00 -8.752000000000e-01 -8.752000000000e-01 0.000000000000e+00 0.000000000000e+00 0.000000000000e+00 -0.000000000000e+00 1.829713035118e-01 0.000000000000e+00 0.000000000000e+00 0.000000000000e+00 0.000000000000e+00 0.000000000000e+00 0.000000000000e+00 
9.470000000000e+00 9.685613987579e-03 1.360145802795e-03 1.410327002261e-03 1.336200470025e+05 1.375224984778e+05 1.000000000000e+05 6.488683888228e+03 4.950212796360e+02 1.800000000000e+06 0.000000000000e+00 -8.752000000000e-01 -8.752000000000e-01 0.000000000000e+00 0.000000000000e+00 0.000000000000e+00 -0.000000000000e+00 1.828263328899e-01 0.000000000000e+00 0.000000000000e+00 0.000000000000e+00 0.000000000000e+00 0.000000000000e+00 0.000000000000e+00 
9.475000000000e+00 9.678749316568e-03 -9.652452252011e-05 1.350639329954e-03 1.336004412009e+05 1.373417103699e+05 1.000000000000e+05 6.489830424138e+03 4.952974648586e+02 1.800000000000e+06 0.000000000000e+00 -8.752000000000e-01 -8.752000000000e-01 0.000000000000e+00 0.000000000000e+00 0.000000000000e+00 -0.000000000000e+00 1.826876121119e-01 0.000000000000e+00 0.000000000000e+00 0.000000000000e+00 0.000000000000e+00 0.000000000000e+00 0.000000000000e+00 
9.480000000000e+00 9.672178013067e-03 -1.418085137548e-03 1.293506912500e-03 1.335816744974e+05 1.371683390275e+05 1.000000000000e+05 6.490928908037e+03 4.955621032918e+02 1.800000000000e+06 0.000000000000e+00 -8.752000000000e-01 -8.752000000000e-01 0.000000000000e+00 0.000000000000e+00 0.000000000000e+00 -0.000000000000e+00 1.825551006659e-01 0.000000000000e+00 0.000000000000e+00 0.000000000000e+00 0.000000000000e+00 0.000000000000e+00 0.000000000000e+00 
9.485000000000e+00 9.665869724106e-03 -2.548139908349e-03 1.244223476792e-03 1.335482332101e+05 1.370016214908e+05 1.000000000000e+05 6.491986011121e+03 4.958163858317e+02 1.800000000000e+06 0.000000000000e+00 -8.752000000000e-01 -8.752000000000e-01 0.000000000000e+00 0.000000000000e+00 0.000000000000e+00 -0.000000000000e+00 1.824280920257e-01 0.000000000000e+00 0.000000000000e+00 0.000000000000e+00 0.000000000000e+00 0.000000000000e+00 0.000000000000e+00 
9.490000000000e+00 9.659777946804e-03 -3.470782604486e-03 1.204777855989e-03 1.334932909686e+05 1.368403601355e+05 1.000000000000e+05 6.493010159573e+03 4.960621608937e+02 1.800000000000e+06 0.000000000000e+00 -8.752000000000e-01 -8.752000000000e-01 0.000000000000e+00 0.000000000000e+00 0.000000000000e+00 -0.000000000000e+00 1.823056301060e-01 0.000000000000e+00 0.000000000000e+00 0.000000000000e+00 0.000000000000e+00 0.000000000000e+00 0.000000000000e+00 
9.495000000000e+00 9.653852419028e-03 -4.193262784176e-03 1.175259316939e-03 1.334151801258e+05 1.366832485823e+05 1.000000000000e+05 6.494009862873e+03 4.963014362298e+02 1.800000000000e+06 0.000000000000e+00 -8.752000000000e-01 -8.752000000000e-01 0.000000000000e+00 0.000000000000e+00 0.000000000000e+00 -0.000000000000e+00 1.821867041996e-01 0.000000000000e+00 0.000000000000e+00 0.000000000000e+00 0.000000000000e+00 0.000000000000e+00 0.000000000000e+00 
9.500000000000e+00 9.648045622657e-03 -4.735788122551e-03 1.154927906325e-03 1.333146120808e+05 1.365290443409e+05 1.000000000000e+05 6.494992934502e+03 4.965361161372e+02 1.800000000000e+06 0.000000000000e+00 -8.752000000000e-01 -8.752000000000e-01 0.000000000000e+00 0.000000000000e+00 0.000000000000e+00 -0.000000000000e+00 1.820703646306e-01 0.000000000000e+00 0.000000000000e+00 0.000000000000e+00 0.000000000000e+00 0.000000000000e+00 0.000000000000e+00 
9.505000000000e+00 9.642315556678e-03 -5.125940760144e-03 1.142290461771e-03 1.331945499196e+05 1.363766436327e+05 1.000000000000e+05 6.495966038462e+03 4.967678883987e+02 1.800000000000e+06 0.000000000000e+00 -8.752000000000e-01 -8.752000000000e-01 0.000000000000e+00 0.000000000000e+00 0.000000000000e+00 -0.000000000000e+00 1.819557840082e-01 0.000000000000e+00 0.000000000000e+00 0.000000000000e+00 0.000000000000e+00 0.000000000000e+00 0.000000000000e+00 
9.510000000000e+00 9.636628544554e-03 -5.393040444480e-03 1.136041339262e-03 1.330576703236e+05 1.362251576233e+05 1.000000000000e+05 6.496934496128e+03 4.969981094282e+02 1.800000000000e+06 0.000000000000e+00 -8.752000000000e-01 -8.752000000000e-01 0.000000000000e+00 0.000000000000e+00 0.000000000000e+00 -0.000000000000e+00 1.818422905529e-01 0.000000000000e+00 0.000000000000e+00 0.000000000000e+00 0.000000000000e+00 0.000000000000e+00 0.000000000000e+00 
9.515000000000e+00 9.630955607394e-03 -5.558165732515e-03 1.135112785411e-03 1.329061223360e+05 1.360738174102e+05 1.000000000000e+05 6.497902916022e+03 4.972279497678e+02 1.800000000000e+06 0.000000000000e+00 -8.752000000000e-01 -8.752000000000e-01 0.000000000000e+00 0.000000000000e+00 0.000000000000e+00 -0.000000000000e+00 1.817293118211e-01 0.000000000000e+00 0.000000000000e+00 0.000000000000e+00 0.000000000000e+00 0.000000000000e+00 0.000000000000e+00 
9.520000000000e+00 9.625274289945e-03 -5.640369374907e-03 1.138119382201e-03 1.327431259804e+05 1.359220238355e+05 1.000000000000e+05 6.498874706706e+03 4.974583191944e+02 1.800000000000e+06 0.000000000000e+00 -8.752000000000e-01 -8.752000000000e-01 0.000000000000e+00 0.000000000000e+00 0.000000000000e+00 -0.000000000000e+00 1.816164079575e-01 0.000000000000e+00 0.000000000000e+00 0.000000000000e+00 0.000000000000e+00 0.000000000000e+00 0.000000000000e+00 
9.525000000000e+00 9.619569141961e-03 -5.657669984009e-03 1.143759951305e-03 1.325718666395e+05 1.357693616857e+05 1.000000000000e+05 6.499852114637e+03 4.976898460937e+02 1.800000000000e+06 0.000000000000e+00 -8.752000000000e-01 -8.752000000000e-01 0.000000000000e+00 0.000000000000e+00 0.000000000000e+00 -0.000000000000e+00 1.815032753678e-01 0.000000000000e+00 0.000000000000e+00 0.000000000000e+00 0.000000000000e+00 0.000000000000e+00 0.000000000000e+00 
9.530000000000e+00 9.613830191299e-03 -5.625401501484e-03 1.151039176866e-03 1.323948335293e+05 1.356155601327e+05 1.000000000000e+05 6.500836550105e+03 4.979229383508e+02 1.800000000000e+06 0.000000000000e+00 -8.752000000000e-01 -8.752000000000e-01 0.000000000000e+00 0.000000000000e+00 0.000000000000e+00 -0.000000000000e+00 1.813897165097e-01 0.000000000000e+00 0.000000000000e+00 0.000000000000e+00 0.000000000000e+00 0.000000000000e+00 0.000000000000e+00 
9.535000000000e+00 9.608052032188e-03 -5.557553180837e-03 1.159061586883e-03 1.322143691524e+05 1.354604693330e+05 1.000000000000e+05 6.501828676368e+03 4.981578195275e+02 1.800000000000e+06 0.000000000000e+00 -8.752000000000e-01 -8.752000000000e-01 0.000000000000e+00 0.000000000000e+00 0.000000000000e+00 -0.000000000000e+00 1.812756242867e-01 0.000000000000e+00 0.000000000000e+00 0.000000000000e+00 0.000000000000e+00 0.000000000000e+00 0.000000000000e+00 
9.540000000000e+00 9.602233235035e-03 -5.467085351385e-03 1.167135662827e-03 1.320323611771e+05 1.353040454700e+05 1.000000000000e+05 6.502828540422e+03 4.983945521252e+02 1.800000000000e+06 0.000000000000e+00 -8.752000000000e-01 -8.752000000000e-01 0.000000000000e+00 0.000000000000e+00 0.000000000000e+00 -0.000000000000e+00 1.811609676841e-01 0.000000000000e+00 0.000000000000e+00 0.000000000000e+00 0.000000000000e+00 0.000000000000e+00 0.000000000000e+00 
9.545000000000e+00 9.596375156257e-03 -5.365222914314e-03 1.174772668273e-03 1.318502115067e+05 1.351463195020e+05 1.000000000000e+05 6.503835774531e+03 4.986330853931e+02 1.800000000000e+06 0.000000000000e+00 -8.752000000000e-01 -8.752000000000e-01 0.000000000000e+00 0.000000000000e+00 0.000000000000e+00 -0.000000000000e+00 1.810457689630e-01 0.000000000000e+00 0.000000000000e+00 0.000000000000e+00 0.000000000000e+00 0.000000000000e+00 0.000000000000e+00 
9.550000000000e+00 9.590481037940e-03 -5.261636388935e-03 1.181659648709e-03 1.316688855059e+05 1.349873734517e+05 1.000000000000e+05 6.504849740823e+03 4.988732915526e+02 1.800000000000e+06 0.000000000000e+00 -8.752000000000e-01 -8.752000000000e-01 0.000000000000e+00 0.000000000000e+00 0.000000000000e+00 -0.000000000000e+00 1.809300859270e-01 0.000000000000e+00 0.000000000000e+00 0.000000000000e+00 0.000000000000e+00 0.000000000000e+00 0.000000000000e+00 
9.555000000000e+00 9.584555230770e-03 -5.164281413040e-03 1.187626437657e-03 1.314889815812e+05 1.348273198097e+05 1.000000000000e+05 6.505869653490e+03 4.991149971708e+02 1.800000000000e+06 0.000000000000e+00 -8.752000000000e-01 -8.752000000000e-01 0.000000000000e+00 0.000000000000e+00 0.000000000000e+00 -0.000000000000e+00 1.808139969498e-01 0.000000000000e+00 0.000000000000e+00 0.000000000000e+00 0.000000000000e+00 0.000000000000e+00 0.000000000000e+00 
9.560000000000e+00 9.578602525070e-03 -5.079448163883e-03 1.192632968149e-03 1.313107468596e+05 1.346662836725e+05 1.000000000000e+05 6.506894689282e+03 4.993580102774e+02 1.800000000000e+06 0.000000000000e+00 -8.752000000000e-01 -8.752000000000e-01 0.000000000000e+00 0.000000000000e+00 0.000000000000e+00 -0.000000000000e+00 1.806975878444e-01 0.000000000000e+00 0.000000000000e+00 0.000000000000e+00 0.000000000000e+00 0.000000000000e+00 0.000000000000e+00 
9.565000000000e+00 9.572627563419e-03 -5.011674367180e-03 1.196748198615e-03 1.311341187100e+05 1.345043869227e+05 1.000000000000e+05 6.507924081868e+03 4.996021442871e+02 1.800000000000e+06 0.000000000000e+00 -8.752000000000e-01 -8.752000000000e-01 0.000000000000e+00 0.000000000000e+00 0.000000000000e+00 -0.000000000000e+00 1.805809405015e-01 0.000000000000e+00 0.000000000000e+00 0.000000000000e+00 0.000000000000e+00 0.000000000000e+00 0.000000000000e+00 
9.570000000000e+00 9.566634367956e-03 -4.963735502836e-03 1.200125007191e-03 1.309587809444e+05 1.343417353699e+05 1.000000000000e+05 6.508957195623e+03 4.998472373563e+02 1.800000000000e+06 0.000000000000e+00 -8.752000000000e-01 -8.752000000000e-01 0.000000000000e+00 0.000000000000e+00 0.000000000000e+00 -0.000000000000e+00 1.804641239490e-01 0.000000000000e+00 0.000000000000e+00 0.000000000000e+00 0.000000000000e+00 0.000000000000e+00 0.000000000000e+00 
9.575000000000e+00 9.560626020320e-03 -4.936826344243e-03 1.202970093515e-03 1.307842385904e+05 1.341784099189e+05 1.000000000000e+05 6.509993571903e+03 5.000931655920e+02 1.800000000000e+06 0.000000000000e+00 -8.752000000000e-01 -8.752000000000e-01 0.000000000000e+00 0.000000000000e+00 0.000000000000e+00 -0.000000000000e+00 1.803471883964e-01 0.000000000000e+00 0.000000000000e+00 0.000000000000e+00 0.000000000000e+00 0.000000000000e+00 0.000000000000e+00 
9.580000000000e+00 9.554604455869e-03 -4.930751468988e-03 1.205522079893e-03 1.306098730660e+05 1.340144607636e+05 1.000000000000e+05 6.511032958393e+03 5.003398516497e+02 1.800000000000e+06 0.000000000000e+00 -8.752000000000e-01 -8.752000000000e-01 0.000000000000e+00 0.000000000000e+00 0.000000000000e+00 -0.000000000000e+00 1.802301614530e-01 0.000000000000e+00 0.000000000000e+00 0.000000000000e+00 0.000000000000e+00 0.000000000000e+00 0.000000000000e+00 
9.585000000000e+00 9.548570381880e-03 -4.944118979026e-03 1.208027018796e-03 1.304350084270e+05 1.338499049067e+05 1.000000000000e+05 6.512075316374e+03 5.005872682922e+02 1.800000000000e+06 0.000000000000e+00 -8.752000000000e-01 -8.752000000000e-01 0.000000000000e+00 0.000000000000e+00 0.000000000000e+00 -0.000000000000e+00 1.801130468220e-01 0.000000000000e+00 0.000000000000e+00 0.000000000000e+00 0.000000000000e+00 0.000000000000e+00 0.000000000000e+00 
9.590000000000e+00 9.542523290415e-03 -4.974593612453e-03 1.210724516549e-03 1.302589505840e+05 1.336847262430e+05 1.000000000000e+05 6.513120815010e+03 5.008354380818e+02 1.800000000000e+06 0.000000000000e+00 -8.752000000000e-01 -8.752000000000e-01 0.000000000000e+00 0.000000000000e+00 0.000000000000e+00 -0.000000000000e+00 1.799958247509e-01 0.000000000000e+00 0.000000000000e+00 0.000000000000e+00 0.000000000000e+00 0.000000000000e+00 0.000000000000e+00 
9.595000000000e+00 9.536461534262e-03 -5.019174539725e-03 1.213831995193e-03 1.300810337765e+05 1.335188773687e+05 1.000000000000e+05 6.514169814103e+03 5.010844304806e+02 1.800000000000e+06 0.000000000000e+00 -8.752000000000e-01 -8.752000000000e-01 0.000000000000e+00 0.000000000000e+00 0.000000000000e+00 -0.000000000000e+00 1.798784538938e-01 0.000000000000e+00 0.000000000000e+00 0.000000000000e+00 0.000000000000e+00 0.000000000000e+00 0.000000000000e+00 
9.600000000000e+00 9.530382484694e-03 -5.074464715818e-03 1.217531783996e-03 1.299006615852e+05 1.333522836525e+05 1.000000000000e+05 6.515222833505e+03 5.013343555709e+02 1.800000000000e+06 0.000000000000e+00 -8.752000000000e-01 -8.752000000000e-01 0.000000000000e+00 0.000000000000e+00 0.000000000000e+00 -0.000000000000e+00 1.797608743369e-01 0.000000000000e+00 0.000000000000e+00 0.000000000000e+00 0.000000000000e+00 0.000000000000e+00 0.000000000000e+00 
9.605000000000e+00 9.524282703275e-03 -5.136892309223e-03 1.221972467056e-03 1.297173081319e+05 1.331848477310e+05 1.000000000000e+05 6.516280524437e+03 5.015853571658e+02 1.800000000000e+06 0.000000000000e+00 -8.752000000000e-01 -8.752000000000e-01 0.000000000000e+00 0.000000000000e+00 0.000000000000e+00 -0.000000000000e+00 1.796430109014e-01 0.000000000000e+00 0.000000000000e+00 0.000000000000e+00 0.000000000000e+00 0.000000000000e+00 0.000000000000e+00 
9.610000000000e+00 9.518158144550e-03 -5.202943137940e-03 1.227259023678e-03 1.295305520015e+05 1.330164548958e+05 1.000000000000e+05 6.517343631787e+03 5.018376046118e+02 1.800000000000e+06 0.000000000000e+00 -8.752000000000e-01 -8.752000000000e-01 0.000000000000e+00 0.000000000000e+00 0.000000000000e+00 -0.000000000000e+00 1.795247773548e-01 0.000000000000e+00 0.000000000000e+00 0.000000000000e+00 0.000000000000e+00 0.000000000000e+00 0.000000000000e+00 
9.615000000000e+00 9.512004359438e-03 -5.269355255295e-03 1.233456664286e-03 1.293400714614e+05 1.328469785526e+05 1.000000000000e+05 6.518412960429e+03 5.020912845210e+02 1.800000000000e+06 0.000000000000e+00 -8.752000000000e-01 -8.752000000000e-01 0.000000000000e+00 0.000000000000e+00 0.000000000000e+00 -0.000000000000e+00 1.794060803038e-01 0.000000000000e+00 0.000000000000e+00 0.000000000000e+00 0.000000000000e+00 0.000000000000e+00 0.000000000000e+00 
9.620000000000e+00 9.505816686162e-03 -5.333277890382e-03 1.240593761056e-03 1.291456419029e+05 1.326762853872e+05 1.000000000000e+05 6.519489343265e+03 5.023465929737e+02 1.800000000000e+06 0.000000000000e+00 -8.752000000000e-01 -8.752000000000e-01 0.000000000000e+00 0.000000000000e+00 0.000000000000e+00 -0.000000000000e+00 1.792868230112e-01 0.000000000000e+00 0.000000000000e+00 0.000000000000e+00 0.000000000000e+00 0.000000000000e+00 0.000000000000e+00 
9.625000000000e+00 9.499590408221e-03 -5.392314949187e-03 1.248669058896e-03 1.289471201706e+05 1.325042396700e+05 1.000000000000e+05 6.520573616182e+03 5.026037290435e+02 1.800000000000e+06 0.000000000000e+00 -8.752000000000e-01 -8.752000000000e-01 0.000000000000e+00 0.000000000000e+00 0.000000000000e+00 -0.000000000000e+00 1.791669085800e-01 0.000000000000e+00 0.000000000000e+00 0.000000000000e+00 0.000000000000e+00 0.000000000000e+00 0.000000000000e+00 
9.630000000000e+00 9.493320912549e-03 -5.444484101631e-03 1.257654174307e-03 1.287444422660e+05 1.323307076067e+05 1.000000000000e+05 6.521666591390e+03 5.028628882806e+02 1.800000000000e+06 0.000000000000e+00 -8.752000000000e-01 -8.752000000000e-01 0.000000000000e+00 0.000000000000e+00 0.000000000000e+00 -0.000000000000e+00 1.790462426950e-01 0.000000000000e+00 0.000000000000e+00 0.000000000000e+00 0.000000000000e+00 0.000000000000e+00 0.000000000000e+00 
9.635000000000e+00 9.487003766760e-03 -5.488266312137e-03 1.267506539449e-03 1.285375889607e+05 1.321555594870e+05 1.000000000000e+05 6.522769047998e+03 5.031242595086e+02 1.800000000000e+06 0.000000000000e+00 -8.752000000000e-01 -8.752000000000e-01 0.000000000000e+00 0.000000000000e+00 0.000000000000e+00 -0.000000000000e+00 1.789247351908e-01 0.000000000000e+00 0.000000000000e+00 0.000000000000e+00 0.000000000000e+00 0.000000000000e+00 0.000000000000e+00 
9.640000000000e+00 9.480634800904e-03 -5.522595769711e-03 1.278170836844e-03 1.283265842342e+05 1.319786719787e+05 1.000000000000e+05 6.523881718135e+03 5.033880214191e+02 1.800000000000e+06 0.000000000000e+00 -8.752000000000e-01 -8.752000000000e-01 0.000000000000e+00 0.000000000000e+00 0.000000000000e+00 -0.000000000000e+00 1.788023015475e-01 0.000000000000e+00 0.000000000000e+00 0.000000000000e+00 0.000000000000e+00 0.000000000000e+00 0.000000000000e+00 
9.645000000000e+00 9.474210107841e-03 -5.546764600230e-03 1.289595707517e-03 1.281114477238e+05 1.317999281802e+05 1.000000000000e+05 6.525005292012e+03 5.036543425202e+02 1.800000000000e+06 0.000000000000e+00 -8.752000000000e-01 -8.752000000000e-01 0.000000000000e+00 0.000000000000e+00 0.000000000000e+00 -0.000000000000e+00 1.786788627079e-01 0.000000000000e+00 0.000000000000e+00 0.000000000000e+00 0.000000000000e+00 0.000000000000e+00 0.000000000000e+00 
9.650000000000e+00 9.467726046952e-03 -5.560383958377e-03 1.301726596291e-03 1.278922153062e+05 1.316192177651e+05 1.000000000000e+05 6.526140414884e+03 5.039233809485e+02 1.800000000000e+06 0.000000000000e+00 -8.752000000000e-01 -8.752000000000e-01 0.000000000000e+00 0.000000000000e+00 0.000000000000e+00 -0.000000000000e+00 1.785543451692e-01 0.000000000000e+00 0.000000000000e+00 0.000000000000e+00 0.000000000000e+00 0.000000000000e+00 0.000000000000e+00 
9.655000000000e+00 9.461179246443e-03 -5.563319795597e-03 1.314512383641e-03 1.276689202569e+05 1.314364370912e+05 1.000000000000e+05 6.527287688604e+03 5.041952843357e+02 1.800000000000e+06 0.000000000000e+00 -8.752000000000e-01 -8.752000000000e-01 0.000000000000e+00 0.000000000000e+00 0.000000000000e+00 -0.000000000000e+00 1.784286809031e-01 0.000000000000e+00 0.000000000000e+00 0.000000000000e+00 0.000000000000e+00 0.000000000000e+00 0.000000000000e+00 
9.660000000000e+00 9.454566558023e-03 -5.555650285827e-03 1.327912246414e-03 1.274415722775e+05 1.312514879764e+05 1.000000000000e+05 6.528447681577e+03 5.044701916566e+02 1.800000000000e+06 0.000000000000e+00 -8.752000000000e-01 -8.752000000000e-01 0.000000000000e+00 0.000000000000e+00 0.000000000000e+00 -0.000000000000e+00 1.783018063899e-01 0.000000000000e+00 0.000000000000e+00 0.000000000000e+00 0.000000000000e+00 0.000000000000e+00 0.000000000000e+00 
9.665000000000e+00 9.447885014534e-03 -5.537619462886e-03 1.341892193690e-03 1.272101661232e+05 1.310642765456e+05 1.000000000000e+05 6.529620934978e+03 5.047482349634e+02 1.800000000000e+06 0.000000000000e+00 -8.752000000000e-01 -8.752000000000e-01 0.000000000000e+00 0.000000000000e+00 0.000000000000e+00 -0.000000000000e+00 1.781736618204e-01 0.000000000000e+00 0.000000000000e+00 0.000000000000e+00 0.000000000000e+00 0.000000000000e+00 0.000000000000e+00 
9.670000000000e+00 9.441131795305e-03 -5.509573389404e-03 1.356428095888e-03 1.269746718296e+05 1.308747122829e+05 1.000000000000e+05 6.530807969711e+03 5.050295408078e+02 1.800000000000e+06 0.000000000000e+00 -8.752000000000e-01 -8.752000000000e-01 0.000000000000e+00 0.000000000000e+00 0.000000000000e+00 -0.000000000000e+00 1.780441904029e-01 0.000000000000e+00 0.000000000000e+00 0.000000000000e+00 0.000000000000e+00 0.000000000000e+00 0.000000000000e+00 
9.675000000000e+00 9.434304183265e-03 -5.471948548111e-03 1.371501631737e-03 1.267350450163e+05 1.306827068413e+05 1.000000000000e+05 6.532009292594e+03 5.053142320155e+02 1.800000000000e+06 0.000000000000e+00 -8.752000000000e-01 -8.752000000000e-01 0.000000000000e+00 0.000000000000e+00 0.000000000000e+00 -0.000000000000e+00 1.779133373919e-01 0.000000000000e+00 0.000000000000e+00 0.000000000000e+00 0.000000000000e+00 0.000000000000e+00 0.000000000000e+00 
9.680000000000e+00 9.427399519779e-03 -5.425182671177e-03 1.387102972389e-03 1.264912177696e+05 1.304881727757e+05 1.000000000000e+05 6.533225405122e+03 5.056024295659e+02 1.800000000000e+06 0.000000000000e+00 -8.752000000000e-01 -8.752000000000e-01 0.000000000000e+00 0.000000000000e+00 0.000000000000e+00 -0.000000000000e+00 1.777810493224e-01 0.000000000000e+00 0.000000000000e+00 0.000000000000e+00 0.000000000000e+00 0.000000000000e+00 0.000000000000e+00 
9.685000000000e+00 9.420415159849e-03 -5.369772437476e-03 1.403227321754e-03 1.262431071867e+05 1.302910222716e+05 1.000000000000e+05 6.534456810258e+03 5.058942544683e+02 1.800000000000e+06 0.000000000000e+00 -8.752000000000e-01 -8.752000000000e-01 0.000000000000e+00 0.000000000000e+00 0.000000000000e+00 -0.000000000000e+00 1.776472734357e-01 0.000000000000e+00 0.000000000000e+00 0.000000000000e+00 0.000000000000e+00 0.000000000000e+00 0.000000000000e+00 
9.690000000000e+00 9.413348450045e-03 -5.306106085538e-03 1.419872436805e-03 1.259906217949e+05 1.300911665029e+05 1.000000000000e+05 6.535704015580e+03 5.061898286985e+02 1.800000000000e+06 0.000000000000e+00 -8.752000000000e-01 -8.752000000000e-01 0.000000000000e+00 0.000000000000e+00 0.000000000000e+00 -0.000000000000e+00 1.775119573295e-01 0.000000000000e+00 0.000000000000e+00 0.000000000000e+00 0.000000000000e+00 0.000000000000e+00 0.000000000000e+00 
9.695000000000e+00 9.406196818539e-03 -5.234601259182e-03 1.437041150688e-03 1.257336567958e+05 1.298885181611e+05 1.000000000000e+05 6.536967518314e+03 5.064892714457e+02 1.800000000000e+06 0.000000000000e+00 -8.752000000000e-01 -8.752000000000e-01 0.000000000000e+00 0.000000000000e+00 0.000000000000e+00 -0.000000000000e+00 1.773750487589e-01 0.000000000000e+00 0.000000000000e+00 0.000000000000e+00 0.000000000000e+00 0.000000000000e+00 0.000000000000e+00 
9.700000000000e+00 9.398957822027e-03 -5.155681941950e-03 1.454733937313e-03 1.254721168636e+05 1.296829927883e+05 1.000000000000e+05 6.538247794698e+03 5.067926971438e+02 1.800000000000e+06 0.000000000000e+00 -8.752000000000e-01 -8.752000000000e-01 0.000000000000e+00 0.000000000000e+00 0.000000000000e+00 -0.000000000000e+00 1.772364953903e-01 0.000000000000e+00 0.000000000000e+00 0.000000000000e+00 0.000000000000e+00 0.000000000000e+00 0.000000000000e+00 
9.705000000000e+00 9.391628853809e-03 -5.069701653396e-03 1.472951944001e-03 1.252058988939e+05 1.294745004781e+05 1.000000000000e+05 6.539545352376e+03 5.071002277154e+02 1.800000000000e+06 0.000000000000e+00 -8.752000000000e-01 -8.752000000000e-01 0.000000000000e+00 0.000000000000e+00 0.000000000000e+00 -0.000000000000e+00 1.770962450736e-01 0.000000000000e+00 0.000000000000e+00 0.000000000000e+00 0.000000000000e+00 0.000000000000e+00 0.000000000000e+00 
9.710000000000e+00 9.384207225069e-03 -4.976936400994e-03 1.491701663560e-03 1.249348807244e+05 1.292629481244e+05 1.000000000000e+05 6.540860717757e+03 5.074119892109e+02 1.800000000000e+06 0.000000000000e+00 -8.752000000000e-01 -8.752000000000e-01 0.000000000000e+00 0.000000000000e+00 0.000000000000e+00 -0.000000000000e+00 1.769542454325e-01 0.000000000000e+00 0.000000000000e+00 0.000000000000e+00 0.000000000000e+00 0.000000000000e+00 0.000000000000e+00 
9.715000000000e+00 9.376690296896e-03 -4.877782290008e-03 1.510969482714e-03 1.246589987802e+05 1.290482431474e+05 1.000000000000e+05 6.542194404690e+03 5.077281062915e+02 1.800000000000e+06 0.000000000000e+00 -8.752000000000e-01 -8.752000000000e-01 0.000000000000e+00 0.000000000000e+00 0.000000000000e+00 -0.000000000000e+00 1.768104448068e-01 0.000000000000e+00 0.000000000000e+00 0.000000000000e+00 0.000000000000e+00 0.000000000000e+00 0.000000000000e+00 
9.720000000000e+00 9.369075549177e-03 -4.772668168664e-03 1.530735841489e-03 1.243782092482e+05 1.288302954550e+05 1.000000000000e+05 6.543546906816e+03 5.080486993358e+02 1.800000000000e+06 0.000000000000e+00 -8.752000000000e-01 -8.752000000000e-01 0.000000000000e+00 0.000000000000e+00 0.000000000000e+00 -0.000000000000e+00 1.766647937128e-01 0.000000000000e+00 0.000000000000e+00 0.000000000000e+00 0.000000000000e+00 0.000000000000e+00 0.000000000000e+00 
9.725000000000e+00 9.361360563760e-03 -4.661962389085e-03 1.550978530325e-03 1.240924780989e+05 1.286090169680e+05 1.000000000000e+05 6.544918701562e+03 5.083738851411e+02 1.800000000000e+06 0.000000000000e+00 -8.752000000000e-01 -8.752000000000e-01 0.000000000000e+00 0.000000000000e+00 0.000000000000e+00 -0.000000000000e+00 1.765172447074e-01 0.000000000000e+00 0.000000000000e+00 0.000000000000e+00 0.000000000000e+00 0.000000000000e+00 0.000000000000e+00 
9.730000000000e+00 9.353543057320e-03 -4.546053195453e-03 1.571672851809e-03 1.238017816444e+05 1.283843225700e+05 1.000000000000e+05 6.546310244345e+03 5.087037755312e+02 1.800000000000e+06 0.000000000000e+00 -8.752000000000e-01 -8.752000000000e-01 0.000000000000e+00 0.000000000000e+00 0.000000000000e+00 -0.000000000000e+00 1.763677527215e-01 0.000000000000e+00 0.000000000000e+00 0.000000000000e+00 0.000000000000e+00 0.000000000000e+00 0.000000000000e+00 
9.735000000000e+00 9.345620865311e-03 -4.425362112514e-03 1.592789680315e-03 1.235061117999e+05 1.281561296592e+05 1.000000000000e+05 6.547721970735e+03 5.090384780211e+02 1.800000000000e+06 0.000000000000e+00 -8.752000000000e-01 -8.752000000000e-01 0.000000000000e+00 0.000000000000e+00 0.000000000000e+00 -0.000000000000e+00 1.762162756761e-01 0.000000000000e+00 0.000000000000e+00 0.000000000000e+00 0.000000000000e+00 0.000000000000e+00 0.000000000000e+00 
9.740000000000e+00 9.337591991488e-03 -4.300306503363e-03 1.614290200595e-03 1.232054930394e+05 1.279243595908e+05 1.000000000000e+05 6.549154285916e+03 5.093780937104e+02 1.800000000000e+06 0.000000000000e+00 -8.752000000000e-01 -8.752000000000e-01 0.000000000000e+00 0.000000000000e+00 0.000000000000e+00 -0.000000000000e+00 1.760627752884e-01 0.000000000000e+00 0.000000000000e+00 0.000000000000e+00 0.000000000000e+00 0.000000000000e+00 0.000000000000e+00 
9.745000000000e+00 9.329454646405e-03 -4.171290257971e-03 1.636132454794e-03 1.228999646097e+05 1.276889388198e+05 1.000000000000e+05 6.550607559836e+03 5.097227156282e+02 1.800000000000e+06 0.000000000000e+00 -8.752000000000e-01 -8.752000000000e-01 0.000000000000e+00 0.000000000000e+00 0.000000000000e+00 -0.000000000000e+00 1.759072173619e-01 0.000000000000e+00 0.000000000000e+00 0.000000000000e+00 0.000000000000e+00 0.000000000000e+00 0.000000000000e+00 
9.750000000000e+00 9.321207266228e-03 -4.038758360784e-03 1.658269485623e-03 1.225895866653e+05 1.274497994899e+05 1.000000000000e+05 6.552082123118e+03 5.100724278984e+02 1.800000000000e+06 0.000000000000e+00 -8.752000000000e-01 -8.752000000000e-01 0.000000000000e+00 0.000000000000e+00 0.000000000000e+00 -0.000000000000e+00 1.757495720700e-01 0.000000000000e+00 0.000000000000e+00 0.000000000000e+00 0.000000000000e+00 0.000000000000e+00 0.000000000000e+00 
9.755000000000e+00 9.312848525821e-03 -3.903153909614e-03 1.680652481170e-03 1.222744316125e+05 1.272068798648e+05 1.000000000000e+05 6.553578265565e+03 5.104273051416e+02 1.800000000000e+06 0.000000000000e+00 -8.752000000000e-01 -8.752000000000e-01 0.000000000000e+00 0.000000000000e+00 0.000000000000e+00 -0.000000000000e+00 1.755898143925e-01 0.000000000000e+00 0.000000000000e+00 0.000000000000e+00 0.000000000000e+00 0.000000000000e+00 0.000000000000e+00 
9.760000000000e+00 9.304377346446e-03 -3.764944835574e-03 1.703231251971e-03 1.219545830731e+05 1.269601246123e+05 1.000000000000e+05 6.555096234748e+03 5.107874120987e+02 1.800000000000e+06 0.000000000000e+00 -8.752000000000e-01 -8.752000000000e-01 0.000000000000e+00 0.000000000000e+00 0.000000000000e+00 -0.000000000000e+00 1.754279244581e-01 0.000000000000e+00 0.000000000000e+00 0.000000000000e+00 0.000000000000e+00 0.000000000000e+00 0.000000000000e+00 
9.765000000000e+00 9.295792928617e-03 -3.624567971909e-03 1.725947714807e-03 1.216301561823e+05 1.267094858292e+05 1.000000000000e+05 6.556636227816e+03 5.111528021771e+02 1.800000000000e+06 0.000000000000e+00 -8.752000000000e-01 -8.752000000000e-01 0.000000000000e+00 0.000000000000e+00 0.000000000000e+00 -0.000000000000e+00 1.752638878463e-01 0.000000000000e+00 0.000000000000e+00 0.000000000000e+00 0.000000000000e+00 0.000000000000e+00 0.000000000000e+00 
9.770000000000e+00 9.287094753484e-03 -3.482489981768e-03 1.748745913721e-03 1.213012683876e+05 1.264549231620e+05 1.000000000000e+05 6.558198394232e+03 5.115235173271e+02 1.800000000000e+06 0.000000000000e+00 -8.752000000000e-01 -8.752000000000e-01 0.000000000000e+00 0.000000000000e+00 0.000000000000e+00 -0.000000000000e+00 1.750976955910e-01 0.000000000000e+00 0.000000000000e+00 0.000000000000e+00 0.000000000000e+00 0.000000000000e+00 0.000000000000e+00 
9.775000000000e+00 9.278282588266e-03 -3.339176061110e-03 1.771567966759e-03 1.209680516672e+05 1.261964040510e+05 1.000000000000e+05 6.559782833216e+03 5.118995877395e+02 1.800000000000e+06 0.000000000000e+00 -8.752000000000e-01 -8.752000000000e-01 0.000000000000e+00 0.000000000000e+00 0.000000000000e+00 -0.000000000000e+00 1.749293443530e-01 0.000000000000e+00 0.000000000000e+00 0.000000000000e+00 0.000000000000e+00 0.000000000000e+00 0.000000000000e+00 
9.780000000000e+00 9.269356498823e-03 -3.195063304075e-03 1.794352968660e-03 1.206306563392e+05 1.259339041925e+05 1.000000000000e+05 6.561389590847e+03 5.122810312338e+02 1.800000000000e+06 0.000000000000e+00 -8.752000000000e-01 -8.752000000000e-01 0.000000000000e+00 0.000000000000e+00 0.000000000000e+00 -0.000000000000e+00 1.747588367407e-01 0.000000000000e+00 0.000000000000e+00 0.000000000000e+00 0.000000000000e+00 0.000000000000e+00 0.000000000000e+00 
9.785000000000e+00 9.260316842595e-03 -3.050565776713e-03 1.817045427392e-03 1.202892260978e+05 1.256674074308e+05 1.000000000000e+05 6.563018663752e+03 5.126678534786e+02 1.800000000000e+06 0.000000000000e+00 -8.752000000000e-01 -8.752000000000e-01 0.000000000000e+00 0.000000000000e+00 0.000000000000e+00 -0.000000000000e+00 1.745861810114e-01 0.000000000000e+00 0.000000000000e+00 0.000000000000e+00 0.000000000000e+00 0.000000000000e+00 0.000000000000e+00 
9.790000000000e+00 9.251164261091e-03 -2.906078330016e-03 1.839585292183e-03 1.199439273853e+05 1.253969056388e+05 1.000000000000e+05 6.564669996900e+03 5.130600482299e+02 1.800000000000e+06 0.000000000000e+00 -8.752000000000e-01 -8.752000000000e-01 0.000000000000e+00 0.000000000000e+00 0.000000000000e+00 -0.000000000000e+00 1.744113909855e-01 0.000000000000e+00 0.000000000000e+00 0.000000000000e+00 0.000000000000e+00 0.000000000000e+00 0.000000000000e+00 
9.795000000000e+00 9.241899699277e-03 -2.762021459659e-03 1.861912567276e-03 1.195949365488e+05 1.251223993988e+05 1.000000000000e+05 6.566343481280e+03 5.134575964136e+02 1.800000000000e+06 0.000000000000e+00 -8.752000000000e-01 -8.752000000000e-01 0.000000000000e+00 0.000000000000e+00 0.000000000000e+00 -0.000000000000e+00 1.742344864843e-01 0.000000000000e+00 0.000000000000e+00 0.000000000000e+00 0.000000000000e+00 0.000000000000e+00 0.000000000000e+00 
9.800000000000e+00 9.232524479712e-03 -2.618810075505e-03 1.883970030032e-03 1.192424342060e+05 1.248439003253e+05 1.000000000000e+05 6.568038941066e+03 5.138604628423e+02 1.800000000000e+06 0.000000000000e+00 -8.752000000000e-01 -8.752000000000e-01 0.000000000000e+00 0.000000000000e+00 0.000000000000e+00 -0.000000000000e+00 1.740554930031e-01 0.000000000000e+00 0.000000000000e+00 0.000000000000e+00 0.000000000000e+00 0.000000000000e+00 0.000000000000e+00 
9.805000000000e+00 9.223039950737e-03 -2.476829015713e-03 1.905698963850e-03 1.188866072862e+05 1.245614207246e+05 1.000000000000e+05 6.569756195244e+03 5.142686112441e+02 1.800000000000e+06 0.000000000000e+00 -8.752000000000e-01 -8.752000000000e-01 0.000000000000e+00 0.000000000000e+00 0.000000000000e+00 -0.000000000000e+00 1.738744417254e-01 0.000000000000e+00 0.000000000000e+00 0.000000000000e+00 0.000000000000e+00 0.000000000000e+00 0.000000000000e+00 
9.810000000000e+00 9.213448025062e-03 -2.336453284103e-03 1.927042423536e-03 1.185276559922e+05 1.242749897187e+05 1.000000000000e+05 6.571494961304e+03 5.146819810188e+02 1.800000000000e+06 0.000000000000e+00 -8.752000000000e-01 -8.752000000000e-01 0.000000000000e+00 0.000000000000e+00 0.000000000000e+00 -0.000000000000e+00 1.736913694138e-01 0.000000000000e+00 0.000000000000e+00 0.000000000000e+00 0.000000000000e+00 0.000000000000e+00 0.000000000000e+00 
9.815000000000e+00 9.203750784699e-03 -2.198062478403e-03 1.947947903491e-03 1.181657738772e+05 1.239846416366e+05 1.000000000000e+05 6.573254926877e+03 5.151005041130e+02 1.800000000000e+06 0.000000000000e+00 -8.752000000000e-01 -8.752000000000e-01 0.000000000000e+00 0.000000000000e+00 0.000000000000e+00 -0.000000000000e+00 1.735063180000e-01 0.000000000000e+00 0.000000000000e+00 0.000000000000e+00 0.000000000000e+00 0.000000000000e+00 0.000000000000e+00 
9.820000000000e+00 9.193950585838e-03 -2.061993228098e-03 1.968360804096e-03 1.178011706708e+05 1.236904192511e+05 1.000000000000e+05 6.575035728343e+03 5.155241004160e+02 1.800000000000e+06 0.000000000000e+00 -8.752000000000e-01 -8.752000000000e-01 0.000000000000e+00 0.000000000000e+00 0.000000000000e+00 -0.000000000000e+00 1.733193348029e-01 0.000000000000e+00 0.000000000000e+00 0.000000000000e+00 0.000000000000e+00 0.000000000000e+00 0.000000000000e+00 
9.825000000000e+00 9.184050045756e-03 -1.928558761009e-03 1.988230215460e-03 1.174340547689e+05 1.233923735156e+05 1.000000000000e+05 6.576836954710e+03 5.159526782229e+02 1.800000000000e+06 0.000000000000e+00 -8.752000000000e-01 -8.752000000000e-01 0.000000000000e+00 0.000000000000e+00 0.000000000000e+00 -0.000000000000e+00 1.731304720977e-01 0.000000000000e+00 0.000000000000e+00 0.000000000000e+00 0.000000000000e+00 0.000000000000e+00 0.000000000000e+00 
9.830000000000e+00 9.174052031135e-03 -1.798043707323e-03 2.007505937808e-03 1.170646418997e+05 1.230905633407e+05 1.000000000000e+05 6.578658148365e+03 5.163861346380e+02 1.800000000000e+06 0.000000000000e+00 -8.752000000000e-01 -8.752000000000e-01 0.000000000000e+00 0.000000000000e+00 0.000000000000e+00 -0.000000000000e+00 1.729397869056e-01 0.000000000000e+00 0.000000000000e+00 0.000000000000e+00 0.000000000000e+00 0.000000000000e+00 0.000000000000e+00 
9.835000000000e+00 9.163959647195e-03 -1.670727679358e-03 2.026143804772e-03 1.166931389319e+05 1.227850553934e+05 1.000000000000e+05 6.580498808427e+03 5.168243559452e+02 1.800000000000e+06 0.000000000000e+00 -8.752000000000e-01 -8.752000000000e-01 0.000000000000e+00 0.000000000000e+00 0.000000000000e+00 -0.000000000000e+00 1.727473407599e-01 0.000000000000e+00 0.000000000000e+00 0.000000000000e+00 0.000000000000e+00 0.000000000000e+00 0.000000000000e+00 
9.840000000000e+00 9.153776216047e-03 -1.546886104558e-03 2.044098789822e-03 1.163197639736e+05 1.224759235681e+05 1.000000000000e+05 6.582358392045e+03 5.172672184488e+02 1.800000000000e+06 0.000000000000e+00 -8.752000000000e-01 -8.752000000000e-01 0.000000000000e+00 0.000000000000e+00 0.000000000000e+00 -0.000000000000e+00 1.725531993732e-01 0.000000000000e+00 0.000000000000e+00 0.000000000000e+00 0.000000000000e+00 0.000000000000e+00 0.000000000000e+00 
9.845000000000e+00 9.143505279298e-03 -1.426760660558e-03 2.061328912751e-03 1.159447348462e+05 1.221632491881e+05 1.000000000000e+05 6.584236314844e+03 5.177145882631e+02 1.800000000000e+06 0.000000000000e+00 -8.752000000000e-01 -8.752000000000e-01 0.000000000000e+00 0.000000000000e+00 0.000000000000e+00 -0.000000000000e+00 1.723574325972e-01 0.000000000000e+00 0.000000000000e+00 0.000000000000e+00 0.000000000000e+00 0.000000000000e+00 0.000000000000e+00 
9.850000000000e+00 9.133150575335e-03 -1.310598070852e-03 2.077795663035e-03 1.155682671680e+05 1.218471204380e+05 1.000000000000e+05 6.586131954853e+03 5.181663222055e+02 1.800000000000e+06 0.000000000000e+00 -8.752000000000e-01 -8.752000000000e-01 0.000000000000e+00 0.000000000000e+00 0.000000000000e+00 -0.000000000000e+00 1.721601140351e-01 0.000000000000e+00 0.000000000000e+00 0.000000000000e+00 0.000000000000e+00 0.000000000000e+00 0.000000000000e+00 
9.855000000000e+00 9.122716027869e-03 -1.198597034441e-03 2.093464227200e-03 1.151905733587e+05 1.215276321323e+05 1.000000000000e+05 6.588044654329e+03 5.186222682032e+02 1.800000000000e+06 0.000000000000e+00 -8.752000000000e-01 -8.752000000000e-01 0.000000000000e+00 0.000000000000e+00 0.000000000000e+00 -0.000000000000e+00 1.719613207527e-01 0.000000000000e+00 0.000000000000e+00 0.000000000000e+00 0.000000000000e+00 0.000000000000e+00 0.000000000000e+00 
9.860000000000e+00 9.112205724815e-03 -1.090926591547e-03 2.108300715674e-03 1.148118704192e+05 1.212048851824e+05 1.000000000000e+05 6.589973722374e+03 5.190822661277e+02 1.800000000000e+06 0.000000000000e+00 -8.752000000000e-01 -8.752000000000e-01 0.000000000000e+00 0.000000000000e+00 0.000000000000e+00 -0.000000000000e+00 1.717611329424e-01 0.000000000000e+00 0.000000000000e+00 0.000000000000e+00 0.000000000000e+00 0.000000000000e+00 0.000000000000e+00 
9.865000000000e+00 9.101623919845e-03 -9.877651609516e-04 2.122274513419e-03 1.144323729419e+05 1.208789867546e+05 1.000000000000e+05 6.591918435120e+03 5.195461476417e+02 1.800000000000e+06 0.000000000000e+00 -8.752000000000e-01 -8.752000000000e-01 0.000000000000e+00 0.000000000000e+00 0.000000000000e+00 -0.000000000000e+00 1.715596338936e-01 0.000000000000e+00 0.000000000000e+00 0.000000000000e+00 0.000000000000e+00 0.000000000000e+00 0.000000000000e+00 
9.870000000000e+00 9.090975004772e-03 -8.892695849732e-04 2.135358425720e-03 1.140522918223e+05 1.205500495270e+05 1.000000000000e+05 6.593878040532e+03 5.200137373262e+02 1.800000000000e+06 0.000000000000e+00 -8.752000000000e-01 -8.752000000000e-01 0.000000000000e+00 0.000000000000e+00 0.000000000000e+00 -0.000000000000e+00 1.713569096819e-01 0.000000000000e+00 0.000000000000e+00 0.000000000000e+00 0.000000000000e+00 0.000000000000e+00 0.000000000000e+00 
9.875000000000e+00 9.080263505654e-03 -7.956068904023e-04 2.147527888661e-03 1.136718365574e+05 1.202181916695e+05 1.000000000000e+05 6.595851758587e+03 5.204848527749e+02 1.800000000000e+06 0.000000000000e+00 -8.752000000000e-01 -8.752000000000e-01 0.000000000000e+00 0.000000000000e+00 0.000000000000e+00 -0.000000000000e+00 1.711530487021e-01 0.000000000000e+00 0.000000000000e+00 0.000000000000e+00 0.000000000000e+00 0.000000000000e+00 0.000000000000e+00 
9.880000000000e+00 9.069494044897e-03 -7.068814448007e-04 2.158764907436e-03 1.132912020321e+05 1.198835357641e+05 1.000000000000e+05 6.597838789293e+03 5.209593061888e+02 1.800000000000e+06 0.000000000000e+00 -8.752000000000e-01 -8.752000000000e-01 0.000000000000e+00 0.000000000000e+00 0.000000000000e+00 -0.000000000000e+00 1.709481409339e-01 0.000000000000e+00 0.000000000000e+00 0.000000000000e+00 0.000000000000e+00 0.000000000000e+00 0.000000000000e+00 
9.885000000000e+00 9.058671334410e-03 -6.231596471861e-04 2.169052642767e-03 1.129105847614e+05 1.195462086732e+05 1.000000000000e+05 6.599838311933e+03 5.214369046163e+02 1.800000000000e+06 0.000000000000e+00 -8.752000000000e-01 -8.752000000000e-01 0.000000000000e+00 0.000000000000e+00 0.000000000000e+00 -0.000000000000e+00 1.707422779482e-01 0.000000000000e+00 0.000000000000e+00 0.000000000000e+00 0.000000000000e+00 0.000000000000e+00 0.000000000000e+00 
9.890000000000e+00 9.047800152034e-03 -5.444968013281e-04 2.178379578392e-03 1.125301693971e+05 1.192063408810e+05 1.000000000000e+05 6.601849490597e+03 5.219174509364e+02 1.800000000000e+06 0.000000000000e+00 -8.752000000000e-01 -8.752000000000e-01 0.000000000000e+00 0.000000000000e+00 0.000000000000e+00 -0.000000000000e+00 1.705355524437e-01 0.000000000000e+00 0.000000000000e+00 0.000000000000e+00 0.000000000000e+00 0.000000000000e+00 0.000000000000e+00 
9.895000000000e+00 9.036885333356e-03 -4.709122344654e-04 2.186734597538e-03 1.121501434898e+05 1.188640663042e+05 1.000000000000e+05 6.603871473878e+03 5.224007441708e+02 1.800000000000e+06 0.000000000000e+00 -8.752000000000e-01 -8.752000000000e-01 0.000000000000e+00 0.000000000000e+00 0.000000000000e+00 -0.000000000000e+00 1.703280583731e-01 0.000000000000e+00 0.000000000000e+00 0.000000000000e+00 0.000000000000e+00 0.000000000000e+00 0.000000000000e+00 
9.900000000000e+00 9.025931767042e-03 -4.024474024043e-04 2.194107175583e-03 1.117706967849e+05 1.185195222077e+05 1.000000000000e+05 6.605903395634e+03 5.228865796447e+02 1.800000000000e+06 0.000000000000e+00 -8.752000000000e-01 -8.752000000000e-01 0.000000000000e+00 0.000000000000e+00 0.000000000000e+00 -0.000000000000e+00 1.701198904891e-01 0.000000000000e+00 0.000000000000e+00 0.000000000000e+00 0.000000000000e+00 0.000000000000e+00 0.000000000000e+00 
9.905000000000e+00 9.014944374184e-03 -3.390964617523e-04 2.200494242856e-03 1.113919994286e+05 1.181728486126e+05 1.000000000000e+05 6.607944380971e+03 5.233747498610e+02 1.800000000000e+06 0.000000000000e+00 -8.752000000000e-01 -8.752000000000e-01 0.000000000000e+00 0.000000000000e+00 0.000000000000e+00 -0.000000000000e+00 1.699111438108e-01 0.000000000000e+00 0.000000000000e+00 0.000000000000e+00 0.000000000000e+00 0.000000000000e+00 0.000000000000e+00 
9.910000000000e+00 9.003928076205e-03 -2.808355571374e-04 2.205896876302e-03 1.110142109508e+05 1.178241873271e+05 1.000000000000e+05 6.609993550992e+03 5.238650458950e+02 1.800000000000e+06 0.000000000000e+00 -8.752000000000e-01 -8.752000000000e-01 0.000000000000e+00 0.000000000000e+00 0.000000000000e+00 -0.000000000000e+00 1.697019132232e-01 0.000000000000e+00 0.000000000000e+00 0.000000000000e+00 0.000000000000e+00 0.000000000000e+00 0.000000000000e+00 
9.915000000000e+00 8.992887780299e-03 -2.276166453728e-04 2.210318940227e-03 1.106374838832e+05 1.174736815161e+05 1.000000000000e+05 6.612050024990e+03 5.243572580225e+02 1.800000000000e+06 0.000000000000e+00 -8.752000000000e-01 -8.752000000000e-01 0.000000000000e+00 0.000000000000e+00 0.000000000000e+00 -0.000000000000e+00 1.694922932568e-01 0.000000000000e+00 0.000000000000e+00 0.000000000000e+00 0.000000000000e+00 0.000000000000e+00 0.000000000000e+00 
9.920000000000e+00 8.981828365810e-03 -1.793670911748e-04 2.213767606439e-03 1.102619616200e+05 1.171214752892e+05 1.000000000000e+05 6.614112923118e+03 5.248511763135e+02 1.800000000000e+06 0.000000000000e+00 -8.752000000000e-01 -8.752000000000e-01 0.000000000000e+00 0.000000000000e+00 0.000000000000e+00 -0.000000000000e+00 1.692823776743e-01 0.000000000000e+00 0.000000000000e+00 0.000000000000e+00 0.000000000000e+00 0.000000000000e+00 0.000000000000e+00 
9.925000000000e+00 8.970754664222e-03 -1.360044310054e-04 2.216253479514e-03 1.098877772613e+05 1.167677130750e+05 1.000000000000e+05 6.616181370159e+03 5.253465915211e+02 1.800000000000e+06 0.000000000000e+00 -8.752000000000e-01 -8.752000000000e-01 0.000000000000e+00 0.000000000000e+00 0.000000000000e+00 -0.000000000000e+00 1.690722591432e-01 0.000000000000e+00 0.000000000000e+00 0.000000000000e+00 0.000000000000e+00 0.000000000000e+00 0.000000000000e+00 
9.930000000000e+00 8.959671448428e-03 -9.742861624202e-05 2.217789357129e-03 1.095150569915e+05 1.164125392792e+05 1.000000000000e+05 6.618254497137e+03 5.258432955640e+02 1.800000000000e+06 0.000000000000e+00 -8.752000000000e-01 -8.752000000000e-01 0.000000000000e+00 0.000000000000e+00 0.000000000000e+00 -0.000000000000e+00 1.688620290319e-01 0.000000000000e+00 0.000000000000e+00 0.000000000000e+00 0.000000000000e+00 0.000000000000e+00 0.000000000000e+00 
9.935000000000e+00 8.948583415931e-03 -6.353717791897e-05 2.218391178413e-03 1.091439164697e+05 1.160560977383e+05 1.000000000000e+05 6.620331444826e+03 5.263410822891e+02 1.800000000000e+06 0.000000000000e+00 -8.752000000000e-01 -8.752000000000e-01 0.000000000000e+00 0.000000000000e+00 0.000000000000e+00 -0.000000000000e+00 1.686517770926e-01 0.000000000000e+00 0.000000000000e+00 0.000000000000e+00 0.000000000000e+00 0.000000000000e+00 0.000000000000e+00 
9.940000000000e+00 8.937495183194e-03 -3.419483790879e-05 2.218076222205e-03 1.087744661339e+05 1.156985315218e+05 1.000000000000e+05 6.622411364272e+03 5.268397477412e+02 1.800000000000e+06 0.000000000000e+00 -8.752000000000e-01 -8.752000000000e-01 0.000000000000e+00 0.000000000000e+00 0.000000000000e+00 -0.000000000000e+00 1.684415914503e-01 0.000000000000e+00 0.000000000000e+00 0.000000000000e+00 0.000000000000e+00 0.000000000000e+00 0.000000000000e+00 
9.945000000000e+00 8.926411268418e-03 -9.261630081946e-06 2.216865089164e-03 1.084068043377e+05 1.153399823527e+05 1.000000000000e+05 6.624493420790e+03 5.273390909598e+02 1.800000000000e+06 0.000000000000e+00 -8.752000000000e-01 -8.752000000000e-01 0.000000000000e+00 0.000000000000e+00 0.000000000000e+00 -0.000000000000e+00 1.682315582259e-01 0.000000000000e+00 0.000000000000e+00 0.000000000000e+00 0.000000000000e+00 0.000000000000e+00 0.000000000000e+00 
9.950000000000e+00 8.915336079265e-03 1.141041781613e-05 2.214781020992e-03 1.080410189174e+05 1.149805901773e+05 1.000000000000e+05 6.626576796163e+03 5.278389145614e+02 1.800000000000e+06 0.000000000000e+00 -8.752000000000e-01 -8.752000000000e-01 0.000000000000e+00 0.000000000000e+00 0.000000000000e+00 -0.000000000000e+00 1.680217611516e-01 0.000000000000e+00 0.000000000000e+00 0.000000000000e+00 0.000000000000e+00 0.000000000000e+00 0.000000000000e+00 
9.955000000000e+00 8.904273899637e-03 2.797492256345e-05 2.211849772712e-03 1.076771870042e+05 1.146204926935e+05 1.000000000000e+05 6.628660691239e+03 5.283390253726e+02 1.800000000000e+06 0.000000000000e+00 -8.752000000000e-01 -8.752000000000e-01 0.000000000000e+00 0.000000000000e+00 0.000000000000e+00 -0.000000000000e+00 1.678122814331e-01 0.000000000000e+00 0.000000000000e+00 0.000000000000e+00 0.000000000000e+00 0.000000000000e+00 0.000000000000e+00 
9.960000000000e+00 8.893228879963e-03 4.059222717759e-05 2.208098652457e-03 1.073153775690e+05 1.142598249837e+05 1.000000000000e+05 6.630744327598e+03 5.288392349120e+02 1.800000000000e+06 0.000000000000e+00 -8.752000000000e-01 -8.752000000000e-01 0.000000000000e+00 0.000000000000e+00 0.000000000000e+00 -0.000000000000e+00 1.676031976016e-01 0.000000000000e+00 0.000000000000e+00 0.000000000000e+00 0.000000000000e+00 0.000000000000e+00 0.000000000000e+00 
9.965000000000e+00 8.882205028178e-03 4.942752533595e-05 2.203556731920e-03 1.069556503286e+05 1.138987191628e+05 1.000000000000e+05 6.632826949523e+03 5.293393598471e+02 1.800000000000e+06 0.000000000000e+00 -8.752000000000e-01 -8.752000000000e-01 0.000000000000e+00 0.000000000000e+00 0.000000000000e+00 -0.000000000000e+00 1.673945853201e-01 0.000000000000e+00 0.000000000000e+00 0.000000000000e+00 0.000000000000e+00 0.000000000000e+00 0.000000000000e+00 
9.970000000000e+00 8.871206202671e-03 5.466147316194e-05 2.198254821050e-03 1.065980554495e+05 1.135373040827e+05 1.000000000000e+05 6.634907825525e+03 5.298392223663e+02 1.800000000000e+06 0.000000000000e+00 -8.752000000000e-01 -8.752000000000e-01 0.000000000000e+00 0.000000000000e+00 0.000000000000e+00 -0.000000000000e+00 1.671865172449e-01 0.000000000000e+00 0.000000000000e+00 0.000000000000e+00 0.000000000000e+00 0.000000000000e+00 0.000000000000e+00 
9.975000000000e+00 8.860236105627e-03 5.645392256868e-05 2.192224441382e-03 1.062426364289e+05 1.131757050439e+05 1.000000000000e+05 6.636986249478e+03 5.303386505390e+02 1.800000000000e+06 0.000000000000e+00 -8.752000000000e-01 -8.752000000000e-01 0.000000000000e+00 0.000000000000e+00 0.000000000000e+00 -0.000000000000e+00 1.669790628487e-01 0.000000000000e+00 0.000000000000e+00 0.000000000000e+00 0.000000000000e+00 0.000000000000e+00 0.000000000000e+00 
9.980000000000e+00 8.849298304178e-03 5.497789544762e-05 2.185499149888e-03 1.058894265131e+05 1.128140444220e+05 1.000000000000e+05 6.639061537282e+03 5.308374774104e+02 1.800000000000e+06 0.000000000000e+00 -8.752000000000e-01 -8.752000000000e-01 0.000000000000e+00 0.000000000000e+00 0.000000000000e+00 -0.000000000000e+00 1.667722883547e-01 0.000000000000e+00 0.000000000000e+00 0.000000000000e+00 0.000000000000e+00 0.000000000000e+00 0.000000000000e+00 
9.985000000000e+00 8.838396168961e-03 5.047984454757e-05 2.178114019961e-03 1.055384480921e+05 1.124524395624e+05 1.000000000000e+05 6.641133038588e+03 5.313355438630e+02 1.800000000000e+06 0.000000000000e+00 -8.752000000000e-01 -8.752000000000e-01 0.000000000000e+00 0.000000000000e+00 0.000000000000e+00 -0.000000000000e+00 1.665662566379e-01 0.000000000000e+00 0.000000000000e+00 0.000000000000e+00 0.000000000000e+00 0.000000000000e+00 0.000000000000e+00 
9.990000000000e+00 8.827532886634e-03 4.315418446360e-05 2.170104716725e-03 1.051897159161e+05 1.120910030989e+05 1.000000000000e+05 6.643200134390e+03 5.318326981219e+02 1.800000000000e+06 0.000000000000e+00 -8.752000000000e-01 -8.752000000000e-01 0.000000000000e+00 0.000000000000e+00 0.000000000000e+00 -0.000000000000e+00 1.663610270974e-01 0.000000000000e+00 0.000000000000e+00 0.000000000000e+00 0.000000000000e+00 0.000000000000e+00 0.000000000000e+00 
9.995000000000e+00 8.816711462432e-03 3.319590049927e-05 2.161507585094e-03 1.048432367822e+05 1.117298429467e+05 1.000000000000e+05 6.645262236850e+03 5.323287957114e+02 1.800000000000e+06 0.000000000000e+00 -8.752000000000e-01 -8.752000000000e-01 0.000000000000e+00 0.000000000000e+00 0.000000000000e+00 -0.000000000000e+00 1.661566555651e-01 0.000000000000e+00 0.000000000000e+00 0.000000000000e+00 0.000000000000e+00 0.000000000000e+00 0.000000000000e+00 
1.000000000000e+01 8.805934720463e-03 2.080254937931e-05 2.152359120764e-03 1.044990111109e+05 1.113690622197e+05 1.000000000000e+05 6.647318789337e+03 5.328236995150e+02 1.800000000000e+06 0.000000000000e+00 -8.752000000000e-01 -8.752000000000e-01 0.000000000000e+00 0.000000000000e+00 0.000000000000e+00 -0.000000000000e+00 1.659531942890e-01 0.000000000000e+00 0.000000000000e+00 0.000000000000e+00 0.000000000000e+00 0.000000000000e+00 0.000000000000e+00 
