9.000000000000e+00 6.370838931925e-03 1.203209870294e-01 1.323453453639e-03 8.294046042905e+04 8.911021287756e+04 1.000000000000e+05 7.394775931524e+03 5.674582569812e+02 1.800000000000e+06 6.239831542107e+04 1.215381488000e+05 4.861534704000e+05 0.000000000000e+00 0.000000000000e+00 0.000000000000e+00 7.213307660991e-03 2.338248187834e-02 1.283573876403e-01 0.000000000000e+00 0.000000000000e+00 0.000000000000e+00 0.000000000000e+00 0.000000000000e+00 
9.005000000000e+00 6.364266655238e-03 1.199056748940e-01 1.312754951192e-03 8.263493193780e+04 8.876429178097e+04 1.000000000000e+05 7.396702179533e+03 5.678928670712e+02 1.800000000000e+06 6.215390594021e+04 1.215381488000e+05 4.861534704000e+05 0.000000000000e+00 0.000000000000e+00 0.000000000000e+00 7.185053680594e-03 2.335834869786e-02 1.278545695149e-01 0.000000000000e+00 0.000000000000e+00 0.000000000000e+00 0.000000000000e+00 0.000000000000e+00 
9.010000000000e+00 6.357748779715e-03 1.194961511306e-01 1.301735147551e-03 8.233310042771e+04 8.842035678392e+04 1.000000000000e+05 7.398614765228e+03 5.683245101834e+02 1.800000000000e+06 6.191246100369e+04 1.215381488000e+05 4.861534704000e+05 0.000000000000e+00 0.000000000000e+00 0.000000000000e+00 7.157142404487e-03 2.333441485304e-02 1.273578503509e-01 0.000000000000e+00 0.000000000000e+00 0.000000000000e+00 0.000000000000e+00 0.000000000000e+00 
9.015000000000e+00 6.351286788226e-03 1.190921098971e-01 1.290434254608e-03 8.203488325659e+04 8.807850539123e+04 1.000000000000e+05 7.400513213199e+03 5.687530737791e+02 1.800000000000e+06 6.167393825059e+04 1.215381488000e+05 4.861534704000e+05 0.000000000000e+00 0.000000000000e+00 0.000000000000e+00 7.129568935706e-03 2.331068580101e-02 1.268671431788e-01 0.000000000000e+00 0.000000000000e+00 0.000000000000e+00 0.000000000000e+00 0.000000000000e+00 
9.020000000000e+00 6.344881966737e-03 1.186932546474e-01 1.278891743476e-03 8.174018996527e+04 8.773882539079e+04 1.000000000000e+05 7.402397103951e+03 5.691784578987e+02 1.800000000000e+06 6.143828962403e+04 1.215381488000e+05 4.861534704000e+05 0.000000000000e+00 0.000000000000e+00 0.000000000000e+00 7.102327718828e-03 2.328716627580e-02 1.263823492905e-01 0.000000000000e+00 0.000000000000e+00 0.000000000000e+00 0.000000000000e+00 0.000000000000e+00 
9.025000000000e+00 6.338535399347e-03 1.182992339448e-01 1.267147492807e-03 8.144891651612e+04 8.740139444665e+04 1.000000000000e+05 7.404266076297e+03 5.696005755943e+02 1.800000000000e+06 6.120546033639e+04 1.215381488000e+05 4.861534704000e+05 0.000000000000e+00 0.000000000000e+00 0.000000000000e+00 7.075412420347e-03 2.326386027060e-02 1.259033561779e-01 0.000000000000e+00 0.000000000000e+00 0.000000000000e+00 0.000000000000e+00 0.000000000000e+00 
9.030000000000e+00 6.332247984333e-03 1.179097579844e-01 1.255237818099e-03 8.116096471588e+04 8.706628081042e+04 1.000000000000e+05 7.406119821197e+03 5.700193519655e+02 1.800000000000e+06 6.097538980986e+04 1.215381488000e+05 4.861534704000e+05 0.000000000000e+00 0.000000000000e+00 0.000000000000e+00 7.048816037410e-03 2.324077109672e-02 1.254300393469e-01 0.000000000000e+00 0.000000000000e+00 0.000000000000e+00 0.000000000000e+00 0.000000000000e+00 
9.035000000000e+00 6.326020439400e-03 1.175245285076e-01 1.243198611733e-03 8.087622772556e+04 8.673354346996e+04 1.000000000000e+05 7.407958082012e+03 5.704347239031e+02 1.800000000000e+06 6.074801321439e+04 1.215381488000e+05 4.861534704000e+05 0.000000000000e+00 0.000000000000e+00 0.000000000000e+00 7.022531075597e-03 2.321790140298e-02 1.249622655576e-01 0.000000000000e+00 0.000000000000e+00 0.000000000000e+00 0.000000000000e+00 0.000000000000e+00 
9.040000000000e+00 6.319853306572e-03 1.171432418952e-01 1.231064257694e-03 8.059459536209e+04 8.640323228486e+04 1.000000000000e+05 7.409780652902e+03 5.708466398538e+02 1.800000000000e+06 6.052326122095e+04 1.215381488000e+05 4.861534704000e+05 0.000000000000e+00 0.000000000000e+00 0.000000000000e+00 6.996549520403e-03 2.319525319364e-02 1.244998923142e-01 0.000000000000e+00 0.000000000000e+00 0.000000000000e+00 0.000000000000e+00 0.000000000000e+00 
9.045000000000e+00 6.313746965269e-03 1.167656344856e-01 1.218866362550e-03 8.031596077033e+04 8.607538856729e+04 1.000000000000e+05 7.411587374700e+03 5.712550590325e+02 1.800000000000e+06 6.030106107776e+04 1.215381488000e+05 4.861534704000e+05 0.000000000000e+00 0.000000000000e+00 0.000000000000e+00 6.970862961650e-03 2.317282787632e-02 1.240427700335e-01 0.000000000000e+00 0.000000000000e+00 0.000000000000e+00 0.000000000000e+00 0.000000000000e+00 
9.050000000000e+00 6.307701843018e-03 1.163929645423e-01 1.206504749932e-03 8.004084252833e+04 8.575005632436e+04 1.000000000000e+05 7.413378013179e+03 5.716599373786e+02 1.800000000000e+06 6.008134809262e+04 1.215381488000e+05 4.861534704000e+05 0.000000000000e+00 0.000000000000e+00 0.000000000000e+00 6.945463920855e-03 2.315062704437e-02 1.235907642935e-01 0.000000000000e+00 0.000000000000e+00 0.000000000000e+00 0.000000000000e+00 0.000000000000e+00 
9.055000000000e+00 6.301723250185e-03 1.160588936829e-01 1.191980933889e-03 7.977902790298e+04 8.542754339721e+04 1.000000000000e+05 7.415150005260e+03 5.720609030699e+02 1.800000000000e+06 5.986452493963e+04 1.215381488000e+05 4.861534704000e+05 0.000000000000e+00 0.000000000000e+00 0.000000000000e+00 6.920398947546e-03 2.312867028276e-02 1.231446705095e-01 0.000000000000e+00 0.000000000000e+00 0.000000000000e+00 0.000000000000e+00 0.000000000000e+00 
9.060000000000e+00 6.295842069217e-03 1.159193829301e-01 1.167625764208e-03 7.956868756774e+04 8.510954450390e+04 1.000000000000e+05 7.416890538681e+03 5.724558639890e+02 1.800000000000e+06 5.965429012268e+04 1.215381488000e+05 4.861534704000e+05 0.000000000000e+00 0.000000000000e+00 0.000000000000e+00 6.896095592472e-03 2.310707114913e-02 1.227119452656e-01 0.000000000000e+00 0.000000000000e+00 0.000000000000e+00 0.000000000000e+00 0.000000000000e+00 
9.065000000000e+00 6.290145655763e-03 1.162883420189e-01 1.120105921395e-03 7.947825535615e+04 8.480083348798e+04 1.000000000000e+05 7.418567276670e+03 5.728389172574e+02 1.800000000000e+06 5.946328209898e+04 1.215381488000e+05 4.861534704000e+05 0.000000000000e+00 0.000000000000e+00 0.000000000000e+00 6.874014873924e-03 2.308615515575e-02 1.223182906964e-01 0.000000000000e+00 0.000000000000e+00 0.000000000000e+00 0.000000000000e+00 0.000000000000e+00 
9.070000000000e+00 6.284794489779e-03 1.175227827012e-01 1.034828270301e-03 7.958656817696e+04 8.451020111721e+04 1.000000000000e+05 7.420125319389e+03 5.731992043464e+02 1.800000000000e+06 5.931652897343e+04 1.215381488000e+05 4.861534704000e+05 0.000000000000e+00 0.000000000000e+00 0.000000000000e+00 6.857050065857e-03 2.306651996703e-02 1.220148745871e-01 0.000000000000e+00 0.000000000000e+00 0.000000000000e+00 0.000000000000e+00 0.000000000000e+00 
9.075000000000e+00 6.280012177618e-03 1.198671190268e-01 8.992273327206e-04 7.996660283822e+04 8.424994507574e+04 1.000000000000e+05 7.421491624891e+03 5.735215607950e+02 1.800000000000e+06 5.924862314411e+04 1.215381488000e+05 4.861534704000e+05 0.000000000000e+00 0.000000000000e+00 0.000000000000e+00 6.849200084082e-03 2.304898892881e-02 1.218726795924e-01 0.000000000000e+00 0.000000000000e+00 0.000000000000e+00 0.000000000000e+00 0.000000000000e+00 
9.080000000000e+00 6.276081407669e-03 1.234878535516e-01 6.970814637188e-04 8.071209365271e+04 8.403566256109e+04 1.000000000000e+05 7.422573571410e+03 5.737867798677e+02 1.800000000000e+06 5.929946884153e+04 1.215381488000e+05 4.861534704000e+05 0.000000000000e+00 0.000000000000e+00 0.000000000000e+00 6.855077897549e-03 2.303459251923e-02 1.219736890559e-01 0.000000000000e+00 0.000000000000e+00 0.000000000000e+00 0.000000000000e+00 0.000000000000e+00 
9.085000000000e+00 6.273312823064e-03 1.284423215653e-01 4.388561375359e-04 8.179075731270e+04 8.388453595382e+04 1.000000000000e+05 7.423282400151e+03 5.739737252531e+02 1.800000000000e+06 5.950930148167e+04 1.215381488000e+05 4.861534704000e+05 0.000000000000e+00 0.000000000000e+00 0.000000000000e+00 6.879334760583e-03 2.302444388127e-02 1.224007414537e-01 0.000000000000e+00 0.000000000000e+00 0.000000000000e+00 0.000000000000e+00 0.000000000000e+00 
9.090000000000e+00 6.272010683986e-03 1.346041782138e-01 1.171177516869e-04 8.325445821083e+04 8.381339995764e+04 1.000000000000e+05 7.423523037224e+03 5.740616912493e+02 1.800000000000e+06 5.991321175027e+04 1.215381488000e+05 4.861534704000e+05 0.000000000000e+00 0.000000000000e+00 0.000000000000e+00 6.926027191543e-03 2.301957335305e-02 1.232262189652e-01 0.000000000000e+00 0.000000000000e+00 0.000000000000e+00 0.000000000000e+00 0.000000000000e+00 
9.095000000000e+00 6.272395045160e-03 1.417289207013e-01 -2.370822288898e-04 8.496576687860e+04 8.383440145369e+04 1.000000000000e+05 7.423243774921e+03 5.740357230296e+02 1.800000000000e+06 6.053465445751e+04 1.215381488000e+05 4.861534704000e+05 0.000000000000e+00 0.000000000000e+00 0.000000000000e+00 6.997866589942e-03 2.302091190230e-02 1.244987370274e-01 0.000000000000e+00 0.000000000000e+00 0.000000000000e+00 0.000000000000e+00 0.000000000000e+00 
9.100000000000e+00 6.274708150813e-03 1.493714123885e-01 -6.398326195890e-04 8.701233971116e+04 8.396072228242e+04 1.000000000000e+05 7.422364977243e+03 5.738794927328e+02 1.800000000000e+06 6.138222514418e+04 1.215381488000e+05 4.861534704000e+05 0.000000000000e+00 0.000000000000e+00 0.000000000000e+00 7.095846608892e-03 2.302935090509e-02 1.262363571893e-01 0.000000000000e+00 0.000000000000e+00 0.000000000000e+00 0.000000000000e+00 0.000000000000e+00 
9.105000000000e+00 6.279116462470e-03 1.572453289473e-01 -1.068277531176e-03 8.929082299056e+04 8.420114516984e+04 1.000000000000e+05 7.420848529292e+03 5.735819761949e+02 1.800000000000e+06 6.245061729302e+04 1.215381488000e+05 4.861534704000e+05 0.000000000000e+00 0.000000000000e+00 0.000000000000e+00 7.219353809690e-03 2.304548669167e-02 1.284284972613e-01 0.000000000000e+00 0.000000000000e+00 0.000000000000e+00 0.000000000000e+00 0.000000000000e+00 
9.110000000000e+00 6.285702387334e-03 1.650357398537e-01 -1.508086441609e-03 9.173335820824e+04 8.455955400269e+04 1.000000000000e+05 7.418678403345e+03 5.731380460385e+02 1.800000000000e+06 6.372239441798e+04 1.215381488000e+05 4.861534704000e+05 0.000000000000e+00 0.000000000000e+00 0.000000000000e+00 7.366372517113e-03 2.306960295312e-02 1.310395757722e-01 0.000000000000e+00 0.000000000000e+00 0.000000000000e+00 0.000000000000e+00 0.000000000000e+00 
9.115000000000e+00 6.294481818715e-03 1.724786194981e-01 -1.945973863899e-03 9.427331740054e+04 8.503589010401e+04 1.000000000000e+05 7.415858846800e+03 5.725472887176e+02 1.800000000000e+06 6.517050666958e+04 1.215381488000e+05 4.861534704000e+05 0.000000000000e+00 0.000000000000e+00 0.000000000000e+00 7.533775741511e-03 2.310175345344e-02 1.340141605041e-01 0.000000000000e+00 0.000000000000e+00 0.000000000000e+00 0.000000000000e+00 0.000000000000e+00 
9.120000000000e+00 6.305410301710e-03 1.793724054871e-01 -2.370451854415e-03 9.684968860287e+04 8.562652958419e+04 1.000000000000e+05 7.412412045619e+03 5.718135600332e+02 1.800000000000e+06 6.676144804174e+04 1.215381488000e+05 4.861534704000e+05 0.000000000000e+00 0.000000000000e+00 0.000000000000e+00 7.717690155073e-03 2.314177291525e-02 1.372834566908e-01 0.000000000000e+00 0.000000000000e+00 0.000000000000e+00 0.000000000000e+00 0.000000000000e+00 
9.125000000000e+00 6.318392267311e-03 1.855819813781e-01 -2.772090665524e-03 9.940919406090e+04 8.632486196361e+04 1.000000000000e+05 7.408375013820e+03 5.709443095448e+02 1.800000000000e+06 6.845836021879e+04 1.215381488000e+05 4.861534704000e+05 0.000000000000e+00 0.000000000000e+00 0.000000000000e+00 7.913854899652e-03 2.318930977119e-02 1.407716960544e-01 0.000000000000e+00 0.000000000000e+00 0.000000000000e+00 0.000000000000e+00 0.000000000000e+00 
9.130000000000e+00 6.333291567378e-03 1.910320405361e-01 -3.143511339164e-03 1.019070786199e+05 8.712195999378e+04 1.000000000000e+05 7.403796172640e+03 5.699498026902e+02 1.800000000000e+06 7.022385957464e+04 1.215381488000e+05 4.861534704000e+05 0.000000000000e+00 0.000000000000e+00 0.000000000000e+00 8.117948390688e-03 2.324386500418e-02 1.444019654969e-01 0.000000000000e+00 0.000000000000e+00 0.000000000000e+00 0.000000000000e+00 0.000000000000e+00 
9.135000000000e+00 6.349941329161e-03 1.956949043426e-01 -3.479340307698e-03 1.043075475145e+05 8.800721946297e+04 1.000000000000e+05 7.398732140719e+03 5.688423834920e+02 1.800000000000e+06 7.202213679609e+04 1.215381488000e+05 4.861534704000e+05 0.000000000000e+00 0.000000000000e+00 0.000000000000e+00 8.325831035764e-03 2.330482707281e-02 1.481005445177e-01 0.000000000000e+00 0.000000000000e+00 0.000000000000e+00 0.000000000000e+00 0.000000000000e+00 
9.140000000000e+00 6.368153137848e-03 1.995789192960e-01 -3.775940103961e-03 1.065829925751e+05 8.896895760244e+04 1.000000000000e+05 7.393244848282e+03 5.676357855649e+02 1.800000000000e+06 7.382045348102e+04 1.215381488000e+05 4.861534704000e+05 0.000000000000e+00 0.000000000000e+00 0.000000000000e+00 8.533718242859e-03 2.337150576827e-02 1.517999994495e-01 0.000000000000e+00 0.000000000000e+00 0.000000000000e+00 0.000000000000e+00 0.000000000000e+00 
9.145000000000e+00 6.387724741326e-03 2.027172004816e-01 -4.031142348147e-03 1.087130652055e+05 8.999491837360e+04 1.000000000000e+05 7.387399130315e+03 5.663445512695e+02 1.800000000000e+06 7.558998421072e+04 1.215381488000e+05 4.861534704000e+05 0.000000000000e+00 0.000000000000e+00 0.000000000000e+00 8.738277764744e-03 2.344316050004e-02 1.554409297176e-01 0.000000000000e+00 0.000000000000e+00 0.000000000000e+00 0.000000000000e+00 0.000000000000e+00 
9.150000000000e+00 6.408446851432e-03 2.051601720117e-01 -4.244038506916e-03 1.106839085786e+05 9.107270983848e+04 1.000000000000e+05 7.381260616647e+03 5.649835246268e+02 1.800000000000e+06 7.730625654054e+04 1.215381488000e+05 4.861534704000e+05 0.000000000000e+00 0.000000000000e+00 0.000000000000e+00 8.936680562343e-03 2.351902517064e-02 1.589728817831e-01 0.000000000000e+00 0.000000000000e+00 0.000000000000e+00 0.000000000000e+00 0.000000000000e+00 
9.155000000000e+00 6.430109329720e-03 2.069723274279e-01 -4.414935190463e-03 1.124880709890e+05 9.219018530262e+04 1.000000000000e+05 7.374893794963e+03 5.635674015128e+02 1.800000000000e+06 7.894931958575e+04 1.215381488000e+05 4.861534704000e+05 0.000000000000e+00 0.000000000000e+00 0.000000000000e+00 9.126620293432e-03 2.359833078349e-02 1.623546998776e-01 0.000000000000e+00 0.000000000000e+00 0.000000000000e+00 0.000000000000e+00 0.000000000000e+00 
9.160000000000e+00 6.452506350120e-03 2.082258089650e-01 -4.545042873597e-03 1.141231056154e+05 9.333574602335e+04 1.000000000000e+05 7.368360562384e+03 5.621103647705e+02 1.800000000000e+06 8.050374484834e+04 1.215381488000e+05 4.861534704000e+05 0.000000000000e+00 0.000000000000e+00 0.000000000000e+00 9.306313408213e-03 2.368032435009e-02 1.655545342486e-01 0.000000000000e+00 0.000000000000e+00 0.000000000000e+00 0.000000000000e+00 0.000000000000e+00 
9.165000000000e+00 6.475440666097e-03 2.089970312584e-01 -4.636408180510e-03 1.155912495758e+05 9.449857382986e+04 1.000000000000e+05 7.361718991948e+03 5.606257948072e+02 1.800000000000e+06 8.195840662848e+04 1.215381488000e+05 4.861534704000e+05 0.000000000000e+00 0.000000000000e+00 0.000000000000e+00 9.474473764659e-03 2.376428440439e-02 1.685493925756e-01 0.000000000000e+00 0.000000000000e+00 0.000000000000e+00 0.000000000000e+00 0.000000000000e+00 
9.170000000000e+00 6.498855857055e-03 2.093591420615e-01 -4.691299118082e-03 1.169023983127e+05 9.567524419095e+04 1.000000000000e+05 7.354985817928e+03 5.591177746925e+02 1.800000000000e+06 8.330613497883e+04 1.215381488000e+05 4.861534704000e+05 0.000000000000e+00 0.000000000000e+00 0.000000000000e+00 9.630272509687e-03 2.384953125683e-02 1.713244316748e-01 0.000000000000e+00 0.000000000000e+00 0.000000000000e+00 0.000000000000e+00 0.000000000000e+00 
9.175000000000e+00 6.522468134840e-03 2.093822603327e-01 -4.712774336333e-03 1.180597966599e+05 9.685116248335e+04 1.000000000000e+05 7.348241854401e+03 5.576048462546e+02 1.800000000000e+06 8.454314510610e+04 1.215381488000e+05 4.861534704000e+05 0.000000000000e+00 0.000000000000e+00 0.000000000000e+00 9.773272117410e-03 2.393543440887e-02 1.738717859154e-01 0.000000000000e+00 0.000000000000e+00 0.000000000000e+00 0.000000000000e+00 0.000000000000e+00 
9.180000000000e+00 6.546097941741e-03 2.091326976038e-01 -4.704060812645e-03 1.190722681019e+05 9.801736802568e+04 1.000000000000e+05 7.341536861622e+03 5.560985499007e+02 1.800000000000e+06 8.566857112525e+04 1.215381488000e+05 4.861534704000e+05 0.000000000000e+00 0.000000000000e+00 0.000000000000e+00 9.903372490650e-03 2.402142041432e-02 1.761896044896e-01 0.000000000000e+00 0.000000000000e+00 0.000000000000e+00 0.000000000000e+00 0.000000000000e+00 
9.185000000000e+00 6.569603482156e-03 2.086696731720e-01 -4.668426827553e-03 1.199504217628e+05 9.916705868155e+04 1.000000000000e+05 7.334909033851e+03 5.546078024907e+02 1.800000000000e+06 8.668400799081e+04 1.215381488000e+05 4.861534704000e+05 0.000000000000e+00 0.000000000000e+00 0.000000000000e+00 1.002075800775e-02 2.410697482180e-02 1.782811119218e-01 0.000000000000e+00 0.000000000000e+00 0.000000000000e+00 0.000000000000e+00 0.000000000000e+00 
9.190000000000e+00 6.592858867667e-03 2.080412086672e-01 -4.608956614696e-03 1.207045823472e+05 1.002944436020e+05 1.000000000000e+05 7.328391497509e+03 5.531403395137e+02 1.800000000000e+06 8.759291435347e+04 1.215381488000e+05 4.861534704000e+05 0.000000000000e+00 0.000000000000e+00 0.000000000000e+00 1.012582849218e-02 2.419164057391e-02 1.801533827873e-01 0.000000000000e+00 0.000000000000e+00 0.000000000000e+00 0.000000000000e+00 0.000000000000e+00 
9.195000000000e+00 6.615750152356e-03 2.072871926993e-01 -4.527933205024e-03 1.213418659142e+05 1.013945082946e+05 1.000000000000e+05 7.322013812700e+03 5.517029956301e+02 1.800000000000e+06 8.839998174103e+04 1.215381488000e+05 4.861534704000e+05 0.000000000000e+00 0.000000000000e+00 0.000000000000e+00 1.021912628924e-02 2.427501211899e-02 1.818160434267e-01 0.000000000000e+00 0.000000000000e+00 0.000000000000e+00 0.000000000000e+00 0.000000000000e+00 
9.200000000000e+00 6.638175131391e-03 2.064251887527e-01 -4.429008326896e-03 1.218757351286e+05 1.024629680721e+05 1.000000000000e+05 7.315801188168e+03 5.503017436520e+02 1.800000000000e+06 8.911053403070e+04 1.215381488000e+05 4.861534704000e+05 0.000000000000e+00 0.000000000000e+00 0.000000000000e+00 1.030126684448e-02 2.435672966729e-02 1.832800356286e-01 0.000000000000e+00 0.000000000000e+00 0.000000000000e+00 0.000000000000e+00 0.000000000000e+00 
9.205000000000e+00 6.660048989685e-03 2.054699131378e-01 -4.314445578353e-03 1.223140385092e+05 1.034964977647e+05 1.000000000000e+05 7.309774215841e+03 5.489413700831e+02 1.800000000000e+06 8.973004309877e+04 1.215381488000e+05 4.861534704000e+05 0.000000000000e+00 0.000000000000e+00 0.000000000000e+00 1.037288271226e-02 2.443647782683e-02 1.845566154755e-01 0.000000000000e+00 0.000000000000e+00 0.000000000000e+00 0.000000000000e+00 0.000000000000e+00 
9.210000000000e+00 6.681295498916e-03 2.044330852845e-01 -4.185339047660e-03 1.226597110066e+05 1.044922753556e+05 1.000000000000e+05 7.303951325400e+03 5.476260521209e+02 1.800000000000e+06 9.026385877216e+04 1.215381488000e+05 4.861534704000e+05 0.000000000000e+00 0.000000000000e+00 0.000000000000e+00 1.043459233792e-02 2.451397711404e-02 1.856567920202e-01 0.000000000000e+00 0.000000000000e+00 0.000000000000e+00 0.000000000000e+00 0.000000000000e+00 
9.215000000000e+00 6.701847583512e-03 2.033242552582e-01 -4.043496700943e-03 1.229190426258e+05 1.054479816878e+05 1.000000000000e+05 7.298347890459e+03 5.463593422742e+02 1.800000000000e+06 9.071713530049e+04 1.215381488000e+05 4.861534704000e+05 0.000000000000e+00 0.000000000000e+00 0.000000000000e+00 1.048699155787e-02 2.458898135687e-02 1.865911721788e-01 0.000000000000e+00 0.000000000000e+00 0.000000000000e+00 0.000000000000e+00 0.000000000000e+00 
9.220000000000e+00 6.721646977326e-03 2.021521796048e-01 -3.890576517968e-03 1.230978647135e+05 1.063617587287e+05 1.000000000000e+05 7.292976771073e+03 5.451442085860e+02 1.800000000000e+06 9.109485404191e+04 1.215381488000e+05 4.861534704000e+05 0.000000000000e+00 0.000000000000e+00 0.000000000000e+00 1.053065622210e-02 2.466127635876e-02 1.873700073630e-01 0.000000000000e+00 0.000000000000e+00 0.000000000000e+00 0.000000000000e+00 0.000000000000e+00 
9.225000000000e+00 6.740642274265e-03 2.009173226365e-01 -3.727863855986e-03 1.232005237962e+05 1.072320970974e+05 1.000000000000e+05 7.287849007515e+03 5.439831710569e+02 1.800000000000e+06 9.140164618585e+04 1.215381488000e+05 4.861534704000e+05 0.000000000000e+00 0.000000000000e+00 0.000000000000e+00 1.056612170073e-02 2.473067288294e-02 1.880028365012e-01 0.000000000000e+00 0.000000000000e+00 0.000000000000e+00 0.000000000000e+00 0.000000000000e+00 
9.230000000000e+00 6.758789299153e-03 1.996262897053e-01 -3.556708052012e-03 1.232317918736e+05 1.080578344257e+05 1.000000000000e+05 7.282973586188e+03 5.428782929964e+02 1.800000000000e+06 9.164180127770e+04 1.215381488000e+05 4.861534704000e+05 0.000000000000e+00 0.000000000000e+00 0.000000000000e+00 1.059388386950e-02 2.479700794940e-02 1.884984882925e-01 0.000000000000e+00 0.000000000000e+00 0.000000000000e+00 0.000000000000e+00 0.000000000000e+00 
9.235000000000e+00 6.776048707890e-03 1.982742609735e-01 -3.378077292110e-03 1.231948681580e+05 1.088380298596e+05 1.000000000000e+05 7.278358330063e+03 5.418313395111e+02 1.800000000000e+06 9.181918388177e+04 1.215381488000e+05 4.861534704000e+05 0.000000000000e+00 0.000000000000e+00 0.000000000000e+00 1.061438947592e-02 2.486013643253e-02 1.888649274794e-01 0.000000000000e+00 0.000000000000e+00 0.000000000000e+00 0.000000000000e+00 0.000000000000e+00 
9.240000000000e+00 6.792390542898e-03 1.968885982787e-01 -3.194391804076e-03 1.230993652599e+05 1.095721557830e+05 1.000000000000e+05 7.274007930878e+03 5.408435120529e+02 1.800000000000e+06 9.193755430039e+04 1.215381488000e+05 4.861534704000e+05 0.000000000000e+00 0.000000000000e+00 0.000000000000e+00 1.062807321468e-02 2.491994728552e-02 1.891098721102e-01 0.000000000000e+00 0.000000000000e+00 0.000000000000e+00 0.000000000000e+00 0.000000000000e+00 
9.245000000000e+00 6.807793478576e-03 1.954825884770e-01 -3.006564360956e-03 1.229486836961e+05 1.102600473194e+05 1.000000000000e+05 7.269925451094e+03 5.399155067954e+02 1.800000000000e+06 9.200134826239e+04 1.215381488000e+05 4.861534704000e+05 0.000000000000e+00 0.000000000000e+00 0.000000000000e+00 1.063544786048e-02 2.497635996213e-02 1.892424443301e-01 0.000000000000e+00 0.000000000000e+00 0.000000000000e+00 0.000000000000e+00 0.000000000000e+00 
9.250000000000e+00 6.822239258442e-03 1.940474261318e-01 -2.815454779444e-03 1.227460171580e+05 1.109016423365e+05 1.000000000000e+05 7.266113245051e+03 5.390478587991e+02 1.800000000000e+06 9.201442946189e+04 1.215381488000e+05 4.861534704000e+05 0.000000000000e+00 0.000000000000e+00 0.000000000000e+00 1.063696006022e-02 2.502930601562e-02 1.892706114344e-01 0.000000000000e+00 0.000000000000e+00 0.000000000000e+00 0.000000000000e+00 0.000000000000e+00 
9.255000000000e+00 6.835716094669e-03 1.925949681860e-01 -2.622469263912e-03 1.224970171419e+05 1.114971260138e+05 1.000000000000e+05 7.262571813118e+03 5.382407429792e+02 1.800000000000e+06 9.198034125691e+04 1.215381488000e+05 4.861534704000e+05 0.000000000000e+00 0.000000000000e+00 0.000000000000e+00 1.063301942964e-02 2.507874029931e-02 1.892016596342e-01 0.000000000000e+00 0.000000000000e+00 0.000000000000e+00 0.000000000000e+00 0.000000000000e+00 
9.260000000000e+00 6.848219624721e-03 1.911423373953e-01 -2.429128960105e-03 1.222080024047e+05 1.120469648306e+05 1.000000000000e+05 7.259299752018e+03 5.374939233877e+02 1.800000000000e+06 9.190285085087e+04 1.215381488000e+05 4.861534704000e+05 0.000000000000e+00 0.000000000000e+00 0.000000000000e+00 1.062406146121e-02 2.512464367776e-02 1.890433298055e-01 0.000000000000e+00 0.000000000000e+00 0.000000000000e+00 0.000000000000e+00 0.000000000000e+00 
9.265000000000e+00 6.859752914692e-03 1.897108738282e-01 -2.237047160464e-03 1.218858701764e+05 1.125518994199e+05 1.000000000000e+05 7.256293786004e+03 5.368067588481e+02 1.800000000000e+06 9.178608891980e+04 1.215381488000e+05 4.861534704000e+05 0.000000000000e+00 0.000000000000e+00 0.000000000000e+00 1.061056366522e-02 2.516702387114e-02 1.888041084439e-01 0.000000000000e+00 0.000000000000e+00 0.000000000000e+00 0.000000000000e+00 0.000000000000e+00 
9.270000000000e+00 6.870324574645e-03 1.883255715944e-01 -2.047966711655e-03 1.215381834371e+05 1.130128570193e+05 1.000000000000e+05 7.253549271214e+03 5.361783193604e+02 1.800000000000e+06 9.163465344174e+04 1.215381488000e+05 4.861534704000e+05 0.000000000000e+00 0.000000000000e+00 0.000000000000e+00 1.059305757252e-02 2.520592479355e-02 1.884934401365e-01 0.000000000000e+00 0.000000000000e+00 0.000000000000e+00 0.000000000000e+00 0.000000000000e+00 
9.275000000000e+00 6.879957428220e-03 1.870109220537e-01 -1.863972110980e-03 1.211744236216e+05 1.134313250291e+05 1.000000000000e+05 7.251057806888e+03 5.356068743997e+02 1.800000000000e+06 9.145364224237e+04 1.215381488000e+05 4.861534704000e+05 0.000000000000e+00 0.000000000000e+00 0.000000000000e+00 1.057213249686e-02 2.524142453381e-02 1.881217980859e-01 0.000000000000e+00 0.000000000000e+00 0.000000000000e+00 0.000000000000e+00 0.000000000000e+00 
9.280000000000e+00 6.888682358773e-03 1.857993860256e-01 -1.683385549614e-03 1.207887231922e+05 1.138090777619e+05 1.000000000000e+05 7.248810586974e+03 5.350902627399e+02 1.800000000000e+06 9.124860399355e+04 1.215381488000e+05 4.861534704000e+05 0.000000000000e+00 0.000000000000e+00 0.000000000000e+00 1.054842987026e-02 2.527363617668e-02 1.877005859392e-01 0.000000000000e+00 0.000000000000e+00 0.000000000000e+00 0.000000000000e+00 0.000000000000e+00 
9.285000000000e+00 6.896539445836e-03 1.847053394699e-01 -1.512145630992e-03 1.204071649573e+05 1.141482249676e+05 1.000000000000e+05 7.246793401217e+03 5.346258259059e+02 1.800000000000e+06 9.102550703800e+04 1.215381488000e+05 4.861534704000e+05 0.000000000000e+00 0.000000000000e+00 0.000000000000e+00 1.052263963910e-02 2.530270540448e-02 1.872420694693e-01 0.000000000000e+00 0.000000000000e+00 0.000000000000e+00 0.000000000000e+00 0.000000000000e+00 
9.290000000000e+00 6.903579232545e-03 1.837464680823e-01 -1.351829257983e-03 1.200380827306e+05 1.144512666212e+05 1.000000000000e+05 7.244991247368e+03 5.342103333892e+02 1.800000000000e+06 9.079055650280e+04 1.215381488000e+05 4.861534704000e+05 0.000000000000e+00 0.000000000000e+00 0.000000000000e+00 1.049547912228e-02 2.532881073054e-02 1.867590108700e-01 0.000000000000e+00 0.000000000000e+00 0.000000000000e+00 0.000000000000e+00 0.000000000000e+00 
9.295000000000e+00 6.909858779574e-03 1.829313013978e-01 -1.203509137938e-03 1.196879874248e+05 1.147209247476e+05 1.000000000000e+05 7.243387774930e+03 5.338402144172e+02 1.800000000000e+06 9.054986684862e+04 1.215381488000e+05 4.861534704000e+05 0.000000000000e+00 0.000000000000e+00 0.000000000000e+00 1.046765515757e-02 2.535215400688e-02 1.862639937608e-01 0.000000000000e+00 0.000000000000e+00 0.000000000000e+00 0.000000000000e+00 0.000000000000e+00 
9.300000000000e+00 6.915439543995e-03 1.822630886114e-01 -1.067992925363e-03 1.193624892154e+05 1.149600567978e+05 1.000000000000e+05 7.241965734483e+03 5.335116796917e+02 1.800000000000e+06 9.030917934745e+04 1.215381488000e+05 4.861534704000e+05 0.000000000000e+00 0.000000000000e+00 0.000000000000e+00 1.043983144174e-02 2.537295313567e-02 1.857688390837e-01 0.000000000000e+00 0.000000000000e+00 0.000000000000e+00 0.000000000000e+00 0.000000000000e+00 
9.305000000000e+00 6.920385952448e-03 1.817399547387e-01 -9.456684173575e-04 1.190656132817e+05 1.151716001059e+05 1.000000000000e+05 7.240707401698e+03 5.332208012017e+02 1.800000000000e+06 9.007373900487e+04 1.215381488000e+05 4.861534704000e+05 0.000000000000e+00 0.000000000000e+00 0.000000000000e+00 1.041261430270e-02 2.539143732372e-02 1.852843508939e-01 0.000000000000e+00 0.000000000000e+00 0.000000000000e+00 0.000000000000e+00 0.000000000000e+00 
9.310000000000e+00 6.924763163366e-03 1.813536234315e-01 -8.365116232861e-04 1.187997510870e+05 1.153584822750e+05 1.000000000000e+05 7.239595147198e+03 5.329636392297e+02 1.800000000000e+06 8.984809433333e+04 1.215381488000e+05 4.861534704000e+05 0.000000000000e+00 0.000000000000e+00 0.000000000000e+00 1.038652955303e-02 2.540783979260e-02 1.848199053586e-01 0.000000000000e+00 0.000000000000e+00 0.000000000000e+00 0.000000000000e+00 0.000000000000e+00 
9.315000000000e+00 6.928635686242e-03 1.810896894508e-01 -7.405324383826e-04 1.185674413461e+05 1.155235685232e+05 1.000000000000e+05 7.238611599870e+03 5.327363186994e+02 1.800000000000e+06 8.963594101281e+04 1.215381488000e+05 4.861534704000e+05 0.000000000000e+00 0.000000000000e+00 0.000000000000e+00 1.036200441702e-02 2.542239040001e-02 1.843831274361e-01 0.000000000000e+00 0.000000000000e+00 0.000000000000e+00 0.000000000000e+00 0.000000000000e+00 
9.320000000000e+00 6.932066099900e-03 1.809332402792e-01 -6.567592391497e-04 1.183671422048e+05 1.156696130100e+05 1.000000000000e+05 7.237740383566e+03 5.325350998774e+02 1.800000000000e+06 8.944007024860e+04 1.215381488000e+05 4.861534704000e+05 0.000000000000e+00 0.000000000000e+00 0.000000000000e+00 1.033936156081e-02 2.543531056309e-02 1.839797820047e-01 0.000000000000e+00 0.000000000000e+00 0.000000000000e+00 0.000000000000e+00 0.000000000000e+00 
9.325000000000e+00 6.935111507236e-03 1.808674806065e-01 -5.841110615219e-04 1.181966723146e+05 1.157991135333e+05 1.000000000000e+05 7.236966678615e+03 5.323565820345e+02 1.800000000000e+06 8.926236880250e+04 1.215381488000e+05 4.861534704000e+05 0.000000000000e+00 0.000000000000e+00 0.000000000000e+00 1.031881909594e-02 2.544680916241e-02 1.836137727124e-01 0.000000000000e+00 0.000000000000e+00 0.000000000000e+00 0.000000000000e+00 0.000000000000e+00 
9.330000000000e+00 6.937826099156e-03 1.808743580489e-01 -5.218084451684e-04 1.180549984136e+05 1.159144256541e+05 1.000000000000e+05 7.236276362700e+03 5.321975492552e+02 1.800000000000e+06 8.910389010031e+04 1.215381488000e+05 4.861534704000e+05 0.000000000000e+00 0.000000000000e+00 0.000000000000e+00 1.030049879949e-02 2.545707665126e-02 1.832872866236e-01 0.000000000000e+00 0.000000000000e+00 0.000000000000e+00 0.000000000000e+00 0.000000000000e+00 
9.335000000000e+00 6.940258456509e-03 1.809370978309e-01 -4.686337765909e-04 1.179390800827e+05 1.160176520327e+05 1.000000000000e+05 7.235657013531e+03 5.320551254841e+02 1.800000000000e+06 8.896494209482e+04 1.215381488000e+05 4.861534704000e+05 0.000000000000e+00 0.000000000000e+00 0.000000000000e+00 1.028443627110e-02 2.546628746480e-02 1.830009751183e-01 0.000000000000e+00 0.000000000000e+00 0.000000000000e+00 0.000000000000e+00 0.000000000000e+00 
9.340000000000e+00 6.942451044867e-03 1.810402720341e-01 -4.235438252634e-04 1.178463583775e+05 1.161106245754e+05 1.000000000000e+05 7.235097781090e+03 5.319268013594e+02 1.800000000000e+06 8.884520401194e+04 1.215381488000e+05 4.861534704000e+05 0.000000000000e+00 0.000000000000e+00 0.000000000000e+00 1.027059442898e-02 2.547459889586e-02 1.827541929072e-01 0.000000000000e+00 0.000000000000e+00 0.000000000000e+00 0.000000000000e+00 0.000000000000e+00 
9.345000000000e+00 6.944440987664e-03 1.811695070736e-01 -3.854876685457e-04 1.177740361902e+05 1.161949401020e+05 1.000000000000e+05 7.234589250169e+03 5.318103867529e+02 1.800000000000e+06 8.874383938353e+04 1.215381488000e+05 4.861534704000e+05 0.000000000000e+00 0.000000000000e+00 0.000000000000e+00 1.025887657658e-02 2.548214859372e-02 1.825452315287e-01 0.000000000000e+00 0.000000000000e+00 0.000000000000e+00 0.000000000000e+00 0.000000000000e+00 
9.350000000000e+00 6.946260464538e-03 1.813132284127e-01 -3.534314295205e-04 1.177191928248e+05 1.162719794196e+05 1.000000000000e+05 7.234123319067e+03 5.317039857812e+02 1.800000000000e+06 8.865963074303e+04 1.215381488000e+05 4.861534704000e+05 0.000000000000e+00 0.000000000000e+00 0.000000000000e+00 1.024914197352e-02 2.548905579815e-02 1.823715945184e-01 0.000000000000e+00 0.000000000000e+00 0.000000000000e+00 0.000000000000e+00 0.000000000000e+00 
9.355000000000e+00 6.947935786388e-03 1.814562504817e-01 -3.262081520089e-04 1.176781277042e+05 1.163428699110e+05 1.000000000000e+05 7.233693499344e+03 5.316060495505e+02 1.800000000000e+06 8.859097694900e+04 1.215381488000e+05 4.861534704000e+05 0.000000000000e+00 0.000000000000e+00 0.000000000000e+00 1.024120552628e-02 2.549541811638e-02 1.822299995935e-01 0.000000000000e+00 0.000000000000e+00 0.000000000000e+00 0.000000000000e+00 0.000000000000e+00 
9.360000000000e+00 6.949488175118e-03 1.815885886941e-01 -3.028547430263e-04 1.176477706321e+05 1.164085199843e+05 1.000000000000e+05 7.233294568879e+03 5.315153294561e+02 1.800000000000e+06 8.853597467644e+04 1.215381488000e+05 4.861534704000e+05 0.000000000000e+00 0.000000000000e+00 0.000000000000e+00 1.023484720857e-02 2.550131441308e-02 1.821165364539e-01 0.000000000000e+00 0.000000000000e+00 0.000000000000e+00 0.000000000000e+00 0.000000000000e+00 
9.365000000000e+00 6.950934316608e-03 1.817028614265e-01 -2.824857964184e-04 1.176251858392e+05 1.164696435483e+05 1.000000000000e+05 7.232922474808e+03 5.314308440294e+02 1.800000000000e+06 8.849259176375e+04 1.215381488000e+05 4.861534704000e+05 0.000000000000e+00 0.000000000000e+00 0.000000000000e+00 1.022983210048e-02 2.550680672211e-02 1.820270268516e-01 0.000000000000e+00 0.000000000000e+00 0.000000000000e+00 0.000000000000e+00 0.000000000000e+00 
9.370000000000e+00 6.952286447083e-03 1.817919370886e-01 -2.642221449847e-04 1.176072818274e+05 1.165267645067e+05 1.000000000000e+05 7.232574337529e+03 5.313518732426e+02 1.800000000000e+06 8.845874085092e+04 1.215381488000e+05 4.861534704000e+05 0.000000000000e+00 0.000000000000e+00 0.000000000000e+00 1.022591890111e-02 2.551194079178e-02 1.819571786879e-01 0.000000000000e+00 0.000000000000e+00 0.000000000000e+00 0.000000000000e+00 0.000000000000e+00 
9.375000000000e+00 6.953552619675e-03 1.818494894369e-01 -2.472798591894e-04 1.175911855825e+05 1.165802287029e+05 1.000000000000e+05 7.232248342342e+03 5.312779424154e+02 1.800000000000e+06 8.843228432232e+04 1.215381488000e+05 4.861534704000e+05 0.000000000000e+00 0.000000000000e+00 0.000000000000e+00 1.022286049994e-02 2.551674703619e-02 1.819025956001e-01 0.000000000000e+00 0.000000000000e+00 0.000000000000e+00 0.000000000000e+00 0.000000000000e+00 
9.380000000000e+00 6.954737071994e-03 1.818696741505e-01 -2.308914473736e-04 1.175739348055e+05 1.166302199799e+05 1.000000000000e+05 7.231943673384e+03 5.312088003366e+02 1.800000000000e+06 8.841108355324e+04 1.215381488000e+05 4.861534704000e+05 0.000000000000e+00 0.000000000000e+00 0.000000000000e+00 1.022040966984e-02 2.552124165233e-02 1.818588785888e-01 0.000000000000e+00 0.000000000000e+00 0.000000000000e+00 0.000000000000e+00 0.000000000000e+00 
9.385000000000e+00 6.955839962598e-03 1.818457591550e-01 -2.142164131017e-04 1.175521007847e+05 1.166767494939e+05 1.000000000000e+05 7.231660618089e+03 5.311444343128e+02 1.800000000000e+06 8.839296282867e+04 1.215381488000e+05 4.861534704000e+05 0.000000000000e+00 0.000000000000e+00 0.000000000000e+00 1.021831489596e-02 2.552542623479e-02 1.818215539014e-01 0.000000000000e+00 0.000000000000e+00 0.000000000000e+00 0.000000000000e+00 0.000000000000e+00 
9.390000000000e+00 6.956856345567e-03 1.817680021135e-01 -1.963509003434e-04 1.175217845743e+05 1.167196128507e+05 1.000000000000e+05 7.231400831562e+03 5.310851297065e+02 1.800000000000e+06 8.837565045592e+04 1.215381488000e+05 4.861534704000e+05 0.000000000000e+00 0.000000000000e+00 0.000000000000e+00 1.021631356835e-02 2.552928528455e-02 1.817859527251e-01 0.000000000000e+00 0.000000000000e+00 0.000000000000e+00 0.000000000000e+00 0.000000000000e+00 
9.395000000000e+00 6.957777424580e-03 1.816219578839e-01 -1.763353421078e-04 1.174787004727e+05 1.167584433322e+05 1.000000000000e+05 7.231167002955e+03 5.310313965011e+02 1.800000000000e+06 8.835664768084e+04 1.215381488000e+05 4.861534704000e+05 0.000000000000e+00 0.000000000000e+00 0.000000000000e+00 1.021411682855e-02 2.553278725060e-02 1.817469426446e-01 0.000000000000e+00 0.000000000000e+00 0.000000000000e+00 0.000000000000e+00 0.000000000000e+00 
9.400000000000e+00 6.958588196334e-03 1.813854102458e-01 -1.526748040856e-04 1.174161173852e+05 1.167926127697e+05 1.000000000000e+05 7.230963669336e+03 5.309841066077e+02 1.800000000000e+06 8.833304296701e+04 1.215381488000e+05 4.861534704000e+05 0.000000000000e+00 0.000000000000e+00 0.000000000000e+00 1.021138810003e-02 2.553587698402e-02 1.816985498883e-01 0.000000000000e+00 0.000000000000e+00 0.000000000000e+00 0.000000000000e+00 0.000000000000e+00 
9.405000000000e+00 6.959264023786e-03 1.810203798579e-01 -1.231150261544e-04 1.173238003550e+05 1.168210873769e+05 1.000000000000e+05 7.230798206273e+03 5.309446935428e+02 1.800000000000e+06 8.830107175283e+04 1.215381488000e+05 4.861534704000e+05 0.000000000000e+00 0.000000000000e+00 0.000000000000e+00 1.020769219570e-02 2.553846402045e-02 1.816330601858e-01 0.000000000000e+00 0.000000000000e+00 0.000000000000e+00 0.000000000000e+00 0.000000000000e+00 
9.410000000000e+00 6.959765486977e-03 1.804646559353e-01 -8.420701135753e-05 1.171860145288e+05 1.168422109840e+05 1.000000000000e+05 7.230682357134e+03 5.309154525782e+02 1.800000000000e+06 8.825543435643e+04 1.215381488000e+05 4.861534704000e+05 0.000000000000e+00 0.000000000000e+00 0.000000000000e+00 1.020241646704e-02 2.554040340749e-02 1.815396227462e-01 0.000000000000e+00 0.000000000000e+00 0.000000000000e+00 0.000000000000e+00 0.000000000000e+00 
9.415000000000e+00 6.960032344333e-03 1.796314886225e-01 -3.130337725576e-05 1.169812497519e+05 1.168534504993e+05 1.000000000000e+05 7.230633821490e+03 5.308998929918e+02 1.800000000000e+06 8.818846561933e+04 1.215381488000e+05 4.861534704000e+05 0.000000000000e+00 0.000000000000e+00 0.000000000000e+00 1.019467481406e-02 2.554147349654e-02 1.814025407147e-01 0.000000000000e+00 0.000000000000e+00 0.000000000000e+00 0.000000000000e+00 0.000000000000e+00 
9.420000000000e+00 6.959980983126e-03 1.784133254684e-01 4.121751669843e-05 1.166830107417e+05 1.168512873494e+05 1.000000000000e+05 7.230676838367e+03 5.309028876318e+02 1.800000000000e+06 8.808950210130e+04 1.215381488000e+05 4.861534704000e+05 0.000000000000e+00 0.000000000000e+00 0.000000000000e+00 1.018323453241e-02 2.554137917660e-02 1.811999631318e-01 0.000000000000e+00 0.000000000000e+00 0.000000000000e+00 0.000000000000e+00 0.000000000000e+00 
9.425000000000e+00 6.959476685354e-03 1.767017245930e-01 1.416785296664e-04 1.162515595683e+05 1.168300459908e+05 1.000000000000e+05 7.230850186022e+03 5.309322926105e+02 1.800000000000e+06 8.794441236849e+04 1.215381488000e+05 4.861534704000e+05 0.000000000000e+00 0.000000000000e+00 0.000000000000e+00 1.016646201421e-02 2.553974513980e-02 1.809029083424e-01 0.000000000000e+00 0.000000000000e+00 0.000000000000e+00 0.000000000000e+00 0.000000000000e+00 
9.430000000000e+00 6.958419526085e-03 1.744141935263e-01 2.719504229598e-04 1.156748535443e+05 1.167855051033e+05 1.000000000000e+05 7.231180921580e+03 5.309939439999e+02 1.800000000000e+06 8.773671592624e+04 1.215381488000e+05 4.861534704000e+05 0.000000000000e+00 0.000000000000e+00 0.000000000000e+00 1.014245209779e-02 2.553602632000e-02 1.804775103038e-01 0.000000000000e+00 0.000000000000e+00 0.000000000000e+00 0.000000000000e+00 0.000000000000e+00 
9.435000000000e+00 6.956634730572e-03 1.715563730722e-01 4.318949637115e-04 1.149457206919e+05 1.167102681540e+05 1.000000000000e+05 7.231715023478e+03 5.310980596088e+02 1.800000000000e+06 8.744994514855e+04 1.215381488000e+05 4.861534704000e+05 0.000000000000e+00 0.000000000000e+00 0.000000000000e+00 1.010930110912e-02 2.552961635624e-02 1.798898526109e-01 0.000000000000e+00 0.000000000000e+00 0.000000000000e+00 0.000000000000e+00 0.000000000000e+00 
9.440000000000e+00 6.953968341871e-03 1.682427103981e-01 6.180715115305e-04 1.140711354759e+05 1.165977772250e+05 1.000000000000e+05 7.232491791390e+03 5.312536728569e+02 1.800000000000e+06 8.707136117624e+04 1.215381488000e+05 4.861534704000e+05 0.000000000000e+00 0.000000000000e+00 0.000000000000e+00 1.006553642333e-02 2.551997009919e-02 1.791135844101e-01 0.000000000000e+00 0.000000000000e+00 0.000000000000e+00 0.000000000000e+00 0.000000000000e+00 
9.445000000000e+00 6.950318036885e-03 1.647266309453e-01 8.195873949667e-04 1.130905321823e+05 1.164435993968e+05 1.000000000000e+05 7.233534092681e+03 5.314668448472e+02 1.800000000000e+06 8.659632954603e+04 1.215381488000e+05 4.861534704000e+05 0.000000000000e+00 0.000000000000e+00 0.000000000000e+00 1.001062229185e-02 2.550670985372e-02 1.781389012555e-01 0.000000000000e+00 0.000000000000e+00 0.000000000000e+00 0.000000000000e+00 0.000000000000e+00 
9.450000000000e+00 6.945654496736e-03 1.613695386431e-01 1.020177088647e-03 1.120684105267e+05 1.162463275200e+05 1.000000000000e+05 7.234843578658e+03 5.317394177388e+02 1.800000000000e+06 8.603271392425e+04 1.215381488000e+05 4.861534704000e+05 0.000000000000e+00 0.000000000000e+00 0.000000000000e+00 9.945467762357e-03 2.548972802885e-02 1.769816246178e-01 0.000000000000e+00 0.000000000000e+00 0.000000000000e+00 0.000000000000e+00 0.000000000000e+00 
9.455000000000e+00 6.940035593982e-03 1.585411782695e-01 1.202375300182e-03 1.110781457605e+05 1.160081978144e+05 1.000000000000e+05 7.236398576544e+03 5.320681720053e+02 1.800000000000e+06 8.540202140996e+04 1.215381488000e+05 4.861534704000e+05 0.000000000000e+00 0.000000000000e+00 0.000000000000e+00 9.872559077012e-03 2.546924027056e-02 1.756856642112e-01 0.000000000000e+00 0.000000000000e+00 0.000000000000e+00 0.000000000000e+00 0.000000000000e+00 
9.460000000000e+00 6.933598880975e-03 1.565143107385e-01 1.351649340033e-03 1.101849760314e+05 1.157348097593e+05 1.000000000000e+05 7.238157620463e+03 5.324452364206e+02 1.800000000000e+06 8.473634921703e+04 1.215381488000e+05 4.861534704000e+05 0.000000000000e+00 0.000000000000e+00 0.000000000000e+00 9.795606705838e-03 2.544575413210e-02 1.743168398295e-01 0.000000000000e+00 0.000000000000e+00 0.000000000000e+00 0.000000000000e+00 0.000000000000e+00 
9.465000000000e+00 6.926538351021e-03 1.554128734261e-01 1.458735140365e-03 1.094355023459e+05 1.154341877418e+05 1.000000000000e+05 7.240066381967e+03 5.328594119048e+02 1.800000000000e+06 8.407241268866e+04 1.215381488000e+05 4.861534704000e+05 0.000000000000e+00 0.000000000000e+00 0.000000000000e+00 9.718854979222e-03 2.541998126229e-02 1.729506370895e-01 0.000000000000e+00 0.000000000000e+00 0.000000000000e+00 0.000000000000e+00 0.000000000000e+00 
9.470000000000e+00 6.919077384214e-03 1.552246991238e-01 1.520024140640e-03 1.088548393661e+05 1.151156736539e+05 1.000000000000e+05 7.242064846610e+03 5.332977243497e+02 1.800000000000e+06 8.344548167797e+04 1.215381488000e+05 4.861534704000e+05 0.000000000000e+00 0.000000000000e+00 0.000000000000e+00 9.646381127455e-03 2.539274026297e-02 1.716597068562e-01 0.000000000000e+00 0.000000000000e+00 0.000000000000e+00 0.000000000000e+00 0.000000000000e+00 
9.475000000000e+00 6.911438725570e-03 1.557985307654e-01 1.537877044382e-03 1.084438009642e+05 1.147886738629e+05 1.000000000000e+05 7.244095314151e+03 5.337471664306e+02 1.800000000000e+06 8.288439297670e+04 1.215381488000e+05 4.861534704000e+05 0.000000000000e+00 0.000000000000e+00 0.000000000000e+00 9.581518712499e-03 2.536484760915e-02 1.705035913065e-01 0.000000000000e+00 0.000000000000e+00 0.000000000000e+00 0.000000000000e+00 0.000000000000e+00 
9.480000000000e+00 6.903822343788e-03 1.569225961756e-01 1.518371744435e-03 1.081869493923e+05 1.144617178975e+05 1.000000000000e+05 7.246107340869e+03 5.341959954862e+02 1.800000000000e+06 8.240790920558e+04 1.215381488000e+05 4.861534704000e+05 0.000000000000e+00 0.000000000000e+00 0.000000000000e+00 9.526436712074e-03 2.533703212950e-02 1.695211548554e-01 0.000000000000e+00 0.000000000000e+00 0.000000000000e+00 0.000000000000e+00 0.000000000000e+00 
9.485000000000e+00 6.896388584246e-03 1.583872238803e-01 1.470705548553e-03 1.080541076843e+05 1.141417222837e+05 1.000000000000e+05 7.248062019135e+03 5.346347363933e+02 1.800000000000e+06 8.202471204328e+04 1.215381488000e+05 4.861534704000e+05 0.000000000000e+00 0.000000000000e+00 0.000000000000e+00 9.482138736915e-03 2.530988888642e-02 1.687305018364e-01 0.000000000000e+00 0.000000000000e+00 0.000000000000e+00 0.000000000000e+00 0.000000000000e+00 
9.490000000000e+00 6.889257340020e-03 1.599885040793e-01 1.401913554782e-03 1.080220497714e+05 1.138339296401e+05 1.000000000000e+05 7.249930109807e+03 5.350562499485e+02 1.800000000000e+06 8.173459172535e+04 1.215381488000e+05 4.861534704000e+05 0.000000000000e+00 0.000000000000e+00 0.000000000000e+00 9.448600538042e-03 2.528385913197e-02 1.681314070752e-01 0.000000000000e+00 0.000000000000e+00 0.000000000000e+00 0.000000000000e+00 0.000000000000e+00 
9.495000000000e+00 6.882510846564e-03 1.615770973578e-01 1.319631951035e-03 1.080631894204e+05 1.135420023357e+05 1.000000000000e+05 7.251692517973e+03 5.354555884150e+02 1.800000000000e+06 8.153071026112e+04 1.215381488000e+05 4.861534704000e+05 0.000000000000e+00 0.000000000000e+00 0.000000000000e+00 9.425031636896e-03 2.525924130712e-02 1.677099412145e-01 0.000000000000e+00 0.000000000000e+00 0.000000000000e+00 0.000000000000e+00 0.000000000000e+00 
9.500000000000e+00 6.876191903189e-03 1.630188424716e-01 1.231375184597e-03 1.081484804976e+05 1.132679200527e+05 1.000000000000e+05 7.253340546233e+03 5.358301203367e+02 1.800000000000e+06 8.140143054964e+04 1.215381488000e+05 4.861534704000e+05 0.000000000000e+00 0.000000000000e+00 0.000000000000e+00 9.410086772969e-03 2.523618889209e-02 1.674422760607e-01 0.000000000000e+00 0.000000000000e+00 0.000000000000e+00 0.000000000000e+00 0.000000000000e+00 
9.505000000000e+00 6.870313720428e-03 1.642481606406e-01 1.143126070809e-03 1.082537399354e+05 1.130123846584e+05 1.000000000000e+05 7.254872751409e+03 5.361789638970e+02 1.800000000000e+06 8.133247862762e+04 1.215381488000e+05 4.861534704000e+05 0.000000000000e+00 0.000000000000e+00 0.000000000000e+00 9.402115861831e-03 2.521474775398e-02 1.672990819929e-01 0.000000000000e+00 0.000000000000e+00 0.000000000000e+00 0.000000000000e+00 0.000000000000e+00 
9.510000000000e+00 6.864865508442e-03 1.652283045736e-01 1.058558619933e-03 1.083631967384e+05 1.127750480614e+05 1.000000000000e+05 7.256293171107e+03 5.365026667817e+02 1.800000000000e+06 8.130897812668e+04 1.215381488000e+05 4.861534704000e+05 0.000000000000e+00 0.000000000000e+00 0.000000000000e+00 9.399399180423e-03 2.519487677442e-02 1.672497570934e-01 0.000000000000e+00 0.000000000000e+00 0.000000000000e+00 0.000000000000e+00 0.000000000000e+00 
9.515000000000e+00 6.859821863632e-03 1.659610876961e-01 9.801196491820e-04 1.084654715796e+05 1.125549116136e+05 1.000000000000e+05 7.257609286612e+03 5.368026557060e+02 1.800000000000e+06 8.131702068104e+04 1.215381488000e+05 4.861534704000e+05 0.000000000000e+00 0.000000000000e+00 0.000000000000e+00 9.400328907749e-03 2.517648150041e-02 1.672656526604e-01 0.000000000000e+00 0.000000000000e+00 0.000000000000e+00 0.000000000000e+00 0.000000000000e+00 
9.520000000000e+00 6.855147440248e-03 1.664645534107e-01 9.092460086585e-04 1.085529170285e+05 1.123505256853e+05 1.000000000000e+05 7.258830873342e+03 5.370809618237e+02 1.800000000000e+06 8.134441858995e+04 1.215381488000e+05 4.861534704000e+05 0.000000000000e+00 0.000000000000e+00 0.000000000000e+00 9.403496133417e-03 2.515943141398e-02 1.673216479297e-01 0.000000000000e+00 0.000000000000e+00 0.000000000000e+00 0.000000000000e+00 0.000000000000e+00 
9.525000000000e+00 6.850802005311e-03 1.667672252623e-01 8.467062180433e-04 1.086204425962e+05 1.121602092225e+05 1.000000000000e+05 7.259968791800e+03 5.373399208568e+02 1.800000000000e+06 8.138116378173e+04 1.215381488000e+05 4.861534704000e+05 0.000000000000e+00 0.000000000000e+00 0.000000000000e+00 9.407743914332e-03 2.514357884408e-02 1.673971001162e-01 0.000000000000e+00 0.000000000000e+00 0.000000000000e+00 0.000000000000e+00 0.000000000000e+00 
9.530000000000e+00 6.846743234821e-03 1.668995647703e-01 7.926851226627e-04 1.086653012351e+05 1.119821727658e+05 1.000000000000e+05 7.261034270722e+03 5.375820060147e+02 1.800000000000e+06 8.141936282628e+04 1.215381488000e+05 4.861534704000e+05 0.000000000000e+00 0.000000000000e+00 0.000000000000e+00 9.412159762081e-03 2.512876875342e-02 1.674757200881e-01 0.000000000000e+00 0.000000000000e+00 0.000000000000e+00 0.000000000000e+00 0.000000000000e+00 
9.535000000000e+00 6.842929304840e-03 1.668933555198e-01 7.469062398830e-04 1.086867036892e+05 1.118146336013e+05 1.000000000000e+05 7.262038257973e+03 5.378096722909e+02 1.800000000000e+06 8.145309453006e+04 1.215381488000e+05 4.861534704000e+05 0.000000000000e+00 0.000000000000e+00 0.000000000000e+00 9.416059180770e-03 2.511484813679e-02 1.675452794974e-01 0.000000000000e+00 0.000000000000e+00 0.000000000000e+00 0.000000000000e+00 0.000000000000e+00 
9.540000000000e+00 6.839320557532e-03 1.667780949383e-01 7.088496970110e-04 1.086849862445e+05 1.116558909678e+05 1.000000000000e+05 7.262991057714e+03 5.380252554572e+02 1.800000000000e+06 8.147820338757e+04 1.215381488000e+05 4.861534704000e+05 0.000000000000e+00 0.000000000000e+00 0.000000000000e+00 9.418961789807e-03 2.510167209003e-02 1.675971890479e-01 0.000000000000e+00 0.000000000000e+00 0.000000000000e+00 0.000000000000e+00 0.000000000000e+00 
9.545000000000e+00 6.835880447582e-03 1.665796456666e-01 6.778423754436e-04 1.086612770368e+05 1.115043698181e+05 1.000000000000e+05 7.263902107351e+03 5.382309138925e+02 1.800000000000e+06 8.149199694592e+04 1.215381488000e+05 4.861534704000e+05 0.000000000000e+00 0.000000000000e+00 0.000000000000e+00 9.420556338945e-03 2.508910718884e-02 1.676258766313e-01 0.000000000000e+00 0.000000000000e+00 0.000000000000e+00 0.000000000000e+00 0.000000000000e+00 
9.550000000000e+00 6.832575817356e-03 1.663181644212e-01 6.532369053944e-04 1.086167575527e+05 1.113586349338e+05 1.000000000000e+05 7.264779972201e+03 5.384286106052e+02 1.800000000000e+06 8.149293080814e+04 1.215381488000e+05 4.861534704000e+05 0.000000000000e+00 0.000000000000e+00 0.000000000000e+00 9.420664294352e-03 2.507703244879e-02 1.676281406158e-01 0.000000000000e+00 0.000000000000e+00 0.000000000000e+00 0.000000000000e+00 0.000000000000e+00 
9.555000000000e+00 6.829376703480e-03 1.660087015772e-01 6.343105194230e-04 1.085530768043e+05 1.112173841129e+05 1.000000000000e+05 7.265632350354e+03 5.386201234918e+02 1.800000000000e+06 8.148024243231e+04 1.215381488000e+05 4.861534704000e+05 0.000000000000e+00 0.000000000000e+00 0.000000000000e+00 9.419197505417e-03 2.506533861463e-02 1.676023953153e-01 0.000000000000e+00 0.000000000000e+00 0.000000000000e+00 0.000000000000e+00 0.000000000000e+00 
9.560000000000e+00 6.826257301952e-03 1.656681888799e-01 6.202402867725e-04 1.084724984910e+05 1.110794922773e+05 1.000000000000e+05 7.266465798366e+03 5.388069864191e+02 1.800000000000e+06 8.145385708086e+04 1.215381488000e+05 4.861534704000e+05 0.000000000000e+00 0.000000000000e+00 0.000000000000e+00 9.416147332405e-03 2.505393169928e-02 1.675484695003e-01 0.000000000000e+00 0.000000000000e+00 0.000000000000e+00 0.000000000000e+00 0.000000000000e+00 
9.565000000000e+00 6.823195264696e-03 1.653063677175e-01 6.104091724134e-04 1.083765828474e+05 1.109439817807e+05 1.000000000000e+05 7.267286044048e+03 5.389905302921e+02 1.800000000000e+06 8.141421897599e+04 1.215381488000e+05 4.861534704000e+05 0.000000000000e+00 0.000000000000e+00 0.000000000000e+00 9.411565127844e-03 2.504273030993e-02 1.674672682453e-01 0.000000000000e+00 0.000000000000e+00 0.000000000000e+00 0.000000000000e+00 0.000000000000e+00 
9.570000000000e+00 6.820171117171e-03 1.649293785673e-01 6.042583066208e-04 1.082667788921e+05 1.108099977075e+05 1.000000000000e+05 7.268098078647e+03 5.391719171454e+02 1.800000000000e+06 8.136200283467e+04 1.215381488000e+05 4.861534704000e+05 0.000000000000e+00 0.000000000000e+00 0.000000000000e+00 9.405528889691e-03 2.503166358432e-02 1.673601752052e-01 0.000000000000e+00 0.000000000000e+00 0.000000000000e+00 0.000000000000e+00 0.000000000000e+00 
9.575000000000e+00 6.817168059921e-03 1.645418754688e-01 6.012743441381e-04 1.081444677218e+05 1.106767999250e+05 1.000000000000e+05 7.268906202603e+03 5.393521514026e+02 1.800000000000e+06 8.129800868063e+04 1.215381488000e+05 4.861534704000e+05 0.000000000000e+00 0.000000000000e+00 0.000000000000e+00 9.398131101489e-03 2.502067077195e-02 1.672288336035e-01 0.000000000000e+00 0.000000000000e+00 0.000000000000e+00 0.000000000000e+00 0.000000000000e+00 
9.580000000000e+00 6.814171708690e-03 1.641475163235e-01 6.009736383926e-04 1.080110168852e+05 1.105437522705e+05 1.000000000000e+05 7.269714086902e+03 5.395320949292e+02 1.800000000000e+06 8.122309933588e+04 1.215381488000e+05 4.861534704000e+05 0.000000000000e+00 0.000000000000e+00 0.000000000000e+00 9.389471506327e-03 2.500969964415e-02 1.670750171138e-01 0.000000000000e+00 0.000000000000e+00 0.000000000000e+00 0.000000000000e+00 0.000000000000e+00 
9.585000000000e+00 6.811170012722e-03 1.637497383166e-01 6.029337762626e-04 1.078676434545e+05 1.104103195371e+05 1.000000000000e+05 7.270524806501e+03 5.397124714717e+02 1.800000000000e+06 8.113818553247e+04 1.215381488000e+05 4.861534704000e+05 0.000000000000e+00 0.000000000000e+00 0.000000000000e+00 9.379655385739e-03 2.499870620055e-02 1.669005981638e-01 0.000000000000e+00 0.000000000000e+00 0.000000000000e+00 0.000000000000e+00 0.000000000000e+00 
9.590000000000e+00 6.808152730792e-03 1.633496695285e-01 6.067960471960e-04 1.077153794272e+05 1.102760447109e+05 1.000000000000e+05 7.271340981215e+03 5.398938977410e+02 1.800000000000e+06 8.104415606721e+04 1.215381488000e+05 4.861534704000e+05 0.000000000000e+00 0.000000000000e+00 0.000000000000e+00 9.368785485525e-03 2.498765304827e-02 1.667074064605e-01 0.000000000000e+00 0.000000000000e+00 0.000000000000e+00 0.000000000000e+00 0.000000000000e+00 
9.595000000000e+00 6.805111446134e-03 1.629493334240e-01 6.122027559910e-04 1.075553365137e+05 1.101405500596e+05 1.000000000000e+05 7.272164744227e+03 5.400768821921e+02 1.800000000000e+06 8.094186448696e+04 1.215381488000e+05 4.861534704000e+05 0.000000000000e+00 0.000000000000e+00 0.000000000000e+00 9.356960476557e-03 2.497650953642e-02 1.664971981231e-01 0.000000000000e+00 0.000000000000e+00 0.000000000000e+00 0.000000000000e+00 0.000000000000e+00 
9.600000000000e+00 6.802039501325e-03 1.625510015417e-01 6.188080969353e-04 1.073886576251e+05 1.100035346462e+05 1.000000000000e+05 7.272997762971e+03 5.402618286256e+02 1.800000000000e+06 8.083215534746e+04 1.215381488000e+05 4.861534704000e+05 0.000000000000e+00 0.000000000000e+00 0.000000000000e+00 9.344277990322e-03 2.496525147317e-02 1.662717104519e-01 0.000000000000e+00 0.000000000000e+00 0.000000000000e+00 0.000000000000e+00 0.000000000000e+00 
9.605000000000e+00 6.798931595550e-03 1.621550766705e-01 6.263838854077e-04 1.072160518472e+05 1.098647567425e+05 1.000000000000e+05 7.273841391174e+03 5.404490601493e+02 1.800000000000e+06 8.071584166455e+04 1.215381488000e+05 4.861534704000e+05 0.000000000000e+00 0.000000000000e+00 0.000000000000e+00 9.330832012264e-03 2.495385957430e-02 1.660326176621e-01 0.000000000000e+00 0.000000000000e+00 0.000000000000e+00 0.000000000000e+00 0.000000000000e+00 
9.610000000000e+00 6.795783663538e-03 1.617624215925e-01 6.346721312236e-04 1.070384114821e+05 1.097240287236e+05 1.000000000000e+05 7.274696638965e+03 5.406388262426e+02 1.800000000000e+06 8.059366468797e+04 1.215381488000e+05 4.861534704000e+05 0.000000000000e+00 0.000000000000e+00 0.000000000000e+00 9.316708231594e-03 2.494231909468e-02 1.657814457264e-01 0.000000000000e+00 0.000000000000e+00 0.000000000000e+00 0.000000000000e+00 0.000000000000e+00 
9.615000000000e+00 6.792592817026e-03 1.613739949148e-01 6.434529921237e-04 1.068565224770e+05 1.095812147359e+05 1.000000000000e+05 7.275564216331e+03 5.408313060689e+02 1.800000000000e+06 8.046632811341e+04 1.215381488000e+05 4.861534704000e+05 0.000000000000e+00 0.000000000000e+00 0.000000000000e+00 9.301987996238e-03 2.493061960932e-02 1.655196431010e-01 0.000000000000e+00 0.000000000000e+00 0.000000000000e+00 0.000000000000e+00 0.000000000000e+00 
9.620000000000e+00 6.789357182860e-03 1.609904954059e-01 6.525325531224e-04 1.066711086963e+05 1.094362237210e+05 1.000000000000e+05 7.276444571030e+03 5.410266180369e+02 1.800000000000e+06 8.033449360286e+04 1.215381488000e+05 4.861534704000e+05 0.000000000000e+00 0.000000000000e+00 0.000000000000e+00 9.286747794984e-03 2.491875440847e-02 1.652485719238e-01 0.000000000000e+00 0.000000000000e+00 0.000000000000e+00 0.000000000000e+00 0.000000000000e+00 
9.625000000000e+00 6.786075900476e-03 1.606131553563e-01 6.617124090349e-04 1.064829607840e+05 1.092890095559e+05 1.000000000000e+05 7.277337875745e+03 5.412248197609e+02 1.800000000000e+06 8.019879249915e+04 1.215381488000e+05 4.861534704000e+05 0.000000000000e+00 0.000000000000e+00 0.000000000000e+00 9.271060611694e-03 2.490672048820e-02 1.649695313164e-01 0.000000000000e+00 0.000000000000e+00 0.000000000000e+00 0.000000000000e+00 0.000000000000e+00 
9.630000000000e+00 6.782748627107e-03 1.602407718644e-01 6.709272540976e-04 1.062923301880e+05 1.091395490768e+05 1.000000000000e+05 7.278244219372e+03 5.414259377791e+02 1.800000000000e+06 8.005979536613e+04 1.215381488000e+05 4.861534704000e+05 0.000000000000e+00 0.000000000000e+00 0.000000000000e+00 9.254992404121e-03 2.489451671398e-02 1.646836976859e-01 0.000000000000e+00 0.000000000000e+00 0.000000000000e+00 0.000000000000e+00 0.000000000000e+00 
9.635000000000e+00 6.779375569154e-03 1.598732701317e-01 6.800593881276e-04 1.060997165072e+05 1.089878436286e+05 1.000000000000e+05 7.279163520202e+03 5.416299655515e+02 1.800000000000e+06 7.991798477750e+04 1.215381488000e+05 4.861534704000e+05 0.000000000000e+00 0.000000000000e+00 0.000000000000e+00 9.238598958264e-03 2.488214396282e-02 1.643920650975e-01 0.000000000000e+00 0.000000000000e+00 0.000000000000e+00 0.000000000000e+00 0.000000000000e+00 
9.640000000000e+00 6.775957370150e-03 1.595103251164e-01 6.890357410720e-04 1.059054510584e+05 1.088339141694e+05 1.000000000000e+05 7.280095596671e+03 5.418368701281e+02 1.800000000000e+06 7.977379055760e+04 1.215381488000e+05 4.861534704000e+05 0.000000000000e+00 0.000000000000e+00 0.000000000000e+00 9.221929962250e-03 2.486960469731e-02 1.640955191827e-01 0.000000000000e+00 0.000000000000e+00 0.000000000000e+00 0.000000000000e+00 0.000000000000e+00 
9.645000000000e+00 6.772494943353e-03 1.591511890261e-01 6.978143467352e-04 1.057097462193e+05 1.086777938447e+05 1.000000000000e+05 7.281040206835e+03 5.420466021961e+02 1.800000000000e+06 7.962757853851e+04 1.215381488000e+05 4.861534704000e+05 0.000000000000e+00 0.000000000000e+00 0.000000000000e+00 9.205027706630e-03 2.485690235194e-02 1.637948142077e-01 0.000000000000e+00 0.000000000000e+00 0.000000000000e+00 0.000000000000e+00 0.000000000000e+00 
9.650000000000e+00 6.768989328321e-03 1.587948020785e-01 7.063807801064e-04 1.055127036337e+05 1.085195215915e+05 1.000000000000e+05 7.281997085670e+03 5.422591047148e+02 1.800000000000e+06 7.947964313433e+04 1.215381488000e+05 4.861534704000e+05 0.000000000000e+00 0.000000000000e+00 0.000000000000e+00 9.187926225971e-03 2.484404080789e-02 1.634905576636e-01 0.000000000000e+00 0.000000000000e+00 0.000000000000e+00 0.000000000000e+00 0.000000000000e+00 
9.655000000000e+00 6.765441560391e-03 1.584398527445e-01 7.147457629412e-04 1.053143180253e+05 1.083591362785e+05 1.000000000000e+05 7.282965979491e+03 5.424743208024e+02 1.800000000000e+06 7.933020380634e+04 1.215381488000e+05 4.861534704000e+05 0.000000000000e+00 0.000000000000e+00 0.000000000000e+00 9.170650890217e-03 2.483102391293e-02 1.631832029271e-01 0.000000000000e+00 0.000000000000e+00 0.000000000000e+00 0.000000000000e+00 0.000000000000e+00 
9.660000000000e+00 6.761852555176e-03 1.580848366807e-01 7.229418578763e-04 1.051144855655e+05 1.081966714802e+05 1.000000000000e+05 7.283946676032e+03 5.426922007456e+02 1.800000000000e+06 7.917940394115e+04 1.215381488000e+05 4.861534704000e+05 0.000000000000e+00 0.000000000000e+00 0.000000000000e+00 9.153218275001e-03 2.481785506293e-02 1.628730468888e-01 0.000000000000e+00 0.000000000000e+00 0.000000000000e+00 0.000000000000e+00 0.000000000000e+00 
9.665000000000e+00 6.758223009234e-03 1.577281129879e-01 7.310198864860e-04 1.049130141672e+05 1.080321509419e+05 1.000000000000e+05 7.284939030129e+03 5.429127080588e+02 1.800000000000e+06 7.902731195194e+04 1.215381488000e+05 4.861534704000e+05 0.000000000000e+00 0.000000000000e+00 0.000000000000e+00 9.135636288957e-03 2.480453683991e-02 1.625602321659e-01 0.000000000000e+00 0.000000000000e+00 0.000000000000e+00 0.000000000000e+00 0.000000000000e+00 
9.670000000000e+00 6.754553319196e-03 1.573679580103e-01 7.390460327490e-04 1.047096317210e+05 1.078655848459e+05 1.000000000000e+05 7.285942984762e+03 5.431358244494e+02 1.800000000000e+06 7.887392464945e+04 1.215381488000e+05 4.861534704000e+05 0.000000000000e+00 0.000000000000e+00 0.000000000000e+00 9.117904563401e-03 2.479107071604e-02 1.622447539891e-01 0.000000000000e+00 0.000000000000e+00 0.000000000000e+00 0.000000000000e+00 0.000000000000e+00 
9.675000000000e+00 6.750843514828e-03 1.570026026816e-01 7.470981504940e-04 1.045039983898e+05 1.076969666764e+05 1.000000000000e+05 7.286958588063e+03 5.433615539593e+02 1.800000000000e+06 7.871917149032e+04 1.215381488000e+05 4.861534704000e+05 0.000000000000e+00 0.000000000000e+00 0.000000000000e+00 9.100014943453e-03 2.477745680929e-02 1.619264689171e-01 0.000000000000e+00 0.000000000000e+00 0.000000000000e+00 0.000000000000e+00 0.000000000000e+00 
9.680000000000e+00 6.747093211499e-03 1.566302844208e-01 7.552622829418e-04 1.042957189305e+05 1.075262709413e+05 1.000000000000e+05 7.287986005182e+03 5.435899259467e+02 1.800000000000e+06 7.856292042295e+04 1.215381488000e+05 4.861534704000e+05 0.000000000000e+00 0.000000000000e+00 0.000000000000e+00 9.081952163814e-03 2.476369370767e-02 1.616051068224e-01 0.000000000000e+00 0.000000000000e+00 0.000000000000e+00 0.000000000000e+00 0.000000000000e+00 
9.685000000000e+00 6.743301580891e-03 1.562493015569e-01 7.636286240499e-04 1.040843582924e+05 1.073534517017e+05 1.000000000000e+05 7.289025525005e+03 5.438209969719e+02 1.800000000000e+06 7.840498492657e+04 1.215381488000e+05 4.861534704000e+05 0.000000000000e+00 0.000000000000e+00 0.000000000000e+00 9.063694662497e-03 2.474977837279e-02 1.612802853371e-01 0.000000000000e+00 0.000000000000e+00 0.000000000000e+00 0.000000000000e+00 0.000000000000e+00 
9.690000000000e+00 6.739467340172e-03 1.558580546641e-01 7.722887535184e-04 1.038694526782e+05 1.071784419288e+05 1.000000000000e+05 7.290077562397e+03 5.440548515702e+02 1.800000000000e+06 7.824513245282e+04 1.215381488000e+05 4.861534704000e+05 0.000000000000e+00 0.000000000000e+00 0.000000000000e+00 9.045215556679e-03 2.473570608773e-02 1.609515271910e-01 0.000000000000e+00 0.000000000000e+00 0.000000000000e+00 0.000000000000e+00 0.000000000000e+00 
9.695000000000e+00 6.735588752380e-03 1.554550550812e-01 7.813325126185e-04 1.036505227106e+05 1.070011533637e+05 1.000000000000e+05 7.291142657252e+03 5.442916023462e+02 1.800000000000e+06 7.808309269120e+04 1.215381488000e+05 4.861534704000e+05 0.000000000000e+00 0.000000000000e+00 0.000000000000e+00 9.026483598195e-03 2.472147046459e-02 1.606182772307e-01 0.000000000000e+00 0.000000000000e+00 0.000000000000e+00 0.000000000000e+00 0.000000000000e+00 
9.700000000000e+00 6.731663647031e-03 1.550389870104e-01 7.908446286657e-04 1.034270886773e+05 1.068214772974e+05 1.000000000000e+05 7.292221467905e+03 5.445313888372e+02 1.800000000000e+06 7.791856660261e+04 1.215381488000e+05 4.861534704000e+05 0.000000000000e+00 0.000000000000e+00 0.000000000000e+00 9.007464217829e-03 2.470706353031e-02 1.602799209570e-01 0.000000000000e+00 0.000000000000e+00 0.000000000000e+00 0.000000000000e+00 0.000000000000e+00 
9.705000000000e+00 6.727689449173e-03 1.546086988279e-01 8.009038217469e-04 1.031986755813e+05 1.066392857393e+05 1.000000000000e+05 7.293314763278e+03 5.447743758588e+02 1.800000000000e+06 7.775123575433e+04 1.215381488000e+05 4.861534704000e+05 0.000000000000e+00 0.000000000000e+00 0.000000000000e+00 8.988120604436e-03 2.469247583551e-02 1.599358037652e-01 0.000000000000e+00 0.000000000000e+00 0.000000000000e+00 0.000000000000e+00 0.000000000000e+00 
9.710000000000e+00 6.723663217883e-03 1.541632353933e-01 8.115789882046e-04 1.029648312254e+05 1.064544330249e+05 1.000000000000e+05 7.294423411170e+03 5.450207512686e+02 1.800000000000e+06 7.758077029079e+04 1.215381488000e+05 4.861534704000e+05 0.000000000000e+00 0.000000000000e+00 0.000000000000e+00 8.968414626386e-03 2.467769657743e-02 1.595852473294e-01 0.000000000000e+00 0.000000000000e+00 0.000000000000e+00 0.000000000000e+00 0.000000000000e+00 
9.715000000000e+00 6.719581703746e-03 1.537018771480e-01 8.229271170795e-04 1.027251378249e+05 1.062667583060e+05 1.000000000000e+05 7.295548362041e+03 5.452707225596e+02 1.800000000000e+06 7.740683853971e+04 1.215381488000e+05 4.861534704000e+05 0.000000000000e+00 0.000000000000e+00 0.000000000000e+00 8.948307942029e-03 2.466271383305e-02 1.592275693431e-01 0.000000000000e+00 0.000000000000e+00 0.000000000000e+00 0.000000000000e+00 0.000000000000e+00 
9.720000000000e+00 6.715441400424e-03 1.532240760444e-01 8.349954332573e-04 1.024792052080e+05 1.060760877839e+05 1.000000000000e+05 7.296690636163e+03 5.455245138041e+02 1.800000000000e+06 7.722911484912e+04 1.215381488000e+05 4.861534704000e+05 0.000000000000e+00 0.000000000000e+00 0.000000000000e+00 8.927762905673e-03 2.464751474323e-02 1.588620997206e-01 0.000000000000e+00 0.000000000000e+00 0.000000000000e+00 0.000000000000e+00 0.000000000000e+00 
9.725000000000e+00 6.711238608436e-03 1.527295065016e-01 8.478172236953e-04 1.022266917959e+05 1.058822375233e+05 1.000000000000e+05 7.297851304682e+03 5.457823618355e+02 1.800000000000e+06 7.704728629762e+04 1.215381488000e+05 4.861534704000e+05 0.000000000000e+00 0.000000000000e+00 0.000000000000e+00 8.906743343292e-03 2.463208573285e-02 1.584881943703e-01 0.000000000000e+00 0.000000000000e+00 0.000000000000e+00 0.000000000000e+00 0.000000000000e+00 
9.730000000000e+00 6.706969499951e-03 1.522180370190e-01 8.614131438202e-04 1.019673021131e+05 1.056850163323e+05 1.000000000000e+05 7.299031472661e+03 5.460445123534e+02 1.800000000000e+06 7.686105949869e+04 1.215381488000e+05 4.861534704000e+05 0.000000000000e+00 0.000000000000e+00 0.000000000000e+00 8.885215339108e-03 2.461641276416e-02 1.581052492367e-01 0.000000000000e+00 0.000000000000e+00 0.000000000000e+00 0.000000000000e+00 0.000000000000e+00 
9.735000000000e+00 6.702630183163e-03 1.516897290358e-01 8.757915008700e-04 1.017007887006e+05 1.054842286463e+05 1.000000000000e+05 7.300232261738e+03 5.463112160363e+02 1.800000000000e+06 7.667016577217e+04 1.215381488000e+05 4.861534704000e+05 0.000000000000e+00 0.000000000000e+00 0.000000000000e+00 8.863147833428e-03 2.460048158013e-02 1.577127109462e-01 0.000000000000e+00 0.000000000000e+00 0.000000000000e+00 0.000000000000e+00 0.000000000000e+00 
9.740000000000e+00 6.698216738932e-03 1.511449102930e-01 8.909521376223e-04 1.014269371838e+05 1.052796761493e+05 1.000000000000e+05 7.301454801892e+03 5.465827263435e+02 1.800000000000e+06 7.647436699174e+04 1.215381488000e+05 4.861534704000e+05 0.000000000000e+00 0.000000000000e+00 0.000000000000e+00 8.840513298612e-03 2.458427807351e-02 1.573100888383e-01 0.000000000000e+00 0.000000000000e+00 0.000000000000e+00 0.000000000000e+00 0.000000000000e+00 
9.745000000000e+00 6.693725292590e-03 1.505840181468e-01 9.068693382507e-04 1.011456437376e+05 1.050711610419e+05 1.000000000000e+05 7.302700204511e+03 5.468592951411e+02 1.800000000000e+06 7.627345816150e+04 1.215381488000e+05 4.861534704000e+05 0.000000000000e+00 0.000000000000e+00 0.000000000000e+00 8.817288036928e-03 2.456778844291e-02 1.568969604006e-01 0.000000000000e+00 0.000000000000e+00 0.000000000000e+00 0.000000000000e+00 0.000000000000e+00 
9.750000000000e+00 6.689152138929e-03 1.500074611270e-01 9.235128560980e-04 1.008568303921e+05 1.048584918137e+05 1.000000000000e+05 7.303969536953e+03 5.471411650258e+02 1.800000000000e+06 7.606726825426e+04 1.215381488000e+05 4.861534704000e+05 0.000000000000e+00 0.000000000000e+00 0.000000000000e+00 8.793452277461e-03 2.455099916641e-02 1.564729729110e-01 0.000000000000e+00 0.000000000000e+00 0.000000000000e+00 0.000000000000e+00 0.000000000000e+00 
9.755000000000e+00 6.684493771150e-03 1.494159262723e-01 9.408410027902e-04 1.005604764942e+05 1.046414845980e+05 1.000000000000e+05 7.305263811558e+03 5.474285675332e+02 1.800000000000e+06 7.585566382881e+04 1.215381488000e+05 4.861534704000e+05 0.000000000000e+00 0.000000000000e+00 0.000000000000e+00 8.768990594275e-03 2.453389737485e-02 1.560378508890e-01 0.000000000000e+00 0.000000000000e+00 0.000000000000e+00 0.000000000000e+00 0.000000000000e+00 
9.760000000000e+00 6.679746921007e-03 1.488102134017e-01 9.588023979946e-04 1.002566133184e+05 1.044199650639e+05 1.000000000000e+05 7.306583975204e+03 5.477217206421e+02 1.800000000000e+06 7.563855073744e+04 1.215381488000e+05 4.861534704000e+05 0.000000000000e+00 0.000000000000e+00 0.000000000000e+00 8.743892103799e-03 2.451647107237e-02 1.555913996639e-01 0.000000000000e+00 0.000000000000e+00 0.000000000000e+00 0.000000000000e+00 0.000000000000e+00 
9.765000000000e+00 6.674908602084e-03 1.481912023171e-01 9.773378556667e-04 9.994531823006e+04 1.041937704777e+05 1.000000000000e+05 7.307930897997e+03 5.480208260687e+02 1.800000000000e+06 7.541587402917e+04 1.215381488000e+05 4.861534704000e+05 0.000000000000e+00 0.000000000000e+00 0.000000000000e+00 8.718150453647e-03 2.449870929852e-02 1.551335052047e-01 0.000000000000e+00 0.000000000000e+00 0.000000000000e+00 0.000000000000e+00 0.000000000000e+00 
9.770000000000e+00 6.669976148809e-03 1.475598448423e-01 9.963791469217e-04 9.962672223568e+04 1.039627515906e+05 1.000000000000e+05 7.309305361722e+03 5.483260668050e+02 1.800000000000e+06 7.518761671001e+04 1.215381488000e+05 4.861534704000e+05 0.000000000000e+00 0.000000000000e+00 0.000000000000e+00 8.691763679294e-03 2.448060225564e-02 1.546641315924e-01 0.000000000000e+00 0.000000000000e+00 0.000000000000e+00 0.000000000000e+00 0.000000000000e+00 
9.775000000000e+00 6.664947254392e-03 1.469171647395e-01 1.015852439675e-03 9.930099719012e+04 1.037267745025e+05 1.000000000000e+05 7.310708050520e+03 5.486376047041e+02 1.800000000000e+06 7.495379929265e+04 1.215381488000e+05 4.861534704000e+05 0.000000000000e+00 0.000000000000e+00 0.000000000000e+00 8.664734152030e-03 2.446214146457e-02 1.541833200651e-01 0.000000000000e+00 0.000000000000e+00 0.000000000000e+00 0.000000000000e+00 0.000000000000e+00 
9.780000000000e+00 6.659819999104e-03 1.462642333377e-01 1.035677988951e-03 9.896835884282e+04 1.034857220978e+05 1.000000000000e+05 7.312139542557e+03 5.489555786452e+02 1.800000000000e+06 7.471447858312e+04 1.215381488000e+05 4.861534704000e+05 0.000000000000e+00 0.000000000000e+00 0.000000000000e+00 8.637068438687e-03 2.444331987279e-02 1.536911865561e-01 0.000000000000e+00 0.000000000000e+00 0.000000000000e+00 0.000000000000e+00 0.000000000000e+00 
9.785000000000e+00 6.654592876372e-03 1.456021717882e-01 1.055771413305e-03 9.862906290548e+04 1.032394954040e+05 1.000000000000e+05 7.313600302916e+03 5.492801028148e+02 1.800000000000e+06 7.446974629603e+04 1.215381488000e+05 4.861534704000e+05 0.000000000000e+00 0.000000000000e+00 0.000000000000e+00 8.608777141568e-03 2.442413194275e-02 1.531879188414e-01 0.000000000000e+00 0.000000000000e+00 0.000000000000e+00 0.000000000000e+00 0.000000000000e+00 
9.790000000000e+00 6.649264811745e-03 1.449321305683e-01 1.076044982071e-03 9.828340073150e+04 1.029880146375e+05 1.000000000000e+05 7.315090678396e+03 5.496112654138e+02 1.800000000000e+06 7.421972732242e+04 1.215381488000e+05 4.861534704000e+05 0.000000000000e+00 0.000000000000e+00 0.000000000000e+00 8.579874698200e-03 2.440457372144e-02 1.526737729895e-01 0.000000000000e+00 0.000000000000e+00 0.000000000000e+00 0.000000000000e+00 0.000000000000e+00 
9.795000000000e+00 6.643835176490e-03 1.442552776673e-01 1.096408595460e-03 9.793169607662e+04 1.027312200185e+05 1.000000000000e+05 7.316610893613e+03 5.499491276819e+02 1.800000000000e+06 7.396457762655e+04 1.215381488000e+05 4.861534704000e+05 0.000000000000e+00 0.000000000000e+00 0.000000000000e+00 8.550379138207e-03 2.438464289008e-02 1.521490690429e-01 0.000000000000e+00 0.000000000000e+00 0.000000000000e+00 0.000000000000e+00 0.000000000000e+00 
9.800000000000e+00 6.638303795676e-03 1.435727861518e-01 1.116771001585e-03 9.757430055383e+04 1.024690723441e+05 1.000000000000e+05 7.318161048687e+03 5.502937232502e+02 1.800000000000e+06 7.370448192322e+04 1.215381488000e+05 4.861534704000e+05 0.000000000000e+00 0.000000000000e+00 0.000000000000e+00 8.520311814806e-03 2.436433879374e-02 1.516141862456e-01 0.000000000000e+00 0.000000000000e+00 0.000000000000e+00 0.000000000000e+00 0.000000000000e+00 
9.805000000000e+00 6.632670951783e-03 1.428858282443e-01 1.137040555823e-03 9.721159086456e+04 1.022015533680e+05 1.000000000000e+05 7.319741117926e+03 5.506450577601e+02 1.800000000000e+06 7.343965120850e+04 1.215381488000e+05 4.861534704000e+05 0.000000000000e+00 0.000000000000e+00 0.000000000000e+00 8.489697119354e-03 2.434366245449e-02 1.510695579636e-01 0.000000000000e+00 0.000000000000e+00 0.000000000000e+00 0.000000000000e+00 0.000000000000e+00 
9.810000000000e+00 6.626937383674e-03 1.421955663632e-01 1.157126130419e-03 9.684396513808e+04 1.019286659744e+05 1.000000000000e+05 7.321350949820e+03 5.510031087600e+02 1.800000000000e+06 7.317032027273e+04 1.215381488000e+05 4.861534704000e+05 0.000000000000e+00 0.000000000000e+00 0.000000000000e+00 8.458562193848e-03 2.432261657077e-02 1.505156665731e-01 0.000000000000e+00 0.000000000000e+00 0.000000000000e+00 0.000000000000e+00 0.000000000000e+00 
9.815000000000e+00 6.621104281436e-03 1.415031439308e-01 1.176938037716e-03 9.647183899180e+04 1.016504341692e+05 1.000000000000e+05 7.322990268174e+03 5.513678258510e+02 1.800000000000e+06 7.289674518212e+04 1.215381488000e+05 4.861534704000e+05 0.000000000000e+00 0.000000000000e+00 0.000000000000e+00 8.426936639798e-03 2.430120549167e-02 1.499530382787e-01 0.000000000000e+00 0.000000000000e+00 0.000000000000e+00 0.000000000000e+00 0.000000000000e+00 
9.820000000000e+00 6.615173276384e-03 1.408096770987e-01 1.196388901257e-03 9.609564155984e+04 1.013669028497e+05 1.000000000000e+05 7.324658674536e+03 5.517391311273e+02 1.800000000000e+06 7.261920059206e+04 1.215381488000e+05 4.861534704000e+05 0.000000000000e+00 0.000000000000e+00 0.000000000000e+00 8.394852207643e-03 2.427943518467e-02 1.493822375938e-01 0.000000000000e+00 0.000000000000e+00 0.000000000000e+00 0.000000000000e+00 0.000000000000e+00 
9.825000000000e+00 6.609146489317e-03 1.401162465025e-01 1.215394625088e-03 9.571581392339e+04 1.010781403770e+05 1.000000000000e+05 7.326355634317e+03 5.521169159581e+02 1.800000000000e+06 7.233797696266e+04 1.215381488000e+05 4.861534704000e+05 0.000000000000e+00 0.000000000000e+00 0.000000000000e+00 8.362342474861e-03 2.425731318574e-02 1.488038616103e-01 0.000000000000e+00 0.000000000000e+00 0.000000000000e+00 0.000000000000e+00 0.000000000000e+00 
9.830000000000e+00 6.603026242970e-03 1.394238985737e-01 1.233873404213e-03 9.533279964375e+04 1.007842250477e+05 1.000000000000e+05 7.328080556198e+03 5.525010588266e+02 1.800000000000e+06 7.205337811380e+04 1.215381488000e+05 4.861534704000e+05 0.000000000000e+00 0.000000000000e+00 0.000000000000e+00 8.329442563333e-03 2.423484854053e-02 1.482185349658e-01 0.000000000000e+00 0.000000000000e+00 0.000000000000e+00 0.000000000000e+00 0.000000000000e+00 
9.835000000000e+00 6.596815494247e-03 1.387336385793e-01 1.251748694812e-03 9.494705317992e+04 1.004852660739e+05 1.000000000000e+05 7.329832671508e+03 5.528913980360e+02 1.800000000000e+06 7.176571853334e+04 1.215381488000e+05 4.861534704000e+05 0.000000000000e+00 0.000000000000e+00 0.000000000000e+00 8.296188828173e-03 2.421205173600e-02 1.476269043020e-01 0.000000000000e+00 0.000000000000e+00 0.000000000000e+00 0.000000000000e+00 0.000000000000e+00 
9.840000000000e+00 6.590517476288e-03 1.380464276159e-01 1.268948208409e-03 9.455902697764e+04 1.001813866965e+05 1.000000000000e+05 7.331611133311e+03 5.532877539514e+02 1.800000000000e+06 7.147532136410e+04 1.215381488000e+05 4.861534704000e+05 0.000000000000e+00 0.000000000000e+00 0.000000000000e+00 8.262618625012e-03 2.418893462085e-02 1.470296341239e-01 0.000000000000e+00 0.000000000000e+00 0.000000000000e+00 0.000000000000e+00 0.000000000000e+00 
9.845000000000e+00 6.584135766878e-03 1.373631628006e-01 1.285404784722e-03 9.416917116782e+04 9.987272770937e+04 1.000000000000e+05 7.333414996902e+03 5.536899245302e+02 1.800000000000e+06 7.118251542259e+04 1.215381488000e+05 4.861534704000e+05 0.000000000000e+00 0.000000000000e+00 0.000000000000e+00 8.228769965367e-03 2.416551030764e-02 1.464274006828e-01 0.000000000000e+00 0.000000000000e+00 0.000000000000e+00 0.000000000000e+00 0.000000000000e+00 
9.850000000000e+00 6.577674263980e-03 1.366846940566e-01 1.301056491984e-03 9.377793208355e+04 9.955944653222e+04 1.000000000000e+05 7.335243225998e+03 5.540976866750e+02 1.800000000000e+06 7.088763296603e+04 1.215381488000e+05 4.861534704000e+05 0.000000000000e+00 0.000000000000e+00 0.000000000000e+00 8.194681258506e-03 2.414179308319e-02 1.458208873567e-01 0.000000000000e+00 0.000000000000e+00 0.000000000000e+00 0.000000000000e+00 0.000000000000e+00 
9.855000000000e+00 6.571137157822e-03 1.360118144872e-01 1.315847382730e-03 9.338574765695e+04 9.924171610517e+04 1.000000000000e+05 7.337094700225e+03 5.545107978138e+02 1.800000000000e+06 7.059100760776e+04 1.215381488000e+05 4.861534704000e+05 0.000000000000e+00 0.000000000000e+00 0.000000000000e+00 8.160391070465e-03 2.411779830593e-02 1.452107803692e-01 0.000000000000e+00 0.000000000000e+00 0.000000000000e+00 0.000000000000e+00 0.000000000000e+00 
9.860000000000e+00 6.564528897886e-03 1.353452321947e-01 1.329728106120e-03 9.299304313696e+04 9.891972352142e+04 1.000000000000e+05 7.338968224032e+03 5.549289978121e+02 1.800000000000e+06 7.029297169447e+04 1.215381488000e+05 4.861534704000e+05 0.000000000000e+00 0.000000000000e+00 0.000000000000e+00 8.125937820852e-03 2.409354228501e-02 1.445977634170e-01 0.000000000000e+00 0.000000000000e+00 0.000000000000e+00 0.000000000000e+00 0.000000000000e+00 
9.865000000000e+00 6.557854165279e-03 1.346856033022e-01 1.342654370765e-03 9.260023661026e+04 9.859366890428e+04 1.000000000000e+05 7.340862533190e+03 5.553520105590e+02 1.800000000000e+06 6.999385385775e+04 1.215381488000e+05 4.861534704000e+05 0.000000000000e+00 0.000000000000e+00 0.000000000000e+00 8.091359499810e-03 2.406904217473e-02 1.439825125938e-01 0.000000000000e+00 0.000000000000e+00 0.000000000000e+00 0.000000000000e+00 0.000000000000e+00 
9.870000000000e+00 6.551117839193e-03 1.340335329180e-01 1.354589337762e-03 9.220772668061e+04 9.826376397727e+04 1.000000000000e+05 7.342776304756e+03 5.557795459416e+02 1.800000000000e+06 6.969397790035e+04 1.215381488000e+05 4.861534704000e+05 0.000000000000e+00 0.000000000000e+00 0.000000000000e+00 8.056693539259e-03 2.404431586165e-02 1.433656940947e-01 0.000000000000e+00 0.000000000000e+00 0.000000000000e+00 0.000000000000e+00 0.000000000000e+00 
9.875000000000e+00 6.544324967459e-03 1.333895483137e-01 1.365501854953e-03 9.181589883817e+04 9.793023081287e+04 1.000000000000e+05 7.344708164111e+03 5.562113015755e+02 1.800000000000e+06 6.939366081032e+04 1.215381488000e+05 4.861534704000e+05 0.000000000000e+00 0.000000000000e+00 0.000000000000e+00 8.021976583334e-03 2.401938184794e-02 1.427479601550e-01 0.000000000000e+00 0.000000000000e+00 0.000000000000e+00 0.000000000000e+00 0.000000000000e+00 
9.880000000000e+00 6.537480734805e-03 1.327541182518e-01 1.375366879704e-03 9.142512193195e+04 9.759330044602e+04 1.000000000000e+05 7.346656693683e+03 5.566469646990e+02 1.800000000000e+06 6.909321103120e+04 1.215381488000e+05 4.861534704000e+05 0.000000000000e+00 0.000000000000e+00 0.000000000000e+00 7.987244288418e-03 2.399425913554e-02 1.421299454682e-01 0.000000000000e+00 0.000000000000e+00 0.000000000000e+00 0.000000000000e+00 0.000000000000e+00 
9.885000000000e+00 6.530590430558e-03 1.321276418572e-01 1.384166132165e-03 9.103574352242e+04 9.725321143648e+04 1.000000000000e+05 7.348620442002e+03 5.570862141200e+02 1.800000000000e+06 6.879292691672e+04 1.215381488000e+05 4.861534704000e+05 0.000000000000e+00 0.000000000000e+00 0.000000000000e+00 7.952531144500e-03 2.396896711308e-02 1.415122640162e-01 0.000000000000e+00 0.000000000000e+00 0.000000000000e+00 0.000000000000e+00 0.000000000000e+00 
9.890000000000e+00 6.523659419576e-03 1.315104627309e-01 1.391886982118e-03 9.064809327661e+04 9.691020856366e+04 1.000000000000e+05 7.350597931140e+03 5.575287219775e+02 1.800000000000e+06 6.849309553499e+04 1.215381488000e+05 4.861534704000e+05 0.000000000000e+00 0.000000000000e+00 0.000000000000e+00 7.917870336940e-03 2.394352544325e-02 1.408955065905e-01 0.000000000000e+00 0.000000000000e+00 0.000000000000e+00 0.000000000000e+00 0.000000000000e+00 
9.895000000000e+00 6.516693110101e-03 1.309028519850e-01 1.398523351878e-03 9.026247713214e+04 9.656454134406e+04 1.000000000000e+05 7.352587665988e+03 5.579741557181e+02 1.800000000000e+06 6.819399138017e+04 1.215381488000e+05 4.861534704000e+05 0.000000000000e+00 0.000000000000e+00 0.000000000000e+00 7.883293597539e-03 2.391795394792e-02 1.402802381577e-01 0.000000000000e+00 0.000000000000e+00 0.000000000000e+00 0.000000000000e+00 0.000000000000e+00 
9.900000000000e+00 6.509696922572e-03 1.303050079398e-01 1.404075265703e-03 8.987917754065e+04 9.621646256712e+04 1.000000000000e+05 7.354588142755e+03 5.584221800326e+02 1.800000000000e+06 6.789587492399e+04 1.215381488000e+05 4.861534704000e+05 0.000000000000e+00 0.000000000000e+00 0.000000000000e+00 7.848831037088e-03 2.389227249345e-02 1.396669948782e-01 0.000000000000e+00 0.000000000000e+00 0.000000000000e+00 0.000000000000e+00 0.000000000000e+00 
9.905000000000e+00 6.502676266090e-03 1.297170680624e-01 1.408546957880e-03 8.949846060262e+04 9.586622718469e+04 1.000000000000e+05 7.356597854717e+03 5.588724583235e+02 1.800000000000e+06 6.759899167281e+04 1.215381488000e+05 4.861534704000e+05 0.000000000000e+00 0.000000000000e+00 0.000000000000e+00 7.814511036369e-03 2.386650092709e-02 1.390562821371e-01 0.000000000000e+00 0.000000000000e+00 0.000000000000e+00 0.000000000000e+00 0.000000000000e+00 
9.910000000000e+00 6.495636420569e-03 1.291391810987e-01 1.411948153929e-03 8.912056402394e+04 9.551408645281e+04 1.000000000000e+05 7.358615326468e+03 5.593246602516e+02 1.800000000000e+06 6.730357209820e+04 1.215381488000e+05 4.861534704000e+05 0.000000000000e+00 0.000000000000e+00 0.000000000000e+00 7.780360238123e-03 2.384065899315e-02 1.384485743768e-01 0.000000000000e+00 0.000000000000e+00 0.000000000000e+00 0.000000000000e+00 0.000000000000e+00 
9.915000000000e+00 6.488582820879e-03 1.285714071543e-01 1.414295103826e-03 8.874570681716e+04 9.516030216183e+04 1.000000000000e+05 7.360639033003e+03 5.597784434764e+02 1.800000000000e+06 6.700983208384e+04 1.215381488000e+05 4.861534704000e+05 0.000000000000e+00 0.000000000000e+00 0.000000000000e+00 7.746403598724e-03 2.381476604534e-02 1.378443160677e-01 0.000000000000e+00 0.000000000000e+00 0.000000000000e+00 0.000000000000e+00 0.000000000000e+00 
9.920000000000e+00 6.481520615655e-03 1.280137293220e-01 1.415606928558e-03 8.837408287555e+04 9.480512456520e+04 1.000000000000e+05 7.362667524488e+03 5.602334820014e+02 1.800000000000e+06 6.671797093465e+04 1.215381488000e+05 4.861534704000e+05 0.000000000000e+00 0.000000000000e+00 0.000000000000e+00 7.712664158016e-03 2.378884115312e-02 1.372439176054e-01 0.000000000000e+00 0.000000000000e+00 0.000000000000e+00 0.000000000000e+00 0.000000000000e+00 
9.925000000000e+00 6.474454903535e-03 1.274660945287e-01 1.415907445741e-03 8.800586461516e+04 9.444880415022e+04 1.000000000000e+05 7.364699359593e+03 5.606894510379e+02 1.800000000000e+06 6.642817114784e+04 1.215381488000e+05 4.861534704000e+05 0.000000000000e+00 0.000000000000e+00 0.000000000000e+00 7.679163012862e-03 2.376290301234e-02 1.366477548091e-01 0.000000000000e+00 0.000000000000e+00 0.000000000000e+00 0.000000000000e+00 0.000000000000e+00 
9.930000000000e+00 6.467390656410e-03 1.269284311862e-01 1.415223519776e-03 8.764120625628e+04 9.409158774830e+04 1.000000000000e+05 7.366733126922e+03 5.611460319757e+02 1.800000000000e+06 6.614059891844e+04 1.215381488000e+05 4.861534704000e+05 0.000000000000e+00 0.000000000000e+00 0.000000000000e+00 7.645919375570e-03 2.373696986473e-02 1.360561699456e-01 0.000000000000e+00 0.000000000000e+00 0.000000000000e+00 0.000000000000e+00 0.000000000000e+00 
9.935000000000e+00 6.460332695912e-03 1.264006049486e-01 1.413586957653e-03 8.728023370563e+04 9.373371727973e+04 1.000000000000e+05 7.368767452853e+03 5.616029139556e+02 1.800000000000e+06 6.585540408086e+04 1.215381488000e+05 4.861534704000e+05 0.000000000000e+00 0.000000000000e+00 0.000000000000e+00 7.612950567152e-03 2.371105940232e-02 1.354694716528e-01 0.000000000000e+00 0.000000000000e+00 0.000000000000e+00 0.000000000000e+00 0.000000000000e+00 
9.940000000000e+00 6.453285679303e-03 1.258824553308e-01 1.411031523882e-03 8.692305714378e+04 9.337542895231e+04 1.000000000000e+05 7.370801004566e+03 5.620597948492e+02 1.800000000000e+06 6.557271982996e+04 1.215381488000e+05 4.861534704000e+05 0.000000000000e+00 0.000000000000e+00 0.000000000000e+00 7.580271985064e-03 2.368518871913e-02 1.348879343260e-01 0.000000000000e+00 0.000000000000e+00 0.000000000000e+00 0.000000000000e+00 0.000000000000e+00 
9.945000000000e+00 6.446254086741e-03 1.253738128640e-01 1.407593830762e-03 8.656976605525e+04 9.301695251316e+04 1.000000000000e+05 7.372832494432e+03 5.625163821620e+02 1.800000000000e+06 6.529266359928e+04 1.215381488000e+05 4.861534704000e+05 0.000000000000e+00 0.000000000000e+00 0.000000000000e+00 7.547897204741e-03 2.365937425666e-02 1.343117999158e-01 0.000000000000e+00 0.000000000000e+00 0.000000000000e+00 0.000000000000e+00 0.000000000000e+00 
9.950000000000e+00 6.439242207197e-03 1.248744615132e-01 1.403312848048e-03 8.622043047093e+04 9.265851041624e+04 1.000000000000e+05 7.374860684230e+03 5.629723940348e+02 1.800000000000e+06 6.501533742633e+04 1.215381488000e+05 4.861534704000e+05 0.000000000000e+00 0.000000000000e+00 0.000000000000e+00 7.515838021821e-03 2.363363175183e-02 1.337412787061e-01 0.000000000000e+00 0.000000000000e+00 0.000000000000e+00 0.000000000000e+00 0.000000000000e+00 
9.955000000000e+00 6.432254130578e-03 1.243841680240e-01 1.398229223128e-03 8.587510342044e+04 9.230031729239e+04 1.000000000000e+05 7.376884387516e+03 5.634275598521e+02 1.800000000000e+06 6.474082819797e+04 1.215381488000e+05 4.861534704000e+05 0.000000000000e+00 0.000000000000e+00 0.000000000000e+00 7.484104480513e-03 2.360797621911e-02 1.331765498024e-01 0.000000000000e+00 0.000000000000e+00 0.000000000000e+00 0.000000000000e+00 0.000000000000e+00 
9.960000000000e+00 6.425293739831e-03 1.239026857728e-01 1.392384986076e-03 8.553382163748e+04 9.194257940788e+04 1.000000000000e+05 7.378902472195e+03 5.638816208593e+02 1.800000000000e+06 6.446920839120e+04 1.215381488000e+05 4.861534704000e+05 0.000000000000e+00 0.000000000000e+00 0.000000000000e+00 7.452704959231e-03 2.358242191259e-02 1.326177626467e-01 0.000000000000e+00 0.000000000000e+00 0.000000000000e+00 0.000000000000e+00 0.000000000000e+00 
9.965000000000e+00 6.418364702676e-03 1.234297361104e-01 1.385823829161e-03 8.519660360607e+04 9.158549409355e+04 1.000000000000e+05 7.380913863489e+03 5.643343308109e+02 1.800000000000e+06 6.420053650712e+04 1.215381488000e+05 4.861534704000e+05 0.000000000000e+00 0.000000000000e+00 0.000000000000e+00 7.421646220759e-03 2.355698230347e-02 1.320650379332e-01 0.000000000000e+00 0.000000000000e+00 0.000000000000e+00 0.000000000000e+00 0.000000000000e+00 
9.970000000000e+00 6.411470468906e-03 1.229650392608e-01 1.378589635442e-03 8.486345597230e+04 9.122924945261e+04 1.000000000000e+05 7.382917544522e+03 5.647854562610e+02 1.800000000000e+06 6.393485762786e+04 1.215381488000e+05 4.861534704000e+05 0.000000000000e+00 0.000000000000e+00 0.000000000000e+00 7.390933476638e-03 2.353167007065e-02 1.315184687220e-01 0.000000000000e+00 0.000000000000e+00 0.000000000000e+00 0.000000000000e+00 0.000000000000e+00 
9.975000000000e+00 6.404614266922e-03 1.225082986272e-01 1.370727158204e-03 8.453437003405e+04 9.087402402376e+04 1.000000000000e+05 7.384912558098e+03 5.652347769073e+02 1.800000000000e+06 6.367220435892e+04 1.215381488000e+05 4.861534704000e+05 0.000000000000e+00 0.000000000000e+00 0.000000000000e+00 7.360570496096e-03 2.350649708995e-02 1.309781223976e-01 0.000000000000e+00 0.000000000000e+00 0.000000000000e+00 0.000000000000e+00 0.000000000000e+00 
9.980000000000e+00 6.397799096522e-03 1.220592883072e-01 1.362281441224e-03 8.420932383423e+04 9.051998624480e+04 1.000000000000e+05 7.386898009023e+03 5.656820861836e+02 1.800000000000e+06 6.341259824874e+04 1.215381488000e+05 4.861534704000e+05 0.000000000000e+00 0.000000000000e+00 0.000000000000e+00 7.330559770152e-03 2.348147432346e-02 1.304440435392e-01 0.000000000000e+00 0.000000000000e+00 0.000000000000e+00 0.000000000000e+00 0.000000000000e+00 
9.985000000000e+00 6.391027728614e-03 1.216176329707e-01 1.353297186572e-03 8.388828489304e+04 9.016729427037e+04 1.000000000000e+05 7.388873064394e+03 5.661271914023e+02 1.800000000000e+06 6.315604959214e+04 1.215381488000e+05 4.861534704000e+05 0.000000000000e+00 0.000000000000e+00 0.000000000000e+00 7.300902488901e-03 2.345661190594e-02 1.299162536393e-01 0.000000000000e+00 0.000000000000e+00 0.000000000000e+00 0.000000000000e+00 0.000000000000e+00 
9.990000000000e+00 6.384302720911e-03 1.211830279509e-01 1.343818947328e-03 8.357120999701e+04 8.981609662332e+04 1.000000000000e+05 7.390836949582e+03 5.665699128449e+02 1.800000000000e+06 6.290255774846e+04 1.215381488000e+05 4.861534704000e+05 0.000000000000e+00 0.000000000000e+00 0.000000000000e+00 7.271598578280e-03 2.343191924743e-02 1.293947516343e-01 0.000000000000e+00 0.000000000000e+00 0.000000000000e+00 0.000000000000e+00 0.000000000000e+00 
9.995000000000e+00 6.377626408156e-03 1.207551610305e-01 1.333890822597e-03 8.325804594114e+04 8.946653152437e+04 1.000000000000e+05 7.392788951416e+03 5.670100845224e+02 1.800000000000e+06 6.265211238033e+04 1.215381488000e+05 4.861534704000e+05 0.000000000000e+00 0.000000000000e+00 0.000000000000e+00 7.242646843278e-03 2.340740493530e-02 1.288795165004e-01 0.000000000000e+00 0.000000000000e+00 0.000000000000e+00 0.000000000000e+00 0.000000000000e+00 
1.000000000000e+01 6.371000905066e-03 1.203337142421e-01 1.323556556494e-03 8.294872908379e+04 8.911872688132e+04 1.000000000000e+05 7.394728417841e+03 5.674475541023e+02 1.800000000000e+06 6.240469417354e+04 1.215381488000e+05 4.861534704000e+05 0.000000000000e+00 0.000000000000e+00 0.000000000000e+00 7.214045051155e-03 2.338307674567e-02 1.283705087343e-01 0.000000000000e+00 0.000000000000e+00 0.000000000000e+00 0.000000000000e+00 0.000000000000e+00 
