9.000000000000e+00 2.461709788867e-03 -2.254397036460e-04 4.316748526513e-04 1.121883056752e+05 1.174857196323e+05 1.000000000000e+05 6.931078077437e+03 5.477864805104e+02 1.800000000000e+06 0.000000000000e+00 -8.752000000000e-01 -8.752000000000e-01 0.000000000000e+00 0.000000000000e+00 0.000000000000e+00 -0.000000000000e+00 6.282982856671e-02 0.000000000000e+00 0.000000000000e+00 0.000000000000e+00 0.000000000000e+00 0.000000000000e+00 0.000000000000e+00 
9.005000000000e+00 2.459547928819e-03 -2.240895818566e-04 4.331586397349e-04 1.118887219033e+05 1.172113544729e+05 1.000000000000e+05 6.932622562846e+03 5.481542439403e+02 1.800000000000e+06 0.000000000000e+00 -8.752000000000e-01 -8.752000000000e-01 0.000000000000e+00 0.000000000000e+00 0.000000000000e+00 -0.000000000000e+00 6.277337379580e-02 0.000000000000e+00 0.000000000000e+00 0.000000000000e+00 0.000000000000e+00 0.000000000000e+00 0.000000000000e+00 
9.010000000000e+00 2.457378608184e-03 -2.235990380293e-04 4.346494471675e-04 1.115874036858e+05 1.169354291007e+05 1.000000000000e+05 6.934174102926e+03 5.485237345997e+02 1.800000000000e+06 0.000000000000e+00 -8.752000000000e-01 -8.752000000000e-01 0.000000000000e+00 0.000000000000e+00 0.000000000000e+00 -0.000000000000e+00 6.271671785078e-02 0.000000000000e+00 0.000000000000e+00 0.000000000000e+00 0.000000000000e+00 0.000000000000e+00 0.000000000000e+00 
9.015000000000e+00 2.455201802557e-03 -2.239398340130e-04 4.361429514826e-04 1.112843919852e+05 1.166579322533e+05 1.000000000000e+05 6.935732730880e+03 5.488949624139e+02 1.800000000000e+06 0.000000000000e+00 -8.752000000000e-01 -8.752000000000e-01 0.000000000000e+00 0.000000000000e+00 0.000000000000e+00 -0.000000000000e+00 6.265986073858e-02 0.000000000000e+00 0.000000000000e+00 0.000000000000e+00 0.000000000000e+00 0.000000000000e+00 0.000000000000e+00 
9.020000000000e+00 2.453017514110e-03 -2.250739815346e-04 4.376340370175e-04 1.109797412057e+05 1.163788559742e+05 1.000000000000e+05 6.937298460053e+03 5.492679328285e+02 1.800000000000e+06 0.000000000000e+00 -8.752000000000e-01 -8.752000000000e-01 0.000000000000e+00 0.000000000000e+00 0.000000000000e+00 -0.000000000000e+00 6.260280339007e-02 0.000000000000e+00 0.000000000000e+00 0.000000000000e+00 0.000000000000e+00 0.000000000000e+00 0.000000000000e+00 
9.025000000000e+00 2.450825762633e-03 -2.269758170915e-04 4.391191393101e-04 1.106734891733e+05 1.160981945009e+05 1.000000000000e+05 6.938871293258e+03 5.496426483147e+02 1.800000000000e+06 0.000000000000e+00 -8.752000000000e-01 -8.752000000000e-01 0.000000000000e+00 0.000000000000e+00 0.000000000000e+00 -0.000000000000e+00 6.254554752669e-02 0.000000000000e+00 0.000000000000e+00 0.000000000000e+00 0.000000000000e+00 0.000000000000e+00 0.000000000000e+00 
9.030000000000e+00 2.448626592624e-03 -2.296063198394e-04 4.405933528470e-04 1.103656937520e+05 1.158159452014e+05 1.000000000000e+05 6.940451213902e+03 5.500191071358e+02 1.800000000000e+06 0.000000000000e+00 -8.752000000000e-01 -8.752000000000e-01 0.000000000000e+00 0.000000000000e+00 0.000000000000e+00 -0.000000000000e+00 6.248809554773e-02 0.000000000000e+00 0.000000000000e+00 0.000000000000e+00 0.000000000000e+00 0.000000000000e+00 0.000000000000e+00 
9.035000000000e+00 2.446420070999e-03 -2.329266450147e-04 4.420524132196e-04 1.100564081414e+05 1.155321083153e+05 1.000000000000e+05 6.942038190076e+03 5.503973037124e+02 1.800000000000e+06 0.000000000000e+00 -8.752000000000e-01 -8.752000000000e-01 0.000000000000e+00 0.000000000000e+00 0.000000000000e+00 -0.000000000000e+00 6.243045050841e-02 0.000000000000e+00 0.000000000000e+00 0.000000000000e+00 0.000000000000e+00 0.000000000000e+00 0.000000000000e+00 
9.040000000000e+00 2.444206285535e-03 -2.368985698035e-04 4.434921051030e-04 1.097456879993e+05 1.152466867851e+05 1.000000000000e+05 6.943632174826e+03 5.507772288667e+02 1.800000000000e+06 0.000000000000e+00 -8.752000000000e-01 -8.752000000000e-01 0.000000000000e+00 0.000000000000e+00 0.000000000000e+00 -0.000000000000e+00 6.237261611530e-02 0.000000000000e+00 0.000000000000e+00 0.000000000000e+00 0.000000000000e+00 0.000000000000e+00 0.000000000000e+00 
9.045000000000e+00 2.441985347048e-03 -2.414897418158e-04 4.449076053394e-04 1.094335999250e+05 1.149596865712e+05 1.000000000000e+05 6.945233103640e+03 5.511588694225e+02 1.800000000000e+06 0.000000000000e+00 -8.752000000000e-01 -8.752000000000e-01 0.000000000000e+00 0.000000000000e+00 0.000000000000e+00 -0.000000000000e+00 6.231459686817e-02 0.000000000000e+00 0.000000000000e+00 0.000000000000e+00 0.000000000000e+00 0.000000000000e+00 0.000000000000e+00 
9.050000000000e+00 2.439757424652e-03 -2.467647004065e-04 4.462794602268e-04 1.091204006546e+05 1.146711212578e+05 1.000000000000e+05 6.946840850822e+03 5.515422021098e+02 1.800000000000e+06 0.000000000000e+00 -8.752000000000e-01 -8.752000000000e-01 0.000000000000e+00 0.000000000000e+00 0.000000000000e+00 -0.000000000000e+00 6.225640011680e-02 0.000000000000e+00 0.000000000000e+00 0.000000000000e+00 0.000000000000e+00 0.000000000000e+00 0.000000000000e+00 
9.055000000000e+00 2.437522964689e-03 -2.533135414810e-04 4.475166248307e-04 1.088072770560e+05 1.143810405974e+05 1.000000000000e+05 6.948454997405e+03 5.519271557570e+02 1.800000000000e+06 0.000000000000e+00 -8.752000000000e-01 -8.752000000000e-01 0.000000000000e+00 0.000000000000e+00 0.000000000000e+00 -0.000000000000e+00 6.219804642918e-02 0.000000000000e+00 0.000000000000e+00 0.000000000000e+00 0.000000000000e+00 0.000000000000e+00 0.000000000000e+00 
9.060000000000e+00 2.435283503766e-03 -2.635007594191e-04 4.482976745431e-04 1.084984418812e+05 1.140896368488e+05 1.000000000000e+05 6.950074036204e+03 5.523134706354e+02 1.800000000000e+06 0.000000000000e+00 -8.752000000000e-01 -8.752000000000e-01 0.000000000000e+00 0.000000000000e+00 0.000000000000e+00 -0.000000000000e+00 6.213960440183e-02 0.000000000000e+00 0.000000000000e+00 0.000000000000e+00 0.000000000000e+00 0.000000000000e+00 0.000000000000e+00 
9.065000000000e+00 2.433043359318e-03 -2.830421205367e-04 4.479306516787e-04 1.082031324304e+05 1.137974671836e+05 1.000000000000e+05 6.951693960334e+03 5.527004050347e+02 1.800000000000e+06 0.000000000000e+00 -8.752000000000e-01 -8.752000000000e-01 0.000000000000e+00 0.000000000000e+00 0.000000000000e+00 -0.000000000000e+00 6.208125195695e-02 0.000000000000e+00 0.000000000000e+00 0.000000000000e+00 0.000000000000e+00 0.000000000000e+00 0.000000000000e+00 
9.070000000000e+00 2.430811033471e-03 -3.196079451432e-04 4.457062123401e-04 1.079314187812e+05 1.135056416654e+05 1.000000000000e+05 6.953307689553e+03 5.530864891671e+02 1.800000000000e+06 0.000000000000e+00 -8.752000000000e-01 -8.752000000000e-01 0.000000000000e+00 0.000000000000e+00 0.000000000000e+00 -0.000000000000e+00 6.202330563046e-02 0.000000000000e+00 0.000000000000e+00 0.000000000000e+00 0.000000000000e+00 0.000000000000e+00 0.000000000000e+00 
9.075000000000e+00 2.428598417372e-03 -3.793017323889e-04 4.407865508507e-04 1.076954946941e+05 1.132157252209e+05 1.000000000000e+05 6.954905485667e+03 5.534696583583e+02 1.800000000000e+06 0.000000000000e+00 -8.752000000000e-01 -8.752000000000e-01 0.000000000000e+00 0.000000000000e+00 0.000000000000e+00 -0.000000000000e+00 6.196619617005e-02 0.000000000000e+00 0.000000000000e+00 0.000000000000e+00 0.000000000000e+00 0.000000000000e+00 0.000000000000e+00 
9.080000000000e+00 2.426420310066e-03 -4.679458659326e-04 4.327261515452e-04 1.075030953130e+05 1.129296793685e+05 1.000000000000e+05 6.956475964548e+03 5.538473328550e+02 1.800000000000e+06 0.000000000000e+00 -8.752000000000e-01 -8.752000000000e-01 0.000000000000e+00 0.000000000000e+00 0.000000000000e+00 -0.000000000000e+00 6.191045072095e-02 0.000000000000e+00 0.000000000000e+00 0.000000000000e+00 0.000000000000e+00 0.000000000000e+00 0.000000000000e+00 
9.085000000000e+00 2.424293824289e-03 -5.894274383742e-04 4.211950491953e-04 1.073608578884e+05 1.126497878502e+05 1.000000000000e+05 6.958006160517e+03 5.542165181678e+02 1.800000000000e+06 0.000000000000e+00 -8.752000000000e-01 -8.752000000000e-01 0.000000000000e+00 0.000000000000e+00 0.000000000000e+00 -0.000000000000e+00 6.185666048950e-02 0.000000000000e+00 0.000000000000e+00 0.000000000000e+00 0.000000000000e+00 0.000000000000e+00 0.000000000000e+00 
9.090000000000e+00 2.422237295534e-03 -7.444229221572e-04 4.060082417203e-04 1.072737911805e+05 1.123785151167e+05 1.000000000000e+05 6.959482353113e+03 5.545739929614e+02 1.800000000000e+06 0.000000000000e+00 -8.752000000000e-01 -8.752000000000e-01 0.000000000000e+00 0.000000000000e+00 0.000000000000e+00 -0.000000000000e+00 6.180543888201e-02 0.000000000000e+00 0.000000000000e+00 0.000000000000e+00 0.000000000000e+00 0.000000000000e+00 0.000000000000e+00 
9.095000000000e+00 2.420269099262e-03 -9.300521153965e-04 3.872020362458e-04 1.072441362297e+05 1.121183501928e+05 1.000000000000e+05 6.960891029056e+03 5.549165147605e+02 1.800000000000e+06 0.000000000000e+00 -8.752000000000e-01 -8.752000000000e-01 0.000000000000e+00 0.000000000000e+00 0.000000000000e+00 -0.000000000000e+00 6.175738965819e-02 0.000000000000e+00 0.000000000000e+00 0.000000000000e+00 0.000000000000e+00 0.000000000000e+00 0.000000000000e+00 
9.100000000000e+00 2.418407149000e-03 -1.140599137736e-03 3.648694799385e-04 1.072733477826e+05 1.118717383078e+05 1.000000000000e+05 6.962219040523e+03 5.552409088097e+02 1.800000000000e+06 0.000000000000e+00 -8.752000000000e-01 -8.752000000000e-01 0.000000000000e+00 0.000000000000e+00 0.000000000000e+00 -0.000000000000e+00 6.171309370049e-02 0.000000000000e+00 0.000000000000e+00 0.000000000000e+00 0.000000000000e+00 0.000000000000e+00 0.000000000000e+00 
9.105000000000e+00 2.416668951060e-03 -1.368538416410e-03 3.390723898382e-04 1.073632000382e+05 1.116410852265e+05 1.000000000000e+05 6.963453459164e+03 5.555440607060e+02 1.800000000000e+06 0.000000000000e+00 -8.752000000000e-01 -8.752000000000e-01 0.000000000000e+00 0.000000000000e+00 0.000000000000e+00 -0.000000000000e+00 6.167311254023e-02 0.000000000000e+00 0.000000000000e+00 0.000000000000e+00 0.000000000000e+00 0.000000000000e+00 0.000000000000e+00 
9.110000000000e+00 2.415071506331e-03 -1.604666283651e-03 3.099343375057e-04 1.075145938281e+05 1.114287409369e+05 1.000000000000e+05 6.964581778570e+03 5.558229359522e+02 1.800000000000e+06 0.000000000000e+00 -8.752000000000e-01 -8.752000000000e-01 0.000000000000e+00 0.000000000000e+00 0.000000000000e+00 -0.000000000000e+00 6.163796718519e-02 0.000000000000e+00 0.000000000000e+00 0.000000000000e+00 0.000000000000e+00 0.000000000000e+00 0.000000000000e+00 
9.115000000000e+00 2.413631025115e-03 -1.840800927769e-03 2.776263750820e-04 1.077276874718e+05 1.112369579590e+05 1.000000000000e+05 6.965592114851e+03 5.560746325320e+02 1.800000000000e+06 0.000000000000e+00 -8.752000000000e-01 -8.752000000000e-01 0.000000000000e+00 0.000000000000e+00 0.000000000000e+00 -0.000000000000e+00 6.160813046518e-02 0.000000000000e+00 0.000000000000e+00 0.000000000000e+00 0.000000000000e+00 0.000000000000e+00 0.000000000000e+00 
9.120000000000e+00 2.412363165071e-03 -2.067430706620e-03 2.421865104102e-04 1.080042038982e+05 1.110679188622e+05 1.000000000000e+05 6.966472808174e+03 5.562963423941e+02 1.800000000000e+06 0.000000000000e+00 -8.752000000000e-01 -8.752000000000e-01 0.000000000000e+00 0.000000000000e+00 0.000000000000e+00 -0.000000000000e+00 6.158407814594e-02 0.000000000000e+00 0.000000000000e+00 0.000000000000e+00 0.000000000000e+00 0.000000000000e+00 0.000000000000e+00 
9.125000000000e+00 2.411283168230e-03 -2.276249647817e-03 2.037339568348e-04 1.083447373432e+05 1.109237503888e+05 1.000000000000e+05 6.967212614242e+03 5.564853305344e+02 1.800000000000e+06 0.000000000000e+00 -8.752000000000e-01 -8.752000000000e-01 0.000000000000e+00 0.000000000000e+00 0.000000000000e+00 -0.000000000000e+00 6.156627320986e-02 0.000000000000e+00 0.000000000000e+00 0.000000000000e+00 0.000000000000e+00 0.000000000000e+00 0.000000000000e+00 
9.130000000000e+00 2.410406077595e-03 -2.459821668710e-03 1.622778753669e-04 1.087511951022e+05 1.108065481598e+05 1.000000000000e+05 6.967800307097e+03 5.566389001764e+02 1.800000000000e+06 0.000000000000e+00 -8.752000000000e-01 -8.752000000000e-01 0.000000000000e+00 0.000000000000e+00 0.000000000000e+00 -0.000000000000e+00 6.155516604857e-02 0.000000000000e+00 0.000000000000e+00 0.000000000000e+00 0.000000000000e+00 0.000000000000e+00 0.000000000000e+00 
9.135000000000e+00 2.409746387420e-03 -2.612978672371e-03 1.179608810096e-04 1.092236620209e+05 1.107183255640e+05 1.000000000000e+05 6.968225266221e+03 5.567544572101e+02 1.800000000000e+06 0.000000000000e+00 -8.752000000000e-01 -8.752000000000e-01 0.000000000000e+00 0.000000000000e+00 0.000000000000e+00 -0.000000000000e+00 6.155118308552e-02 0.000000000000e+00 0.000000000000e+00 0.000000000000e+00 0.000000000000e+00 0.000000000000e+00 0.000000000000e+00 
9.140000000000e+00 2.409317800721e-03 -2.731896247361e-03 7.093756897367e-05 1.097618981466e+05 1.106609766377e+05 1.000000000000e+05 6.968477507958e+03 5.568295561009e+02 1.800000000000e+06 0.000000000000e+00 -8.752000000000e-01 -8.752000000000e-01 0.000000000000e+00 0.000000000000e+00 0.000000000000e+00 -0.000000000000e+00 6.155471226306e-02 0.000000000000e+00 0.000000000000e+00 0.000000000000e+00 0.000000000000e+00 0.000000000000e+00 0.000000000000e+00 
9.145000000000e+00 2.409132433284e-03 -2.814899821184e-03 2.150649153186e-05 1.103635552729e+05 1.106361647795e+05 1.000000000000e+05 6.968548454548e+03 5.568620428616e+02 1.800000000000e+06 0.000000000000e+00 -8.752000000000e-01 -8.752000000000e-01 0.000000000000e+00 0.000000000000e+00 0.000000000000e+00 -0.000000000000e+00 6.156607906335e-02 0.000000000000e+00 0.000000000000e+00 0.000000000000e+00 0.000000000000e+00 0.000000000000e+00 0.000000000000e+00 
9.150000000000e+00 2.409192933417e-03 -2.848980484291e-03 -2.999395005944e-05 1.110244429236e+05 1.106442633897e+05 1.000000000000e+05 6.968436581740e+03 5.568514394607e+02 1.800000000000e+06 0.000000000000e+00 -8.752000000000e-01 -8.752000000000e-01 0.000000000000e+00 0.000000000000e+00 0.000000000000e+00 -0.000000000000e+00 6.158556228387e-02 0.000000000000e+00 0.000000000000e+00 0.000000000000e+00 0.000000000000e+00 0.000000000000e+00 0.000000000000e+00 
9.155000000000e+00 2.409513633290e-03 -2.858650944426e-03 -8.289447240811e-05 1.117376789177e+05 1.106871840600e+05 1.000000000000e+05 6.968132314579e+03 5.567952390964e+02 1.800000000000e+06 0.000000000000e+00 -8.752000000000e-01 -8.752000000000e-01 0.000000000000e+00 0.000000000000e+00 0.000000000000e+00 -0.000000000000e+00 6.161339030621e-02 0.000000000000e+00 0.000000000000e+00 0.000000000000e+00 0.000000000000e+00 0.000000000000e+00 0.000000000000e+00 
9.160000000000e+00 2.410103873544e-03 -2.836688219912e-03 -1.369955110542e-04 1.125016030459e+05 1.107661409343e+05 1.000000000000e+05 6.967629201507e+03 5.566918313069e+02 1.800000000000e+06 0.000000000000e+00 -8.752000000000e-01 -8.752000000000e-01 0.000000000000e+00 0.000000000000e+00 0.000000000000e+00 -0.000000000000e+00 6.164973800526e-02 0.000000000000e+00 0.000000000000e+00 0.000000000000e+00 0.000000000000e+00 0.000000000000e+00 0.000000000000e+00 
9.165000000000e+00 2.410968719413e-03 -2.785102857162e-03 -1.918962050803e-04 1.133113815459e+05 1.108817441494e+05 1.000000000000e+05 6.966924275275e+03 5.565403782506e+02 1.800000000000e+06 0.000000000000e+00 -8.752000000000e-01 -8.752000000000e-01 0.000000000000e+00 0.000000000000e+00 0.000000000000e+00 -0.000000000000e+00 6.169468060225e-02 0.000000000000e+00 0.000000000000e+00 0.000000000000e+00 0.000000000000e+00 0.000000000000e+00 0.000000000000e+00 
9.170000000000e+00 2.412110711406e-03 -2.707441690268e-03 -2.471171394049e-04 1.141608127790e+05 1.110342334444e+05 1.000000000000e+05 6.966016610289e+03 5.563405084430e+02 1.800000000000e+06 0.000000000000e+00 -8.752000000000e-01 -8.752000000000e-01 0.000000000000e+00 0.000000000000e+00 0.000000000000e+00 -0.000000000000e+00 6.174820283435e-02 0.000000000000e+00 0.000000000000e+00 0.000000000000e+00 0.000000000000e+00 0.000000000000e+00 0.000000000000e+00 
9.175000000000e+00 2.413530021211e-03 -2.607464422247e-03 -3.022191638237e-04 1.150438692945e+05 1.112234996760e+05 1.000000000000e+05 6.964907049701e+03 5.560922889910e+02 1.800000000000e+06 0.000000000000e+00 -8.752000000000e-01 -8.752000000000e-01 0.000000000000e+00 0.000000000000e+00 0.000000000000e+00 -0.000000000000e+00 6.181021643826e-02 0.000000000000e+00 0.000000000000e+00 0.000000000000e+00 0.000000000000e+00 0.000000000000e+00 0.000000000000e+00 
9.180000000000e+00 2.415224814917e-03 -2.489352805978e-03 -3.568319452196e-04 1.159551210673e+05 1.114491352010e+05 1.000000000000e+05 6.963597896333e+03 5.557961606832e+02 1.800000000000e+06 0.000000000000e+00 -8.752000000000e-01 -8.752000000000e-01 0.000000000000e+00 0.000000000000e+00 0.000000000000e+00 -0.000000000000e+00 6.188057387538e-02 0.000000000000e+00 0.000000000000e+00 0.000000000000e+00 0.000000000000e+00 0.000000000000e+00 0.000000000000e+00 
9.185000000000e+00 2.417191358226e-03 -2.356536704021e-03 -4.105845332002e-04 1.168888851979e+05 1.117104508228e+05 1.000000000000e+05 6.962092917990e+03 5.554529174959e+02 1.800000000000e+06 0.000000000000e+00 -8.752000000000e-01 -8.752000000000e-01 0.000000000000e+00 0.000000000000e+00 0.000000000000e+00 -0.000000000000e+00 6.195906788948e-02 0.000000000000e+00 0.000000000000e+00 0.000000000000e+00 0.000000000000e+00 0.000000000000e+00 0.000000000000e+00 
9.190000000000e+00 2.419424184348e-03 -2.212409067473e-03 -4.636134936662e-04 1.178456634464e+05 1.120065020097e+05 1.000000000000e+05 6.960396550423e+03 5.550636744710e+02 1.800000000000e+06 0.000000000000e+00 -8.752000000000e-01 -8.752000000000e-01 0.000000000000e+00 0.000000000000e+00 0.000000000000e+00 -0.000000000000e+00 6.204543791402e-02 0.000000000000e+00 0.000000000000e+00 0.000000000000e+00 0.000000000000e+00 0.000000000000e+00 0.000000000000e+00 
9.195000000000e+00 2.421916118928e-03 -2.059805453726e-03 -5.158662778050e-04 1.188233513926e+05 1.123360969307e+05 1.000000000000e+05 6.958514777635e+03 5.546298599484e+02 1.800000000000e+06 0.000000000000e+00 -8.752000000000e-01 -8.752000000000e-01 0.000000000000e+00 0.000000000000e+00 0.000000000000e+00 -0.000000000000e+00 6.213937341582e-02 0.000000000000e+00 0.000000000000e+00 0.000000000000e+00 0.000000000000e+00 0.000000000000e+00 0.000000000000e+00 
9.200000000000e+00 2.424658454778e-03 -1.899567612090e-03 -5.663253727212e-04 1.198075467922e+05 1.126978250514e+05 1.000000000000e+05 6.956455997912e+03 5.541531811675e+02 1.800000000000e+06 0.000000000000e+00 -8.752000000000e-01 -8.752000000000e-01 0.000000000000e+00 0.000000000000e+00 0.000000000000e+00 -0.000000000000e+00 6.224052489733e-02 0.000000000000e+00 0.000000000000e+00 0.000000000000e+00 0.000000000000e+00 0.000000000000e+00 0.000000000000e+00 
9.205000000000e+00 2.427641144557e-03 -1.734265816551e-03 -6.147409885663e-04 1.207934073604e+05 1.130900884453e+05 1.000000000000e+05 6.954228606415e+03 5.536355864855e+02 1.800000000000e+06 0.000000000000e+00 -8.752000000000e-01 -8.752000000000e-01 0.000000000000e+00 0.000000000000e+00 0.000000000000e+00 -0.000000000000e+00 6.234850813119e-02 0.000000000000e+00 0.000000000000e+00 0.000000000000e+00 0.000000000000e+00 0.000000000000e+00 0.000000000000e+00 
9.210000000000e+00 2.430839985534e-03 -1.565449355311e-03 -6.598956459586e-04 1.217622655092e+05 1.135094308104e+05 1.000000000000e+05 6.951852512645e+03 5.530814786630e+02 1.800000000000e+06 0.000000000000e+00 -8.752000000000e-01 -8.752000000000e-01 0.000000000000e+00 0.000000000000e+00 0.000000000000e+00 -0.000000000000e+00 6.246291199090e-02 0.000000000000e+00 0.000000000000e+00 0.000000000000e+00 0.000000000000e+00 0.000000000000e+00 0.000000000000e+00 
9.215000000000e+00 2.434248485601e-03 -1.393847947913e-03 -7.025942836508e-04 1.227231160289e+05 1.139547294188e+05 1.000000000000e+05 6.949332130213e+03 5.524921842463e+02 1.800000000000e+06 0.000000000000e+00 -8.752000000000e-01 -8.752000000000e-01 0.000000000000e+00 0.000000000000e+00 0.000000000000e+00 -0.000000000000e+00 6.258330152539e-02 0.000000000000e+00 0.000000000000e+00 0.000000000000e+00 0.000000000000e+00 0.000000000000e+00 0.000000000000e+00 
9.220000000000e+00 2.437861987228e-03 -1.219928743319e-03 -7.428278665199e-04 1.236749943783e+05 1.144250961374e+05 1.000000000000e+05 6.946671618567e+03 5.518687168014e+02 1.800000000000e+06 0.000000000000e+00 -8.752000000000e-01 -8.752000000000e-01 0.000000000000e+00 0.000000000000e+00 0.000000000000e+00 -0.000000000000e+00 6.270922733015e-02 0.000000000000e+00 0.000000000000e+00 0.000000000000e+00 0.000000000000e+00 0.000000000000e+00 0.000000000000e+00 
9.225000000000e+00 2.441667844447e-03 -1.044080306123e-03 -7.804576744815e-04 1.246143649724e+05 1.149186035454e+05 1.000000000000e+05 6.943881068805e+03 5.512134682641e+02 1.800000000000e+06 0.000000000000e+00 -8.752000000000e-01 -8.752000000000e-01 0.000000000000e+00 0.000000000000e+00 0.000000000000e+00 -0.000000000000e+00 6.284022601090e-02 0.000000000000e+00 0.000000000000e+00 0.000000000000e+00 0.000000000000e+00 0.000000000000e+00 0.000000000000e+00 
9.230000000000e+00 2.445652778943e-03 -8.667601152501e-04 -8.153655199631e-04 1.255379363272e+05 1.154332558358e+05 1.000000000000e+05 6.940970961186e+03 5.505289298423e+02 1.800000000000e+06 0.000000000000e+00 -8.752000000000e-01 -8.752000000000e-01 0.000000000000e+00 0.000000000000e+00 0.000000000000e+00 -0.000000000000e+00 6.297581962073e-02 0.000000000000e+00 0.000000000000e+00 0.000000000000e+00 0.000000000000e+00 0.000000000000e+00 0.000000000000e+00 
9.235000000000e+00 2.449803021714e-03 -6.883366422096e-04 -8.474659456797e-04 1.264428299569e+05 1.159670118863e+05 1.000000000000e+05 6.937952034661e+03 5.498176641314e+02 1.800000000000e+06 0.000000000000e+00 -8.752000000000e-01 -8.752000000000e-01 0.000000000000e+00 0.000000000000e+00 0.000000000000e+00 -0.000000000000e+00 6.311552074069e-02 0.000000000000e+00 0.000000000000e+00 0.000000000000e+00 0.000000000000e+00 0.000000000000e+00 0.000000000000e+00 
9.240000000000e+00 2.454104381325e-03 -5.091667880537e-04 -8.766726373021e-04 1.273261718916e+05 1.165177983341e+05 1.000000000000e+05 6.934835269508e+03 5.490822902019e+02 1.800000000000e+06 0.000000000000e+00 -8.752000000000e-01 -8.752000000000e-01 0.000000000000e+00 0.000000000000e+00 0.000000000000e+00 -0.000000000000e+00 6.325883188692e-02 0.000000000000e+00 0.000000000000e+00 0.000000000000e+00 0.000000000000e+00 0.000000000000e+00 0.000000000000e+00 
9.245000000000e+00 2.458542268210e-03 -3.296582093115e-04 -9.029103994410e-04 1.281852444712e+05 1.170835166106e+05 1.000000000000e+05 6.931631843700e+03 5.483254764882e+02 1.800000000000e+06 0.000000000000e+00 -8.752000000000e-01 -8.752000000000e-01 0.000000000000e+00 0.000000000000e+00 0.000000000000e+00 -0.000000000000e+00 6.340524733472e-02 0.000000000000e+00 0.000000000000e+00 0.000000000000e+00 0.000000000000e+00 0.000000000000e+00 0.000000000000e+00 
9.250000000000e+00 2.463101739260e-03 -1.503427097141e-04 -9.261134714172e-04 1.290174699591e+05 1.176620522035e+05 1.000000000000e+05 6.928353093359e+03 5.475499304665e+02 1.800000000000e+06 0.000000000000e+00 -8.752000000000e-01 -8.752000000000e-01 0.000000000000e+00 0.000000000000e+00 0.000000000000e+00 -0.000000000000e+00 6.355425640243e-02 0.000000000000e+00 0.000000000000e+00 0.000000000000e+00 0.000000000000e+00 0.000000000000e+00 0.000000000000e+00 
9.255000000000e+00 2.467767577312e-03 2.797479032380e-05 -9.462393307489e-04 1.298205871463e+05 1.182512878691e+05 1.000000000000e+05 6.925010429885e+03 5.467583827360e+02 1.800000000000e+06 0.000000000000e+00 -8.752000000000e-01 -8.752000000000e-01 0.000000000000e+00 0.000000000000e+00 0.000000000000e+00 -0.000000000000e+00 6.370534571699e-02 0.000000000000e+00 0.000000000000e+00 0.000000000000e+00 0.000000000000e+00 0.000000000000e+00 0.000000000000e+00 
9.260000000000e+00 2.472524463413e-03 2.043666009534e-04 -9.632722126814e-04 1.305927096808e+05 1.188491278728e+05 1.000000000000e+05 6.921615206311e+03 5.459535558562e+02 1.800000000000e+06 0.000000000000e+00 -8.752000000000e-01 -8.752000000000e-01 0.000000000000e+00 0.000000000000e+00 0.000000000000e+00 -0.000000000000e+00 6.385800425710e-02 0.000000000000e+00 0.000000000000e+00 0.000000000000e+00 0.000000000000e+00 0.000000000000e+00 0.000000000000e+00 
9.265000000000e+00 2.477357019061e-03 3.776673573955e-04 -9.772088912398e-04 1.313321513908e+05 1.194535050361e+05 1.000000000000e+05 6.918178700784e+03 5.451381558111e+02 1.800000000000e+06 0.000000000000e+00 -8.752000000000e-01 -8.752000000000e-01 0.000000000000e+00 0.000000000000e+00 0.000000000000e+00 -0.000000000000e+00 6.401172362865e-02 0.000000000000e+00 0.000000000000e+00 0.000000000000e+00 0.000000000000e+00 0.000000000000e+00 0.000000000000e+00 
9.270000000000e+00 2.482249876163e-03 5.467545512787e-04 -9.880485228912e-04 1.320373064926e+05 1.200623907151e+05 1.000000000000e+05 6.914712076490e+03 5.443148591835e+02 1.800000000000e+06 0.000000000000e+00 -8.752000000000e-01 -8.752000000000e-01 0.000000000000e+00 0.000000000000e+00 0.000000000000e+00 -0.000000000000e+00 6.416600103305e-02 0.000000000000e+00 0.000000000000e+00 0.000000000000e+00 0.000000000000e+00 0.000000000000e+00 0.000000000000e+00 
9.275000000000e+00 2.487187684268e-03 7.103873138791e-04 -9.958043006372e-04 1.327067876644e+05 1.206737964217e+05 1.000000000000e+05 6.911226359677e+03 5.434863112923e+02 1.800000000000e+06 0.000000000000e+00 -8.752000000000e-01 -8.752000000000e-01 0.000000000000e+00 0.000000000000e+00 0.000000000000e+00 -0.000000000000e+00 6.432034058255e-02 0.000000000000e+00 0.000000000000e+00 0.000000000000e+00 0.000000000000e+00 0.000000000000e+00 0.000000000000e+00 
9.280000000000e+00 2.492155277169e-03 8.672819228295e-04 -1.000518617722e-03 1.333396220565e+05 1.212857946661e+05 1.000000000000e+05 6.907732302697e+03 5.426550979658e+02 1.800000000000e+06 0.000000000000e+00 -8.752000000000e-01 -8.752000000000e-01 0.000000000000e+00 0.000000000000e+00 0.000000000000e+00 -0.000000000000e+00 6.447425743692e-02 0.000000000000e+00 0.000000000000e+00 0.000000000000e+00 0.000000000000e+00 0.000000000000e+00 0.000000000000e+00 
9.285000000000e+00 2.497137929723e-03 1.016046466062e-03 -1.002280575672e-03 1.339354817823e+05 1.218965498858e+05 1.000000000000e+05 6.904240183936e+03 5.418237029928e+02 1.800000000000e+06 0.000000000000e+00 -8.752000000000e-01 -8.752000000000e-01 0.000000000000e+00 0.000000000000e+00 0.000000000000e+00 -0.000000000000e+00 6.462728332669e-02 0.000000000000e+00 0.000000000000e+00 0.000000000000e+00 0.000000000000e+00 0.000000000000e+00 0.000000000000e+00 
9.290000000000e+00 2.502121273976e-03 1.155510119420e-03 -1.001160339312e-03 1.344938749420e+05 1.225043066830e+05 1.000000000000e+05 6.900759953386e+03 5.409945231247e+02 1.800000000000e+06 0.000000000000e+00 -8.752000000000e-01 -8.752000000000e-01 0.000000000000e+00 0.000000000000e+00 0.000000000000e+00 -0.000000000000e+00 6.477896885809e-02 0.000000000000e+00 0.000000000000e+00 0.000000000000e+00 0.000000000000e+00 0.000000000000e+00 0.000000000000e+00 
9.295000000000e+00 2.507091087634e-03 1.284979238645e-03 -9.972255295733e-04 1.350143162216e+05 1.231073626681e+05 1.000000000000e+05 6.897301363251e+03 5.401699041913e+02 1.800000000000e+06 0.000000000000e+00 -8.752000000000e-01 -8.752000000000e-01 0.000000000000e+00 0.000000000000e+00 0.000000000000e+00 -0.000000000000e+00 6.492887807099e-02 0.000000000000e+00 0.000000000000e+00 0.000000000000e+00 0.000000000000e+00 0.000000000000e+00 0.000000000000e+00 
9.300000000000e+00 2.512062066975e-03 1.403239376155e-03 -9.906967588145e-04 1.355014377988e+05 1.237075325407e+05 1.000000000000e+05 6.893853799640e+03 5.393473875672e+02 1.800000000000e+06 0.000000000000e+00 -8.752000000000e-01 -8.752000000000e-01 0.000000000000e+00 0.000000000000e+00 0.000000000000e+00 -0.000000000000e+00 6.507661338728e-02 0.000000000000e+00 0.000000000000e+00 0.000000000000e+00 0.000000000000e+00 0.000000000000e+00 0.000000000000e+00 
9.305000000000e+00 2.517042713622e-03 1.509498392951e-03 -9.817173512111e-04 1.359581895604e+05 1.243058527443e+05 1.000000000000e+05 6.890411140113e+03 5.385255625769e+02 1.800000000000e+06 0.000000000000e+00 -8.752000000000e-01 -8.752000000000e-01 0.000000000000e+00 0.000000000000e+00 0.000000000000e+00 -0.000000000000e+00 6.522180958099e-02 0.000000000000e+00 0.000000000000e+00 0.000000000000e+00 0.000000000000e+00 0.000000000000e+00 0.000000000000e+00 
9.310000000000e+00 2.521970891453e-03 1.603983019083e-03 -9.703648009975e-04 1.363787633783e+05 1.248949170853e+05 1.000000000000e+05 6.887016206559e+03 5.377146412718e+02 1.800000000000e+06 0.000000000000e+00 -8.752000000000e-01 -8.752000000000e-01 0.000000000000e+00 0.000000000000e+00 0.000000000000e+00 -0.000000000000e+00 6.536411554637e-02 0.000000000000e+00 0.000000000000e+00 0.000000000000e+00 0.000000000000e+00 0.000000000000e+00 0.000000000000e+00 
9.315000000000e+00 2.526834669432e-03 1.686605494797e-03 -9.567398848821e-04 1.367633480629e+05 1.254734224679e+05 1.000000000000e+05 6.883676772394e+03 5.369164967001e+02 1.800000000000e+06 0.000000000000e+00 -8.752000000000e-01 -8.752000000000e-01 0.000000000000e+00 0.000000000000e+00 0.000000000000e+00 -0.000000000000e+00 6.550319900834e-02 0.000000000000e+00 0.000000000000e+00 0.000000000000e+00 0.000000000000e+00 0.000000000000e+00 0.000000000000e+00 
9.320000000000e+00 2.531623270650e-03 1.758317937384e-03 -9.411210001175e-04 1.371143485930e+05 1.260402270265e+05 1.000000000000e+05 6.880399527517e+03 5.361327939569e+02 1.800000000000e+06 0.000000000000e+00 -8.752000000000e-01 -8.752000000000e-01 0.000000000000e+00 0.000000000000e+00 0.000000000000e+00 -0.000000000000e+00 6.563876965826e-02 0.000000000000e+00 0.000000000000e+00 0.000000000000e+00 0.000000000000e+00 0.000000000000e+00 0.000000000000e+00 
9.325000000000e+00 2.536327031531e-03 1.819686365747e-03 -9.236563086461e-04 1.374327355452e+05 1.265943407534e+05 1.000000000000e+05 6.877190500524e+03 5.353650002670e+02 1.800000000000e+06 0.000000000000e+00 -8.752000000000e-01 -8.752000000000e-01 0.000000000000e+00 0.000000000000e+00 0.000000000000e+00 -0.000000000000e+00 6.577057181065e-02 0.000000000000e+00 0.000000000000e+00 0.000000000000e+00 0.000000000000e+00 0.000000000000e+00 0.000000000000e+00 
9.330000000000e+00 2.540908927967e-03 1.871570104855e-03 -9.046184943311e-04 1.377178915710e+05 1.271315901726e+05 1.000000000000e+05 6.874074245302e+03 5.346190182014e+02 1.800000000000e+06 0.000000000000e+00 -8.752000000000e-01 -8.752000000000e-01 0.000000000000e+00 0.000000000000e+00 0.000000000000e+00 -0.000000000000e+00 6.589839295511e-02 0.000000000000e+00 0.000000000000e+00 0.000000000000e+00 0.000000000000e+00 0.000000000000e+00 0.000000000000e+00 
9.335000000000e+00 2.545359620223e-03 1.914716976995e-03 -8.841889324531e-04 1.379711965196e+05 1.276510992618e+05 1.000000000000e+05 6.871056311935e+03 5.338962032856e+02 1.800000000000e+06 0.000000000000e+00 -8.752000000000e-01 -8.752000000000e-01 0.000000000000e+00 0.000000000000e+00 0.000000000000e+00 -0.000000000000e+00 6.602206415145e-02 0.000000000000e+00 0.000000000000e+00 0.000000000000e+00 0.000000000000e+00 0.000000000000e+00 0.000000000000e+00 
9.340000000000e+00 2.549704473301e-03 1.949609618885e-03 -8.625230855537e-04 1.381975231539e+05 1.281560276091e+05 1.000000000000e+05 6.868118598658e+03 5.331922861094e+02 1.800000000000e+06 0.000000000000e+00 -8.752000000000e-01 -8.752000000000e-01 0.000000000000e+00 0.000000000000e+00 0.000000000000e+00 -0.000000000000e+00 6.614144051119e-02 0.000000000000e+00 0.000000000000e+00 0.000000000000e+00 0.000000000000e+00 0.000000000000e+00 0.000000000000e+00 
9.345000000000e+00 2.553937895061e-03 1.976779863441e-03 -8.398100026076e-04 1.383986722973e+05 1.286459022226e+05 1.000000000000e+05 6.865264183650e+03 5.325080391086e+02 1.800000000000e+06 0.000000000000e+00 -8.752000000000e-01 -8.752000000000e-01 0.000000000000e+00 0.000000000000e+00 0.000000000000e+00 -0.000000000000e+00 6.625640843508e-02 0.000000000000e+00 0.000000000000e+00 0.000000000000e+00 0.000000000000e+00 0.000000000000e+00 0.000000000000e+00 
9.350000000000e+00 2.558055332719e-03 1.996939347123e-03 -8.162606676707e-04 1.385767870152e+05 1.291203744922e+05 1.000000000000e+05 6.862495399633e+03 5.318440632014e+02 1.800000000000e+06 0.000000000000e+00 -8.752000000000e-01 -8.752000000000e-01 0.000000000000e+00 0.000000000000e+00 0.000000000000e+00 -0.000000000000e+00 6.636688995503e-02 0.000000000000e+00 0.000000000000e+00 0.000000000000e+00 0.000000000000e+00 0.000000000000e+00 0.000000000000e+00 
9.355000000000e+00 2.562053150393e-03 2.010759234968e-03 -7.920405391000e-04 1.387335559175e+05 1.295792030470e+05 1.000000000000e+05 6.859814007947e+03 5.312008098721e+02 1.800000000000e+06 0.000000000000e+00 -8.752000000000e-01 -8.752000000000e-01 0.000000000000e+00 0.000000000000e+00 0.000000000000e+00 -0.000000000000e+00 6.647283636295e-02 0.000000000000e+00 0.000000000000e+00 0.000000000000e+00 0.000000000000e+00 0.000000000000e+00 0.000000000000e+00 
9.360000000000e+00 2.565928542932e-03 2.018885825204e-03 -7.673246920859e-04 1.388708456949e+05 1.300222413205e+05 1.000000000000e+05 6.857221196838e+03 5.305785970093e+02 1.800000000000e+06 0.000000000000e+00 -8.752000000000e-01 -8.752000000000e-01 0.000000000000e+00 0.000000000000e+00 0.000000000000e+00 -0.000000000000e+00 6.657422695387e-02 0.000000000000e+00 0.000000000000e+00 0.000000000000e+00 0.000000000000e+00 0.000000000000e+00 0.000000000000e+00 
9.365000000000e+00 2.569679517295e-03 2.021879835470e-03 -7.422631179140e-04 1.389902986422e+05 1.304494332300e+05 1.000000000000e+05 6.854717642460e+03 5.299776136025e+02 1.800000000000e+06 0.000000000000e+00 -8.752000000000e-01 -8.752000000000e-01 0.000000000000e+00 0.000000000000e+00 0.000000000000e+00 -0.000000000000e+00 6.667106644573e-02 0.000000000000e+00 0.000000000000e+00 0.000000000000e+00 0.000000000000e+00 0.000000000000e+00 0.000000000000e+00 
9.370000000000e+00 2.573304809884e-03 2.020261234841e-03 -7.170066024447e-04 1.390936242724e+05 1.308608018486e+05 1.000000000000e+05 6.852303538686e+03 5.293979344855e+02 1.800000000000e+06 0.000000000000e+00 -8.752000000000e-01 -8.752000000000e-01 0.000000000000e+00 0.000000000000e+00 0.000000000000e+00 -0.000000000000e+00 6.676338261812e-02 0.000000000000e+00 0.000000000000e+00 0.000000000000e+00 0.000000000000e+00 0.000000000000e+00 0.000000000000e+00 
9.375000000000e+00 2.576803949948e-03 2.014583766758e-03 -6.917964975091e-04 1.391836352057e+05 1.312564549535e+05 1.000000000000e+05 6.849978450817e+03 5.288395114938e+02 1.800000000000e+06 0.000000000000e+00 -8.752000000000e-01 -8.752000000000e-01 0.000000000000e+00 0.000000000000e+00 0.000000000000e+00 -0.000000000000e+00 6.685122613474e-02 0.000000000000e+00 0.000000000000e+00 0.000000000000e+00 0.000000000000e+00 0.000000000000e+00 0.000000000000e+00 
9.380000000000e+00 2.580176997111e-03 2.005316300793e-03 -6.666749002229e-04 1.392608946789e+05 1.316365539435e+05 1.000000000000e+05 6.847741846304e+03 5.283022164658e+02 1.800000000000e+06 0.000000000000e+00 -8.752000000000e-01 -8.752000000000e-01 0.000000000000e+00 0.000000000000e+00 0.000000000000e+00 -0.000000000000e+00 6.693466068409e-02 0.000000000000e+00 0.000000000000e+00 0.000000000000e+00 0.000000000000e+00 0.000000000000e+00 0.000000000000e+00 
9.385000000000e+00 2.583424315755e-03 1.992444530852e-03 -6.416611568674e-04 1.393257301833e+05 1.320012876410e+05 1.000000000000e+05 6.845593034416e+03 5.277858778057e+02 1.800000000000e+06 0.000000000000e+00 -8.752000000000e-01 -8.752000000000e-01 0.000000000000e+00 0.000000000000e+00 0.000000000000e+00 -0.000000000000e+00 6.701376360657e-02 0.000000000000e+00 0.000000000000e+00 0.000000000000e+00 0.000000000000e+00 0.000000000000e+00 0.000000000000e+00 
9.390000000000e+00 2.586546890397e-03 1.976836537089e-03 -6.168716615916e-04 1.393796349894e+05 1.323509071593e+05 1.000000000000e+05 6.843530812291e+03 5.272902307959e+02 1.800000000000e+06 0.000000000000e+00 -8.752000000000e-01 -8.752000000000e-01 0.000000000000e+00 0.000000000000e+00 0.000000000000e+00 -0.000000000000e+00 6.708862713885e-02 0.000000000000e+00 0.000000000000e+00 0.000000000000e+00 0.000000000000e+00 0.000000000000e+00 0.000000000000e+00 
9.395000000000e+00 2.589546018904e-03 1.959086561704e-03 -5.923495042770e-04 1.394232876989e+05 1.326856908598e+05 1.000000000000e+05 6.841553877675e+03 5.268149668557e+02 1.800000000000e+06 0.000000000000e+00 -8.752000000000e-01 -8.752000000000e-01 0.000000000000e+00 0.000000000000e+00 0.000000000000e+00 -0.000000000000e+00 6.715935091279e-02 0.000000000000e+00 0.000000000000e+00 0.000000000000e+00 0.000000000000e+00 0.000000000000e+00 0.000000000000e+00 
9.400000000000e+00 2.592423214770e-03 1.940095487664e-03 -5.681367211301e-04 1.394573700779e+05 1.330059332556e+05 1.000000000000e+05 6.839660807767e+03 5.263597491999e+02 1.800000000000e+06 0.000000000000e+00 -8.752000000000e-01 -8.752000000000e-01 0.000000000000e+00 0.000000000000e+00 0.000000000000e+00 -0.000000000000e+00 6.722603867510e-02 0.000000000000e+00 0.000000000000e+00 0.000000000000e+00 0.000000000000e+00 0.000000000000e+00 0.000000000000e+00 
9.405000000000e+00 2.595180018782e-03 1.921008274908e-03 -5.442213383122e-04 1.394819469775e+05 1.333119241081e+05 1.000000000000e+05 6.837850248250e+03 5.259242426133e+02 1.800000000000e+06 0.000000000000e+00 -8.752000000000e-01 -8.752000000000e-01 0.000000000000e+00 0.000000000000e+00 0.000000000000e+00 -0.000000000000e+00 6.728879064625e-02 0.000000000000e+00 0.000000000000e+00 0.000000000000e+00 0.000000000000e+00 0.000000000000e+00 0.000000000000e+00 
9.410000000000e+00 2.597817831956e-03 1.903618361079e-03 -5.205479628345e-04 1.394965735197e+05 1.336039302322e+05 1.000000000000e+05 6.836121010754e+03 5.255081395938e+02 1.800000000000e+06 0.000000000000e+00 -8.752000000000e-01 -8.752000000000e-01 0.000000000000e+00 0.000000000000e+00 0.000000000000e+00 -0.000000000000e+00 6.734769582473e-02 0.000000000000e+00 0.000000000000e+00 0.000000000000e+00 0.000000000000e+00 0.000000000000e+00 0.000000000000e+00 
9.415000000000e+00 2.600337347186e-03 1.889706349082e-03 -4.969516185078e-04 1.394994901158e+05 1.338821333164e+05 1.000000000000e+05 6.834472528089e+03 5.251112494535e+02 1.800000000000e+06 0.000000000000e+00 -8.752000000000e-01 -8.752000000000e-01 0.000000000000e+00 0.000000000000e+00 0.000000000000e+00 -0.000000000000e+00 6.740281309430e-02 0.000000000000e+00 0.000000000000e+00 0.000000000000e+00 0.000000000000e+00 0.000000000000e+00 0.000000000000e+00 
9.420000000000e+00 2.602738232139e-03 1.881747930552e-03 -4.731921344316e-04 1.394879853910e+05 1.341465962325e+05 1.000000000000e+05 6.832905019820e+03 5.247335472551e+02 1.800000000000e+06 0.000000000000e+00 -8.752000000000e-01 -8.752000000000e-01 0.000000000000e+00 0.000000000000e+00 0.000000000000e+00 -0.000000000000e+00 6.745415822245e-02 0.000000000000e+00 0.000000000000e+00 0.000000000000e+00 0.000000000000e+00 0.000000000000e+00 0.000000000000e+00 
9.425000000000e+00 2.605018878820e-03 1.882822175530e-03 -4.490255844413e-04 1.394591795695e+05 1.343972369808e+05 1.000000000000e+05 6.831419568939e+03 5.243752120303e+02 1.800000000000e+06 0.000000000000e+00 -8.752000000000e-01 -8.752000000000e-01 0.000000000000e+00 0.000000000000e+00 0.000000000000e+00 -0.000000000000e+00 6.750170197380e-02 0.000000000000e+00 0.000000000000e+00 0.000000000000e+00 0.000000000000e+00 0.000000000000e+00 0.000000000000e+00 
9.430000000000e+00 2.607176425201e-03 1.895679925268e-03 -4.242024329046e-04 1.394100046493e+05 1.346338325732e+05 1.000000000000e+05 6.830018105543e+03 5.240366222167e+02 1.800000000000e+06 0.000000000000e+00 -8.752000000000e-01 -8.752000000000e-01 0.000000000000e+00 0.000000000000e+00 0.000000000000e+00 -0.000000000000e+00 6.754537429715e-02 0.000000000000e+00 0.000000000000e+00 0.000000000000e+00 0.000000000000e+00 0.000000000000e+00 0.000000000000e+00 
9.435000000000e+00 2.609207010571e-03 1.922003984869e-03 -3.985834389713e-04 1.393385335898e+05 1.348560481687e+05 1.000000000000e+05 6.828703096735e+03 5.237183147092e+02 1.800000000000e+06 0.000000000000e+00 -8.752000000000e-01 -8.752000000000e-01 0.000000000000e+00 0.000000000000e+00 0.000000000000e+00 -0.000000000000e+00 6.758507741594e-02 0.000000000000e+00 0.000000000000e+00 0.000000000000e+00 0.000000000000e+00 0.000000000000e+00 0.000000000000e+00 
9.440000000000e+00 2.611106638501e-03 1.961385097049e-03 -3.722128428534e-04 1.392448853931e+05 1.350635319290e+05 1.000000000000e+05 6.827476887644e+03 5.234208492685e+02 1.800000000000e+06 0.000000000000e+00 -8.752000000000e-01 -8.752000000000e-01 0.000000000000e+00 0.000000000000e+00 0.000000000000e+00 -0.000000000000e+00 6.762072160472e-02 0.000000000000e+00 0.000000000000e+00 0.000000000000e+00 0.000000000000e+00 0.000000000000e+00 0.000000000000e+00 
9.445000000000e+00 2.612872140355e-03 2.011158501246e-03 -3.453106643600e-04 1.391312291944e+05 1.352560196191e+05 1.000000000000e+05 6.826341075705e+03 5.231446581509e+02 1.800000000000e+06 0.000000000000e+00 -8.752000000000e-01 -8.752000000000e-01 0.000000000000e+00 0.000000000000e+00 0.000000000000e+00 -0.000000000000e+00 6.765224477481e-02 0.000000000000e+00 0.000000000000e+00 0.000000000000e+00 0.000000000000e+00 0.000000000000e+00 0.000000000000e+00 
9.450000000000e+00 2.614502122762e-03 2.066081046671e-03 -3.182938622394e-04 1.390021131289e+05 1.354334364168e+05 1.000000000000e+05 6.825295864136e+03 5.228898990666e+02 1.800000000000e+06 0.000000000000e+00 -8.752000000000e-01 -8.752000000000e-01 0.000000000000e+00 0.000000000000e+00 0.000000000000e+00 -0.000000000000e+00 6.767965216924e-02 0.000000000000e+00 0.000000000000e+00 0.000000000000e+00 0.000000000000e+00 0.000000000000e+00 0.000000000000e+00 
9.455000000000e+00 2.615997334565e-03 2.118905905638e-03 -2.915740203292e-04 1.388622293032e+05 1.355959349485e+05 1.000000000000e+05 6.824340065187e+03 5.226563993318e+02 1.800000000000e+06 0.000000000000e+00 -8.752000000000e-01 -8.752000000000e-01 0.000000000000e+00 0.000000000000e+00 0.000000000000e+00 -0.000000000000e+00 6.770303589527e-02 0.000000000000e+00 0.000000000000e+00 0.000000000000e+00 0.000000000000e+00 0.000000000000e+00 0.000000000000e+00 
9.460000000000e+00 2.617360734212e-03 2.162517429805e-03 -2.655718513175e-04 1.387165873841e+05 1.357439009052e+05 1.000000000000e+05 6.823471043129e+03 5.224436466955e+02 1.800000000000e+06 0.000000000000e+00 -8.752000000000e-01 -8.752000000000e-01 0.000000000000e+00 0.000000000000e+00 0.000000000000e+00 -0.000000000000e+00 6.772254898231e-02 0.000000000000e+00 0.000000000000e+00 0.000000000000e+00 0.000000000000e+00 0.000000000000e+00 0.000000000000e+00 
9.465000000000e+00 2.618597009449e-03 2.191200977842e-03 -2.406083771152e-04 1.385692497580e+05 1.358778997357e+05 1.000000000000e+05 6.822685163065e+03 5.222508652275e+02 1.800000000000e+06 0.000000000000e+00 -8.752000000000e-01 -8.752000000000e-01 0.000000000000e+00 0.000000000000e+00 0.000000000000e+00 -0.000000000000e+00 6.773838921556e-02 0.000000000000e+00 0.000000000000e+00 0.000000000000e+00 0.000000000000e+00 0.000000000000e+00 0.000000000000e+00 
9.470000000000e+00 2.619711517103e-03 2.199877485543e-03 -2.166572628846e-04 1.384204573661e+05 1.359985613710e+05 1.000000000000e+05 6.821978783301e+03 5.220771809389e+02 1.800000000000e+06 0.000000000000e+00 -8.752000000000e-01 -8.752000000000e-01 0.000000000000e+00 0.000000000000e+00 0.000000000000e+00 -0.000000000000e+00 6.775076250084e-02 0.000000000000e+00 0.000000000000e+00 0.000000000000e+00 0.000000000000e+00 0.000000000000e+00 0.000000000000e+00 
9.475000000000e+00 2.620709155972e-03 2.185936006425e-03 -1.936101939507e-04 1.382694880987e+05 1.361064587011e+05 1.000000000000e+05 6.821348682256e+03 5.219217970454e+02 1.800000000000e+06 0.000000000000e+00 -8.752000000000e-01 -8.752000000000e-01 0.000000000000e+00 0.000000000000e+00 0.000000000000e+00 -0.000000000000e+00 6.775985336871e-02 0.000000000000e+00 0.000000000000e+00 0.000000000000e+00 0.000000000000e+00 0.000000000000e+00 0.000000000000e+00 
9.480000000000e+00 2.621593996706e-03 2.149321405784e-03 -1.712853932416e-04 1.381147146317e+05 1.362020685319e+05 1.000000000000e+05 6.820792289249e+03 5.217840508469e+02 1.800000000000e+06 0.000000000000e+00 -8.752000000000e-01 -8.752000000000e-01 0.000000000000e+00 0.000000000000e+00 0.000000000000e+00 -0.000000000000e+00 6.776581152321e-02 0.000000000000e+00 0.000000000000e+00 0.000000000000e+00 0.000000000000e+00 0.000000000000e+00 0.000000000000e+00 
9.485000000000e+00 2.622369111892e-03 2.091632935859e-03 -1.494873138534e-04 1.379542535859e+05 1.362857542130e+05 1.000000000000e+05 6.820307723019e+03 5.216634394093e+02 1.800000000000e+06 0.000000000000e+00 -8.752000000000e-01 -8.752000000000e-01 0.000000000000e+00 0.000000000000e+00 0.000000000000e+00 -0.000000000000e+00 6.776874849920e-02 0.000000000000e+00 0.000000000000e+00 0.000000000000e+00 0.000000000000e+00 0.000000000000e+00 0.000000000000e+00 
9.490000000000e+00 2.623036610282e-03 2.015621131711e-03 -1.280272980410e-04 1.377861986389e+05 1.363577701849e+05 1.000000000000e+05 6.819893742464e+03 5.215596135739e+02 1.800000000000e+06 0.000000000000e+00 -8.752000000000e-01 -8.752000000000e-01 0.000000000000e+00 0.000000000000e+00 0.000000000000e+00 -0.000000000000e+00 6.776874257309e-02 0.000000000000e+00 0.000000000000e+00 0.000000000000e+00 0.000000000000e+00 0.000000000000e+00 0.000000000000e+00 
9.495000000000e+00 2.623597992621e-03 1.924591991759e-03 -1.060953645732e-04 1.376016501773e+05 1.364183009937e+05 1.000000000000e+05 6.819550251756e+03 5.214723221237e+02 1.800000000000e+06 0.000000000000e+00 -8.752000000000e-01 -8.752000000000e-01 0.000000000000e+00 0.000000000000e+00 0.000000000000e+00 -0.000000000000e+00 6.776585265449e-02 0.000000000000e+00 0.000000000000e+00 0.000000000000e+00 0.000000000000e+00 0.000000000000e+00 0.000000000000e+00 
9.500000000000e+00 2.624054437927e-03 1.822662819425e-03 -8.436161786052e-05 1.374081858994e+05 1.364674925362e+05 1.000000000000e+05 6.819275632200e+03 5.214013669743e+02 1.800000000000e+06 0.000000000000e+00 -8.752000000000e-01 -8.752000000000e-01 0.000000000000e+00 0.000000000000e+00 0.000000000000e+00 -0.000000000000e+00 6.776013112455e-02 0.000000000000e+00 0.000000000000e+00 0.000000000000e+00 0.000000000000e+00 0.000000000000e+00 0.000000000000e+00 
9.505000000000e+00 2.624406884673e-03 1.713279639953e-03 -6.290394094440e-05 1.372067444195e+05 1.365054610447e+05 1.000000000000e+05 6.819069133404e+03 5.213465903724e+02 1.800000000000e+06 0.000000000000e+00 -8.752000000000e-01 -8.752000000000e-01 0.000000000000e+00 0.000000000000e+00 0.000000000000e+00 -0.000000000000e+00 6.775163617211e-02 0.000000000000e+00 0.000000000000e+00 0.000000000000e+00 0.000000000000e+00 0.000000000000e+00 0.000000000000e+00 
9.510000000000e+00 2.624656950692e-03 1.599173681640e-03 -4.255000476689e-05 1.370066924333e+05 1.365323923162e+05 1.000000000000e+05 6.818928685021e+03 5.213077318252e+02 1.800000000000e+06 0.000000000000e+00 -8.752000000000e-01 -8.752000000000e-01 0.000000000000e+00 0.000000000000e+00 0.000000000000e+00 -0.000000000000e+00 6.774043975141e-02 0.000000000000e+00 0.000000000000e+00 0.000000000000e+00 0.000000000000e+00 0.000000000000e+00 0.000000000000e+00 
9.515000000000e+00 2.624806701839e-03 1.483443720592e-03 -2.266313933982e-05 1.368011187086e+05 1.365485168623e+05 1.000000000000e+05 6.818853658920e+03 5.212844640003e+02 1.800000000000e+06 0.000000000000e+00 -8.752000000000e-01 -8.752000000000e-01 0.000000000000e+00 0.000000000000e+00 0.000000000000e+00 -0.000000000000e+00 6.772662566596e-02 0.000000000000e+00 0.000000000000e+00 0.000000000000e+00 0.000000000000e+00 0.000000000000e+00 0.000000000000e+00 
9.520000000000e+00 2.624858591760e-03 1.366321007223e-03 -3.323049724778e-06 1.365911409842e+05 1.365541035909e+05 1.000000000000e+05 6.818842337063e+03 5.212764019534e+02 1.800000000000e+06 0.000000000000e+00 -8.752000000000e-01 -8.752000000000e-01 0.000000000000e+00 0.000000000000e+00 0.000000000000e+00 -0.000000000000e+00 6.771029329111e-02 0.000000000000e+00 0.000000000000e+00 0.000000000000e+00 0.000000000000e+00 0.000000000000e+00 0.000000000000e+00 
9.525000000000e+00 2.624818365219e-03 1.253561862599e-03 1.520247340070e-05 1.363803279952e+05 1.365497726249e+05 1.000000000000e+05 6.818890624727e+03 5.212826518617e+02 1.800000000000e+06 0.000000000000e+00 -8.752000000000e-01 -8.752000000000e-01 0.000000000000e+00 0.000000000000e+00 0.000000000000e+00 -0.000000000000e+00 6.769155701937e-02 0.000000000000e+00 0.000000000000e+00 0.000000000000e+00 0.000000000000e+00 0.000000000000e+00 0.000000000000e+00 
9.530000000000e+00 2.624688251003e-03 1.145834473502e-03 3.301739687057e-05 1.361677281657e+05 1.365357627913e+05 1.000000000000e+05 6.818997185145e+03 5.213028683357e+02 1.800000000000e+06 0.000000000000e+00 -8.752000000000e-01 -8.752000000000e-01 0.000000000000e+00 0.000000000000e+00 0.000000000000e+00 -0.000000000000e+00 6.767053876168e-02 0.000000000000e+00 0.000000000000e+00 0.000000000000e+00 0.000000000000e+00 0.000000000000e+00 0.000000000000e+00 
9.535000000000e+00 2.624471682917e-03 1.043276211926e-03 5.008125226639e-05 1.359541310306e+05 1.365124402299e+05 1.000000000000e+05 6.819159725868e+03 5.213365206721e+02 1.800000000000e+06 0.000000000000e+00 -8.752000000000e-01 -8.752000000000e-01 0.000000000000e+00 0.000000000000e+00 0.000000000000e+00 -0.000000000000e+00 6.764737027178e-02 0.000000000000e+00 0.000000000000e+00 0.000000000000e+00 0.000000000000e+00 0.000000000000e+00 0.000000000000e+00 
9.540000000000e+00 2.624172465527e-03 9.461552996204e-04 6.637372845522e-05 1.357401435231e+05 1.364802089119e+05 1.000000000000e+05 6.819375740302e+03 5.213830222040e+02 1.800000000000e+06 0.000000000000e+00 -8.752000000000e-01 -8.752000000000e-01 0.000000000000e+00 0.000000000000e+00 0.000000000000e+00 -0.000000000000e+00 6.762218657382e-02 0.000000000000e+00 0.000000000000e+00 0.000000000000e+00 0.000000000000e+00 0.000000000000e+00 0.000000000000e+00 
9.545000000000e+00 2.623794409776e-03 8.543820513709e-04 8.190667599981e-05 1.355260169957e+05 1.364394717462e+05 1.000000000000e+05 6.819642760461e+03 5.214417866489e+02 1.800000000000e+06 0.000000000000e+00 -8.752000000000e-01 -8.752000000000e-01 0.000000000000e+00 0.000000000000e+00 0.000000000000e+00 -0.000000000000e+00 6.759511945104e-02 0.000000000000e+00 0.000000000000e+00 0.000000000000e+00 0.000000000000e+00 0.000000000000e+00 0.000000000000e+00 
9.550000000000e+00 2.623341176388e-03 7.675539969810e-04 9.671865196882e-05 1.353116908661e+05 1.363906140161e+05 1.000000000000e+05 6.819958452663e+03 5.215122522039e+02 1.800000000000e+06 0.000000000000e+00 -8.752000000000e-01 -8.752000000000e-01 0.000000000000e+00 0.000000000000e+00 0.000000000000e+00 -0.000000000000e+00 6.756629245940e-02 0.000000000000e+00 0.000000000000e+00 0.000000000000e+00 0.000000000000e+00 0.000000000000e+00 0.000000000000e+00 
9.555000000000e+00 2.622816193084e-03 6.850802830435e-04 1.108626157519e-04 1.350969204316e+05 1.363339947123e+05 1.000000000000e+05 6.820320656782e+03 5.215938942146e+02 1.800000000000e+06 0.000000000000e+00 -8.752000000000e-01 -8.752000000000e-01 0.000000000000e+00 0.000000000000e+00 0.000000000000e+00 -0.000000000000e+00 6.753581867390e-02 0.000000000000e+00 0.000000000000e+00 0.000000000000e+00 0.000000000000e+00 0.000000000000e+00 0.000000000000e+00 
9.560000000000e+00 2.622222583166e-03 6.062809159127e-04 1.244024689867e-04 1.348813072173e+05 1.362699390309e+05 1.000000000000e+05 6.820727428620e+03 5.216862361221e+02 1.800000000000e+06 0.000000000000e+00 -8.752000000000e-01 -8.752000000000e-01 0.000000000000e+00 0.000000000000e+00 0.000000000000e+00 -0.000000000000e+00 6.750379877217e-02 0.000000000000e+00 0.000000000000e+00 0.000000000000e+00 0.000000000000e+00 0.000000000000e+00 0.000000000000e+00 
9.565000000000e+00 2.621563133969e-03 5.304894848553e-04 1.374066272203e-04 1.346643667328e+05 1.361987351085e+05 1.000000000000e+05 6.821177052735e+03 5.217888542609e+02 1.800000000000e+06 0.000000000000e+00 -8.752000000000e-01 -8.752000000000e-01 0.000000000000e+00 0.000000000000e+00 0.000000000000e+00 -0.000000000000e+00 6.747032069829e-02 0.000000000000e+00 0.000000000000e+00 0.000000000000e+00 0.000000000000e+00 0.000000000000e+00 0.000000000000e+00 
9.570000000000e+00 2.620840321899e-03 4.570125863040e-04 1.499358378021e-04 1.344456667560e+05 1.361206368178e+05 1.000000000000e+05 6.821668011339e+03 5.219013738892e+02 1.800000000000e+06 0.000000000000e+00 -8.752000000000e-01 -8.752000000000e-01 0.000000000000e+00 0.000000000000e+00 0.000000000000e+00 -0.000000000000e+00 6.743545996921e-02 0.000000000000e+00 0.000000000000e+00 0.000000000000e+00 0.000000000000e+00 0.000000000000e+00 0.000000000000e+00 
9.575000000000e+00 2.620056308802e-03 3.852915328142e-04 1.620531112935e-04 1.342247156977e+05 1.360358634320e+05 1.000000000000e+05 6.822198998275e+03 5.220234697089e+02 1.800000000000e+06 0.000000000000e+00 -8.752000000000e-01 -8.752000000000e-01 0.000000000000e+00 0.000000000000e+00 0.000000000000e+00 -0.000000000000e+00 6.739928008674e-02 0.000000000000e+00 0.000000000000e+00 0.000000000000e+00 0.000000000000e+00 0.000000000000e+00 0.000000000000e+00 
9.580000000000e+00 2.619212977581e-03 3.149061449947e-04 1.738103871066e-04 1.340011151246e+05 1.359446034981e+05 1.000000000000e+05 6.822768879760e+03 5.221548603006e+02 1.800000000000e+06 0.000000000000e+00 -8.752000000000e-01 -8.752000000000e-01 0.000000000000e+00 0.000000000000e+00 0.000000000000e+00 -0.000000000000e+00 6.736183468275e-02 0.000000000000e+00 0.000000000000e+00 0.000000000000e+00 0.000000000000e+00 0.000000000000e+00 0.000000000000e+00 
9.585000000000e+00 2.618311974593e-03 2.455209269559e-04 1.852546170152e-04 1.337744962667e+05 1.358470194321e+05 1.000000000000e+05 6.823376673604e+03 5.222953015115e+02 1.800000000000e+06 0.000000000000e+00 -8.752000000000e-01 -8.752000000000e-01 0.000000000000e+00 0.000000000000e+00 0.000000000000e+00 -0.000000000000e+00 6.732316871635e-02 0.000000000000e+00 0.000000000000e+00 0.000000000000e+00 0.000000000000e+00 0.000000000000e+00 0.000000000000e+00 
9.590000000000e+00 2.617354734164e-03 1.769472362078e-04 1.964236298476e-04 1.335445688201e+05 1.357432501695e+05 1.000000000000e+05 6.824021528176e+03 5.224445826375e+02 1.800000000000e+06 0.000000000000e+00 -8.752000000000e-01 -8.752000000000e-01 0.000000000000e+00 0.000000000000e+00 0.000000000000e+00 -0.000000000000e+00 6.728332000735e-02 0.000000000000e+00 0.000000000000e+00 0.000000000000e+00 0.000000000000e+00 0.000000000000e+00 0.000000000000e+00 
9.595000000000e+00 2.616342541903e-03 1.091029051121e-04 2.073425414067e-04 1.333111681141e+05 1.356334180199e+05 1.000000000000e+05 6.824702676399e+03 5.226025165550e+02 1.800000000000e+06 0.000000000000e+00 -8.752000000000e-01 -8.752000000000e-01 0.000000000000e+00 0.000000000000e+00 0.000000000000e+00 -0.000000000000e+00 6.724232142767e-02 0.000000000000e+00 0.000000000000e+00 0.000000000000e+00 0.000000000000e+00 0.000000000000e+00 0.000000000000e+00 
9.600000000000e+00 2.615276591233e-03 4.202704758164e-05 2.180249876956e-04 1.330742477344e+05 1.355176348068e+05 1.000000000000e+05 6.825419399842e+03 5.227689308952e+02 1.800000000000e+06 0.000000000000e+00 -8.752000000000e-01 -8.752000000000e-01 0.000000000000e+00 0.000000000000e+00 0.000000000000e+00 -0.000000000000e+00 6.720020299811e-02 0.000000000000e+00 0.000000000000e+00 0.000000000000e+00 0.000000000000e+00 0.000000000000e+00 0.000000000000e+00 
9.605000000000e+00 2.614158052873e-03 -2.409542557152e-05 2.284719909290e-04 1.328339001899e+05 1.353960094414e+05 1.000000000000e+05 6.826170981379e+03 5.229436571751e+02 1.800000000000e+06 0.000000000000e+00 -8.752000000000e-01 -8.752000000000e-01 0.000000000000e+00 0.000000000000e+00 0.000000000000e+00 -0.000000000000e+00 6.715699451123e-02 0.000000000000e+00 0.000000000000e+00 0.000000000000e+00 0.000000000000e+00 0.000000000000e+00 0.000000000000e+00 
9.610000000000e+00 2.612988111473e-03 -8.905151035496e-05 2.386781200692e-04 1.325902922808e+05 1.352686519623e+05 1.000000000000e+05 6.826956688072e+03 5.231265250296e+02 1.800000000000e+06 0.000000000000e+00 -8.752000000000e-01 -8.752000000000e-01 0.000000000000e+00 0.000000000000e+00 0.000000000000e+00 -0.000000000000e+00 6.711272630071e-02 0.000000000000e+00 0.000000000000e+00 0.000000000000e+00 0.000000000000e+00 0.000000000000e+00 0.000000000000e+00 
9.615000000000e+00 2.611767979165e-03 -1.525866315198e-04 2.486375561127e-04 1.323435987979e+05 1.351356750822e+05 1.000000000000e+05 6.827775769165e+03 5.233173600365e+02 1.800000000000e+06 0.000000000000e+00 -8.752000000000e-01 -8.752000000000e-01 0.000000000000e+00 0.000000000000e+00 0.000000000000e+00 -0.000000000000e+00 6.706742953629e-02 0.000000000000e+00 0.000000000000e+00 0.000000000000e+00 0.000000000000e+00 0.000000000000e+00 0.000000000000e+00 
9.620000000000e+00 2.610498919489e-03 -2.144184030418e-04 2.583365423457e-04 1.320940901216e+05 1.349971968799e+05 1.000000000000e+05 6.828627431034e+03 5.235159799071e+02 1.800000000000e+06 0.000000000000e+00 -8.752000000000e-01 -8.752000000000e-01 0.000000000000e+00 0.000000000000e+00 0.000000000000e+00 -0.000000000000e+00 6.702113731599e-02 0.000000000000e+00 0.000000000000e+00 0.000000000000e+00 0.000000000000e+00 0.000000000000e+00 0.000000000000e+00 
9.625000000000e+00 2.609182263711e-03 -2.742518075107e-04 2.677639807650e-04 1.318420153182e+05 1.348533426802e+05 1.000000000000e+05 6.829510838638e+03 5.237221918546e+02 1.800000000000e+06 0.000000000000e+00 -8.752000000000e-01 -8.752000000000e-01 0.000000000000e+00 0.000000000000e+00 0.000000000000e+00 -0.000000000000e+00 6.697388475288e-02 0.000000000000e+00 0.000000000000e+00 0.000000000000e+00 0.000000000000e+00 0.000000000000e+00 0.000000000000e+00 
9.630000000000e+00 2.607819322113e-03 -3.320146807116e-04 2.769290579475e-04 1.315873939312e+05 1.347042354544e+05 1.000000000000e+05 6.830425194956e+03 5.239358064132e+02 1.800000000000e+06 0.000000000000e+00 -8.752000000000e-01 -8.752000000000e-01 0.000000000000e+00 0.000000000000e+00 0.000000000000e+00 -0.000000000000e+00 6.692570701990e-02 0.000000000000e+00 0.000000000000e+00 0.000000000000e+00 0.000000000000e+00 0.000000000000e+00 0.000000000000e+00 
9.635000000000e+00 2.606419960804e-03 -3.873398227578e-04 2.857931066060e-04 1.313317387591e+05 1.345509361036e+05 1.000000000000e+05 6.831363968695e+03 5.241552916479e+02 1.800000000000e+06 0.000000000000e+00 -8.752000000000e-01 -8.752000000000e-01 0.000000000000e+00 0.000000000000e+00 0.000000000000e+00 -0.000000000000e+00 6.687664347658e-02 0.000000000000e+00 0.000000000000e+00 0.000000000000e+00 0.000000000000e+00 0.000000000000e+00 0.000000000000e+00 
9.640000000000e+00 2.604977787955e-03 -4.399823534342e-04 2.943518476052e-04 1.310743686224e+05 1.343927261055e+05 1.000000000000e+05 6.832331448697e+03 5.243816643431e+02 1.800000000000e+06 0.000000000000e+00 -8.752000000000e-01 -8.752000000000e-01 0.000000000000e+00 0.000000000000e+00 0.000000000000e+00 -0.000000000000e+00 6.682673614852e-02 0.000000000000e+00 0.000000000000e+00 0.000000000000e+00 0.000000000000e+00 0.000000000000e+00 0.000000000000e+00 
9.645000000000e+00 2.603493649722e-03 -4.898222363013e-04 3.025908989944e-04 1.308155208705e+05 1.342296781081e+05 1.000000000000e+05 6.833327115727e+03 5.246148073825e+02 1.800000000000e+06 0.000000000000e+00 -8.752000000000e-01 -8.752000000000e-01 0.000000000000e+00 0.000000000000e+00 0.000000000000e+00 -0.000000000000e+00 6.677602856463e-02 0.000000000000e+00 0.000000000000e+00 0.000000000000e+00 0.000000000000e+00 0.000000000000e+00 0.000000000000e+00 
9.650000000000e+00 2.601969161414e-03 -5.367674196081e-04 3.105009774908e-04 1.305554626427e+05 1.340619493361e+05 1.000000000000e+05 6.834349945290e+03 5.248544827493e+02 1.800000000000e+06 0.000000000000e+00 -8.752000000000e-01 -8.752000000000e-01 0.000000000000e+00 0.000000000000e+00 0.000000000000e+00 -0.000000000000e+00 6.672456563129e-02 0.000000000000e+00 0.000000000000e+00 0.000000000000e+00 0.000000000000e+00 0.000000000000e+00 0.000000000000e+00 
9.655000000000e+00 2.600405968604e-03 -5.807563481515e-04 3.180781996437e-04 1.302944051062e+05 1.338897007969e+05 1.000000000000e+05 6.835398897684e+03 5.251004473000e+02 1.800000000000e+06 0.000000000000e+00 -8.752000000000e-01 -8.752000000000e-01 0.000000000000e+00 0.000000000000e+00 0.000000000000e+00 -0.000000000000e+00 6.667239283846e-02 0.000000000000e+00 0.000000000000e+00 0.000000000000e+00 0.000000000000e+00 0.000000000000e+00 0.000000000000e+00 
9.660000000000e+00 2.598805728721e-03 -6.217725406976e-04 3.253209548937e-04 1.300325365790e+05 1.337130953435e+05 1.000000000000e+05 6.836472926270e+03 5.253524555896e+02 1.800000000000e+06 0.000000000000e+00 -8.752000000000e-01 -8.752000000000e-01 0.000000000000e+00 0.000000000000e+00 0.000000000000e+00 -0.000000000000e+00 6.661955574056e-02 0.000000000000e+00 0.000000000000e+00 0.000000000000e+00 0.000000000000e+00 0.000000000000e+00 0.000000000000e+00 
9.665000000000e+00 2.597170096988e-03 -6.598539300714e-04 3.322321461724e-04 1.297699955109e+05 1.335322961968e+05 1.000000000000e+05 6.837570989300e+03 5.256102620281e+02 1.800000000000e+06 0.000000000000e+00 -8.752000000000e-01 -8.752000000000e-01 0.000000000000e+00 0.000000000000e+00 0.000000000000e+00 -0.000000000000e+00 6.656609932419e-02 0.000000000000e+00 0.000000000000e+00 0.000000000000e+00 0.000000000000e+00 0.000000000000e+00 0.000000000000e+00 
9.670000000000e+00 2.595500709146e-03 -6.950645254502e-04 3.388135980131e-04 1.295069317074e+05 1.333474650965e+05 1.000000000000e+05 6.838692054589e+03 5.258736235566e+02 1.800000000000e+06 0.000000000000e+00 -8.752000000000e-01 -8.752000000000e-01 0.000000000000e+00 0.000000000000e+00 0.000000000000e+00 -0.000000000000e+00 6.651206780158e-02 0.000000000000e+00 0.000000000000e+00 0.000000000000e+00 0.000000000000e+00 0.000000000000e+00 0.000000000000e+00 
9.675000000000e+00 2.593799201883e-03 -7.274636906545e-04 3.450664728899e-04 1.292435039849e+05 1.331587646136e+05 1.000000000000e+05 6.839835086245e+03 5.261422963853e+02 1.800000000000e+06 0.000000000000e+00 -8.752000000000e-01 -8.752000000000e-01 0.000000000000e+00 0.000000000000e+00 0.000000000000e+00 -0.000000000000e+00 6.645750508336e-02 0.000000000000e+00 0.000000000000e+00 0.000000000000e+00 0.000000000000e+00 0.000000000000e+00 0.000000000000e+00 
9.680000000000e+00 2.592067175724e-03 -7.571404158686e-04 3.509965538941e-04 1.289798160262e+05 1.329663540867e+05 1.000000000000e+05 6.840999075600e+03 5.264160418128e+02 1.800000000000e+06 0.000000000000e+00 -8.752000000000e-01 -8.752000000000e-01 0.000000000000e+00 0.000000000000e+00 0.000000000000e+00 -0.000000000000e+00 6.640245407578e-02 0.000000000000e+00 0.000000000000e+00 0.000000000000e+00 0.000000000000e+00 0.000000000000e+00 0.000000000000e+00 
9.685000000000e+00 2.590306161668e-03 -7.841923486260e-04 3.566079569243e-04 1.287159837916e+05 1.327703859299e+05 1.000000000000e+05 6.842183055952e+03 5.266946314888e+02 1.800000000000e+06 0.000000000000e+00 -8.752000000000e-01 -8.752000000000e-01 0.000000000000e+00 0.000000000000e+00 0.000000000000e+00 -0.000000000000e+00 6.634695657661e-02 0.000000000000e+00 0.000000000000e+00 0.000000000000e+00 0.000000000000e+00 0.000000000000e+00 0.000000000000e+00 
9.690000000000e+00 2.588503093805e-03 -8.087138330295e-04 3.619079840260e-04 1.284504247341e+05 1.325693847153e+05 1.000000000000e+05 6.843395832871e+03 5.269801489623e+02 1.800000000000e+06 0.000000000000e+00 -8.752000000000e-01 -8.752000000000e-01 0.000000000000e+00 0.000000000000e+00 0.000000000000e+00 -0.000000000000e+00 6.629105288356e-02 0.000000000000e+00 0.000000000000e+00 0.000000000000e+00 0.000000000000e+00 0.000000000000e+00 0.000000000000e+00 
9.695000000000e+00 2.586652363123e-03 -8.308103663415e-04 3.669042206668e-04 1.281823918135e+05 1.323626975981e+05 1.000000000000e+05 6.844641248618e+03 5.272735037199e+02 1.800000000000e+06 0.000000000000e+00 -8.752000000000e-01 -8.752000000000e-01 0.000000000000e+00 0.000000000000e+00 0.000000000000e+00 -0.000000000000e+00 6.623478177762e-02 0.000000000000e+00 0.000000000000e+00 0.000000000000e+00 0.000000000000e+00 0.000000000000e+00 0.000000000000e+00 
9.700000000000e+00 2.584778408158e-03 -8.506399789541e-04 3.716048317936e-04 1.279145642292e+05 1.321530313393e+05 1.000000000000e+05 6.845903011706e+03 5.275708394028e+02 1.800000000000e+06 0.000000000000e+00 -8.752000000000e-01 -8.752000000000e-01 0.000000000000e+00 0.000000000000e+00 0.000000000000e+00 -0.000000000000e+00 6.617818091047e-02 0.000000000000e+00 0.000000000000e+00 0.000000000000e+00 0.000000000000e+00 0.000000000000e+00 0.000000000000e+00 
9.705000000000e+00 2.582887280831e-03 -8.682964674172e-04 3.760144487550e-04 1.276475760059e+05 1.319410495772e+05 1.000000000000e+05 6.847177109227e+03 5.278712060679e+02 1.800000000000e+06 0.000000000000e+00 -8.752000000000e-01 -8.752000000000e-01 0.000000000000e+00 0.000000000000e+00 0.000000000000e+00 -0.000000000000e+00 6.612128691939e-02 0.000000000000e+00 0.000000000000e+00 0.000000000000e+00 0.000000000000e+00 0.000000000000e+00 0.000000000000e+00 
9.710000000000e+00 2.580998404837e-03 -8.838682053800e-04 3.801352280229e-04 1.273836320452e+05 1.317289239379e+05 1.000000000000e+05 6.848450526851e+03 5.281715228555e+02 1.800000000000e+06 0.000000000000e+00 -8.752000000000e-01 -8.752000000000e-01 0.000000000000e+00 0.000000000000e+00 0.000000000000e+00 -0.000000000000e+00 6.606413535738e-02 0.000000000000e+00 0.000000000000e+00 0.000000000000e+00 0.000000000000e+00 0.000000000000e+00 0.000000000000e+00 
9.715000000000e+00 2.579089714312e-03 -8.974382740415e-04 3.839782667098e-04 1.271200751582e+05 1.315141698395e+05 1.000000000000e+05 6.849738113561e+03 5.284753029541e+02 1.800000000000e+06 0.000000000000e+00 -8.752000000000e-01 -8.752000000000e-01 0.000000000000e+00 0.000000000000e+00 0.000000000000e+00 -0.000000000000e+00 6.600676076156e-02 0.000000000000e+00 0.000000000000e+00 0.000000000000e+00 0.000000000000e+00 0.000000000000e+00 0.000000000000e+00 
9.720000000000e+00 2.577162578226e-03 -9.090751022302e-04 3.875488360885e-04 1.268569978063e+05 1.312969281126e+05 1.000000000000e+05 6.851038992701e+03 5.287823385362e+02 1.800000000000e+06 0.000000000000e+00 -8.752000000000e-01 -8.752000000000e-01 0.000000000000e+00 0.000000000000e+00 0.000000000000e+00 -0.000000000000e+00 6.594919673256e-02 0.000000000000e+00 0.000000000000e+00 0.000000000000e+00 0.000000000000e+00 0.000000000000e+00 0.000000000000e+00 
9.725000000000e+00 2.575218339701e-03 -9.188354683015e-04 3.908521304867e-04 1.265944914554e+05 1.310773376611e+05 1.000000000000e+05 6.852352301938e+03 5.290924251153e+02 1.800000000000e+06 0.000000000000e+00 -8.752000000000e-01 -8.752000000000e-01 0.000000000000e+00 0.000000000000e+00 0.000000000000e+00 -0.000000000000e+00 6.589147599500e-02 0.000000000000e+00 0.000000000000e+00 0.000000000000e+00 0.000000000000e+00 0.000000000000e+00 0.000000000000e+00 
9.730000000000e+00 2.573258316839e-03 -9.267672897010e-04 3.938931385309e-04 1.263326481292e+05 1.308555355608e+05 1.000000000000e+05 6.853677192540e+03 5.294053614100e+02 1.800000000000e+06 0.000000000000e+00 -8.752000000000e-01 -8.752000000000e-01 0.000000000000e+00 0.000000000000e+00 0.000000000000e+00 -0.000000000000e+00 6.583363042861e-02 0.000000000000e+00 0.000000000000e+00 0.000000000000e+00 0.000000000000e+00 0.000000000000e+00 0.000000000000e+00 
9.735000000000e+00 2.571283801808e-03 -9.329287444120e-04 3.966763443363e-04 1.260715637230e+05 1.306316569578e+05 1.000000000000e+05 6.855012829637e+03 5.297209494909e+02 1.800000000000e+06 0.000000000000e+00 -8.752000000000e-01 -8.752000000000e-01 0.000000000000e+00 0.000000000000e+00 0.000000000000e+00 -0.000000000000e+00 6.577569104767e-02 0.000000000000e+00 0.000000000000e+00 0.000000000000e+00 0.000000000000e+00 0.000000000000e+00 0.000000000000e+00 
9.740000000000e+00 2.569296051528e-03 -9.373571248338e-04 3.992070111831e-04 1.258113221508e+05 1.304058340095e+05 1.000000000000e+05 6.856358400068e+03 5.300389962709e+02 1.800000000000e+06 0.000000000000e+00 -8.752000000000e-01 -8.752000000000e-01 0.000000000000e+00 0.000000000000e+00 0.000000000000e+00 -0.000000000000e+00 6.571768800577e-02 0.000000000000e+00 0.000000000000e+00 0.000000000000e+00 0.000000000000e+00 0.000000000000e+00 0.000000000000e+00 
9.745000000000e+00 2.567296301548e-03 -9.400613875652e-04 4.014922888844e-04 1.255519841100e+05 1.301781974517e+05 1.000000000000e+05 6.857713104392e+03 5.303593112949e+02 1.800000000000e+06 0.000000000000e+00 -8.752000000000e-01 -8.752000000000e-01 0.000000000000e+00 0.000000000000e+00 0.000000000000e+00 -0.000000000000e+00 6.565965048976e-02 0.000000000000e+00 0.000000000000e+00 0.000000000000e+00 0.000000000000e+00 0.000000000000e+00 0.000000000000e+00 
9.750000000000e+00 2.565285758596e-03 -9.410669082686e-04 4.035385186936e-04 1.252936171470e+05 1.299488757479e+05 1.000000000000e+05 6.859076158684e+03 5.306817079351e+02 1.800000000000e+06 0.000000000000e+00 -8.752000000000e-01 -8.752000000000e-01 0.000000000000e+00 0.000000000000e+00 0.000000000000e+00 -0.000000000000e+00 6.560160666156e-02 0.000000000000e+00 0.000000000000e+00 0.000000000000e+00 0.000000000000e+00 0.000000000000e+00 0.000000000000e+00 
9.755000000000e+00 2.563265594295e-03 -9.403998989506e-04 4.053532033368e-04 1.250362721850e+05 1.297179943602e+05 1.000000000000e+05 6.860446801220e+03 5.310060044100e+02 1.800000000000e+06 0.000000000000e+00 -8.752000000000e-01 -8.752000000000e-01 0.000000000000e+00 0.000000000000e+00 0.000000000000e+00 -0.000000000000e+00 6.554358350916e-02 0.000000000000e+00 0.000000000000e+00 0.000000000000e+00 0.000000000000e+00 0.000000000000e+00 0.000000000000e+00 
9.760000000000e+00 2.561236940707e-03 -9.380856451884e-04 4.069446009227e-04 1.247799875706e+05 1.294856752175e+05 1.000000000000e+05 6.861824295077e+03 5.313320245179e+02 1.800000000000e+06 0.000000000000e+00 -8.752000000000e-01 -8.752000000000e-01 0.000000000000e+00 0.000000000000e+00 0.000000000000e+00 -0.000000000000e+00 6.548560673686e-02 0.000000000000e+00 0.000000000000e+00 0.000000000000e+00 0.000000000000e+00 0.000000000000e+00 0.000000000000e+00 
9.765000000000e+00 2.559200884874e-03 -9.341480331612e-04 4.083221008458e-04 1.245247839744e+05 1.292520360613e+05 1.000000000000e+05 6.863207932396e+03 5.316595985381e+02 1.800000000000e+06 0.000000000000e+00 -8.752000000000e-01 -8.752000000000e-01 0.000000000000e+00 0.000000000000e+00 0.000000000000e+00 -0.000000000000e+00 6.542770058936e-02 0.000000000000e+00 0.000000000000e+00 0.000000000000e+00 0.000000000000e+00 0.000000000000e+00 0.000000000000e+00 
9.770000000000e+00 2.557158470138e-03 -9.286267583246e-04 4.094943426235e-04 1.242706862129e+05 1.290171905620e+05 1.000000000000e+05 6.864597031309e+03 5.319885630464e+02 1.800000000000e+06 0.000000000000e+00 -8.752000000000e-01 -8.752000000000e-01 0.000000000000e+00 0.000000000000e+00 0.000000000000e+00 -0.000000000000e+00 6.536988789954e-02 0.000000000000e+00 0.000000000000e+00 0.000000000000e+00 0.000000000000e+00 0.000000000000e+00 0.000000000000e+00 
9.775000000000e+00 2.555110687217e-03 -9.215554254417e-04 4.104726534816e-04 1.240176822920e+05 1.287812472523e+05 1.000000000000e+05 6.865990946315e+03 5.323187623852e+02 1.800000000000e+06 0.000000000000e+00 -8.752000000000e-01 -8.752000000000e-01 0.000000000000e+00 0.000000000000e+00 0.000000000000e+00 -0.000000000000e+00 6.531218978689e-02 0.000000000000e+00 0.000000000000e+00 0.000000000000e+00 0.000000000000e+00 0.000000000000e+00 0.000000000000e+00 
9.780000000000e+00 2.553058472052e-03 -9.129797304513e-04 4.112683865910e-04 1.237657538210e+05 1.285443092297e+05 1.000000000000e+05 6.867389066664e+03 5.326500490493e+02 1.800000000000e+06 0.000000000000e+00 -8.752000000000e-01 -8.752000000000e-01 0.000000000000e+00 0.000000000000e+00 0.000000000000e+00 -0.000000000000e+00 6.525462559802e-02 0.000000000000e+00 0.000000000000e+00 0.000000000000e+00 0.000000000000e+00 0.000000000000e+00 0.000000000000e+00 
9.785000000000e+00 2.551002697205e-03 -9.029439486801e-04 4.118950007810e-04 1.235148507221e+05 1.283064731069e+05 1.000000000000e+05 6.868790824925e+03 5.329822851196e+02 1.800000000000e+06 0.000000000000e+00 -8.752000000000e-01 -8.752000000000e-01 0.000000000000e+00 0.000000000000e+00 0.000000000000e+00 -0.000000000000e+00 6.519721265038e-02 0.000000000000e+00 0.000000000000e+00 0.000000000000e+00 0.000000000000e+00 0.000000000000e+00 0.000000000000e+00 
9.790000000000e+00 2.548944164710e-03 -8.915012677290e-04 4.123660744154e-04 1.232649132798e+05 1.280678281166e+05 1.000000000000e+05 6.870195699648e+03 5.333153434715e+02 1.800000000000e+06 0.000000000000e+00 -8.752000000000e-01 -8.752000000000e-01 0.000000000000e+00 0.000000000000e+00 0.000000000000e+00 -0.000000000000e+00 6.513996617234e-02 0.000000000000e+00 0.000000000000e+00 0.000000000000e+00 0.000000000000e+00 0.000000000000e+00 0.000000000000e+00 
9.795000000000e+00 2.546883619277e-03 -8.787026088007e-04 4.126933223531e-04 1.230158967358e+05 1.278284575707e+05 1.000000000000e+05 6.871603204143e+03 5.336491056944e+02 1.800000000000e+06 0.000000000000e+00 -8.752000000000e-01 -8.752000000000e-01 0.000000000000e+00 0.000000000000e+00 0.000000000000e+00 -0.000000000000e+00 6.508289946440e-02 0.000000000000e+00 0.000000000000e+00 0.000000000000e+00 0.000000000000e+00 0.000000000000e+00 0.000000000000e+00 
9.800000000000e+00 2.544821728240e-03 -8.646308898254e-04 4.128938950543e-04 1.227676837297e+05 1.275884364627e+05 1.000000000000e+05 6.873012909310e+03 5.339834653934e+02 1.800000000000e+06 0.000000000000e+00 -8.752000000000e-01 -8.752000000000e-01 0.000000000000e+00 0.000000000000e+00 0.000000000000e+00 -0.000000000000e+00 6.502602328169e-02 0.000000000000e+00 0.000000000000e+00 0.000000000000e+00 0.000000000000e+00 0.000000000000e+00 0.000000000000e+00 
9.805000000000e+00 2.542759073608e-03 -8.493556619022e-04 4.129840685409e-04 1.225201566233e+05 1.273478304521e+05 1.000000000000e+05 6.874424441635e+03 5.343183295480e+02 1.800000000000e+06 0.000000000000e+00 -8.752000000000e-01 -8.752000000000e-01 0.000000000000e+00 0.000000000000e+00 0.000000000000e+00 -0.000000000000e+00 6.496934597659e-02 0.000000000000e+00 0.000000000000e+00 0.000000000000e+00 0.000000000000e+00 0.000000000000e+00 0.000000000000e+00 
9.810000000000e+00 2.540696176019e-03 -8.329560310333e-04 4.129753080016e-04 1.222732463944e+05 1.271066985691e+05 1.000000000000e+05 6.875837462225e+03 5.346536146928e+02 1.800000000000e+06 0.000000000000e+00 -8.752000000000e-01 -8.752000000000e-01 0.000000000000e+00 0.000000000000e+00 0.000000000000e+00 -0.000000000000e+00 6.491287393554e-02 0.000000000000e+00 0.000000000000e+00 0.000000000000e+00 0.000000000000e+00 0.000000000000e+00 0.000000000000e+00 
9.815000000000e+00 2.538633503938e-03 -8.155170808911e-04 4.128837562043e-04 1.220268228163e+05 1.268650942237e+05 1.000000000000e+05 6.877251672329e+03 5.349892454739e+02 1.800000000000e+06 0.000000000000e+00 -8.752000000000e-01 -8.752000000000e-01 0.000000000000e+00 0.000000000000e+00 0.000000000000e+00 -0.000000000000e+00 6.485661116031e-02 0.000000000000e+00 0.000000000000e+00 0.000000000000e+00 0.000000000000e+00 0.000000000000e+00 0.000000000000e+00 
9.820000000000e+00 2.536571381419e-03 -7.971249520753e-04 4.127239260180e-04 1.217807569567e+05 1.266230543072e+05 1.000000000000e+05 6.878666869140e+03 5.353251697302e+02 1.800000000000e+06 0.000000000000e+00 -8.752000000000e-01 -8.752000000000e-01 0.000000000000e+00 0.000000000000e+00 0.000000000000e+00 -0.000000000000e+00 6.480055937994e-02 0.000000000000e+00 0.000000000000e+00 0.000000000000e+00 0.000000000000e+00 0.000000000000e+00 0.000000000000e+00 
9.825000000000e+00 2.534510131272e-03 -7.778691762041e-04 4.125103991400e-04 1.215349184239e+05 1.263806158761e+05 1.000000000000e+05 6.880082849953e+03 5.356613352642e+02 1.800000000000e+06 0.000000000000e+00 -8.752000000000e-01 -8.752000000000e-01 0.000000000000e+00 0.000000000000e+00 0.000000000000e+00 -0.000000000000e+00 6.474471817005e-02 0.000000000000e+00 0.000000000000e+00 0.000000000000e+00 0.000000000000e+00 0.000000000000e+00 0.000000000000e+00 
9.830000000000e+00 2.532449980536e-03 -7.578466147339e-04 4.122579217377e-04 1.212891628091e+05 1.261378049999e+05 1.000000000000e+05 6.881499477333e+03 5.359977052845e+02 1.800000000000e+06 0.000000000000e+00 -8.752000000000e-01 -8.752000000000e-01 0.000000000000e+00 0.000000000000e+00 0.000000000000e+00 -0.000000000000e+00 6.468908504340e-02 0.000000000000e+00 0.000000000000e+00 0.000000000000e+00 0.000000000000e+00 0.000000000000e+00 0.000000000000e+00 
9.835000000000e+00 2.530391083851e-03 -7.371591525041e-04 4.119809153560e-04 1.210433401424e+05 1.258946394090e+05 1.000000000000e+05 6.882916662752e+03 5.363342546718e+02 1.800000000000e+06 0.000000000000e+00 -8.752000000000e-01 -8.752000000000e-01 0.000000000000e+00 0.000000000000e+00 0.000000000000e+00 -0.000000000000e+00 6.463365560333e-02 0.000000000000e+00 0.000000000000e+00 0.000000000000e+00 0.000000000000e+00 0.000000000000e+00 0.000000000000e+00 
9.840000000000e+00 2.528333525793e-03 -7.159086996505e-04 4.116925184958e-04 1.207973064072e+05 1.256511286840e+05 1.000000000000e+05 6.884334364045e+03 5.366709696632e+02 1.800000000000e+06 0.000000000000e+00 -8.752000000000e-01 -8.752000000000e-01 0.000000000000e+00 0.000000000000e+00 0.000000000000e+00 -0.000000000000e+00 6.457842362431e-02 0.000000000000e+00 0.000000000000e+00 0.000000000000e+00 0.000000000000e+00 0.000000000000e+00 0.000000000000e+00 
9.845000000000e+00 2.526277332227e-03 -6.941850369205e-04 4.114033445344e-04 1.205509395855e+05 1.254072755181e+05 1.000000000000e+05 6.885752576274e+03 5.370078460571e+02 1.800000000000e+06 0.000000000000e+00 -8.752000000000e-01 -8.752000000000e-01 0.000000000000e+00 0.000000000000e+00 0.000000000000e+00 -0.000000000000e+00 6.452338091461e-02 0.000000000000e+00 0.000000000000e+00 0.000000000000e+00 0.000000000000e+00 0.000000000000e+00 0.000000000000e+00 
9.850000000000e+00 2.524222470340e-03 -6.720816832752e-04 4.111263173441e-04 1.203040826170e+05 1.251630756494e+05 1.000000000000e+05 6.887171337884e+03 5.373448892616e+02 1.800000000000e+06 0.000000000000e+00 -8.752000000000e-01 -8.752000000000e-01 0.000000000000e+00 0.000000000000e+00 0.000000000000e+00 -0.000000000000e+00 6.446851762322e-02 0.000000000000e+00 0.000000000000e+00 0.000000000000e+00 0.000000000000e+00 0.000000000000e+00 0.000000000000e+00 
9.855000000000e+00 2.522168872066e-03 -6.496897726885e-04 4.108524820408e-04 1.200568322533e+05 1.249185205811e+05 1.000000000000e+05 6.888590684759e+03 5.376821105021e+02 1.800000000000e+06 0.000000000000e+00 -8.752000000000e-01 -8.752000000000e-01 0.000000000000e+00 0.000000000000e+00 0.000000000000e+00 -0.000000000000e+00 6.441382240613e-02 0.000000000000e+00 0.000000000000e+00 0.000000000000e+00 0.000000000000e+00 0.000000000000e+00 0.000000000000e+00 
9.860000000000e+00 2.520116452500e-03 -6.271144242590e-04 4.104820289848e-04 1.198103600477e+05 1.246735997381e+05 1.000000000000e+05 6.890010551919e+03 5.380195238237e+02 1.800000000000e+06 0.000000000000e+00 -8.752000000000e-01 -8.752000000000e-01 0.000000000000e+00 0.000000000000e+00 0.000000000000e+00 -0.000000000000e+00 6.435928301793e-02 0.000000000000e+00 0.000000000000e+00 0.000000000000e+00 0.000000000000e+00 0.000000000000e+00 0.000000000000e+00 
9.865000000000e+00 2.518065078498e-03 -6.045737457643e-04 4.101818153234e-04 1.195626741026e+05 1.244282966860e+05 1.000000000000e+05 6.891431238576e+03 5.383571512802e+02 1.800000000000e+06 0.000000000000e+00 -8.752000000000e-01 -8.752000000000e-01 0.000000000000e+00 0.000000000000e+00 0.000000000000e+00 -0.000000000000e+00 6.430488596304e-02 0.000000000000e+00 0.000000000000e+00 0.000000000000e+00 0.000000000000e+00 0.000000000000e+00 0.000000000000e+00 
9.870000000000e+00 2.516014531849e-03 -5.820366061348e-04 4.100648570186e-04 1.193124017197e+05 1.241825846545e+05 1.000000000000e+05 6.892853037278e+03 5.386950290496e+02 1.800000000000e+06 0.000000000000e+00 -8.752000000000e-01 -8.752000000000e-01 0.000000000000e+00 0.000000000000e+00 0.000000000000e+00 -0.000000000000e+00 6.425061640565e-02 0.000000000000e+00 0.000000000000e+00 0.000000000000e+00 0.000000000000e+00 0.000000000000e+00 0.000000000000e+00 
9.875000000000e+00 2.513964519717e-03 -5.596415687975e-04 4.100098399250e-04 1.190609406669e+05 1.239364276850e+05 1.000000000000e+05 6.894276002127e+03 5.390332057935e+02 1.800000000000e+06 0.000000000000e+00 -8.752000000000e-01 -8.752000000000e-01 0.000000000000e+00 0.000000000000e+00 0.000000000000e+00 -0.000000000000e+00 6.419645857957e-02 0.000000000000e+00 0.000000000000e+00 0.000000000000e+00 0.000000000000e+00 0.000000000000e+00 0.000000000000e+00 
9.880000000000e+00 2.511914713954e-03 -5.374803849454e-04 4.100227770938e-04 1.188081751722e+05 1.236897852725e+05 1.000000000000e+05 6.895700370533e+03 5.393717362301e+02 1.800000000000e+06 0.000000000000e+00 -8.752000000000e-01 -8.752000000000e-01 0.000000000000e+00 0.000000000000e+00 0.000000000000e+00 -0.000000000000e+00 6.414239605735e-02 0.000000000000e+00 0.000000000000e+00 0.000000000000e+00 0.000000000000e+00 0.000000000000e+00 0.000000000000e+00 
9.885000000000e+00 2.509864743390e-03 -5.156619170077e-04 4.101108560619e-04 1.185539694446e+05 1.234426113882e+05 1.000000000000e+05 6.897126412290e+03 5.397106824455e+02 1.800000000000e+06 0.000000000000e+00 -8.752000000000e-01 -8.752000000000e-01 0.000000000000e+00 0.000000000000e+00 0.000000000000e+00 -0.000000000000e+00 6.408841196418e-02 0.000000000000e+00 0.000000000000e+00 0.000000000000e+00 0.000000000000e+00 0.000000000000e+00 0.000000000000e+00 
9.890000000000e+00 2.507814220300e-03 -4.942448388020e-04 4.102731898822e-04 1.182982811926e+05 1.231948576251e+05 1.000000000000e+05 6.898554399753e+03 5.400501095518e+02 1.800000000000e+06 0.000000000000e+00 -8.752000000000e-01 -8.752000000000e-01 0.000000000000e+00 0.000000000000e+00 0.000000000000e+00 -0.000000000000e+00 6.403448885199e-02 0.000000000000e+00 0.000000000000e+00 0.000000000000e+00 0.000000000000e+00 0.000000000000e+00 0.000000000000e+00 
9.895000000000e+00 2.505762763568e-03 -4.732932581844e-04 4.105107990260e-04 1.180410457823e+05 1.229464759818e+05 1.000000000000e+05 6.899984604172e+03 5.403900818636e+02 1.800000000000e+06 0.000000000000e+00 -8.752000000000e-01 -8.752000000000e-01 0.000000000000e+00 0.000000000000e+00 0.000000000000e+00 -0.000000000000e+00 6.398060913539e-02 0.000000000000e+00 0.000000000000e+00 0.000000000000e+00 0.000000000000e+00 0.000000000000e+00 0.000000000000e+00 
9.900000000000e+00 2.503709975193e-03 -4.528822849075e-04 4.108272953294e-04 1.177821649963e+05 1.226974160144e+05 1.000000000000e+05 6.901417312940e+03 5.407306667933e+02 1.800000000000e+06 0.000000000000e+00 -8.752000000000e-01 -8.752000000000e-01 0.000000000000e+00 0.000000000000e+00 0.000000000000e+00 -0.000000000000e+00 6.392675504677e-02 0.000000000000e+00 0.000000000000e+00 0.000000000000e+00 0.000000000000e+00 0.000000000000e+00 0.000000000000e+00 
9.905000000000e+00 2.501655443013e-03 -4.330835177872e-04 4.112249881164e-04 1.175215537982e+05 1.224476251436e+05 1.000000000000e+05 6.902852822903e+03 5.410719344171e+02 1.800000000000e+06 0.000000000000e+00 -8.752000000000e-01 -8.752000000000e-01 0.000000000000e+00 0.000000000000e+00 0.000000000000e+00 -0.000000000000e+00 6.387290878133e-02 0.000000000000e+00 0.000000000000e+00 0.000000000000e+00 0.000000000000e+00 0.000000000000e+00 0.000000000000e+00 
9.910000000000e+00 2.499598749551e-03 -4.139588940417e-04 4.117043976846e-04 1.172591473437e+05 1.221970497116e+05 1.000000000000e+05 6.904291433609e+03 5.414139560183e+02 1.800000000000e+06 0.000000000000e+00 -8.752000000000e-01 -8.752000000000e-01 0.000000000000e+00 0.000000000000e+00 0.000000000000e+00 -0.000000000000e+00 6.381905278412e-02 0.000000000000e+00 0.000000000000e+00 0.000000000000e+00 0.000000000000e+00 0.000000000000e+00 0.000000000000e+00 
9.915000000000e+00 2.497539476624e-03 -3.955681510487e-04 4.122655560859e-04 1.169948860542e+05 1.219456355350e+05 1.000000000000e+05 6.905733445735e+03 5.417568033279e+02 1.800000000000e+06 0.000000000000e+00 -8.752000000000e-01 -8.752000000000e-01 0.000000000000e+00 0.000000000000e+00 0.000000000000e+00 -0.000000000000e+00 6.376516986864e-02 0.000000000000e+00 0.000000000000e+00 0.000000000000e+00 0.000000000000e+00 0.000000000000e+00 0.000000000000e+00 
9.920000000000e+00 2.495477208886e-03 -3.779658142220e-04 4.129076531194e-04 1.167287203467e+05 1.216933283338e+05 1.000000000000e+05 6.907179158159e+03 5.421005479356e+02 1.800000000000e+06 0.000000000000e+00 -8.752000000000e-01 -8.752000000000e-01 0.000000000000e+00 0.000000000000e+00 0.000000000000e+00 -0.000000000000e+00 6.371124332544e-02 0.000000000000e+00 0.000000000000e+00 0.000000000000e+00 0.000000000000e+00 0.000000000000e+00 0.000000000000e+00 
9.925000000000e+00 2.493411537194e-03 -3.611992187331e-04 4.136292884273e-04 1.164606080808e+05 1.214400741434e+05 1.000000000000e+05 6.908628865917e+03 5.424452607295e+02 1.800000000000e+06 0.000000000000e+00 -8.752000000000e-01 -8.752000000000e-01 0.000000000000e+00 0.000000000000e+00 0.000000000000e+00 -0.000000000000e+00 6.365725701288e-02 0.000000000000e+00 0.000000000000e+00 0.000000000000e+00 0.000000000000e+00 0.000000000000e+00 0.000000000000e+00 
9.930000000000e+00 2.491342060937e-03 -3.453120143269e-04 4.144287118528e-04 1.161905120012e+05 1.211858196043e+05 1.000000000000e+05 6.910082858850e+03 5.427910115022e+02 1.800000000000e+06 0.000000000000e+00 -8.752000000000e-01 -8.752000000000e-01 0.000000000000e+00 0.000000000000e+00 0.000000000000e+00 -0.000000000000e+00 6.360319540896e-02 0.000000000000e+00 0.000000000000e+00 0.000000000000e+00 0.000000000000e+00 0.000000000000e+00 0.000000000000e+00 
9.935000000000e+00 2.489268390676e-03 -3.303422065356e-04 4.153035250459e-04 1.159184037026e+05 1.209305122934e+05 1.000000000000e+05 6.911541419350e+03 5.431378685053e+02 1.800000000000e+06 0.000000000000e+00 -8.752000000000e-01 -8.752000000000e-01 0.000000000000e+00 0.000000000000e+00 0.000000000000e+00 -0.000000000000e+00 6.354904369318e-02 0.000000000000e+00 0.000000000000e+00 0.000000000000e+00 0.000000000000e+00 0.000000000000e+00 0.000000000000e+00 
9.940000000000e+00 2.487190150676e-03 -3.163220422684e-04 4.162508238831e-04 1.156442622878e+05 1.206741010473e+05 1.000000000000e+05 6.913004820721e+03 5.434858980156e+02 1.800000000000e+06 0.000000000000e+00 -8.752000000000e-01 -8.752000000000e-01 0.000000000000e+00 0.000000000000e+00 0.000000000000e+00 -0.000000000000e+00 6.349478780778e-02 0.000000000000e+00 0.000000000000e+00 0.000000000000e+00 0.000000000000e+00 0.000000000000e+00 0.000000000000e+00 
9.945000000000e+00 2.485106981332e-03 -3.032763808237e-04 4.172672688644e-04 1.153680738739e+05 1.204165362740e+05 1.000000000000e+05 6.914473325521e+03 5.438351639197e+02 1.800000000000e+06 0.000000000000e+00 -8.752000000000e-01 -8.752000000000e-01 0.000000000000e+00 0.000000000000e+00 0.000000000000e+00 -0.000000000000e+00 6.344041453794e-02 0.000000000000e+00 0.000000000000e+00 0.000000000000e+00 0.000000000000e+00 0.000000000000e+00 0.000000000000e+00 
9.950000000000e+00 2.483018544878e-03 -2.912182546538e-04 4.183482506647e-04 1.150898424769e+05 1.201577706779e+05 1.000000000000e+05 6.915947180424e+03 5.441857267409e+02 1.800000000000e+06 0.000000000000e+00 -8.752000000000e-01 -8.752000000000e-01 0.000000000000e+00 0.000000000000e+00 0.000000000000e+00 -0.000000000000e+00 6.338591166938e-02 0.000000000000e+00 0.000000000000e+00 0.000000000000e+00 0.000000000000e+00 0.000000000000e+00 0.000000000000e+00 
9.955000000000e+00 2.480924524591e-03 -2.801618723957e-04 4.194898636768e-04 1.148095660952e+05 1.198977591847e+05 1.000000000000e+05 6.917426619201e+03 5.445376437560e+02 1.800000000000e+06 0.000000000000e+00 -8.752000000000e-01 -8.752000000000e-01 0.000000000000e+00 0.000000000000e+00 0.000000000000e+00 -0.000000000000e+00 6.333126791301e-02 0.000000000000e+00 0.000000000000e+00 0.000000000000e+00 0.000000000000e+00 0.000000000000e+00 0.000000000000e+00 
9.960000000000e+00 2.478824624858e-03 -2.701161183883e-04 4.206877705963e-04 1.145272504790e+05 1.196364589721e+05 1.000000000000e+05 6.918911861176e+03 5.448909689650e+02 1.800000000000e+06 0.000000000000e+00 -8.752000000000e-01 -8.752000000000e-01 0.000000000000e+00 0.000000000000e+00 0.000000000000e+00 -0.000000000000e+00 6.327647292037e-02 0.000000000000e+00 0.000000000000e+00 0.000000000000e+00 0.000000000000e+00 0.000000000000e+00 0.000000000000e+00 
9.965000000000e+00 2.476718573274e-03 -2.610830192442e-04 4.219373059444e-04 1.142429081992e+05 1.193738297553e+05 1.000000000000e+05 6.920403109796e+03 5.452457527209e+02 1.800000000000e+06 0.000000000000e+00 -8.752000000000e-01 -8.752000000000e-01 0.000000000000e+00 0.000000000000e+00 0.000000000000e+00 -0.000000000000e+00 6.322151731546e-02 0.000000000000e+00 0.000000000000e+00 0.000000000000e+00 0.000000000000e+00 0.000000000000e+00 0.000000000000e+00 
9.970000000000e+00 2.474606122391e-03 -2.530588833259e-04 4.232334505037e-04 1.139565592395e+05 1.191098340328e+05 1.000000000000e+05 6.921900551283e+03 5.456020414125e+02 1.800000000000e+06 0.000000000000e+00 -8.752000000000e-01 -8.752000000000e-01 0.000000000000e+00 0.000000000000e+00 0.000000000000e+00 -0.000000000000e+00 6.316639274743e-02 0.000000000000e+00 0.000000000000e+00 0.000000000000e+00 0.000000000000e+00 0.000000000000e+00 0.000000000000e+00 
9.975000000000e+00 2.472487049282e-03 -2.460389171996e-04 4.245715952713e-04 1.136682216863e+05 1.188444370599e+05 1.000000000000e+05 6.923404355824e+03 5.459598775172e+02 1.800000000000e+06 0.000000000000e+00 -8.752000000000e-01 -8.752000000000e-01 0.000000000000e+00 0.000000000000e+00 0.000000000000e+00 -0.000000000000e+00 6.311109182309e-02 0.000000000000e+00 0.000000000000e+00 0.000000000000e+00 0.000000000000e+00 0.000000000000e+00 0.000000000000e+00 
9.980000000000e+00 2.470361154596e-03 -2.400149102063e-04 4.259470460603e-04 1.133779176575e+05 1.185776067600e+05 1.000000000000e+05 6.924914677535e+03 5.463192997377e+02 1.800000000000e+06 0.000000000000e+00 -8.752000000000e-01 -8.752000000000e-01 0.000000000000e+00 0.000000000000e+00 0.000000000000e+00 -0.000000000000e+00 6.305560807613e-02 0.000000000000e+00 0.000000000000e+00 0.000000000000e+00 0.000000000000e+00 0.000000000000e+00 0.000000000000e+00 
9.985000000000e+00 2.468228265782e-03 -2.349674168946e-04 4.273538848895e-04 1.130856876755e+05 1.183093141581e+05 1.000000000000e+05 6.926431650631e+03 5.466803424347e+02 1.800000000000e+06 0.000000000000e+00 -8.752000000000e-01 -8.752000000000e-01 0.000000000000e+00 0.000000000000e+00 0.000000000000e+00 -0.000000000000e+00 6.299993611123e-02 0.000000000000e+00 0.000000000000e+00 0.000000000000e+00 0.000000000000e+00 0.000000000000e+00 0.000000000000e+00 
9.990000000000e+00 2.466088238697e-03 -2.308775173625e-04 4.287872518128e-04 1.127915630840e+05 1.180395336181e+05 1.000000000000e+05 6.927955391089e+03 5.470430353286e+02 1.800000000000e+06 0.000000000000e+00 -8.752000000000e-01 -8.752000000000e-01 0.000000000000e+00 0.000000000000e+00 0.000000000000e+00 -0.000000000000e+00 6.294407155214e-02 0.000000000000e+00 0.000000000000e+00 0.000000000000e+00 0.000000000000e+00 0.000000000000e+00 0.000000000000e+00 
9.995000000000e+00 2.463940953045e-03 -2.277253960523e-04 4.302422430657e-04 1.124955789181e+05 1.177682423008e+05 1.000000000000e+05 6.929485998397e+03 5.474074042469e+02 1.800000000000e+06 0.000000000000e+00 -8.752000000000e-01 -8.752000000000e-01 0.000000000000e+00 0.000000000000e+00 0.000000000000e+00 -0.000000000000e+00 6.288801090799e-02 0.000000000000e+00 0.000000000000e+00 0.000000000000e+00 0.000000000000e+00 0.000000000000e+00 0.000000000000e+00 
1.000000000000e+01 2.461786314088e-03 -2.254870619996e-04 4.317139905581e-04 1.121977731908e+05 1.174954204117e+05 1.000000000000e+05 6.931023554344e+03 5.477734708103e+02 1.800000000000e+06 0.000000000000e+00 -8.752000000000e-01 -8.752000000000e-01 0.000000000000e+00 0.000000000000e+00 0.000000000000e+00 -0.000000000000e+00 6.283175160432e-02 0.000000000000e+00 0.000000000000e+00 0.000000000000e+00 0.000000000000e+00 0.000000000000e+00 0.000000000000e+00 
