9.000000000000e+00 2.082293426140e-03 4.623861258313e-02 4.605784751524e-05 1.085882442465e+05 1.092693813449e+05 1.000000000000e+05 9.620242250483e+03 5.604517166202e+02 1.800000000000e+06 8.547802406256e+04 4.498160416000e+05 1.799262416000e+06 0.000000000000e+00 0.000000000000e+00 0.000000000000e+00 2.669897533792e-03 2.983245866180e-03 4.750862385082e-02 0.000000000000e+00 0.000000000000e+00 0.000000000000e+00 0.000000000000e+00 0.000000000000e+00 
9.005000000000e+00 2.082020945695e-03 4.599325594798e-02 6.502892580161e-05 1.082647434974e+05 1.092266275577e+05 1.000000000000e+05 9.620580200848e+03 5.605072458259e+02 1.800000000000e+06 8.527189462032e+04 4.498160416000e+05 1.799262416000e+06 0.000000000000e+00 0.000000000000e+00 0.000000000000e+00 2.663459101276e-03 2.982833100062e-03 4.739419153524e-02 0.000000000000e+00 0.000000000000e+00 0.000000000000e+00 0.000000000000e+00 0.000000000000e+00 
9.010000000000e+00 2.081652610881e-03 4.573857644518e-02 8.418904285363e-05 1.079231872591e+05 1.091688112898e+05 1.000000000000e+05 9.621029938866e+03 5.605823256609e+02 1.800000000000e+06 8.504700661469e+04 4.498160416000e+05 1.799262416000e+06 0.000000000000e+00 0.000000000000e+00 0.000000000000e+00 2.656434746909e-03 2.982285022040e-03 4.726933182871e-02 0.000000000000e+00 0.000000000000e+00 0.000000000000e+00 0.000000000000e+00 0.000000000000e+00 
9.015000000000e+00 2.081180702877e-03 4.547587861101e-02 1.037177238979e-04 1.075596161202e+05 1.090946998949e+05 1.000000000000e+05 9.621600724974e+03 5.606785448548e+02 1.800000000000e+06 8.480371055261e+04 4.498160416000e+05 1.799262416000e+06 0.000000000000e+00 0.000000000000e+00 0.000000000000e+00 2.648835418740e-03 2.981598031356e-03 4.713423844278e-02 0.000000000000e+00 0.000000000000e+00 0.000000000000e+00 0.000000000000e+00 0.000000000000e+00 
9.020000000000e+00 2.080604176231e-03 4.520570221601e-02 1.236093623296e-04 1.071738488998e+05 1.090041011800e+05 1.000000000000e+05 9.622293877452e+03 5.607961369979e+02 1.800000000000e+06 8.454242311267e+04 4.498160416000e+05 1.799262416000e+06 0.000000000000e+00 0.000000000000e+00 0.000000000000e+00 2.640674131682e-03 2.980769595579e-03 4.698914268184e-02 0.000000000000e+00 0.000000000000e+00 0.000000000000e+00 0.000000000000e+00 0.000000000000e+00 
9.025000000000e+00 2.079922771153e-03 4.492861350392e-02 1.438037292633e-04 1.067666283027e+05 1.088969398610e+05 1.000000000000e+05 9.623109763801e+03 5.609351802046e+02 1.800000000000e+06 8.426360885462e+04 4.498160416000e+05 1.799262416000e+06 0.000000000000e+00 0.000000000000e+00 0.000000000000e+00 2.631965396213e-03 2.979797404475e-03 4.683430244162e-02 0.000000000000e+00 0.000000000000e+00 0.000000000000e+00 0.000000000000e+00 0.000000000000e+00 
9.030000000000e+00 2.079137777473e-03 4.464526119893e-02 1.643432154459e-04 1.063374153449e+05 1.087733782187e+05 1.000000000000e+05 9.624047083644e+03 5.610954408461e+02 1.800000000000e+06 8.396777912810e+04 4.498160416000e+05 1.799262416000e+06 0.000000000000e+00 0.000000000000e+00 0.000000000000e+00 2.622725184288e-03 2.978679679991e-03 4.667000158441e-02 0.000000000000e+00 0.000000000000e+00 0.000000000000e+00 0.000000000000e+00 0.000000000000e+00 
9.035000000000e+00 2.078249774295e-03 4.435633943739e-02 1.850195919488e-04 1.058892664508e+05 1.086334609863e+05 1.000000000000e+05 9.625105107138e+03 5.612768345132e+02 1.800000000000e+06 8.365549098277e+04 4.498160416000e+05 1.799262416000e+06 0.000000000000e+00 0.000000000000e+00 0.000000000000e+00 2.612970895298e-03 2.977415168827e-03 4.649654932117e-02 0.000000000000e+00 0.000000000000e+00 0.000000000000e+00 0.000000000000e+00 0.000000000000e+00 
9.040000000000e+00 2.077258284015e-03 4.406244248935e-02 2.057624244051e-04 1.054230245921e+05 1.084770602848e+05 1.000000000000e+05 9.626284511386e+03 5.614794970852e+02 1.800000000000e+06 8.332735804983e+04 4.498160416000e+05 1.799262416000e+06 0.000000000000e+00 0.000000000000e+00 0.000000000000e+00 2.602721695951e-03 2.976003155747e-03 4.631428646854e-02 0.000000000000e+00 0.000000000000e+00 0.000000000000e+00 0.000000000000e+00 0.000000000000e+00 
9.045000000000e+00 2.076163172514e-03 4.376414155122e-02 2.264998394097e-04 1.049396041731e+05 1.083040958873e+05 1.000000000000e+05 9.627585595109e+03 5.617034989619e+02 1.800000000000e+06 8.298401102062e+04 4.498160416000e+05 1.799262416000e+06 0.000000000000e+00 0.000000000000e+00 0.000000000000e+00 2.591997285828e-03 2.974443418131e-03 4.612356336700e-02 0.000000000000e+00 0.000000000000e+00 0.000000000000e+00 0.000000000000e+00 0.000000000000e+00 
9.050000000000e+00 2.074964676827e-03 4.346215320522e-02 2.471578817591e-04 1.044400065084e+05 1.081145398469e+05 1.000000000000e+05 9.629008244547e+03 5.619488392074e+02 1.800000000000e+06 8.262612365639e+04 4.498160416000e+05 1.799262416000e+06 0.000000000000e+00 0.000000000000e+00 0.000000000000e+00 2.580818709795e-03 2.972736261938e-03 4.592475415879e-02 0.000000000000e+00 0.000000000000e+00 0.000000000000e+00 0.000000000000e+00 0.000000000000e+00 
9.055000000000e+00 2.073663375969e-03 4.315701282563e-02 2.676706955367e-04 1.039251653186e+05 1.079084122538e+05 1.000000000000e+05 9.630551977365e+03 5.622154512428e+02 1.800000000000e+06 8.225439880658e+04 4.498160416000e+05 1.799262416000e+06 0.000000000000e+00 0.000000000000e+00 0.000000000000e+00 2.569207921284e-03 2.970882483934e-03 4.571824936616e-02 0.000000000000e+00 0.000000000000e+00 0.000000000000e+00 0.000000000000e+00 0.000000000000e+00 
9.060000000000e+00 2.072260201589e-03 4.284943139428e-02 2.879680072556e-04 1.033961359233e+05 1.076857833770e+05 1.000000000000e+05 9.632215914465e+03 5.625032003228e+02 1.800000000000e+06 8.186957094555e+04 4.498160416000e+05 1.799262416000e+06 0.000000000000e+00 0.000000000000e+00 0.000000000000e+00 2.557187861527e-03 2.968883382038e-03 4.550445691537e-02 0.000000000000e+00 0.000000000000e+00 0.000000000000e+00 0.000000000000e+00 0.000000000000e+00 
9.065000000000e+00 2.070756406554e-03 4.253995296732e-02 3.079846249068e-04 1.028539504974e+05 1.074467692305e+05 1.000000000000e+05 9.633998825141e+03 5.628118895664e+02 1.800000000000e+06 8.147239484395e+04 4.498160416000e+05 1.799262416000e+06 0.000000000000e+00 0.000000000000e+00 0.000000000000e+00 2.544782105711e-03 2.966740715555e-03 4.528379621083e-02 0.000000000000e+00 0.000000000000e+00 0.000000000000e+00 0.000000000000e+00 0.000000000000e+00 
9.070000000000e+00 2.069153578822e-03 4.222927436206e-02 3.276567051472e-04 1.022996773303e+05 1.071915344007e+05 1.000000000000e+05 9.635899104270e+03 5.631412566471e+02 1.800000000000e+06 8.106365658803e+04 4.498160416000e+05 1.799262416000e+06 0.000000000000e+00 0.000000000000e+00 0.000000000000e+00 2.532015207161e-03 2.964456721311e-03 4.505670390358e-02 0.000000000000e+00 0.000000000000e+00 0.000000000000e+00 0.000000000000e+00 0.000000000000e+00 
9.075000000000e+00 2.067453607911e-03 4.191795327478e-02 3.469239585768e-04 1.017343840185e+05 1.069202874219e+05 1.000000000000e+05 9.637914811308e+03 5.634909801517e+02 1.800000000000e+06 8.064415796834e+04 4.498160416000e+05 1.799262416000e+06 0.000000000000e+00 0.000000000000e+00 0.000000000000e+00 2.518912209725e-03 2.962034069111e-03 4.482362553924e-02 0.000000000000e+00 0.000000000000e+00 0.000000000000e+00 0.000000000000e+00 0.000000000000e+00 
9.080000000000e+00 2.065658688976e-03 4.160664810000e-02 3.657258779194e-04 1.011591959655e+05 1.066332821948e+05 1.000000000000e+05 9.640043658355e+03 5.638606781742e+02 1.800000000000e+06 8.021472227048e+04 4.498160416000e+05 1.799262416000e+06 0.000000000000e+00 0.000000000000e+00 0.000000000000e+00 2.505498828646e-03 2.959475865016e-03 4.458501851024e-02 0.000000000000e+00 0.000000000000e+00 0.000000000000e+00 0.000000000000e+00 0.000000000000e+00 
9.085000000000e+00 2.063771304759e-03 4.129594408173e-02 3.840071706198e-04 1.005752137556e+05 1.063308159442e+05 1.000000000000e+05 9.642283034216e+03 5.642499114106e+02 1.800000000000e+06 7.977619205088e+04 4.498160416000e+05 1.799262416000e+06 0.000000000000e+00 0.000000000000e+00 0.000000000000e+00 2.491801381090e-03 2.956785627192e-03 4.434135100871e-02 0.000000000000e+00 0.000000000000e+00 0.000000000000e+00 0.000000000000e+00 0.000000000000e+00 
9.090000000000e+00 2.061794204291e-03 4.098640102566e-02 4.017150092742e-04 9.998355208557e+04 1.060132266965e+05 1.000000000000e+05 9.644630023005e+03 5.646581868954e+02 1.800000000000e+06 7.932941807425e+04 4.498160416000e+05 1.799262416000e+06 0.000000000000e+00 0.000000000000e+00 0.000000000000e+00 2.477846440607e-03 2.953967255481e-03 4.409309582082e-02 0.000000000000e+00 0.000000000000e+00 0.000000000000e+00 0.000000000000e+00 0.000000000000e+00 
9.095000000000e+00 2.059730397995e-03 4.067862082777e-02 4.187991617406e-04 9.938533837455e+04 1.056808934182e+05 1.000000000000e+05 9.647081406582e+03 5.650849583342e+02 1.800000000000e+06 7.887526483222e+04 4.498160416000e+05 1.799262416000e+06 0.000000000000e+00 0.000000000000e+00 0.000000000000e+00 2.463661009508e-03 2.951025023404e-03 4.384073332008e-02 0.000000000000e+00 0.000000000000e+00 0.000000000000e+00 0.000000000000e+00 0.000000000000e+00 
9.100000000000e+00 2.057583128565e-03 4.037310021013e-02 4.352146410817e-04 9.878166935478e+04 1.053342322939e+05 1.000000000000e+05 9.649633698230e+03 5.655296314173e+02 1.800000000000e+06 7.841459949304e+04 4.498160416000e+05 1.799262416000e+06 0.000000000000e+00 0.000000000000e+00 0.000000000000e+00 2.449272173705e-03 2.947963538084e-03 4.358474548367e-02 0.000000000000e+00 0.000000000000e+00 0.000000000000e+00 0.000000000000e+00 0.000000000000e+00 
9.105000000000e+00 2.055355860967e-03 4.007038841371e-02 4.509179239147e-04 9.817366732223e+04 1.049736960826e+05 1.000000000000e+05 9.652283146621e+03 5.659915651819e+02 1.800000000000e+06 7.794829181927e+04 4.498160416000e+05 1.799262416000e+06 0.000000000000e+00 0.000000000000e+00 0.000000000000e+00 2.434707100146e-03 2.944787724759e-03 4.332561567209e-02 0.000000000000e+00 0.000000000000e+00 0.000000000000e+00 0.000000000000e+00 0.000000000000e+00 
9.110000000000e+00 2.053052259770e-03 3.977096500157e-02 4.658711100277e-04 9.756241477133e+04 1.045997714363e+05 1.000000000000e+05 9.655025763623e+03 5.664700759944e+02 1.800000000000e+06 7.747721108420e+04 4.498160416000e+05 1.799262416000e+06 0.000000000000e+00 0.000000000000e+00 0.000000000000e+00 2.419992940494e-03 2.941502796064e-03 4.306382704673e-02 0.000000000000e+00 0.000000000000e+00 0.000000000000e+00 0.000000000000e+00 0.000000000000e+00 
9.115000000000e+00 2.050676195468e-03 3.947548176211e-02 4.800318575913e-04 9.694910838501e+04 1.042129809219e+05 1.000000000000e+05 9.657857301826e+03 5.669644355154e+02 1.800000000000e+06 7.700223572271e+04 4.498160416000e+05 1.799262416000e+06 0.000000000000e+00 0.000000000000e+00 0.000000000000e+00 2.405157132575e-03 2.938114257218e-03 4.279986767848e-02 0.000000000000e+00 0.000000000000e+00 0.000000000000e+00 0.000000000000e+00 0.000000000000e+00 
9.120000000000e+00 2.048231729479e-03 3.918451487434e-02 4.933632206004e-04 9.633490929329e+04 1.038138816060e+05 1.000000000000e+05 9.660773279642e+03 5.674738730776e+02 1.800000000000e+06 7.652425785644e+04 4.498160416000e+05 1.799262416000e+06 0.000000000000e+00 0.000000000000e+00 0.000000000000e+00 2.390227541720e-03 2.934627887016e-03 4.253423333354e-02 0.000000000000e+00 0.000000000000e+00 0.000000000000e+00 0.000000000000e+00 0.000000000000e+00 
9.125000000000e+00 2.045723119878e-03 3.889881124780e-02 5.058230559588e-04 9.572110545309e+04 1.034030670255e+05 1.000000000000e+05 9.663768958760e+03 5.679975737464e+02 1.800000000000e+06 7.604418850327e+04 4.498160416000e+05 1.799262416000e+06 0.000000000000e+00 0.000000000000e+00 0.000000000000e+00 2.375232623481e-03 2.931049745725e-03 4.226743010761e-02 0.000000000000e+00 0.000000000000e+00 0.000000000000e+00 0.000000000000e+00 0.000000000000e+00 
9.130000000000e+00 2.043154875336e-03 3.861954722204e-02 5.173539969061e-04 9.510927536658e+04 1.029811771278e+05 1.000000000000e+05 9.666839264607e+03 5.685346662655e+02 1.800000000000e+06 7.556300133218e+04 4.498160416000e+05 1.799262416000e+06 0.000000000000e+00 0.000000000000e+00 0.000000000000e+00 2.360202790310e-03 2.927386247677e-03 4.199999848990e-02 0.000000000000e+00 0.000000000000e+00 0.000000000000e+00 0.000000000000e+00 0.000000000000e+00 
9.135000000000e+00 2.040531862674e-03 3.834846431062e-02 5.278701789774e-04 9.450151247284e+04 1.025489172503e+05 1.000000000000e+05 9.669978638337e+03 5.690841996254e+02 1.800000000000e+06 7.508180077066e+04 4.498160416000e+05 1.799262416000e+06 0.000000000000e+00 0.000000000000e+00 0.000000000000e+00 2.345172538891e-03 2.923644293727e-03 4.173255111363e-02 0.000000000000e+00 0.000000000000e+00 0.000000000000e+00 0.000000000000e+00 0.000000000000e+00 
9.140000000000e+00 2.037859139569e-03 3.808825662406e-02 5.372533681099e-04 9.390046166157e+04 1.021070319579e+05 1.000000000000e+05 9.673181226569e+03 5.696451771092e+02 1.800000000000e+06 7.460192164306e+04 4.498160416000e+05 1.799262416000e+06 0.000000000000e+00 0.000000000000e+00 0.000000000000e+00 2.330183562329e-03 2.919831498325e-03 4.146582778012e-02 0.000000000000e+00 0.000000000000e+00 0.000000000000e+00 0.000000000000e+00 0.000000000000e+00 
9.145000000000e+00 2.035143046311e-03 3.784296415587e-02 5.453255557684e-04 9.330993313254e+04 1.016564875553e+05 1.000000000000e+05 9.676439538757e+03 5.702163257126e+02 1.800000000000e+06 7.412508192655e+04 4.498160416000e+05 1.799262416000e+06 0.000000000000e+00 0.000000000000e+00 0.000000000000e+00 2.315289521467e-03 2.915956551962e-03 4.120078002683e-02 0.000000000000e+00 0.000000000000e+00 0.000000000000e+00 0.000000000000e+00 0.000000000000e+00 
9.150000000000e+00 2.032391170645e-03 3.761847283808e-02 5.518263429367e-04 9.273525745506e+04 1.011984704111e+05 1.000000000000e+05 9.679744447857e+03 5.707961005716e+02 1.800000000000e+06 7.365358571562e+04 4.498160416000e+05 1.799262416000e+06 0.000000000000e+00 0.000000000000e+00 0.000000000000e+00 2.300562384469e-03 2.912029732800e-03 4.093868352081e-02 0.000000000000e+00 0.000000000000e+00 0.000000000000e+00 0.000000000000e+00 0.000000000000e+00 
9.155000000000e+00 2.029612238721e-03 3.742289243816e-02 5.563864239148e-04 9.218369193259e+04 1.007343729277e+05 1.000000000000e+05 9.683085275102e+03 5.713827050096e+02 1.800000000000e+06 7.319058264685e+04 4.498160416000e+05 1.799262416000e+06 0.000000000000e+00 0.000000000000e+00 0.000000000000e+00 2.286100529916e-03 2.908063594958e-03 4.068128199569e-02 0.000000000000e+00 0.000000000000e+00 0.000000000000e+00 0.000000000000e+00 0.000000000000e+00 
9.160000000000e+00 2.026817170756e-03 3.726655280956e-02 5.585220234541e-04 9.166471166535e+04 1.002659747161e+05 1.000000000000e+05 9.686448498033e+03 5.719738642415e+02 1.800000000000e+06 7.274031605709e+04 4.498160416000e+05 1.799262416000e+06 0.000000000000e+00 0.000000000000e+00 0.000000000000e+00 2.272036498012e-03 2.904073726889e-03 4.043092534333e-02 0.000000000000e+00 0.000000000000e+00 0.000000000000e+00 0.000000000000e+00 0.000000000000e+00 
9.165000000000e+00 2.024019744792e-03 3.716276778066e-02 5.576020514589e-04 9.119065729635e+04 9.979556140570e+04 1.000000000000e+05 9.689816886578e+03 5.725666796124e+02 1.800000000000e+06 7.230841977817e+04 4.498160416000e+05 1.799262416000e+06 0.000000000000e+00 0.000000000000e+00 0.000000000000e+00 2.258546260929e-03 2.900079711042e-03 4.019073392480e-02 0.000000000000e+00 0.000000000000e+00 0.000000000000e+00 0.000000000000e+00 0.000000000000e+00 
9.170000000000e+00 2.021237256472e-03 3.712706950642e-02 5.528755182019e-04 9.077645661045e+04 9.932604500111e+04 1.000000000000e+05 9.693168705139e+03 5.731574821166e+02 1.800000000000e+06 7.190221877221e+04 4.498160416000e+05 1.799262416000e+06 0.000000000000e+00 0.000000000000e+00 0.000000000000e+00 2.245858613128e-03 2.896106128957e-03 3.996476667079e-02 0.000000000000e+00 0.000000000000e+00 0.000000000000e+00 0.000000000000e+00 0.000000000000e+00 
9.175000000000e+00 2.018491140204e-03 3.717661814911e-02 5.434741948194e-04 9.043971548391e+04 9.886107960984e+04 1.000000000000e+05 9.696476926708e+03 5.737416927920e+02 1.800000000000e+06 7.153079447622e+04 4.498160416000e+05 1.799262416000e+06 0.000000000000e+00 0.000000000000e+00 0.000000000000e+00 2.234257212385e-03 2.892183294076e-03 3.975805808888e-02 0.000000000000e+00 0.000000000000e+00 0.000000000000e+00 0.000000000000e+00 0.000000000000e+00 
9.180000000000e+00 2.015807430925e-03 3.733054805874e-02 5.284161682598e-04 9.020076082005e+04 9.840515134079e+04 1.000000000000e+05 9.699708637116e+03 5.743137162222e+02 1.800000000000e+06 7.120518016691e+04 4.498160416000e+05 1.799262416000e+06 0.000000000000e+00 0.000000000000e+00 0.000000000000e+00 2.224086681996e-03 2.888348210055e-03 3.957672658318e-02 0.000000000000e+00 0.000000000000e+00 0.000000000000e+00 0.000000000000e+00 0.000000000000e+00 
9.185000000000e+00 2.013217284712e-03 3.760853825821e-02 5.066513980554e-04 9.008202978895e+04 9.796367822578e+04 1.000000000000e+05 9.702824417332e+03 5.748668215019e+02 1.800000000000e+06 7.093833247233e+04 4.498160416000e+05 1.799262416000e+06 0.000000000000e+00 0.000000000000e+00 0.000000000000e+00 2.215751720940e-03 2.884645147121e-03 3.942796015035e-02 0.000000000000e+00 0.000000000000e+00 0.000000000000e+00 0.000000000000e+00 0.000000000000e+00 
9.190000000000e+00 2.010757218389e-03 3.803048476912e-02 4.770759415163e-04 9.010787488044e+04 9.754306110973e+04 1.000000000000e+05 9.705778035747e+03 5.753930840326e+02 1.800000000000e+06 7.074500485319e+04 4.498160416000e+05 1.799262416000e+06 0.000000000000e+00 0.000000000000e+00 0.000000000000e+00 2.209713152089e-03 2.881126046115e-03 3.931994631118e-02 0.000000000000e+00 0.000000000000e+00 0.000000000000e+00 0.000000000000e+00 0.000000000000e+00 
9.195000000000e+00 2.008469277821e-03 3.859875941895e-02 4.395781964357e-04 9.028822245145e+04 9.715071905748e+04 1.000000000000e+05 9.708517436822e+03 5.758833449196e+02 1.800000000000e+06 7.064081324655e+04 4.498160416000e+05 1.799262416000e+06 0.000000000000e+00 0.000000000000e+00 0.000000000000e+00 2.206458737675e-03 2.877848716257e-03 3.926137132927e-02 0.000000000000e+00 0.000000000000e+00 0.000000000000e+00 0.000000000000e+00 0.000000000000e+00 
9.200000000000e+00 2.006396382280e-03 3.932266276959e-02 3.925079168458e-04 9.065713388322e+04 9.679428908326e+04 1.000000000000e+05 9.710987484055e+03 5.763282100375e+02 1.800000000000e+06 7.063980828718e+04 4.498160416000e+05 1.799262416000e+06 0.000000000000e+00 0.000000000000e+00 0.000000000000e+00 2.206427347869e-03 2.874874626632e-03 3.926004361367e-02 0.000000000000e+00 0.000000000000e+00 0.000000000000e+00 0.000000000000e+00 0.000000000000e+00 
9.205000000000e+00 2.004582047143e-03 4.022448614083e-02 3.356237412951e-04 9.122670837081e+04 9.648156303282e+04 1.000000000000e+05 9.713133772240e+03 5.767181205555e+02 1.800000000000e+06 7.075800427899e+04 4.498160416000e+05 1.799262416000e+06 0.000000000000e+00 0.000000000000e+00 0.000000000000e+00 2.210119187854e-03 2.872271818256e-03 3.932484931575e-02 0.000000000000e+00 0.000000000000e+00 0.000000000000e+00 0.000000000000e+00 0.000000000000e+00 
9.210000000000e+00 2.003081843219e-03 4.130827817458e-02 2.681262371673e-04 9.201968346138e+04 9.622244802047e+04 1.000000000000e+05 9.714886432908e+03 5.770409007332e+02 1.800000000000e+06 7.101173600881e+04 4.498160416000e+05 1.799262416000e+06 0.000000000000e+00 0.000000000000e+00 0.000000000000e+00 2.218044473062e-03 2.870114098060e-03 3.946487319107e-02 0.000000000000e+00 0.000000000000e+00 0.000000000000e+00 0.000000000000e+00 0.000000000000e+00 
9.215000000000e+00 2.001949729522e-03 4.257836946453e-02 1.895660368956e-04 9.305270103628e+04 9.602658876190e+04 1.000000000000e+05 9.716177938336e+03 5.772847105905e+02 1.800000000000e+06 7.141661494342e+04 4.498160416000e+05 1.799262416000e+06 0.000000000000e+00 0.000000000000e+00 0.000000000000e+00 2.230690826096e-03 2.868479317656e-03 3.968879690655e-02 0.000000000000e+00 0.000000000000e+00 0.000000000000e+00 0.000000000000e+00 0.000000000000e+00 
9.220000000000e+00 2.001241379729e-03 4.402954930611e-02 9.986005729829e-05 9.433647780471e+04 9.590390143180e+04 1.000000000000e+05 9.716939211715e+03 5.774373589301e+02 1.800000000000e+06 7.198683964114e+04 4.498160416000e+05 1.799262416000e+06 0.000000000000e+00 0.000000000000e+00 0.000000000000e+00 2.248501737507e-03 2.867446901064e-03 4.000452639978e-02 0.000000000000e+00 0.000000000000e+00 0.000000000000e+00 0.000000000000e+00 0.000000000000e+00 
9.225000000000e+00 2.001011822449e-03 4.565714119735e-02 -6.034269198982e-07 9.587359163858e+04 9.586411849787e+04 1.000000000000e+05 9.717102804474e+03 5.774868446290e+02 1.800000000000e+06 7.273443973722e+04 4.498160416000e+05 1.799262416000e+06 0.000000000000e+00 0.000000000000e+00 0.000000000000e+00 2.271852951748e-03 2.867096573230e-03 4.041876025014e-02 0.000000000000e+00 0.000000000000e+00 0.000000000000e+00 0.000000000000e+00 0.000000000000e+00 
9.230000000000e+00 2.001291970333e-03 4.746400608793e-02 -1.108480885414e-04 9.765249540869e+04 9.591266739775e+04 1.000000000000e+05 9.716631916731e+03 5.774264541885e+02 1.800000000000e+06 7.366821937468e+04 4.498160416000e+05 1.799262416000e+06 0.000000000000e+00 0.000000000000e+00 0.000000000000e+00 2.301019465346e-03 2.867486304475e-03 4.093642766173e-02 0.000000000000e+00 0.000000000000e+00 0.000000000000e+00 0.000000000000e+00 0.000000000000e+00 
9.235000000000e+00 2.002097177146e-03 4.941342045058e-02 -2.313745627683e-04 9.968148687115e+04 9.605211331580e+04 1.000000000000e+05 9.715507666419e+03 5.772529454760e+02 1.800000000000e+06 7.479311518018e+04 4.498160416000e+05 1.799262416000e+06 0.000000000000e+00 0.000000000000e+00 0.000000000000e+00 2.336155473341e-03 2.868664913131e-03 4.156028721044e-02 0.000000000000e+00 0.000000000000e+00 0.000000000000e+00 0.000000000000e+00 0.000000000000e+00 
9.240000000000e+00 2.003507626499e-03 5.143923169081e-02 -3.622943368477e-04 1.019730376686e+05 9.629603844344e+04 1.000000000000e+05 9.713633193539e+03 5.769492554185e+02 1.800000000000e+06 7.611079538958e+04 4.498160416000e+05 1.799262416000e+06 0.000000000000e+00 0.000000000000e+00 0.000000000000e+00 2.377313082914e-03 2.870723443931e-03 4.229129618546e-02 0.000000000000e+00 0.000000000000e+00 0.000000000000e+00 0.000000000000e+00 0.000000000000e+00 
9.245000000000e+00 2.005590961862e-03 5.355268245477e-02 -5.008909605810e-04 1.044920741845e+05 9.665555072842e+04 1.000000000000e+05 9.710931375996e+03 5.765012375431e+02 1.800000000000e+06 7.761911989471e+04 4.498160416000e+05 1.799262416000e+06 0.000000000000e+00 0.000000000000e+00 0.000000000000e+00 2.424425447999e-03 2.873740171701e-03 4.312828851100e-02 0.000000000000e+00 0.000000000000e+00 0.000000000000e+00 0.000000000000e+00 0.000000000000e+00 
9.250000000000e+00 2.008381780982e-03 5.572658998995e-02 -6.458620435580e-04 1.072192586506e+05 9.713569271972e+04 1.000000000000e+05 9.707365074590e+03 5.759021094977e+02 1.800000000000e+06 7.931240257750e+04 4.498160416000e+05 1.799262416000e+06 0.000000000000e+00 0.000000000000e+00 0.000000000000e+00 2.477314963268e-03 2.877764949077e-03 4.406812962520e-02 0.000000000000e+00 0.000000000000e+00 0.000000000000e+00 0.000000000000e+00 0.000000000000e+00 
9.255000000000e+00 2.011908430582e-03 5.793336189101e-02 -7.957915144118e-04 1.101317496454e+05 9.774005287330e+04 1.000000000000e+05 9.702906270802e+03 5.751467007584e+02 1.800000000000e+06 8.118136486924e+04 4.498160416000e+05 1.799262416000e+06 0.000000000000e+00 0.000000000000e+00 0.000000000000e+00 2.535691813554e-03 2.882837939803e-03 4.510568651653e-02 0.000000000000e+00 0.000000000000e+00 0.000000000000e+00 0.000000000000e+00 0.000000000000e+00 
9.260000000000e+00 2.016191408482e-03 6.014673412766e-02 -9.492285219801e-04 1.132043504435e+05 9.847047721056e+04 1.000000000000e+05 9.697537966098e+03 5.742318065768e+02 1.800000000000e+06 8.321354047559e+04 4.498160416000e+05 1.799262416000e+06 0.000000000000e+00 0.000000000000e+00 0.000000000000e+00 2.599166615401e-03 2.888989089617e-03 4.623405100197e-02 0.000000000000e+00 0.000000000000e+00 0.000000000000e+00 0.000000000000e+00 0.000000000000e+00 
9.265000000000e+00 2.021243977477e-03 6.234217569465e-02 -1.104703505049e-03 1.164100737478e+05 9.932718104832e+04 1.000000000000e+05 9.691253393539e+03 5.731560536653e+02 1.800000000000e+06 8.539379737306e+04 4.498160416000e+05 1.799262416000e+06 0.000000000000e+00 0.000000000000e+00 0.000000000000e+00 2.667266721568e-03 2.896237937367e-03 4.744482974467e-02 0.000000000000e+00 0.000000000000e+00 0.000000000000e+00 0.000000000000e+00 0.000000000000e+00 
9.270000000000e+00 2.027072261912e-03 6.449801823283e-02 -1.260800461884e-03 1.197215059944e+05 1.003087899372e+05 1.000000000000e+05 9.684055732162e+03 5.719198643725e+02 1.800000000000e+06 8.770488473569e+04 4.498160416000e+05 1.799262416000e+06 0.000000000000e+00 0.000000000000e+00 0.000000000000e+00 2.739453304231e-03 2.904593601588e-03 4.872844729099e-02 0.000000000000e+00 0.000000000000e+00 0.000000000000e+00 0.000000000000e+00 0.000000000000e+00 
9.275000000000e+00 2.033675617071e-03 6.659627644442e-02 -1.416196793950e-03 1.231117018193e+05 1.014124443056e+05 1.000000000000e+05 9.675957470084e+03 5.705253506203e+02 1.800000000000e+06 9.012816062859e+04 4.498160416000e+05 1.799262416000e+06 0.000000000000e+00 0.000000000000e+00 0.000000000000e+00 2.815144084418e-03 2.914055202496e-03 5.007455024928e-02 0.000000000000e+00 0.000000000000e+00 0.000000000000e+00 0.000000000000e+00 0.000000000000e+00 
9.280000000000e+00 2.041046839881e-03 6.862145067668e-02 -1.569634951459e-03 1.265539928772e+05 1.026338927667e+05 1.000000000000e+05 9.666979984085e+03 5.689762306422e+02 1.800000000000e+06 9.264414054070e+04 4.498160416000e+05 1.799262416000e+06 0.000000000000e+00 0.000000000000e+00 0.000000000000e+00 2.893730465375e-03 2.924613103749e-03 5.147231371562e-02 0.000000000000e+00 0.000000000000e+00 0.000000000000e+00 0.000000000000e+00 0.000000000000e+00 
9.285000000000e+00 2.049173560930e-03 7.056142087713e-02 -1.719978495939e-03 1.300232491375e+05 1.039677923824e+05 1.000000000000e+05 9.657151573072e+03 5.672774893941e+02 1.800000000000e+06 9.523301920553e+04 4.498160416000e+05 1.799262416000e+06 0.000000000000e+00 0.000000000000e+00 0.000000000000e+00 2.974593831583e-03 2.936249262814e-03 5.291073059183e-02 0.000000000000e+00 0.000000000000e+00 0.000000000000e+00 0.000000000000e+00 0.000000000000e+00 
9.290000000000e+00 2.058037194420e-03 7.240678184671e-02 -1.866209130982e-03 1.334958369621e+05 1.054076135836e+05 1.000000000000e+05 9.646508442688e+03 5.654355452585e+02 1.800000000000e+06 9.787514657387e+04 4.498160416000e+05 1.799262416000e+06 0.000000000000e+00 0.000000000000e+00 0.000000000000e+00 3.057120415720e-03 2.948937955475e-03 5.437887723770e-02 0.000000000000e+00 0.000000000000e+00 0.000000000000e+00 0.000000000000e+00 0.000000000000e+00 
9.295000000000e+00 2.067614861777e-03 7.415168182028e-02 -2.007432498359e-03 1.369501181589e+05 1.069460410909e+05 1.000000000000e+05 9.635092116508e+03 5.634577890363e+02 1.800000000000e+06 1.005515078165e+05 4.498160416000e+05 1.799262416000e+06 0.000000000000e+00 0.000000000000e+00 0.000000000000e+00 3.140716291498e-03 2.962646886762e-03 5.586617940963e-02 0.000000000000e+00 0.000000000000e+00 0.000000000000e+00 0.000000000000e+00 0.000000000000e+00 
9.300000000000e+00 2.077879570869e-03 7.579182622735e-02 -2.142936079580e-03 1.403674224043e+05 1.085750859083e+05 1.000000000000e+05 9.622948870420e+03 5.613524888395e+02 1.800000000000e+06 1.032440097798e+05 4.498160416000e+05 1.799262416000e+06 0.000000000000e+00 0.000000000000e+00 0.000000000000e+00 3.224816321072e-03 2.977337705185e-03 5.736257457637e-02 0.000000000000e+00 0.000000000000e+00 0.000000000000e+00 0.000000000000e+00 0.000000000000e+00 
9.305000000000e+00 2.088800706846e-03 7.732461591459e-02 -2.272037348812e-03 1.437299033412e+05 1.102862473946e+05 1.000000000000e+05 9.610129031853e+03 5.591286298747e+02 1.800000000000e+06 1.059356456806e+05 4.498160416000e+05 1.799262416000e+06 0.000000000000e+00 0.000000000000e+00 0.000000000000e+00 3.308889299269e-03 2.992966833241e-03 5.885860243248e-02 0.000000000000e+00 0.000000000000e+00 0.000000000000e+00 0.000000000000e+00 0.000000000000e+00 
9.310000000000e+00 2.100344567030e-03 7.874869006117e-02 -2.394138175241e-03 1.470214822161e+05 1.120706775035e+05 1.000000000000e+05 9.596686008570e+03 5.567957478346e+02 1.800000000000e+06 1.086106399772e+05 4.498160416000e+05 1.799262416000e+06 0.000000000000e+00 0.000000000000e+00 0.000000000000e+00 3.392442478624e-03 3.009486270548e-03 6.034548640972e-02 0.000000000000e+00 0.000000000000e+00 0.000000000000e+00 0.000000000000e+00 0.000000000000e+00 
9.315000000000e+00 2.112474812968e-03 8.006384460186e-02 -2.508726409741e-03 1.502279481151e+05 1.139193248550e+05 1.000000000000e+05 9.582675495270e+03 5.543637834716e+02 1.800000000000e+06 1.112545091488e+05 4.498160416000e+05 1.799262416000e+06 0.000000000000e+00 0.000000000000e+00 0.000000000000e+00 3.475023467813e-03 3.026844288495e-03 6.181516761440e-02 0.000000000000e+00 0.000000000000e+00 0.000000000000e+00 0.000000000000e+00 0.000000000000e+00 
9.320000000000e+00 2.125152819042e-03 8.127050696270e-02 -2.615369567834e-03 1.533369021637e+05 1.158230547854e+05 1.000000000000e+05 9.568154832742e+03 5.518429629985e+02 1.800000000000e+06 1.138540895690e+05 4.498160416000e+05 1.799262416000e+06 0.000000000000e+00 0.000000000000e+00 0.000000000000e+00 3.556221102279e-03 3.044985862735e-03 6.326032090135e-02 0.000000000000e+00 0.000000000000e+00 0.000000000000e+00 0.000000000000e+00 0.000000000000e+00 
9.325000000000e+00 2.138337956449e-03 8.236971819154e-02 -2.713688260650e-03 1.563373864227e+05 1.177727511919e+05 1.000000000000e+05 9.553182488224e+03 5.492436966376e+02 1.800000000000e+06 1.163974966817e+05 4.498160416000e+05 1.799262416000e+06 0.000000000000e+00 0.000000000000e+00 0.000000000000e+00 3.635664169103e-03 3.063853073174e-03 6.467433225858e-02 0.000000000000e+00 0.000000000000e+00 0.000000000000e+00 0.000000000000e+00 0.000000000000e+00 
9.330000000000e+00 2.151987790612e-03 8.336226500518e-02 -2.803346032645e-03 1.592197343163e+05 1.197593970049e+05 1.000000000000e+05 9.537817641364e+03 5.465764996531e+02 1.800000000000e+06 1.188740331192e+05 4.498160416000e+05 1.799262416000e+06 0.000000000000e+00 0.000000000000e+00 0.000000000000e+00 3.713018537074e-03 3.083385415717e-03 6.605124858499e-02 0.000000000000e+00 0.000000000000e+00 0.000000000000e+00 0.000000000000e+00 0.000000000000e+00 
9.335000000000e+00 2.166058166815e-03 8.424831390197e-02 -2.883983734561e-03 1.619746276027e+05 1.217741304718e+05 1.000000000000e+05 9.522119977852e+03 5.438519402420e+02 1.800000000000e+06 1.212740494142e+05 4.498160416000e+05 1.799262416000e+06 0.000000000000e+00 0.000000000000e+00 0.000000000000e+00 3.787982806049e-03 3.103519952602e-03 6.738570033031e-02 0.000000000000e+00 0.000000000000e+00 0.000000000000e+00 0.000000000000e+00 0.000000000000e+00 
9.340000000000e+00 2.180503199523e-03 8.502794583818e-02 -2.955272190353e-03 1.645938178349e+05 1.238082809078e+05 1.000000000000e+05 9.506149483252e+03 5.410806103166e+02 1.800000000000e+06 1.235887498626e+05 4.498160416000e+05 1.799262416000e+06 0.000000000000e+00 0.000000000000e+00 0.000000000000e+00 3.860282243083e-03 3.124191295299e-03 6.867279319161e-02 0.000000000000e+00 0.000000000000e+00 0.000000000000e+00 0.000000000000e+00 0.000000000000e+00 
9.345000000000e+00 2.195275317815e-03 8.570104699795e-02 -3.016890417685e-03 1.670697851579e+05 1.258534063127e+05 1.000000000000e+05 9.489966273576e+03 5.382730893413e+02 1.800000000000e+06 1.258101250149e+05 4.498160416000e+05 1.799262416000e+06 0.000000000000e+00 0.000000000000e+00 0.000000000000e+00 3.929666673827e-03 3.145331702916e-03 6.990807057711e-02 0.000000000000e+00 0.000000000000e+00 0.000000000000e+00 0.000000000000e+00 0.000000000000e+00 
9.350000000000e+00 2.210325998572e-03 8.626703572529e-02 -3.068487040572e-03 1.693952529929e+05 1.279014171204e+05 1.000000000000e+05 9.473629722694e+03 5.354397837191e+02 1.800000000000e+06 1.279308584762e+05 4.498160416000e+05 1.799262416000e+06 0.000000000000e+00 0.000000000000e+00 0.000000000000e+00 3.995907571418e-03 3.166871085969e-03 7.108746198009e-02 0.000000000000e+00 0.000000000000e+00 0.000000000000e+00 0.000000000000e+00 0.000000000000e+00 
9.355000000000e+00 2.225603946837e-03 8.672293368356e-02 -3.109640387634e-03 1.715624342245e+05 1.299443453407e+05 1.000000000000e+05 9.457200375795e+03 5.325912517569e+02 1.800000000000e+06 1.299439685496e+05 4.498160416000e+05 1.799262416000e+06 0.000000000000e+00 0.000000000000e+00 0.000000000000e+00 4.058786863250e-03 3.188736421097e-03 7.220708572372e-02 0.000000000000e+00 0.000000000000e+00 0.000000000000e+00 0.000000000000e+00 0.000000000000e+00 
9.360000000000e+00 2.241056604080e-03 8.707313786074e-02 -3.140213337316e-03 1.735678981577e+05 1.319745669627e+05 1.000000000000e+05 9.440737856494e+03 5.297379014374e+02 1.800000000000e+06 1.318432189290e+05 4.498160416000e+05 1.799262416000e+06 0.000000000000e+00 0.000000000000e+00 0.000000000000e+00 4.118109758925e-03 3.210852898033e-03 7.326346694227e-02 0.000000000000e+00 0.000000000000e+00 0.000000000000e+00 0.000000000000e+00 0.000000000000e+00 
9.365000000000e+00 2.256630337872e-03 8.731635712131e-02 -3.159840464218e-03 1.754056127010e+05 1.339848289720e+05 1.000000000000e+05 9.424301150571e+03 5.268899483823e+02 1.800000000000e+06 1.336232824849e+05 4.498160416000e+05 1.799262416000e+06 0.000000000000e+00 0.000000000000e+00 0.000000000000e+00 4.173709866087e-03 3.233143890943e-03 7.425364261964e-02 0.000000000000e+00 0.000000000000e+00 0.000000000000e+00 0.000000000000e+00 0.000000000000e+00 
9.370000000000e+00 2.272269479846e-03 8.744938914211e-02 -3.168134076714e-03 1.770696161506e+05 1.359681239508e+05 1.000000000000e+05 9.407949376224e+03 5.240575872433e+02 1.800000000000e+06 1.352788785752e+05 4.498160416000e+05 1.799262416000e+06 0.000000000000e+00 0.000000000000e+00 0.000000000000e+00 4.225422244408e-03 3.255529615088e-03 7.517467799198e-02 0.000000000000e+00 0.000000000000e+00 0.000000000000e+00 0.000000000000e+00 0.000000000000e+00 
9.375000000000e+00 2.287916597458e-03 8.747245734855e-02 -3.164782078274e-03 1.785552564139e+05 1.379177251451e+05 1.000000000000e+05 9.391741366185e+03 5.212509365319e+02 1.800000000000e+06 1.368049386910e+05 4.498160416000e+05 1.799262416000e+06 0.000000000000e+00 0.000000000000e+00 0.000000000000e+00 4.273088579519e-03 3.277927779207e-03 7.602375246798e-02 0.000000000000e+00 0.000000000000e+00 0.000000000000e+00 0.000000000000e+00 0.000000000000e+00 
9.380000000000e+00 2.303513153753e-03 8.738760523094e-02 -3.149592730359e-03 1.798597077773e+05 1.398272601688e+05 1.000000000000e+05 9.375734944432e+03 5.184799215257e+02 1.800000000000e+06 1.381971015208e+05 4.498160416000e+05 1.799262416000e+06 0.000000000000e+00 0.000000000000e+00 0.000000000000e+00 4.316572646293e-03 3.300254667229e-03 7.679843696257e-02 0.000000000000e+00 0.000000000000e+00 0.000000000000e+00 0.000000000000e+00 0.000000000000e+00 
9.385000000000e+00 2.318999645244e-03 8.719681829531e-02 -3.122399792034e-03 1.809806415555e+05 1.416907097121e+05 1.000000000000e+05 9.359986923217e+03 5.157542588842e+02 1.800000000000e+06 1.394516798274e+05 4.498160416000e+05 1.799262416000e+06 0.000000000000e+00 0.000000000000e+00 0.000000000000e+00 4.355759274241e-03 3.322425202251e-03 7.749667754957e-02 0.000000000000e+00 0.000000000000e+00 0.000000000000e+00 0.000000000000e+00 0.000000000000e+00 
9.390000000000e+00 2.334315970160e-03 8.690306784900e-02 -3.083117300048e-03 1.819168564306e+05 1.435024280012e+05 1.000000000000e+05 9.344552743859e+03 5.130834058601e+02 1.800000000000e+06 1.405657022119e+05 4.498160416000e+05 1.799262416000e+06 0.000000000000e+00 0.000000000000e+00 0.000000000000e+00 4.390555652018e-03 3.344353440653e-03 7.811681756111e-02 0.000000000000e+00 0.000000000000e+00 0.000000000000e+00 0.000000000000e+00 0.000000000000e+00 
9.395000000000e+00 2.349401896217e-03 8.651065193314e-02 -3.031771539143e-03 1.826685956143e+05 1.452571673500e+05 1.000000000000e+05 9.329486076461e+03 5.104764988089e+02 1.800000000000e+06 1.415370025090e+05 4.498160416000e+05 1.799262416000e+06 0.000000000000e+00 0.000000000000e+00 0.000000000000e+00 4.420894119669e-03 3.365953238183e-03 7.865764698324e-02 0.000000000000e+00 0.000000000000e+00 0.000000000000e+00 0.000000000000e+00 0.000000000000e+00 
9.400000000000e+00 2.364197549120e-03 8.602449159923e-02 -2.968479072827e-03 1.832371870642e+05 1.469500974871e+05 1.000000000000e+05 9.314838487153e+03 5.079422948891e+02 1.800000000000e+06 1.423642973121e+05 4.498160416000e+05 1.799262416000e+06 0.000000000000e+00 0.000000000000e+00 0.000000000000e+00 4.446734590115e-03 3.387138951634e-03 7.911844634356e-02 0.000000000000e+00 0.000000000000e+00 0.000000000000e+00 0.000000000000e+00 0.000000000000e+00 
9.405000000000e+00 2.378644083445e-03 8.545128038243e-02 -2.893505984897e-03 1.836257052394e+05 1.485768385726e+05 1.000000000000e+05 9.300658881472e+03 5.054890890661e+02 1.800000000000e+06 1.430472962228e+05 4.498160416000e+05 1.799262416000e+06 0.000000000000e+00 0.000000000000e+00 0.000000000000e+00 4.468067992789e-03 3.407826391933e-03 7.949904682717e-02 0.000000000000e+00 0.000000000000e+00 0.000000000000e+00 0.000000000000e+00 0.000000000000e+00 
9.410000000000e+00 2.392684270394e-03 8.479824523076e-02 -2.807234629308e-03 1.838384838227e+05 1.501334777146e+05 1.000000000000e+05 9.286993153705e+03 5.031246518562e+02 1.800000000000e+06 1.435867495678e+05 4.498160416000e+05 1.799262416000e+06 0.000000000000e+00 0.000000000000e+00 0.000000000000e+00 4.484917764076e-03 3.427933670792e-03 7.979985818893e-02 0.000000000000e+00 0.000000000000e+00 0.000000000000e+00 0.000000000000e+00 0.000000000000e+00 
9.415000000000e+00 2.406263137845e-03 8.407299753288e-02 -2.710149568599e-03 1.838808953763e+05 1.516165861146e+05 1.000000000000e+05 9.273883793149e+03 5.008561633682e+02 1.800000000000e+06 1.439844780393e+05 4.498160416000e+05 1.799262416000e+06 0.000000000000e+00 0.000000000000e+00 0.000000000000e+00 4.497340773110e-03 3.447382117156e-03 8.002188534642e-02 0.000000000000e+00 0.000000000000e+00 0.000000000000e+00 0.000000000000e+00 0.000000000000e+00 
9.420000000000e+00 2.419325860374e-03 8.325995867313e-02 -2.601751554467e-03 1.837462521545e+05 1.530229380758e+05 1.000000000000e+05 9.261373144597e+03 4.986906058474e+02 1.800000000000e+06 1.442421088526e+05 4.498160416000e+05 1.799262416000e+06 0.000000000000e+00 0.000000000000e+00 0.000000000000e+00 4.505387845800e-03 3.466093316586e-03 8.016605098089e-02 0.000000000000e+00 0.000000000000e+00 0.000000000000e+00 0.000000000000e+00 0.000000000000e+00 
9.425000000000e+00 2.431822730713e-03 8.241546187921e-02 -2.484794284185e-03 1.834663093695e+05 1.543499977774e+05 1.000000000000e+05 9.249494913255e+03 4.966339786982e+02 1.800000000000e+06 1.443621309534e+05 4.498160416000e+05 1.799262416000e+06 0.000000000000e+00 0.000000000000e+00 0.000000000000e+00 4.509136724117e-03 3.483996022170e-03 8.023367885172e-02 0.000000000000e+00 0.000000000000e+00 0.000000000000e+00 0.000000000000e+00 0.000000000000e+00 
9.430000000000e+00 2.443711052092e-03 8.152405614522e-02 -2.359191884605e-03 1.830390892225e+05 1.555960456286e+05 1.000000000000e+05 9.238278297826e+03 4.946910486083e+02 1.800000000000e+06 1.443520043394e+05 4.498160416000e+05 1.799262416000e+06 0.000000000000e+00 0.000000000000e+00 0.000000000000e+00 4.508820420342e-03 3.501029146562e-03 8.022893704005e-02 0.000000000000e+00 0.000000000000e+00 0.000000000000e+00 0.000000000000e+00 0.000000000000e+00 
9.435000000000e+00 2.454951226795e-03 8.059832718263e-02 -2.225894464965e-03 1.824745538790e+05 1.567597002583e+05 1.000000000000e+05 9.227748437217e+03 4.928660458568e+02 1.800000000000e+06 1.442176954095e+05 4.498160416000e+05 1.799262416000e+06 0.000000000000e+00 0.000000000000e+00 0.000000000000e+00 4.504625294346e-03 3.517136178740e-03 8.015513158613e-02 0.000000000000e+00 0.000000000000e+00 0.000000000000e+00 0.000000000000e+00 0.000000000000e+00 
9.440000000000e+00 2.465506936672e-03 7.963608264639e-02 -2.085519805117e-03 1.817784944451e+05 1.578398935219e+05 1.000000000000e+05 9.217927693770e+03 4.911626725728e+02 1.800000000000e+06 1.439650546689e+05 4.498160416000e+05 1.799262416000e+06 0.000000000000e+00 0.000000000000e+00 0.000000000000e+00 4.496734086076e-03 3.532265464134e-03 8.001552111757e-02 0.000000000000e+00 0.000000000000e+00 0.000000000000e+00 0.000000000000e+00 0.000000000000e+00 
9.445000000000e+00 2.475346404570e-03 7.865046920602e-02 -1.939617218725e-03 1.809672023773e+05 1.588359574274e+05 1.000000000000e+05 9.208833520924e+03 4.895839359418e+02 1.800000000000e+06 1.436002212494e+05 4.498160416000e+05 1.799262416000e+06 0.000000000000e+00 0.000000000000e+00 0.000000000000e+00 4.485338550703e-03 3.546370712200e-03 7.981350931071e-02 0.000000000000e+00 0.000000000000e+00 0.000000000000e+00 0.000000000000e+00 0.000000000000e+00 
9.450000000000e+00 2.484441925110e-03 7.764193222645e-02 -1.788440804846e-03 1.800418826658e+05 1.597475354970e+05 1.000000000000e+05 9.200481094938e+03 4.881322597751e+02 1.800000000000e+06 1.431297554226e+05 4.498160416000e+05 1.799262416000e+06 0.000000000000e+00 0.000000000000e+00 0.000000000000e+00 4.470643597649e-03 3.559411846755e-03 7.955274372535e-02 0.000000000000e+00 0.000000000000e+00 0.000000000000e+00 0.000000000000e+00 0.000000000000e+00 
9.455000000000e+00 2.492774201850e-03 7.661837425569e-02 -1.632469978589e-03 1.790066432430e+05 1.605749777290e+05 1.000000000000e+05 9.192878081077e+03 4.868088276723e+02 1.800000000000e+06 1.425602868231e+05 4.498160416000e+05 1.799262416000e+06 0.000000000000e+00 0.000000000000e+00 0.000000000000e+00 4.452856302889e-03 3.571356987870e-03 7.923690689350e-02 0.000000000000e+00 0.000000000000e+00 0.000000000000e+00 0.000000000000e+00 0.000000000000e+00 
9.460000000000e+00 2.500342580253e-03 7.558405823783e-02 -1.472641089264e-03 1.778719537289e+05 1.613202986311e+05 1.000000000000e+05 9.186015196565e+03 4.856120088373e+02 1.800000000000e+06 1.418986598261e+05 4.498160416000e+05 1.799262416000e+06 0.000000000000e+00 0.000000000000e+00 0.000000000000e+00 4.432190449804e-03 3.582180290920e-03 7.886980258167e-02 0.000000000000e+00 0.000000000000e+00 0.000000000000e+00 0.000000000000e+00 0.000000000000e+00 
9.465000000000e+00 2.507131488538e-03 7.454209285797e-02 -1.310517043166e-03 1.766535234390e+05 1.619838382008e+05 1.000000000000e+05 9.179897290350e+03 4.845426959838e+02 1.800000000000e+06 1.411516436238e+05 4.498160416000e+05 1.799262416000e+06 0.000000000000e+00 0.000000000000e+00 0.000000000000e+00 4.408857473425e-03 3.591862494905e-03 7.845519378617e-02 0.000000000000e+00 0.000000000000e+00 0.000000000000e+00 0.000000000000e+00 0.000000000000e+00 
9.470000000000e+00 2.513127506387e-03 7.349601002694e-02 -1.146964133989e-03 1.753589524607e+05 1.625659689066e+05 1.000000000000e+05 9.174528611861e+03 4.836015862101e+02 1.800000000000e+06 1.403258648983e+05 4.498160416000e+05 1.799262416000e+06 0.000000000000e+00 0.000000000000e+00 0.000000000000e+00 4.383064357511e-03 3.600390394845e-03 7.799676465345e-02 0.000000000000e+00 0.000000000000e+00 0.000000000000e+00 0.000000000000e+00 0.000000000000e+00 
9.475000000000e+00 2.518322072041e-03 7.244834361999e-02 -9.827697037930e-04 1.739950432554e+05 1.630673463341e+05 1.000000000000e+05 9.169909835800e+03 4.827887682162e+02 1.800000000000e+06 1.394277520230e+05 4.498160416000e+05 1.799262416000e+06 0.000000000000e+00 0.000000000000e+00 0.000000000000e+00 4.355011891664e-03 3.607756660416e-03 7.749808961623e-02 0.000000000000e+00 0.000000000000e+00 0.000000000000e+00 0.000000000000e+00 0.000000000000e+00 
9.480000000000e+00 2.522710902025e-03 7.140107552867e-02 -8.186801129403e-04 1.725682323450e+05 1.634888395690e+05 1.000000000000e+05 9.166038629282e+03 4.821038262903e+02 1.800000000000e+06 1.384634476174e+05 4.498160416000e+05 1.799262416000e+06 0.000000000000e+00 0.000000000000e+00 0.000000000000e+00 4.324891939985e-03 3.613959491925e-03 7.696258485099e-02 0.000000000000e+00 0.000000000000e+00 0.000000000000e+00 0.000000000000e+00 0.000000000000e+00 
9.485000000000e+00 2.526293836448e-03 7.035614547232e-02 -6.554195513735e-04 1.710848377940e+05 1.638315086073e+05 1.000000000000e+05 9.162909818362e+03 4.815458724787e+02 1.800000000000e+06 1.374387826053e+05 4.498160416000e+05 1.799262416000e+06 0.000000000000e+00 0.000000000000e+00 0.000000000000e+00 4.292886630799e-03 3.619002270369e-03 7.639349318331e-02 0.000000000000e+00 0.000000000000e+00 0.000000000000e+00 0.000000000000e+00 0.000000000000e+00 
9.490000000000e+00 2.529074403968e-03 6.931409943095e-02 -4.935882410468e-04 1.695499449102e+05 1.640965595891e+05 1.000000000000e+05 9.160515893393e+03 4.811136182547e+02 1.800000000000e+06 1.363592088734e+05 4.498160416000e+05 1.799262416000e+06 0.000000000000e+00 0.000000000000e+00 0.000000000000e+00 4.259166253241e-03 3.622893028224e-03 7.579384794654e-02 0.000000000000e+00 0.000000000000e+00 0.000000000000e+00 0.000000000000e+00 0.000000000000e+00 
9.495000000000e+00 2.531059474952e-03 6.827592247438e-02 -3.337706640334e-04 1.679686241476e+05 1.642853128372e+05 1.000000000000e+05 9.158847229694e+03 4.808054284977e+02 1.800000000000e+06 1.352297620242e+05 4.498160416000e+05 1.799262416000e+06 0.000000000000e+00 0.000000000000e+00 0.000000000000e+00 4.223888093850e-03 3.625644060894e-03 7.516645035288e-02 0.000000000000e+00 0.000000000000e+00 0.000000000000e+00 0.000000000000e+00 0.000000000000e+00 
9.500000000000e+00 2.532312290533e-03 6.718682583353e-02 -1.779087947551e-04 1.663660858251e+05 1.644042380212e+05 1.000000000000e+05 9.157842637265e+03 4.806110954293e+02 1.800000000000e+06 1.340545863718e+05 4.498160416000e+05 1.799262416000e+06 0.000000000000e+00 0.000000000000e+00 0.000000000000e+00 4.187181599863e-03 3.627300484661e-03 7.451361412791e-02 0.000000000000e+00 0.000000000000e+00 0.000000000000e+00 0.000000000000e+00 0.000000000000e+00 
9.505000000000e+00 2.532877612568e-03 6.610570891305e-02 -2.424307387687e-05 1.647250965956e+05 1.644578512401e+05 1.000000000000e+05 9.157461843810e+03 4.805234476806e+02 1.800000000000e+06 1.328374173144e+05 4.498160416000e+05 1.799262416000e+06 0.000000000000e+00 0.000000000000e+00 0.000000000000e+00 4.149163446074e-03 3.627909014823e-03 7.383741104970e-02 0.000000000000e+00 0.000000000000e+00 0.000000000000e+00 0.000000000000e+00 0.000000000000e+00 
9.510000000000e+00 2.532648429473e-03 6.508268448973e-02 1.261264234451e-04 1.630455672131e+05 1.644361200942e+05 1.000000000000e+05 9.157800848148e+03 4.805589770702e+02 1.800000000000e+06 1.315825066163e+05 4.498160416000e+05 1.799262416000e+06 0.000000000000e+00 0.000000000000e+00 0.000000000000e+00 4.109966435908e-03 3.627467666024e-03 7.314019769267e-02 0.000000000000e+00 0.000000000000e+00 0.000000000000e+00 0.000000000000e+00 0.000000000000e+00 
9.515000000000e+00 2.531642642564e-03 6.406917162935e-02 2.727154643136e-04 1.613321905284e+05 1.643406900814e+05 1.000000000000e+05 9.158843334976e+03 4.807149527782e+02 1.800000000000e+06 1.302944529474e+05 4.498160416000e+05 1.799262416000e+06 0.000000000000e+00 0.000000000000e+00 0.000000000000e+00 4.069734208368e-03 3.625963888566e-03 7.242453457255e-02 0.000000000000e+00 0.000000000000e+00 0.000000000000e+00 0.000000000000e+00 0.000000000000e+00 
9.520000000000e+00 2.529886333566e-03 6.305583993355e-02 4.154303898541e-04 1.595861574240e+05 1.641738101882e+05 1.000000000000e+05 9.160566660389e+03 4.809875228721e+02 1.800000000000e+06 1.289764621206e+05 4.498160416000e+05 1.799262416000e+06 0.000000000000e+00 0.000000000000e+00 0.000000000000e+00 4.028566896692e-03 3.623424812324e-03 7.169221730015e-02 0.000000000000e+00 0.000000000000e+00 0.000000000000e+00 0.000000000000e+00 0.000000000000e+00 
9.525000000000e+00 2.527406898635e-03 6.204240922925e-02 5.544388663368e-04 1.578059469960e+05 1.639377007604e+05 1.000000000000e+05 9.162947896817e+03 4.813727623349e+02 1.800000000000e+06 1.276307587972e+05 4.498160416000e+05 1.799262416000e+06 0.000000000000e+00 0.000000000000e+00 0.000000000000e+00 3.986533987954e-03 3.619879188093e-03 7.094448412792e-02 0.000000000000e+00 0.000000000000e+00 0.000000000000e+00 0.000000000000e+00 0.000000000000e+00 
9.530000000000e+00 2.524239914696e-03 6.102796752121e-02 6.896386704600e-04 1.559938910108e+05 1.636352297210e+05 1.000000000000e+05 9.165957006998e+03 4.818655867616e+02 1.800000000000e+06 1.262590870163e+05 4.498160416000e+05 1.799262416000e+06 0.000000000000e+00 0.000000000000e+00 0.000000000000e+00 3.943689957045e-03 3.615356628180e-03 7.018230658767e-02 0.000000000000e+00 0.000000000000e+00 0.000000000000e+00 0.000000000000e+00 0.000000000000e+00 
9.535000000000e+00 2.520409548782e-03 6.001158000293e-02 8.205248589852e-04 1.541557458177e+05 1.632680636253e+05 1.000000000000e+05 9.169574507678e+03 4.824627815931e+02 1.800000000000e+06 1.248629901076e+05 4.498160416000e+05 1.799262416000e+06 0.000000000000e+00 0.000000000000e+00 0.000000000000e+00 3.900083009711e-03 3.609887599021e-03 6.940654438760e-02 0.000000000000e+00 0.000000000000e+00 0.000000000000e+00 0.000000000000e+00 0.000000000000e+00 
9.540000000000e+00 2.515937680376e-03 5.899301954783e-02 9.469908799145e-04 1.522927092614e+05 1.628375437320e+05 1.000000000000e+05 9.173783815097e+03 4.831615779114e+02 1.800000000000e+06 1.234437539027e+05 4.498160416000e+05 1.799262416000e+06 0.000000000000e+00 0.000000000000e+00 0.000000000000e+00 3.855753308774e-03 3.603503206466e-03 6.861791330734e-02 0.000000000000e+00 0.000000000000e+00 0.000000000000e+00 0.000000000000e+00 0.000000000000e+00 
9.545000000000e+00 2.510846539050e-03 5.797160556449e-02 1.068985847138e-03 1.504054667649e+05 1.623449489015e+05 1.000000000000e+05 9.178568485442e+03 4.839592320224e+02 1.800000000000e+06 1.220024810543e+05 4.498160416000e+05 1.799262416000e+06 0.000000000000e+00 0.000000000000e+00 0.000000000000e+00 3.810735295484e-03 3.596235064053e-03 6.781702766588e-02 0.000000000000e+00 0.000000000000e+00 0.000000000000e+00 0.000000000000e+00 0.000000000000e+00 
9.550000000000e+00 2.505158635775e-03 5.694726738285e-02 1.186453069464e-03 1.484948730839e+05 1.617915006763e+05 1.000000000000e+05 9.183912166688e+03 4.848530255857e+02 1.800000000000e+06 1.205401182376e+05 4.498160416000e+05 1.799262416000e+06 0.000000000000e+00 0.000000000000e+00 0.000000000000e+00 3.765058539139e-03 3.588115190230e-03 6.700441432156e-02 0.000000000000e+00 0.000000000000e+00 0.000000000000e+00 0.000000000000e+00 0.000000000000e+00 
9.555000000000e+00 2.498896775821e-03 5.592046962403e-02 1.299324423111e-03 1.465620265218e+05 1.611783759229e+05 1.000000000000e+05 9.189798525393e+03 4.858402532330e+02 1.800000000000e+06 1.190575473019e+05 4.498160416000e+05 1.799262416000e+06 0.000000000000e+00 0.000000000000e+00 0.000000000000e+00 3.718750584222e-03 3.579176027373e-03 6.618056348065e-02 0.000000000000e+00 0.000000000000e+00 0.000000000000e+00 0.000000000000e+00 0.000000000000e+00 
9.560000000000e+00 2.492084107657e-03 5.489208851848e-02 1.407531381202e-03 1.446081613679e+05 1.605067229068e+05 1.000000000000e+05 9.196211155278e+03 4.869182045918e+02 1.800000000000e+06 1.175556740458e+05 4.498160416000e+05 1.799262416000e+06 0.000000000000e+00 0.000000000000e+00 0.000000000000e+00 3.671839723254e-03 3.569450510241e-03 6.534597820927e-02 0.000000000000e+00 0.000000000000e+00 0.000000000000e+00 0.000000000000e+00 0.000000000000e+00 
9.565000000000e+00 2.484744192552e-03 5.386361833280e-02 1.510973775443e-03 1.426350204100e+05 1.597776795495e+05 1.000000000000e+05 9.203133428711e+03 4.880841429407e+02 1.800000000000e+06 1.160354933349e+05 4.498160416000e+05 1.799262416000e+06 0.000000000000e+00 0.000000000000e+00 0.000000000000e+00 3.624357030765e-03 3.558972165166e-03 6.450121047937e-02 0.000000000000e+00 0.000000000000e+00 0.000000000000e+00 0.000000000000e+00 0.000000000000e+00 
9.570000000000e+00 2.476901361997e-03 5.283867445700e-02 1.609460153707e-03 1.406455946131e+05 1.589924209671e+05 1.000000000000e+05 9.210548051482e+03 4.893352376011e+02 1.800000000000e+06 1.144982931302e+05 4.498160416000e+05 1.799262416000e+06 0.000000000000e+00 0.000000000000e+00 0.000000000000e+00 3.576342736093e-03 3.547775607206e-03 6.364697304707e-02 0.000000000000e+00 0.000000000000e+00 0.000000000000e+00 0.000000000000e+00 0.000000000000e+00 
9.575000000000e+00 2.468580909417e-03 5.182064725017e-02 1.702804872898e-03 1.386430747123e+05 1.581521922199e+05 1.000000000000e+05 9.218436903714e+03 4.906685213114e+02 1.800000000000e+06 1.129457929788e+05 4.498160416000e+05 1.799262416000e+06 0.000000000000e+00 0.000000000000e+00 0.000000000000e+00 3.527850549114e-03 3.535896835022e-03 6.278421904083e-02 0.000000000000e+00 0.000000000000e+00 0.000000000000e+00 0.000000000000e+00 0.000000000000e+00 
9.580000000000e+00 2.459809137788e-03 5.081349187662e-02 1.790780208990e-03 1.366314280379e+05 1.572583278762e+05 1.000000000000e+05 9.226780881956e+03 4.920808696369e+02 1.800000000000e+06 1.113800767611e+05 4.498160416000e+05 1.799262416000e+06 0.000000000000e+00 0.000000000000e+00 0.000000000000e+00 3.478945559624e-03 3.523373289369e-03 6.191410371998e-02 0.000000000000e+00 0.000000000000e+00 0.000000000000e+00 0.000000000000e+00 0.000000000000e+00 
9.585000000000e+00 2.450613601390e-03 4.982192620856e-02 1.873123214761e-03 1.346153831601e+05 1.563122926030e+05 1.000000000000e+05 9.235559602015e+03 4.935689481989e+02 1.800000000000e+06 1.098037036493e+05 4.498160416000e+05 1.799262416000e+06 0.000000000000e+00 0.000000000000e+00 0.000000000000e+00 3.429707703116e-03 3.510244197785e-03 6.103804596992e-02 0.000000000000e+00 0.000000000000e+00 0.000000000000e+00 0.000000000000e+00 0.000000000000e+00 
9.590000000000e+00 2.441023288351e-03 4.885136914879e-02 1.949531324585e-03 1.326005409589e+05 1.553157178377e+05 1.000000000000e+05 9.244751139045e+03 4.951291678168e+02 1.800000000000e+06 1.082197631810e+05 4.498160416000e+05 1.799262416000e+06 0.000000000000e+00 0.000000000000e+00 0.000000000000e+00 3.380233480982e-03 3.496550837009e-03 6.015775902365e-02 0.000000000000e+00 0.000000000000e+00 0.000000000000e+00 0.000000000000e+00 0.000000000000e+00 
9.595000000000e+00 2.431068724283e-03 4.790732437141e-02 2.019695389494e-03 1.305930432811e+05 1.542704322770e+05 1.000000000000e+05 9.254331869071e+03 4.967576509899e+02 1.800000000000e+06 1.066318909212e+05 4.498160416000e+05 1.799262416000e+06 0.000000000000e+00 0.000000000000e+00 0.000000000000e+00 3.330636449735e-03 3.482336685736e-03 5.927525983219e-02 0.000000000000e+00 0.000000000000e+00 0.000000000000e+00 0.000000000000e+00 0.000000000000e+00 
9.600000000000e+00 2.420782004620e-03 4.699545126056e-02 2.083292967204e-03 1.285996900315e+05 1.531784865252e+05 1.000000000000e+05 9.264276337330e+03 4.984502088866e+02 1.800000000000e+06 1.050442267997e+05 4.498160416000e+05 1.799262416000e+06 0.000000000000e+00 0.000000000000e+00 0.000000000000e+00 3.281045919666e-03 3.467647468265e-03 5.839284581675e-02 0.000000000000e+00 0.000000000000e+00 0.000000000000e+00 0.000000000000e+00 0.000000000000e+00 
9.605000000000e+00 2.410196826053e-03 4.612140360282e-02 2.140014467649e-03 1.266276693722e+05 1.520421789470e+05 1.000000000000e+05 9.274557153736e+03 5.002023176476e+02 1.800000000000e+06 1.034614068100e+05 4.498160416000e+05 1.799262416000e+06 0.000000000000e+00 0.000000000000e+00 0.000000000000e+00 3.231606695569e-03 3.452531198948e-03 5.751309039635e-02 0.000000000000e+00 0.000000000000e+00 0.000000000000e+00 0.000000000000e+00 0.000000000000e+00 
9.610000000000e+00 2.399348421859e-03 4.529044224661e-02 2.189545109220e-03 1.246847916397e+05 1.508640722549e+05 1.000000000000e+05 9.285144938372e+03 5.020091099966e+02 1.800000000000e+06 1.018884707843e+05 4.498160416000e+05 1.799262416000e+06 0.000000000000e+00 0.000000000000e+00 0.000000000000e+00 3.182476196099e-03 3.437038015391e-03 5.663879210463e-02 0.000000000000e+00 0.000000000000e+00 0.000000000000e+00 0.000000000000e+00 0.000000000000e+00 
9.615000000000e+00 2.388273362278e-03 4.450711344651e-02 2.231669570449e-03 1.227782352487e+05 1.496469955519e+05 1.000000000000e+05 9.296008513903e+03 5.038653895234e+02 1.800000000000e+06 1.003307550805e+05 4.498160416000e+05 1.799262416000e+06 0.000000000000e+00 0.000000000000e+00 0.000000000000e+00 3.133821101863e-03 3.421219906558e-03 5.577291522679e-02 0.000000000000e+00 0.000000000000e+00 0.000000000000e+00 0.000000000000e+00 0.000000000000e+00 
9.620000000000e+00 2.377009206881e-03 4.377585314586e-02 2.266187621868e-03 1.209155076606e+05 1.483940288510e+05 1.000000000000e+05 9.307115076204e+03 5.057656710967e+02 1.800000000000e+06 9.879379672887e+04 4.498160416000e+05 1.799262416000e+06 0.000000000000e+00 0.000000000000e+00 0.000000000000e+00 3.085814361447e-03 3.405130445320e-03 5.491853580829e-02 0.000000000000e+00 0.000000000000e+00 0.000000000000e+00 0.000000000000e+00 0.000000000000e+00 
9.625000000000e+00 2.365594450088e-03 4.310073442920e-02 2.292936232865e-03 1.191041791483e+05 1.471085182291e+05 1.000000000000e+05 9.318430185496e+03 5.077041737238e+02 1.800000000000e+06 9.728330434922e+04 4.498160416000e+05 1.799262416000e+06 0.000000000000e+00 0.000000000000e+00 0.000000000000e+00 3.038634283017e-03 3.388824551254e-03 5.407882572472e-02 0.000000000000e+00 0.000000000000e+00 0.000000000000e+00 0.000000000000e+00 0.000000000000e+00 
9.630000000000e+00 2.354068170281e-03 4.248455489791e-02 2.311838675567e-03 1.173512293020e+05 1.457940564163e+05 1.000000000000e+05 9.329918084300e+03 5.096748649884e+02 1.800000000000e+06 9.580502025416e+04 4.498160416000e+05 1.799262416000e+06 0.000000000000e+00 0.000000000000e+00 0.000000000000e+00 2.992460227137e-03 3.372357994970e-03 5.325697694139e-02 0.000000000000e+00 0.000000000000e+00 0.000000000000e+00 0.000000000000e+00 0.000000000000e+00 
9.635000000000e+00 2.342469678016e-03 4.192962060764e-02 2.322869440873e-03 1.156634019251e+05 1.444544598375e+05 1.000000000000e+05 9.341541954178e+03 5.116715086888e+02 1.800000000000e+06 9.436456861830e+04 4.498160416000e+05 1.799262416000e+06 0.000000000000e+00 0.000000000000e+00 0.000000000000e+00 2.947467864336e-03 3.355786885328e-03 5.245611621478e-02 0.000000000000e+00 0.000000000000e+00 0.000000000000e+00 0.000000000000e+00 0.000000000000e+00 
9.640000000000e+00 2.330838093400e-03 4.143661879517e-02 2.326116812427e-03 1.140463411834e+05 1.430937333920e+05 1.000000000000e+05 9.353264355240e+03 5.136877281838e+02 1.800000000000e+06 9.296733966620e+04 4.498160416000e+05 1.799262416000e+06 0.000000000000e+00 0.000000000000e+00 0.000000000000e+00 2.903825557740e-03 3.339167080081e-03 5.167924183434e-02 0.000000000000e+00 0.000000000000e+00 0.000000000000e+00 0.000000000000e+00 0.000000000000e+00 
9.645000000000e+00 2.319211898331e-03 4.100591346769e-02 2.321762310391e-03 1.125047261719e+05 1.417160272297e+05 1.000000000000e+05 9.365047635391e+03 5.157170783331e+02 1.800000000000e+06 9.161833911467e+04 4.498160416000e+05 1.799262416000e+06 0.000000000000e+00 0.000000000000e+00 0.000000000000e+00 2.861689660413e-03 3.322553610998e-03 5.092913852457e-02 0.000000000000e+00 0.000000000000e+00 0.000000000000e+00 0.000000000000e+00 0.000000000000e+00 
9.650000000000e+00 2.307628345263e-03 4.063748609207e-02 2.310041653865e-03 1.110426220991e+05 1.403255705572e+05 1.000000000000e+05 9.376854492167e+03 5.177531473683e+02 1.800000000000e+06 9.032218840971e+04 4.498160416000e+05 1.799262416000e+06 0.000000000000e+00 0.000000000000e+00 0.000000000000e+00 2.821204522758e-03 3.306000318428e-03 5.020837746791e-02 0.000000000000e+00 0.000000000000e+00 0.000000000000e+00 0.000000000000e+00 0.000000000000e+00 
9.655000000000e+00 2.296123893558e-03 4.033032175510e-02 2.291128872335e-03 1.096649715241e+05 1.389267238986e+05 1.000000000000e+05 9.388647430107e+03 5.197894820919e+02 1.800000000000e+06 8.908307935611e+04 4.498160416000e+05 1.799262416000e+06 0.000000000000e+00 0.000000000000e+00 0.000000000000e+00 2.782501075380e-03 3.289559369981e-03 4.951929192000e-02 0.000000000000e+00 0.000000000000e+00 0.000000000000e+00 0.000000000000e+00 0.000000000000e+00 
9.660000000000e+00 2.284733650595e-03 4.008337788622e-02 2.265323181402e-03 1.083751161458e+05 1.375239101635e+05 1.000000000000e+05 9.400389535276e+03 5.218196893899e+02 1.800000000000e+06 8.790469607768e+04 4.498160416000e+05 1.799262416000e+06 0.000000000000e+00 0.000000000000e+00 0.000000000000e+00 2.745694391517e-03 3.273280848819e-03 4.886393266382e-02 0.000000000000e+00 0.000000000000e+00 0.000000000000e+00 0.000000000000e+00 0.000000000000e+00 
9.665000000000e+00 2.273490862911e-03 3.989337663806e-02 2.233053090832e-03 1.071745809680e+05 1.361215447835e+05 1.000000000000e+05 9.412045052236e+03 5.238375343898e+02 1.800000000000e+06 8.679016309027e+04 4.498160416000e+05 1.799262416000e+06 0.000000000000e+00 0.000000000000e+00 0.000000000000e+00 2.710882065108e-03 3.257212241416e-03 4.824404158413e-02 0.000000000000e+00 0.000000000000e+00 0.000000000000e+00 0.000000000000e+00 0.000000000000e+00 
9.670000000000e+00 2.262426590501e-03 3.975773764006e-02 2.194731379390e-03 1.060648249119e+05 1.347239823184e+05 1.000000000000e+05 9.423579646889e+03 5.258370106539e+02 1.800000000000e+06 8.574183747926e+04 4.498160416000e+05 1.799262416000e+06 0.000000000000e+00 0.000000000000e+00 0.000000000000e+00 2.678137719481e-03 3.241397877933e-03 4.766093259873e-02 0.000000000000e+00 0.000000000000e+00 0.000000000000e+00 0.000000000000e+00 0.000000000000e+00 
9.675000000000e+00 2.251569941469e-03 3.967473944039e-02 2.150784025362e-03 1.050468667638e+05 1.333355301732e+05 1.000000000000e+05 9.434960266376e+03 5.278123118179e+02 1.800000000000e+06 8.476168839857e+04 4.498160416000e+05 1.799262416000e+06 0.000000000000e+00 0.000000000000e+00 0.000000000000e+00 2.647522860960e-03 3.225879305948e-03 4.711570292473e-02 0.000000000000e+00 0.000000000000e+00 0.000000000000e+00 0.000000000000e+00 0.000000000000e+00 
9.680000000000e+00 2.240947714574e-03 3.964117527536e-02 2.101678314718e-03 1.041208205576e+05 1.319603856780e+05 1.000000000000e+05 9.446155624366e+03 5.297579114735e+02 1.800000000000e+06 8.385113617979e+04 4.498160416000e+05 1.799262416000e+06 0.000000000000e+00 0.000000000000e+00 0.000000000000e+00 2.619081853462e-03 3.210694781431e-03 4.660914606813e-02 0.000000000000e+00 0.000000000000e+00 0.000000000000e+00 0.000000000000e+00 0.000000000000e+00 
9.685000000000e+00 2.230584339562e-03 3.965391946156e-02 2.047895610754e-03 1.032861969826e+05 1.306026075384e+05 1.000000000000e+05 9.457136330826e+03 5.316685915320e+02 1.800000000000e+06 8.301106245187e+04 4.498160416000e+05 1.799262416000e+06 0.000000000000e+00 0.000000000000e+00 0.000000000000e+00 2.592842234578e-03 3.195879181569e-03 4.614175567183e-02 0.000000000000e+00 0.000000000000e+00 0.000000000000e+00 0.000000000000e+00 0.000000000000e+00 
9.690000000000e+00 2.220501806142e-03 3.970974364435e-02 1.989926803321e-03 1.025419158692e+05 1.292660839785e+05 1.000000000000e+05 9.467875061375e+03 5.335394738387e+02 1.800000000000e+06 8.224183090075e+04 4.498160416000e+05 1.799262416000e+06 0.000000000000e+00 0.000000000000e+00 0.000000000000e+00 2.568815364002e-03 3.181463907439e-03 4.571373729549e-02 0.000000000000e+00 0.000000000000e+00 0.000000000000e+00 0.000000000000e+00 0.000000000000e+00 
9.695000000000e+00 2.210719685621e-03 3.980546750177e-02 1.928201954851e-03 1.018872273718e+05 1.279545117875e+05 1.000000000000e+05 9.478346562970e+03 5.353660353931e+02 1.800000000000e+06 8.154333450281e+04 4.498160416000e+05 1.799262416000e+06 0.000000000000e+00 0.000000000000e+00 0.000000000000e+00 2.546997898862e-03 3.167476894763e-03 4.532503465077e-02 0.000000000000e+00 0.000000000000e+00 0.000000000000e+00 0.000000000000e+00 0.000000000000e+00 
9.700000000000e+00 2.201255728449e-03 3.993775078743e-02 1.863113018009e-03 1.013214956344e+05 1.266714534523e+05 1.000000000000e+05 9.488527127792e+03 5.371440151024e+02 1.800000000000e+06 8.091505026292e+04 4.498160416000e+05 1.799262416000e+06 0.000000000000e+00 0.000000000000e+00 0.000000000000e+00 2.527373503457e-03 3.153942605772e-03 4.497535985568e-02 0.000000000000e+00 0.000000000000e+00 0.000000000000e+00 0.000000000000e+00 0.000000000000e+00 
9.705000000000e+00 2.192124255495e-03 4.010283455727e-02 1.795292453962e-03 1.008401311717e+05 1.254200952354e+05 1.000000000000e+05 9.498396720762e+03 5.388697347242e+02 1.800000000000e+06 8.035597037808e+04 4.498160416000e+05 1.799262416000e+06 0.000000000000e+00 0.000000000000e+00 0.000000000000e+00 2.509910699162e-03 3.140881968041e-03 4.466415612186e-02 0.000000000000e+00 0.000000000000e+00 0.000000000000e+00 0.000000000000e+00 0.000000000000e+00 
9.710000000000e+00 2.183338259240e-03 4.029775108744e-02 1.725229414131e-03 1.004400787943e+05 1.242035076500e+05 1.000000000000e+05 9.507936407000e+03 5.405397230171e+02 1.800000000000e+06 7.986473152121e+04 4.498160416000e+05 1.799262416000e+06 0.000000000000e+00 0.000000000000e+00 0.000000000000e+00 2.494566902592e-03 3.128312604468e-03 4.439066782296e-02 0.000000000000e+00 0.000000000000e+00 0.000000000000e+00 0.000000000000e+00 0.000000000000e+00 
9.715000000000e+00 2.174907717718e-03 4.051934150186e-02 1.653367853064e-03 1.001182457096e+05 1.230243918448e+05 1.000000000000e+05 9.517130374506e+03 5.421510516490e+02 1.800000000000e+06 7.943966292655e+04 4.498160416000e+05 1.799262416000e+06 0.000000000000e+00 0.000000000000e+00 0.000000000000e+00 2.481289927544e-03 3.116248925426e-03 4.415396850901e-02 0.000000000000e+00 0.000000000000e+00 0.000000000000e+00 0.000000000000e+00 0.000000000000e+00 
9.720000000000e+00 2.166840365051e-03 4.076454152497e-02 1.580142048378e-03 9.987113158666e+04 1.218851610568e+05 1.000000000000e+05 9.525965224466e+03 5.437012078334e+02 1.800000000000e+06 7.907880187080e+04 4.498160416000e+05 1.799262416000e+06 0.000000000000e+00 0.000000000000e+00 0.000000000000e+00 2.470018468554e-03 3.104702241914e-03 4.395296920134e-02 0.000000000000e+00 0.000000000000e+00 0.000000000000e+00 0.000000000000e+00 0.000000000000e+00 
9.725000000000e+00 2.159141893492e-03 4.102989294073e-02 1.505922098724e-03 9.969561976872e+04 1.207879479370e+05 1.000000000000e+05 9.534429770017e+03 5.451880713465e+02 1.800000000000e+06 7.877990459068e+04 4.498160416000e+05 1.799262416000e+06 0.000000000000e+00 0.000000000000e+00 0.000000000000e+00 2.460682441899e-03 3.093680835971e-03 4.378642488072e-02 0.000000000000e+00 0.000000000000e+00 0.000000000000e+00 0.000000000000e+00 0.000000000000e+00 
9.730000000000e+00 2.151816351157e-03 4.131310837823e-02 1.431034053323e-03 9.958877618399e+04 1.197346427414e+05 1.000000000000e+05 9.542514683175e+03 5.466098513515e+02 1.800000000000e+06 7.854050760320e+04 4.498160416000e+05 1.799262416000e+06 0.000000000000e+00 0.000000000000e+00 0.000000000000e+00 2.453204900935e-03 3.083190229896e-03 4.365296731414e-02 0.000000000000e+00 0.000000000000e+00 0.000000000000e+00 0.000000000000e+00 0.000000000000e+00 
9.735000000000e+00 2.144865712866e-03 4.161838516373e-02 1.355838285382e-03 9.954668622410e+04 1.187268151595e+05 1.000000000000e+05 9.550213115613e+03 5.479651816827e+02 1.800000000000e+06 7.835821557147e+04 4.498160416000e+05 1.799262416000e+06 0.000000000000e+00 0.000000000000e+00 0.000000000000e+00 2.447511027553e-03 3.073234091768e-03 4.355125891326e-02 0.000000000000e+00 0.000000000000e+00 0.000000000000e+00 0.000000000000e+00 0.000000000000e+00 
9.740000000000e+00 2.138290958512e-03 4.193357275010e-02 1.280973091794e-03 9.956115254074e+04 1.177658554974e+05 1.000000000000e+05 9.557519807873e+03 5.492529214981e+02 1.800000000000e+06 7.823159808367e+04 4.498160416000e+05 1.799262416000e+06 0.000000000000e+00 0.000000000000e+00 0.000000000000e+00 2.443556142984e-03 3.063814929112e-03 4.348051648733e-02 0.000000000000e+00 0.000000000000e+00 0.000000000000e+00 0.000000000000e+00 0.000000000000e+00 
9.745000000000e+00 2.132088530932e-03 4.224710418102e-02 1.206841466904e-03 9.962637328172e+04 1.168524414883e+05 1.000000000000e+05 9.564434576550e+03 5.504728601119e+02 1.800000000000e+06 7.815547809160e+04 4.498160416000e+05 1.799262416000e+06 0.000000000000e+00 0.000000000000e+00 0.000000000000e+00 2.441178542643e-03 3.054927337906e-03 4.343787257301e-02 0.000000000000e+00 0.000000000000e+00 0.000000000000e+00 0.000000000000e+00 0.000000000000e+00 
9.750000000000e+00 2.126258256822e-03 4.256881575667e-02 1.133621002181e-03 9.974014880228e+04 1.159876902325e+05 1.000000000000e+05 9.570953438241e+03 5.516241693724e+02 1.800000000000e+06 7.812662882109e+04 4.498160416000e+05 1.799262416000e+06 0.000000000000e+00 0.000000000000e+00 0.000000000000e+00 2.440277438564e-03 3.046567025997e-03 4.342152048720e-02 0.000000000000e+00 0.000000000000e+00 0.000000000000e+00 0.000000000000e+00 0.000000000000e+00 
9.755000000000e+00 2.120795237197e-03 4.289505595514e-02 1.061389257130e-03 9.990085705255e+04 1.151719586990e+05 1.000000000000e+05 9.577077901550e+03 5.527070020566e+02 1.800000000000e+06 7.814197356339e+04 4.498160416000e+05 1.799262416000e+06 0.000000000000e+00 0.000000000000e+00 0.000000000000e+00 2.440756730055e-03 3.038727554894e-03 4.342975220256e-02 0.000000000000e+00 0.000000000000e+00 0.000000000000e+00 0.000000000000e+00 0.000000000000e+00 
9.760000000000e+00 2.115693462002e-03 4.322614625692e-02 9.903030344766e-04 1.001054712897e+05 1.144053641379e+05 1.000000000000e+05 9.582811124603e+03 5.537217892273e+02 1.800000000000e+06 7.819862754771e+04 4.498160416000e+05 1.799262416000e+06 0.000000000000e+00 0.000000000000e+00 0.000000000000e+00 2.442526311590e-03 3.031401306151e-03 4.346096213696e-02 0.000000000000e+00 0.000000000000e+00 0.000000000000e+00 0.000000000000e+00 0.000000000000e+00 
9.765000000000e+00 2.110945779133e-03 4.355816364669e-02 9.206242798773e-04 1.003491640339e+05 1.136877747004e+05 1.000000000000e+05 9.588157993468e+03 5.546692493650e+02 1.800000000000e+06 7.829364642090e+04 4.498160416000e+05 1.799262416000e+06 0.000000000000e+00 0.000000000000e+00 0.000000000000e+00 2.445494216592e-03 3.024579467711e-03 4.351351626293e-02 0.000000000000e+00 0.000000000000e+00 0.000000000000e+00 0.000000000000e+00 0.000000000000e+00 
9.770000000000e+00 2.106541611503e-03 4.388856864691e-02 8.521839424580e-04 1.006327147103e+05 1.130184579426e+05 1.000000000000e+05 9.593127165374e+03 5.555508482110e+02 1.800000000000e+06 7.842387548082e+04 4.498160416000e+05 1.799262416000e+06 0.000000000000e+00 0.000000000000e+00 0.000000000000e+00 2.449561908256e-03 3.018251153879e-03 4.358566179387e-02 0.000000000000e+00 0.000000000000e+00 0.000000000000e+00 0.000000000000e+00 0.000000000000e+00 
9.775000000000e+00 2.102464361051e-03 4.421539225979e-02 7.854822762315e-04 1.009461541002e+05 1.123956723899e+05 1.000000000000e+05 9.597735288554e+03 5.563693281937e+02 1.800000000000e+06 7.858609624954e+04 4.498160416000e+05 1.799262416000e+06 0.000000000000e+00 0.000000000000e+00 0.000000000000e+00 2.454628857745e-03 3.012403185911e-03 4.367561014959e-02 0.000000000000e+00 0.000000000000e+00 0.000000000000e+00 0.000000000000e+00 0.000000000000e+00 
9.780000000000e+00 2.098711910897e-03 4.453681960922e-02 7.209992833642e-04 1.012820179337e+05 1.118198040981e+05 1.000000000000e+05 9.601982693817e+03 5.571245886844e+02 1.800000000000e+06 7.877708935123e+04 4.498160416000e+05 1.799262416000e+06 0.000000000000e+00 0.000000000000e+00 0.000000000000e+00 2.460594508177e-03 3.007021938436e-03 4.378157199054e-02 0.000000000000e+00 0.000000000000e+00 0.000000000000e+00 0.000000000000e+00 0.000000000000e+00 
9.785000000000e+00 2.095275881983e-03 4.485151294803e-02 6.585446477801e-04 1.016415521026e+05 1.112902163205e+05 1.000000000000e+05 9.605876424101e+03 5.578178363615e+02 1.800000000000e+06 7.899369151231e+04 4.498160416000e+05 1.799262416000e+06 0.000000000000e+00 0.000000000000e+00 0.000000000000e+00 2.467360055018e-03 3.002092799106e-03 4.390178873272e-02 0.000000000000e+00 0.000000000000e+00 0.000000000000e+00 0.000000000000e+00 0.000000000000e+00 
9.790000000000e+00 2.092145664170e-03 4.515835300348e-02 5.983111613728e-04 1.020200213698e+05 1.108058558253e+05 1.000000000000e+05 9.609426791706e+03 5.584507825996e+02 1.800000000000e+06 7.923282936088e+04 4.498160416000e+05 1.799262416000e+06 0.000000000000e+00 0.000000000000e+00 0.000000000000e+00 2.474829501804e-03 2.997600246335e-03 4.403455122987e-02 0.000000000000e+00 0.000000000000e+00 0.000000000000e+00 0.000000000000e+00 0.000000000000e+00 
9.795000000000e+00 2.089309737380e-03 4.545602904399e-02 5.404620340977e-04 1.024129362397e+05 1.103654556596e+05 1.000000000000e+05 9.612645404058e+03 5.590253772535e+02 1.800000000000e+06 7.949153692906e+04 4.498160416000e+05 1.799262416000e+06 0.000000000000e+00 0.000000000000e+00 0.000000000000e+00 2.482910206826e-03 2.993528047908e-03 4.417821073578e-02 0.000000000000e+00 0.000000000000e+00 0.000000000000e+00 0.000000000000e+00 0.000000000000e+00 
9.800000000000e+00 2.086756131304e-03 4.574351690632e-02 4.850174000067e-04 1.028178146003e+05 1.099676091302e+05 1.000000000000e+05 9.615544494009e+03 5.595437133548e+02 1.800000000000e+06 7.976690412275e+04 4.498160416000e+05 1.799262416000e+06 0.000000000000e+00 0.000000000000e+00 0.000000000000e+00 2.491511273584e-03 2.989859279184e-03 4.433114916439e-02 0.000000000000e+00 0.000000000000e+00 0.000000000000e+00 0.000000000000e+00 0.000000000000e+00 
9.805000000000e+00 2.084472629672e-03 4.602005101949e-02 4.320492401428e-04 1.032313630419e+05 1.096108057220e+05 1.000000000000e+05 9.618136880719e+03 5.600079824291e+02 1.800000000000e+06 8.005615848946e+04 4.498160416000e+05 1.799262416000e+06 0.000000000000e+00 0.000000000000e+00 0.000000000000e+00 2.500546104802e-03 2.986576540243e-03 4.449182467877e-02 0.000000000000e+00 0.000000000000e+00 0.000000000000e+00 0.000000000000e+00 0.000000000000e+00 
9.810000000000e+00 2.082446744244e-03 4.628493143627e-02 3.815955281492e-04 1.036507414294e+05 1.092934316754e+05 1.000000000000e+05 9.620435886552e+03 5.604204762027e+02 1.800000000000e+06 8.035664784707e+04 4.498160416000e+05 1.799262416000e+06 0.000000000000e+00 0.000000000000e+00 0.000000000000e+00 2.509931859839e-03 2.983662038001e-03 4.465876237149e-02 0.000000000000e+00 0.000000000000e+00 0.000000000000e+00 0.000000000000e+00 0.000000000000e+00 
9.815000000000e+00 2.080665812263e-03 4.653768488739e-02 3.336879390302e-04 1.040731774283e+05 1.090137900336e+05 1.000000000000e+05 9.622455235520e+03 5.607835631123e+02 1.800000000000e+06 8.066586563092e+04 4.498160416000e+05 1.799262416000e+06 0.000000000000e+00 0.000000000000e+00 0.000000000000e+00 2.519590246395e-03 2.981097737425e-03 4.483056809480e-02 0.000000000000e+00 0.000000000000e+00 0.000000000000e+00 0.000000000000e+00 0.000000000000e+00 
9.820000000000e+00 2.079117068538e-03 4.677787588090e-02 2.883437765974e-04 1.044961027947e+05 1.087701169489e+05 1.000000000000e+05 9.624208941132e+03 5.610996698429e+02 1.800000000000e+06 8.098144970394e+04 4.498160416000e+05 1.799262416000e+06 0.000000000000e+00 0.000000000000e+00 0.000000000000e+00 2.529447483358e-03 2.978865494570e-03 4.500592801265e-02 0.000000000000e+00 0.000000000000e+00 0.000000000000e+00 0.000000000000e+00 0.000000000000e+00 
9.825000000000e+00 2.077787608227e-03 4.700502221211e-02 2.456064015983e-04 1.049165525140e+05 1.085605808375e+05 1.000000000000e+05 9.625711375480e+03 5.613712851677e+02 1.800000000000e+06 8.130117389883e+04 4.498160416000e+05 1.799262416000e+06 0.000000000000e+00 0.000000000000e+00 0.000000000000e+00 2.539434036612e-03 2.976947023266e-03 4.518360399128e-02 0.000000000000e+00 0.000000000000e+00 0.000000000000e+00 0.000000000000e+00 0.000000000000e+00 
9.830000000000e+00 2.076664476411e-03 4.721874288401e-02 2.054426129975e-04 1.053327045496e+05 1.083833014083e+05 1.000000000000e+05 9.626977032215e+03 5.616009379895e+02 1.800000000000e+06 8.162292673083e+04 4.498160416000e+05 1.799262416000e+06 0.000000000000e+00 0.000000000000e+00 0.000000000000e+00 2.549483954145e-03 2.975323985947e-03 4.536242164574e-02 0.000000000000e+00 0.000000000000e+00 0.000000000000e+00 0.000000000000e+00 0.000000000000e+00 
9.835000000000e+00 2.075734919463e-03 4.741916449970e-02 1.678213164313e-04 1.057427581618e+05 1.082363942575e+05 1.000000000000e+05 9.628020302137e+03 5.617911422980e+02 1.800000000000e+06 8.194476891057e+04 4.498160416000e+05 1.799262416000e+06 0.000000000000e+00 0.000000000000e+00 0.000000000000e+00 2.559536662445e-03 2.973978175125e-03 4.554130182122e-02 0.000000000000e+00 0.000000000000e+00 0.000000000000e+00 0.000000000000e+00 0.000000000000e+00 
9.840000000000e+00 2.074986283981e-03 4.760600575374e-02 1.327210194560e-04 1.061448072013e+05 1.081179597049e+05 1.000000000000e+05 9.628855581732e+03 5.619444143029e+02 1.800000000000e+06 8.226490371496e+04 4.498160416000e+05 1.799262416000e+06 0.000000000000e+00 0.000000000000e+00 0.000000000000e+00 2.569536041046e-03 2.972891525774e-03 4.571924514874e-02 0.000000000000e+00 0.000000000000e+00 0.000000000000e+00 0.000000000000e+00 0.000000000000e+00 
9.845000000000e+00 2.074406048665e-03 4.777908022193e-02 1.001151549881e-04 1.065370639571e+05 1.080260922790e+05 1.000000000000e+05 9.629497203236e+03 5.620632626410e+02 1.800000000000e+06 8.258165521516e+04 4.498160416000e+05 1.799262416000e+06 0.000000000000e+00 0.000000000000e+00 0.000000000000e+00 2.579429742480e-03 2.972046160088e-03 4.589531936395e-02 0.000000000000e+00 0.000000000000e+00 0.000000000000e+00 0.000000000000e+00 0.000000000000e+00 
9.850000000000e+00 2.073981842487e-03 4.793821389625e-02 6.996913051444e-05 1.069179066614e+05 1.079588877545e+05 1.000000000000e+05 9.629959394846e+03 5.621501816033e+02 1.800000000000e+06 8.289345356945e+04 4.498160416000e+05 1.799262416000e+06 0.000000000000e+00 0.000000000000e+00 0.000000000000e+00 2.589168732896e-03 2.971424413327e-03 4.606865122546e-02 0.000000000000e+00 0.000000000000e+00 0.000000000000e+00 0.000000000000e+00 0.000000000000e+00 
9.855000000000e+00 2.073701482232e-03 4.808340031580e-02 4.224041835213e-05 1.072858844061e+05 1.079144529496e+05 1.000000000000e+05 9.630256222878e+03 5.622076406268e+02 1.800000000000e+06 8.319883907452e+04 4.498160416000e+05 1.799262416000e+06 0.000000000000e+00 0.000000000000e+00 0.000000000000e+00 2.598707418609e-03 2.971008891970e-03 4.623842861353e-02 0.000000000000e+00 0.000000000000e+00 0.000000000000e+00 0.000000000000e+00 0.000000000000e+00 
9.860000000000e+00 2.073552931776e-03 4.821532803268e-02 1.692831941391e-05 1.076389698670e+05 1.078909028014e+05 1.000000000000e+05 9.630401681992e+03 5.622380900634e+02 1.800000000000e+06 8.349657199071e+04 4.498160416000e+05 1.799262416000e+06 0.000000000000e+00 0.000000000000e+00 0.000000000000e+00 2.608007076473e-03 2.970782711274e-03 4.640396096006e-02 0.000000000000e+00 0.000000000000e+00 0.000000000000e+00 0.000000000000e+00 0.000000000000e+00 
9.865000000000e+00 2.073523853460e-03 4.833290604929e-02 -5.881122938410e-06 1.079738191208e+05 1.078862924331e+05 1.000000000000e+05 9.630410258166e+03 5.622440508120e+02 1.800000000000e+06 8.378537478371e+04 4.498160416000e+05 1.799262416000e+06 0.000000000000e+00 0.000000000000e+00 0.000000000000e+00 2.617027802832e-03 2.970729049706e-03 4.656453866197e-02 0.000000000000e+00 0.000000000000e+00 0.000000000000e+00 0.000000000000e+00 0.000000000000e+00 
9.870000000000e+00 2.073602079088e-03 4.843769533859e-02 -2.652964636869e-05 1.082935038106e+05 1.078986947409e+05 1.000000000000e+05 9.630295794078e+03 5.622280156504e+02 1.800000000000e+06 8.406413191930e+04 4.498160416000e+05 1.799262416000e+06 0.000000000000e+00 0.000000000000e+00 0.000000000000e+00 2.625734754086e-03 2.970826743251e-03 4.671954103949e-02 0.000000000000e+00 0.000000000000e+00 0.000000000000e+00 0.000000000000e+00 0.000000000000e+00 
9.875000000000e+00 2.073769740694e-03 4.853111571840e-02 -4.487248668127e-05 1.085929754383e+05 1.079252727467e+05 1.000000000000e+05 9.630079359155e+03 5.621936502413e+02 1.800000000000e+06 8.433161272764e+04 4.498160416000e+05 1.799262416000e+06 0.000000000000e+00 0.000000000000e+00 0.000000000000e+00 2.634089490386e-03 2.971057096491e-03 4.686828513714e-02 0.000000000000e+00 0.000000000000e+00 0.000000000000e+00 0.000000000000e+00 0.000000000000e+00 
9.880000000000e+00 2.074015112792e-03 4.860992862324e-02 -6.117340429999e-05 1.088742586707e+05 1.079641598239e+05 1.000000000000e+05 9.629774397884e+03 5.621433636791e+02 1.800000000000e+06 8.458671065675e+04 4.498160416000e+05 1.799262416000e+06 0.000000000000e+00 0.000000000000e+00 0.000000000000e+00 2.642057448693e-03 2.971405456548e-03 4.701015320455e-02 0.000000000000e+00 0.000000000000e+00 0.000000000000e+00 0.000000000000e+00 0.000000000000e+00 
9.885000000000e+00 2.074328970459e-03 4.867357724325e-02 -7.543984769505e-05 1.091359749582e+05 1.080138837926e+05 1.000000000000e+05 9.629391723325e+03 5.620790539372e+02 1.800000000000e+06 8.482855446977e+04 4.498160416000e+05 1.799262416000e+06 0.000000000000e+00 0.000000000000e+00 0.000000000000e+00 2.649611416008e-03 2.971857578730e-03 4.714466112380e-02 0.000000000000e+00 0.000000000000e+00 0.000000000000e+00 0.000000000000e+00 0.000000000000e+00 
9.890000000000e+00 2.074702229469e-03 4.872221318456e-02 -8.772055844996e-05 1.093773962043e+05 1.080729940219e+05 1.000000000000e+05 9.628941939946e+03 5.620025907018e+02 1.800000000000e+06 8.505627179670e+04 4.498160416000e+05 1.799262416000e+06 0.000000000000e+00 0.000000000000e+00 0.000000000000e+00 2.656724143943e-03 2.972399473854e-03 4.727132342536e-02 0.000000000000e+00 0.000000000000e+00 0.000000000000e+00 0.000000000000e+00 0.000000000000e+00 
9.895000000000e+00 2.075126040394e-03 4.875594454787e-02 -9.805848384709e-05 1.095977575578e+05 1.081400773973e+05 1.000000000000e+05 9.628435382361e+03 5.619157953193e+02 1.800000000000e+06 8.526910824153e+04 4.498160416000e+05 1.799262416000e+06 0.000000000000e+00 0.000000000000e+00 0.000000000000e+00 2.663372069013e-03 2.973017551910e-03 4.738972028426e-02 0.000000000000e+00 0.000000000000e+00 0.000000000000e+00 0.000000000000e+00 0.000000000000e+00 
9.900000000000e+00 2.075591751506e-03 4.877468121486e-02 -1.065147602408e-04 1.097966066550e+05 1.082137533063e+05 1.000000000000e+05 9.627882128955e+03 5.618204477707e+02 1.800000000000e+06 8.546634263414e+04 4.498160416000e+05 1.799262416000e+06 0.000000000000e+00 0.000000000000e+00 0.000000000000e+00 2.669532665543e-03 2.973698520161e-03 4.749945057095e-02 0.000000000000e+00 0.000000000000e+00 0.000000000000e+00 0.000000000000e+00 0.000000000000e+00 
9.905000000000e+00 2.076091001552e-03 4.877850883482e-02 -1.131323445877e-04 1.099732759820e+05 1.082926889892e+05 1.000000000000e+05 9.627291931689e+03 5.617182671866e+02 1.800000000000e+06 8.564731650808e+04 4.498160416000e+05 1.799262416000e+06 0.000000000000e+00 0.000000000000e+00 0.000000000000e+00 2.675185366398e-03 2.974429438017e-03 4.760014792643e-02 0.000000000000e+00 0.000000000000e+00 0.000000000000e+00 0.000000000000e+00 0.000000000000e+00 
9.910000000000e+00 2.076615529461e-03 4.876742583282e-02 -1.179399441520e-04 1.101269103344e+05 1.083755699550e+05 1.000000000000e+05 9.626674432114e+03 5.616109504273e+02 1.800000000000e+06 8.581142349690e+04 4.498160416000e+05 1.799262416000e+06 0.000000000000e+00 0.000000000000e+00 0.000000000000e+00 2.680311231783e-03 2.975197714518e-03 4.769147500740e-02 0.000000000000e+00 0.000000000000e+00 0.000000000000e+00 0.000000000000e+00 0.000000000000e+00 
9.915000000000e+00 2.077157286048e-03 4.874159680791e-02 -1.209890612368e-04 1.102570332084e+05 1.084611180281e+05 1.000000000000e+05 9.626038988442e+03 5.615001489401e+02 1.800000000000e+06 8.595811364037e+04 4.498160416000e+05 1.799262416000e+06 0.000000000000e+00 0.000000000000e+00 0.000000000000e+00 2.684893083746e-03 2.975991128385e-03 4.777312569850e-02 0.000000000000e+00 0.000000000000e+00 0.000000000000e+00 0.000000000000e+00 0.000000000000e+00 
9.920000000000e+00 2.077708438134e-03 4.870105780319e-02 -1.223264828078e-04 1.103631371155e+05 1.085480922157e+05 1.000000000000e+05 9.625394700652e+03 5.613874677568e+02 1.800000000000e+06 8.608688807132e+04 4.498160416000e+05 1.799262416000e+06 0.000000000000e+00 0.000000000000e+00 0.000000000000e+00 2.688915340219e-03 2.976797819377e-03 4.784482244993e-02 0.000000000000e+00 0.000000000000e+00 0.000000000000e+00 0.000000000000e+00 0.000000000000e+00 
9.925000000000e+00 2.078261370433e-03 4.864587079169e-02 -1.220010871669e-04 1.104447834823e+05 1.086352890871e+05 1.000000000000e+05 9.624750400510e+03 5.612744650480e+02 1.800000000000e+06 8.619729050549e+04 4.498160416000e+05 1.799262416000e+06 0.000000000000e+00 0.000000000000e+00 0.000000000000e+00 2.692363749210e-03 2.977606289079e-03 4.790631137970e-02 0.000000000000e+00 0.000000000000e+00 0.000000000000e+00 0.000000000000e+00 0.000000000000e+00 
9.930000000000e+00 2.078808697221e-03 4.857617473416e-02 -1.200634220302e-04 1.105015966957e+05 1.087215445740e+05 1.000000000000e+05 9.624114638668e+03 5.611626497666e+02 1.800000000000e+06 8.628891228863e+04 4.498160416000e+05 1.799262416000e+06 0.000000000000e+00 0.000000000000e+00 0.000000000000e+00 2.695225546444e-03 2.978405415353e-03 4.795736502036e-02 0.000000000000e+00 0.000000000000e+00 0.000000000000e+00 0.000000000000e+00 0.000000000000e+00 
9.935000000000e+00 2.079343251573e-03 4.849199393291e-02 -1.165621649345e-04 1.105332084854e+05 1.088057321225e+05 1.000000000000e+05 9.623495701770e+03 5.610534839548e+02 1.800000000000e+06 8.636138013914e+04 4.498160416000e+05 1.799262416000e+06 0.000000000000e+00 0.000000000000e+00 0.000000000000e+00 2.697489072508e-03 2.979184433621e-03 4.799777571356e-02 0.000000000000e+00 0.000000000000e+00 0.000000000000e+00 0.000000000000e+00 0.000000000000e+00 
9.940000000000e+00 2.079858082313e-03 4.839327897107e-02 -1.115407862481e-04 1.105392066814e+05 1.088867619696e+05 1.000000000000e+05 9.622901620670e+03 5.609483835447e+02 1.800000000000e+06 8.641435035588e+04 4.498160416000e+05 1.799262416000e+06 0.000000000000e+00 0.000000000000e+00 0.000000000000e+00 2.699143591931e-03 2.979932929241e-03 4.802735232475e-02 0.000000000000e+00 0.000000000000e+00 0.000000000000e+00 0.000000000000e+00 0.000000000000e+00 
9.945000000000e+00 2.080346373174e-03 4.827961267959e-02 -1.050355407007e-04 1.105190916487e+05 1.089635681016e+05 1.000000000000e+05 9.622340268048e+03 5.608487350907e+02 1.800000000000e+06 8.644743814192e+04 4.498160416000e+05 1.799262416000e+06 0.000000000000e+00 0.000000000000e+00 0.000000000000e+00 2.700177085619e-03 2.980640712885e-03 4.804588129858e-02 0.000000000000e+00 0.000000000000e+00 0.000000000000e+00 0.000000000000e+00 0.000000000000e+00 
9.950000000000e+00 2.080801807552e-03 4.815394543012e-02 -9.719346009753e-05 1.104740789460e+05 1.090351652113e+05 1.000000000000e+05 9.621818804339e+03 5.607558216369e+02 1.800000000000e+06 8.646048534484e+04 4.498160416000e+05 1.799262416000e+06 0.000000000000e+00 0.000000000000e+00 0.000000000000e+00 2.700584613698e-03 2.981298371600e-03 4.805327150226e-02 0.000000000000e+00 0.000000000000e+00 0.000000000000e+00 0.000000000000e+00 0.000000000000e+00 
9.955000000000e+00 2.081218416872e-03 4.801512270989e-02 -8.802381342423e-05 1.104033934782e+05 1.091006242906e+05 1.000000000000e+05 9.621344132256e+03 5.606708540656e+02 1.800000000000e+06 8.645354197655e+04 4.498160416000e+05 1.799262416000e+06 0.000000000000e+00 0.000000000000e+00 0.000000000000e+00 2.700367738283e-03 2.981897041702e-03 4.804955203986e-02 0.000000000000e+00 0.000000000000e+00 0.000000000000e+00 0.000000000000e+00 0.000000000000e+00 
9.960000000000e+00 2.081590324703e-03 4.786327750092e-02 -7.760027369964e-05 1.103072229319e+05 1.091590318971e+05 1.000000000000e+05 9.620922972166e+03 5.605950236713e+02 1.800000000000e+06 8.642643429298e+04 4.498160416000e+05 1.799262416000e+06 0.000000000000e+00 0.000000000000e+00 0.000000000000e+00 2.699521032498e-03 2.982428003239e-03 4.803462621104e-02 0.000000000000e+00 0.000000000000e+00 0.000000000000e+00 0.000000000000e+00 0.000000000000e+00 
9.965000000000e+00 2.081913583803e-03 4.769898813620e-02 -6.576119093244e-05 1.101825686824e+05 1.092097779807e+05 1.000000000000e+05 9.620560059602e+03 5.605291280892e+02 1.800000000000e+06 8.637914666827e+04 4.498160416000e+05 1.799262416000e+06 0.000000000000e+00 0.000000000000e+00 0.000000000000e+00 2.698044008269e-03 2.982883141290e-03 4.800848479442e-02 0.000000000000e+00 0.000000000000e+00 0.000000000000e+00 0.000000000000e+00 0.000000000000e+00 
9.970000000000e+00 2.082186361146e-03 4.752226987599e-02 -5.269193699128e-05 1.100318908580e+05 1.092525838942e+05 1.000000000000e+05 9.620257287956e+03 5.604735343344e+02 1.800000000000e+06 8.631167126801e+04 4.498160416000e+05 1.799262416000e+06 0.000000000000e+00 0.000000000000e+00 0.000000000000e+00 2.695936420889e-03 2.983254732316e-03 4.797112340949e-02 0.000000000000e+00 0.000000000000e+00 0.000000000000e+00 0.000000000000e+00 0.000000000000e+00 
9.975000000000e+00 2.082402290412e-03 4.733303539069e-02 -3.853885276775e-05 1.098563548765e+05 1.092864588583e+05 1.000000000000e+05 9.620021869721e+03 5.604295338740e+02 1.800000000000e+06 8.622398022962e+04 4.498160416000e+05 1.799262416000e+06 0.000000000000e+00 0.000000000000e+00 0.000000000000e+00 2.693197400074e-03 2.983535368085e-03 4.792252672891e-02 0.000000000000e+00 0.000000000000e+00 0.000000000000e+00 0.000000000000e+00 0.000000000000e+00 
9.980000000000e+00 2.082555695923e-03 4.713218422157e-02 -2.337011648988e-05 1.096560688066e+05 1.093105197361e+05 1.000000000000e+05 9.619860304028e+03 5.603982779554e+02 1.800000000000e+06 8.611610574392e+04 4.498160416000e+05 1.799262416000e+06 0.000000000000e+00 0.000000000000e+00 0.000000000000e+00 2.689827951301e-03 2.983718128355e-03 4.786271172625e-02 0.000000000000e+00 0.000000000000e+00 0.000000000000e+00 0.000000000000e+00 0.000000000000e+00 
9.985000000000e+00 2.082637067445e-03 4.692401343786e-02 -7.125287169709e-06 1.094286285116e+05 1.093232806387e+05 1.000000000000e+05 9.619783696844e+03 5.603817000689e+02 1.800000000000e+06 8.598807782610e+04 4.498160416000e+05 1.799262416000e+06 0.000000000000e+00 0.000000000000e+00 0.000000000000e+00 2.685829012090e-03 2.983796425463e-03 4.779169620312e-02 0.000000000000e+00 0.000000000000e+00 0.000000000000e+00 0.000000000000e+00 0.000000000000e+00 
9.990000000000e+00 2.082629964604e-03 4.670578787227e-02 9.946851080209e-06 1.091751011553e+05 1.093221668018e+05 1.000000000000e+05 9.619810877735e+03 5.603831471002e+02 1.800000000000e+06 8.583993646265e+04 4.498160416000e+05 1.799262416000e+06 0.000000000000e+00 0.000000000000e+00 0.000000000000e+00 2.681201831417e-03 2.983762957203e-03 4.770950028628e-02 0.000000000000e+00 0.000000000000e+00 0.000000000000e+00 0.000000000000e+00 0.000000000000e+00 
9.995000000000e+00 2.082532964981e-03 4.647862867300e-02 2.769783431022e-05 1.088974096453e+05 1.093069547841e+05 1.000000000000e+05 9.619943340465e+03 5.604029091123e+02 1.800000000000e+06 8.567211209399e+04 4.498160416000e+05 1.799262416000e+06 0.000000000000e+00 0.000000000000e+00 0.000000000000e+00 2.675959854045e-03 2.983607967835e-03 4.761636173645e-02 0.000000000000e+00 0.000000000000e+00 0.000000000000e+00 0.000000000000e+00 0.000000000000e+00 
1.000000000000e+01 2.082349723133e-03 4.624259934856e-02 4.606278818032e-05 1.085970303819e+05 1.092782129216e+05 1.000000000000e+05 9.620176784716e+03 5.604402450497e+02 1.800000000000e+06 8.548493514024e+04 4.498160416000e+05 1.799262416000e+06 0.000000000000e+00 0.000000000000e+00 0.000000000000e+00 2.670113400612e-03 2.983326178671e-03 4.751246474649e-02 0.000000000000e+00 0.000000000000e+00 0.000000000000e+00 0.000000000000e+00 0.000000000000e+00 
