9.000000000000e+00 1.313255254128e-02 -2.034010893816e-02 3.776477305172e-03 1.009403577359e+05 1.087600869055e+05 1.000000000000e+05 7.193952803224e+03 5.261331002181e+02 1.800000000000e+06 0.000000000000e+00 -8.752000000000e-01 -8.752000000000e-01 0.000000000000e+00 0.000000000000e+00 0.000000000000e+00 -0.000000000000e+00 5.923437312273e-02 0.000000000000e+00 0.000000000000e+00 0.000000000000e+00 0.000000000000e+00 0.000000000000e+00 0.000000000000e+00 
9.005000000000e+00 1.311366296262e-02 -2.016548563638e-02 3.779372157427e-03 1.005026055278e+05 1.083452438324e+05 1.000000000000e+05 7.196571904373e+03 5.267070240863e+02 1.800000000000e+06 0.000000000000e+00 -8.752000000000e-01 -8.752000000000e-01 0.000000000000e+00 0.000000000000e+00 0.000000000000e+00 -0.000000000000e+00 5.914918102546e-02 0.000000000000e+00 0.000000000000e+00 0.000000000000e+00 0.000000000000e+00 0.000000000000e+00 0.000000000000e+00 
9.010000000000e+00 1.309476889198e-02 -2.001101807843e-02 3.778936234727e-03 1.000700845445e+05 1.079287963020e+05 1.000000000000e+05 7.199195689607e+03 5.272822538659e+02 1.800000000000e+06 0.000000000000e+00 -8.752000000000e-01 -8.752000000000e-01 0.000000000000e+00 0.000000000000e+00 0.000000000000e+00 -0.000000000000e+00 5.906396940712e-02 0.000000000000e+00 0.000000000000e+00 0.000000000000e+00 0.000000000000e+00 0.000000000000e+00 0.000000000000e+00 
9.015000000000e+00 1.307588675712e-02 -1.987626193353e-02 3.775244661950e-03 9.964305339648e+04 1.075111001024e+05 1.000000000000e+05 7.201821902196e+03 5.278582929698e+02 1.800000000000e+06 0.000000000000e+00 -8.752000000000e-01 -8.752000000000e-01 0.000000000000e+00 0.000000000000e+00 0.000000000000e+00 -0.000000000000e+00 5.897881229714e-02 0.000000000000e+00 0.000000000000e+00 0.000000000000e+00 0.000000000000e+00 0.000000000000e+00 0.000000000000e+00 
9.020000000000e+00 1.305703257344e-02 -1.976068033677e-02 3.768385479710e-03 9.922173850512e+04 1.070925070920e+05 1.000000000000e+05 7.204448329171e+03 5.284346533553e+02 1.800000000000e+06 0.000000000000e+00 -8.752000000000e-01 -8.752000000000e-01 0.000000000000e+00 0.000000000000e+00 0.000000000000e+00 -0.000000000000e+00 5.889378186845e-02 0.000000000000e+00 0.000000000000e+00 0.000000000000e+00 0.000000000000e+00 0.000000000000e+00 0.000000000000e+00 
9.025000000000e+00 1.303822187116e-02 -1.966383835140e-02 3.758463286737e-03 9.880632424320e+04 1.066733634557e+05 1.000000000000e+05 7.207072812735e+03 5.290108578598e+02 1.800000000000e+06 0.000000000000e+00 -8.752000000000e-01 -8.752000000000e-01 0.000000000000e+00 0.000000000000e+00 0.000000000000e+00 -0.000000000000e+00 5.880894810789e-02 0.000000000000e+00 0.000000000000e+00 0.000000000000e+00 0.000000000000e+00 0.000000000000e+00 0.000000000000e+00 
9.030000000000e+00 1.301946964965e-02 -1.958534637471e-02 3.745579253953e-03 9.839699313239e+04 1.062540085227e+05 1.000000000000e+05 7.209693253063e+03 5.295864417391e+02 1.800000000000e+06 0.000000000000e+00 -8.752000000000e-01 -8.752000000000e-01 0.000000000000e+00 0.000000000000e+00 0.000000000000e+00 -0.000000000000e+00 5.872437861243e-02 0.000000000000e+00 0.000000000000e+00 0.000000000000e+00 0.000000000000e+00 0.000000000000e+00 0.000000000000e+00 
9.035000000000e+00 1.300079039197e-02 -1.952438466641e-02 3.729844436504e-03 9.799389797016e+04 1.058347749042e+05 1.000000000000e+05 7.212307609717e+03 5.301609523756e+02 1.800000000000e+06 0.000000000000e+00 -8.752000000000e-01 -8.752000000000e-01 0.000000000000e+00 0.000000000000e+00 0.000000000000e+00 -0.000000000000e+00 5.864013864624e-02 0.000000000000e+00 0.000000000000e+00 0.000000000000e+00 0.000000000000e+00 0.000000000000e+00 0.000000000000e+00 
9.040000000000e+00 1.298219799068e-02 -1.948012851777e-02 3.711379292945e-03 9.759716057608e+04 1.054159866259e+05 1.000000000000e+05 7.214913912656e+03 5.307339517277e+02 1.800000000000e+06 0.000000000000e+00 -8.752000000000e-01 -8.752000000000e-01 0.000000000000e+00 0.000000000000e+00 0.000000000000e+00 -0.000000000000e+00 5.855629080326e-02 0.000000000000e+00 0.000000000000e+00 0.000000000000e+00 0.000000000000e+00 0.000000000000e+00 0.000000000000e+00 
9.045000000000e+00 1.296370573142e-02 -1.945177180097e-02 3.690309547264e-03 9.720687959914e+04 1.049979585211e+05 1.000000000000e+05 7.217510264491e+03 5.313050170288e+02 1.800000000000e+06 0.000000000000e+00 -8.752000000000e-01 -8.752000000000e-01 0.000000000000e+00 0.000000000000e+00 0.000000000000e+00 -0.000000000000e+00 5.847289488294e-02 0.000000000000e+00 0.000000000000e+00 0.000000000000e+00 0.000000000000e+00 0.000000000000e+00 0.000000000000e+00 
9.050000000000e+00 1.294532622880e-02 -1.943850172602e-02 3.666774964054e-03 9.682310998718e+04 1.045809945255e+05 1.000000000000e+05 7.220094852215e+03 5.318737429730e+02 1.800000000000e+06 0.000000000000e+00 -8.752000000000e-01 -8.752000000000e-01 0.000000000000e+00 0.000000000000e+00 0.000000000000e+00 -0.000000000000e+00 5.839000769980e-02 0.000000000000e+00 0.000000000000e+00 0.000000000000e+00 0.000000000000e+00 0.000000000000e+00 0.000000000000e+00 
9.055000000000e+00 1.292707134283e-02 -1.943956603461e-02 3.640928297147e-03 9.644586256736e+04 1.041653854876e+05 1.000000000000e+05 7.222665959754e+03 5.324397445361e+02 1.800000000000e+06 0.000000000000e+00 -8.752000000000e-01 -8.752000000000e-01 0.000000000000e+00 0.000000000000e+00 0.000000000000e+00 -0.000000000000e+00 5.830768270543e-02 0.000000000000e+00 0.000000000000e+00 0.000000000000e+00 0.000000000000e+00 0.000000000000e+00 0.000000000000e+00 
9.060000000000e+00 1.290895224765e-02 -1.945399732024e-02 3.612896819060e-03 9.607518675110e+04 1.037514104176e+05 1.000000000000e+05 7.225221951168e+03 5.330026550965e+02 1.800000000000e+06 0.000000000000e+00 -8.752000000000e-01 -8.752000000000e-01 0.000000000000e+00 0.000000000000e+00 0.000000000000e+00 -0.000000000000e+00 5.822597028634e-02 0.000000000000e+00 0.000000000000e+00 0.000000000000e+00 0.000000000000e+00 0.000000000000e+00 0.000000000000e+00 
9.065000000000e+00 1.289097939754e-02 -1.948083769937e-02 3.582831921002e-03 9.571106434813e+04 1.033393354075e+05 1.000000000000e+05 7.227761286919e+03 5.335621277310e+02 1.800000000000e+06 0.000000000000e+00 -8.752000000000e-01 -8.752000000000e-01 0.000000000000e+00 0.000000000000e+00 0.000000000000e+00 -0.000000000000e+00 5.814491769333e-02 0.000000000000e+00 0.000000000000e+00 0.000000000000e+00 0.000000000000e+00 0.000000000000e+00 0.000000000000e+00 
9.070000000000e+00 1.287316255657e-02 -1.951939502039e-02 3.550861833486e-03 9.535351026676e+04 1.029294139942e+05 1.000000000000e+05 7.230282510687e+03 5.341178345413e+02 1.800000000000e+06 0.000000000000e+00 -8.752000000000e-01 -8.752000000000e-01 0.000000000000e+00 0.000000000000e+00 0.000000000000e+00 -0.000000000000e+00 5.806456897005e-02 0.000000000000e+00 0.000000000000e+00 0.000000000000e+00 0.000000000000e+00 0.000000000000e+00 0.000000000000e+00 
9.075000000000e+00 1.285551119937e-02 -1.956954662408e-02 3.517023835025e-03 9.500272725445e+04 1.025218961187e+05 1.000000000000e+05 7.232784178853e+03 5.346694543615e+02 1.800000000000e+06 0.000000000000e+00 -8.752000000000e-01 -8.752000000000e-01 0.000000000000e+00 0.000000000000e+00 0.000000000000e+00 -0.000000000000e+00 5.798496626096e-02 0.000000000000e+00 0.000000000000e+00 0.000000000000e+00 0.000000000000e+00 0.000000000000e+00 0.000000000000e+00 
9.080000000000e+00 1.283803496523e-02 -1.963363617854e-02 3.481053749621e-03 9.465956960652e+04 1.021170385100e+05 1.000000000000e+05 7.235264751183e+03 5.352166586492e+02 1.800000000000e+06 0.000000000000e+00 -8.752000000000e-01 -8.752000000000e-01 0.000000000000e+00 0.000000000000e+00 0.000000000000e+00 -0.000000000000e+00 5.790615430646e-02 0.000000000000e+00 0.000000000000e+00 0.000000000000e+00 0.000000000000e+00 0.000000000000e+00 0.000000000000e+00 
9.085000000000e+00 1.282074719176e-02 -1.972030586162e-02 3.442067580958e-03 9.432631841786e+04 1.017151869839e+05 1.000000000000e+05 7.237722017762e+03 5.357590005127e+02 1.800000000000e+06 0.000000000000e+00 -8.752000000000e-01 -8.752000000000e-01 0.000000000000e+00 0.000000000000e+00 0.000000000000e+00 -0.000000000000e+00 5.782819148038e-02 0.000000000000e+00 0.000000000000e+00 0.000000000000e+00 0.000000000000e+00 0.000000000000e+00 0.000000000000e+00 
9.090000000000e+00 1.280366824295e-02 -1.984907175511e-02 3.398140488278e-03 9.400768219573e+04 1.013168555816e+05 1.000000000000e+05 7.240152527622e+03 5.362958089558e+02 1.800000000000e+06 0.000000000000e+00 -8.752000000000e-01 -8.752000000000e-01 0.000000000000e+00 0.000000000000e+00 0.000000000000e+00 -0.000000000000e+00 5.775116948148e-02 0.000000000000e+00 0.000000000000e+00 0.000000000000e+00 0.000000000000e+00 0.000000000000e+00 0.000000000000e+00 
9.095000000000e+00 1.278683233722e-02 -2.005411518069e-02 3.345891375690e-03 9.371188194987e+04 1.009228892416e+05 1.000000000000e+05 7.242550511896e+03 5.368259716651e+02 1.800000000000e+06 0.000000000000e+00 -8.752000000000e-01 -8.752000000000e-01 0.000000000000e+00 0.000000000000e+00 0.000000000000e+00 -0.000000000000e+00 5.767524247931e-02 0.000000000000e+00 0.000000000000e+00 0.000000000000e+00 0.000000000000e+00 0.000000000000e+00 0.000000000000e+00 
9.100000000000e+00 1.277029573488e-02 -2.038764620810e-02 3.280263731581e-03 9.345135742528e+04 1.005346614592e+05 1.000000000000e+05 7.244906644184e+03 5.373476725801e+02 1.800000000000e+06 0.000000000000e+00 -8.752000000000e-01 -8.752000000000e-01 0.000000000000e+00 0.000000000000e+00 0.000000000000e+00 -0.000000000000e+00 5.760066397412e-02 0.000000000000e+00 0.000000000000e+00 0.000000000000e+00 0.000000000000e+00 0.000000000000e+00 0.000000000000e+00 
9.105000000000e+00 1.275414435121e-02 -2.091641365744e-02 3.194691243899e-03 9.324263225876e+04 1.001542618073e+05 1.000000000000e+05 7.247206955709e+03 5.378581450502e+02 1.800000000000e+06 0.000000000000e+00 -8.752000000000e-01 -8.752000000000e-01 0.000000000000e+00 0.000000000000e+00 0.000000000000e+00 -0.000000000000e+00 5.752782273562e-02 0.000000000000e+00 0.000000000000e+00 0.000000000000e+00 0.000000000000e+00 0.000000000000e+00 0.000000000000e+00 
9.110000000000e+00 1.273850149003e-02 -2.172233575424e-02 3.081112162502e-03 9.310650245333e+04 9.978468902937e+04 1.000000000000e+05 7.249431693143e+03 5.383534191251e+02 1.800000000000e+06 0.000000000000e+00 -8.752000000000e-01 -8.752000000000e-01 0.000000000000e+00 0.000000000000e+00 0.000000000000e+00 -0.000000000000e+00 5.745727908370e-02 0.000000000000e+00 0.000000000000e+00 0.000000000000e+00 0.000000000000e+00 0.000000000000e+00 0.000000000000e+00 
9.115000000000e+00 1.272353373704e-02 -2.288967317149e-02 2.930457822312e-03 9.306714189308e+04 9.943000250886e+04 1.000000000000e+05 7.251554538689e+03 5.388281257234e+02 1.800000000000e+06 0.000000000000e+00 -8.752000000000e-01 -8.752000000000e-01 0.000000000000e+00 0.000000000000e+00 0.000000000000e+00 -0.000000000000e+00 5.738978847434e-02 0.000000000000e+00 0.000000000000e+00 0.000000000000e+00 0.000000000000e+00 0.000000000000e+00 0.000000000000e+00 
9.120000000000e+00 1.270945551248e-02 -2.450251294318e-02 2.733266681758e-03 9.315087609066e+04 9.909544194702e+04 1.000000000000e+05 7.253542052678e+03 5.392753433568e+02 1.800000000000e+06 0.000000000000e+00 -8.752000000000e-01 -8.752000000000e-01 0.000000000000e+00 0.000000000000e+00 0.000000000000e+00 -0.000000000000e+00 5.732630890876e-02 0.000000000000e+00 0.000000000000e+00 0.000000000000e+00 0.000000000000e+00 0.000000000000e+00 0.000000000000e+00 
9.125000000000e+00 1.269652469362e-02 -2.663244360363e-02 2.482172018003e-03 9.338062119118e+04 9.878733194118e+04 1.000000000000e+05 7.255354821088e+03 5.396867307329e+02 1.800000000000e+06 0.000000000000e+00 -8.752000000000e-01 -8.752000000000e-01 0.000000000000e+00 0.000000000000e+00 0.000000000000e+00 -0.000000000000e+00 5.726800359461e-02 0.000000000000e+00 0.000000000000e+00 0.000000000000e+00 0.000000000000e+00 0.000000000000e+00 0.000000000000e+00 
9.130000000000e+00 1.268502393598e-02 -2.924097782660e-02 2.173505718345e-03 9.377182904186e+04 9.851263744363e+04 1.000000000000e+05 7.256950507151e+03 5.400531206717e+02 1.800000000000e+06 0.000000000000e+00 -8.752000000000e-01 -8.752000000000e-01 0.000000000000e+00 0.000000000000e+00 0.000000000000e+00 -0.000000000000e+00 5.721613291737e-02 0.000000000000e+00 0.000000000000e+00 0.000000000000e+00 0.000000000000e+00 0.000000000000e+00 0.000000000000e+00 
9.135000000000e+00 1.267524930539e-02 -3.241099537522e-02 1.802781269890e-03 9.434194102393e+04 9.827868186181e+04 1.000000000000e+05 7.258284556539e+03 5.403648901565e+02 1.800000000000e+06 0.000000000000e+00 -8.752000000000e-01 -8.752000000000e-01 0.000000000000e+00 0.000000000000e+00 0.000000000000e+00 -0.000000000000e+00 5.717205098379e-02 0.000000000000e+00 0.000000000000e+00 0.000000000000e+00 0.000000000000e+00 0.000000000000e+00 0.000000000000e+00 
9.140000000000e+00 1.266752847530e-02 -3.613545337615e-02 1.366070555132e-03 9.510774365990e+04 9.809356522152e+04 1.000000000000e+05 7.259307921156e+03 5.406113930724e+02 1.800000000000e+06 0.000000000000e+00 -8.752000000000e-01 -8.752000000000e-01 0.000000000000e+00 0.000000000000e+00 0.000000000000e+00 -0.000000000000e+00 5.713725241779e-02 0.000000000000e+00 0.000000000000e+00 0.000000000000e+00 0.000000000000e+00 0.000000000000e+00 0.000000000000e+00 
9.145000000000e+00 1.266219384161e-02 -4.035533476651e-02 8.622848177340e-04 9.607960816597e+04 9.796549598850e+04 1.000000000000e+05 7.259971527413e+03 5.407818363513e+02 1.800000000000e+06 0.000000000000e+00 -8.752000000000e-01 -8.752000000000e-01 0.000000000000e+00 0.000000000000e+00 0.000000000000e+00 -0.000000000000e+00 5.711327263681e-02 0.000000000000e+00 0.000000000000e+00 0.000000000000e+00 0.000000000000e+00 0.000000000000e+00 0.000000000000e+00 
9.150000000000e+00 1.265957650677e-02 -4.495672901806e-02 2.939785379308e-04 9.725945737455e+04 9.790261202215e+04 1.000000000000e+05 7.260227435360e+03 5.408654982778e+02 1.800000000000e+06 0.000000000000e+00 -8.752000000000e-01 -8.752000000000e-01 0.000000000000e+00 0.000000000000e+00 0.000000000000e+00 -0.000000000000e+00 5.710159693594e-02 0.000000000000e+00 0.000000000000e+00 0.000000000000e+00 0.000000000000e+00 0.000000000000e+00 0.000000000000e+00 
9.155000000000e+00 1.265995318450e-02 -4.988023008973e-02 -3.292120809026e-04 9.863186912229e+04 9.791166406348e+04 1.000000000000e+05 7.260037410132e+03 5.408534564337e+02 1.800000000000e+06 0.000000000000e+00 -8.752000000000e-01 -8.752000000000e-01 0.000000000000e+00 0.000000000000e+00 0.000000000000e+00 -0.000000000000e+00 5.710339900340e-02 0.000000000000e+00 0.000000000000e+00 0.000000000000e+00 0.000000000000e+00 0.000000000000e+00 0.000000000000e+00 
9.160000000000e+00 1.266360264785e-02 -5.510928198335e-02 -1.006634718406e-03 1.002005560224e+05 9.799933046925e+04 1.000000000000e+05 7.259361373610e+03 5.407368146442e+02 1.800000000000e+06 0.000000000000e+00 -8.752000000000e-01 -8.752000000000e-01 0.000000000000e+00 0.000000000000e+00 0.000000000000e+00 -0.000000000000e+00 5.711990328690e-02 0.000000000000e+00 0.000000000000e+00 0.000000000000e+00 0.000000000000e+00 0.000000000000e+00 0.000000000000e+00 
9.165000000000e+00 1.267077135601e-02 -6.055243405046e-02 -1.727246607846e-03 1.019451468206e+05 9.817135168386e+04 1.000000000000e+05 7.258166714809e+03 5.405078316982e+02 1.800000000000e+06 0.000000000000e+00 -8.752000000000e-01 -8.752000000000e-01 0.000000000000e+00 0.000000000000e+00 0.000000000000e+00 -0.000000000000e+00 5.715229964082e-02 0.000000000000e+00 0.000000000000e+00 0.000000000000e+00 0.000000000000e+00 0.000000000000e+00 0.000000000000e+00 
9.170000000000e+00 1.268164690256e-02 -6.609817467219e-02 -2.481454301558e-03 1.038465211066e+05 9.843185913434e+04 1.000000000000e+05 7.256429658689e+03 5.401607952824e+02 1.800000000000e+06 0.000000000000e+00 -8.752000000000e-01 -8.752000000000e-01 0.000000000000e+00 0.000000000000e+00 0.000000000000e+00 -0.000000000000e+00 5.720142891889e-02 0.000000000000e+00 0.000000000000e+00 0.000000000000e+00 0.000000000000e+00 0.000000000000e+00 0.000000000000e+00 
9.175000000000e+00 1.269636744546e-02 -7.165031253339e-02 -3.259224882410e-03 1.058830131325e+05 9.878358027450e+04 1.000000000000e+05 7.254134366377e+03 5.396917371566e+02 1.800000000000e+06 0.000000000000e+00 -8.752000000000e-01 -8.752000000000e-01 0.000000000000e+00 0.000000000000e+00 0.000000000000e+00 -0.000000000000e+00 5.726790549191e-02 0.000000000000e+00 0.000000000000e+00 0.000000000000e+00 0.000000000000e+00 0.000000000000e+00 0.000000000000e+00 
9.180000000000e+00 1.271501992430e-02 -7.711059061452e-02 -4.050101288281e-03 1.080305476621e+05 9.922778748190e+04 1.000000000000e+05 7.251273205734e+03 5.390984969363e+02 1.800000000000e+06 0.000000000000e+00 -8.752000000000e-01 -8.752000000000e-01 0.000000000000e+00 0.000000000000e+00 0.000000000000e+00 -0.000000000000e+00 5.735212558094e-02 0.000000000000e+00 0.000000000000e+00 0.000000000000e+00 0.000000000000e+00 0.000000000000e+00 0.000000000000e+00 
9.185000000000e+00 1.273763873945e-02 -8.239794566543e-02 -4.843645237058e-03 1.102637456701e+05 9.976427296803e+04 1.000000000000e+05 7.247846817052e+03 5.383807600414e+02 1.800000000000e+06 0.000000000000e+00 -8.752000000000e-01 -8.752000000000e-01 0.000000000000e+00 0.000000000000e+00 0.000000000000e+00 -0.000000000000e+00 5.745424588653e-02 0.000000000000e+00 0.000000000000e+00 0.000000000000e+00 0.000000000000e+00 0.000000000000e+00 0.000000000000e+00 
9.190000000000e+00 1.276420687746e-02 -8.744136070844e-02 -5.629865564305e-03 1.125570614159e+05 1.003913971814e+05 1.000000000000e+05 7.243863784193e+03 5.375400064795e+02 1.800000000000e+06 0.000000000000e+00 -8.752000000000e-01 -8.752000000000e-01 0.000000000000e+00 0.000000000000e+00 0.000000000000e+00 -0.000000000000e+00 5.757418949676e-02 0.000000000000e+00 0.000000000000e+00 0.000000000000e+00 0.000000000000e+00 0.000000000000e+00 0.000000000000e+00 
9.195000000000e+00 1.279465852130e-02 -9.218655902933e-02 -6.399186257930e-03 1.148849499236e+05 1.011061861275e+05 1.000000000000e+05 7.239340151564e+03 5.365794022310e+02 1.800000000000e+06 0.000000000000e+00 -8.752000000000e-01 -8.752000000000e-01 0.000000000000e+00 0.000000000000e+00 0.000000000000e+00 -0.000000000000e+00 5.771165075574e-02 0.000000000000e+00 0.000000000000e+00 0.000000000000e+00 0.000000000000e+00 0.000000000000e+00 0.000000000000e+00 
9.200000000000e+00 1.282888400821e-02 -9.659892264120e-02 -7.143357111242e-03 1.172241008927e+05 1.019044948400e+05 1.000000000000e+05 7.234298371222e+03 5.355036081993e+02 1.800000000000e+06 0.000000000000e+00 -8.752000000000e-01 -8.752000000000e-01 0.000000000000e+00 0.000000000000e+00 0.000000000000e+00 -0.000000000000e+00 5.786613243461e-02 0.000000000000e+00 0.000000000000e+00 0.000000000000e+00 0.000000000000e+00 0.000000000000e+00 0.000000000000e+00 
9.205000000000e+00 1.286673489352e-02 -1.006533221838e-01 -7.854947738837e-03 1.195525805425e+05 1.027811802779e+05 1.000000000000e+05 7.228766520995e+03 5.343185804346e+02 1.800000000000e+06 0.000000000000e+00 -8.752000000000e-01 -8.752000000000e-01 0.000000000000e+00 0.000000000000e+00 0.000000000000e+00 -0.000000000000e+00 5.803696475475e-02 0.000000000000e+00 0.000000000000e+00 0.000000000000e+00 0.000000000000e+00 0.000000000000e+00 0.000000000000e+00 
9.210000000000e+00 1.290802879808e-02 -1.043373215612e-01 -8.527545992764e-03 1.218504624383e+05 1.037302729382e+05 1.000000000000e+05 7.222777391852e+03 5.330313740760e+02 1.800000000000e+06 0.000000000000e+00 -8.752000000000e-01 -8.752000000000e-01 0.000000000000e+00 0.000000000000e+00 0.000000000000e+00 -0.000000000000e+00 5.822332389208e-02 0.000000000000e+00 0.000000000000e+00 0.000000000000e+00 0.000000000000e+00 0.000000000000e+00 0.000000000000e+00 
9.215000000000e+00 1.295255447189e-02 -1.076476759942e-01 -9.155840457558e-03 1.241001742783e+05 1.047451540935e+05 1.000000000000e+05 7.216367569050e+03 5.316499397339e+02 1.800000000000e+06 0.000000000000e+00 -8.752000000000e-01 -8.752000000000e-01 0.000000000000e+00 0.000000000000e+00 0.000000000000e+00 -0.000000000000e+00 5.842425648438e-02 0.000000000000e+00 0.000000000000e+00 0.000000000000e+00 0.000000000000e+00 0.000000000000e+00 0.000000000000e+00 
9.220000000000e+00 1.300007740400e-02 -1.105890438894e-01 -9.735595585054e-03 1.262865902108e+05 1.058187427774e+05 1.000000000000e+05 7.209576468144e+03 5.301829045886e+02 1.800000000000e+06 0.000000000000e+00 -8.752000000000e-01 -8.752000000000e-01 0.000000000000e+00 0.000000000000e+00 0.000000000000e+00 -0.000000000000e+00 5.863870451211e-02 0.000000000000e+00 0.000000000000e+00 0.000000000000e+00 0.000000000000e+00 0.000000000000e+00 0.000000000000e+00 
9.225000000000e+00 1.305034443442e-02 -1.131717730065e-01 -1.026343699440e-02 1.283966733367e+05 1.069436545652e+05 1.000000000000e+05 7.202445568170e+03 5.286393881887e+02 1.800000000000e+06 0.000000000000e+00 -8.752000000000e-01 -8.752000000000e-01 0.000000000000e+00 0.000000000000e+00 0.000000000000e+00 -0.000000000000e+00 5.886552572182e-02 0.000000000000e+00 0.000000000000e+00 0.000000000000e+00 0.000000000000e+00 0.000000000000e+00 0.000000000000e+00 
9.230000000000e+00 1.310308810383e-02 -1.154117587891e-01 -1.073706109290e-02 1.304199802662e+05 1.081123475373e+05 1.000000000000e+05 7.195017612785e+03 5.270288311650e+02 1.800000000000e+06 0.000000000000e+00 -8.752000000000e-01 -8.752000000000e-01 0.000000000000e+00 0.000000000000e+00 0.000000000000e+00 -0.000000000000e+00 5.910351298642e-02 0.000000000000e+00 0.000000000000e+00 0.000000000000e+00 0.000000000000e+00 0.000000000000e+00 0.000000000000e+00 
9.235000000000e+00 1.315803526252e-02 -1.172900500354e-01 -1.115537198862e-02 1.323490551776e+05 1.093173527245e+05 1.000000000000e+05 7.187335265941e+03 5.253607010604e+02 1.800000000000e+06 0.000000000000e+00 -8.752000000000e-01 -8.752000000000e-01 0.000000000000e+00 0.000000000000e+00 0.000000000000e+00 -0.000000000000e+00 5.935143323686e-02 0.000000000000e+00 0.000000000000e+00 0.000000000000e+00 0.000000000000e+00 0.000000000000e+00 0.000000000000e+00 
9.240000000000e+00 1.321490141097e-02 -1.188357288534e-01 -1.151581762280e-02 1.341737670240e+05 1.105511809360e+05 1.000000000000e+05 7.179442350439e+03 5.236446391903e+02 1.800000000000e+06 0.000000000000e+00 -8.752000000000e-01 -8.752000000000e-01 0.000000000000e+00 0.000000000000e+00 0.000000000000e+00 -0.000000000000e+00 5.960800279445e-02 0.000000000000e+00 0.000000000000e+00 0.000000000000e+00 0.000000000000e+00 0.000000000000e+00 0.000000000000e+00 
9.245000000000e+00 1.327339418604e-02 -1.201004237981e-01 -1.181781382684e-02 1.358884370952e+05 1.118064283812e+05 1.000000000000e+05 7.171382560751e+03 5.218903308341e+02 1.800000000000e+06 0.000000000000e+00 -8.752000000000e-01 -8.752000000000e-01 0.000000000000e+00 0.000000000000e+00 0.000000000000e+00 -0.000000000000e+00 5.987190280983e-02 0.000000000000e+00 0.000000000000e+00 0.000000000000e+00 0.000000000000e+00 0.000000000000e+00 0.000000000000e+00 
9.250000000000e+00 1.333322291819e-02 -1.210929961343e-01 -1.206181728920e-02 1.374899812555e+05 1.130760010236e+05 1.000000000000e+05 7.163198290564e+03 5.201072020020e+02 1.800000000000e+06 0.000000000000e+00 -8.752000000000e-01 -8.752000000000e-01 0.000000000000e+00 0.000000000000e+00 0.000000000000e+00 -0.000000000000e+00 6.014182165798e-02 0.000000000000e+00 0.000000000000e+00 0.000000000000e+00 0.000000000000e+00 0.000000000000e+00 0.000000000000e+00 
9.255000000000e+00 1.339409848815e-02 -1.218173922521e-01 -1.224803115683e-02 1.389751905505e+05 1.143531181687e+05 1.000000000000e+05 7.154930894000e+03 5.183044167498e+02 1.800000000000e+06 0.000000000000e+00 -8.752000000000e-01 -8.752000000000e-01 0.000000000000e+00 0.000000000000e+00 0.000000000000e+00 -0.000000000000e+00 6.041645477056e-02 0.000000000000e+00 0.000000000000e+00 0.000000000000e+00 0.000000000000e+00 0.000000000000e+00 0.000000000000e+00 
9.260000000000e+00 1.345573358703e-02 -1.222839606033e-01 -1.237707802450e-02 1.403420521932e+05 1.156313201018e+05 1.000000000000e+05 7.146620500120e+03 5.164908658649e+02 1.800000000000e+06 0.000000000000e+00 -8.752000000000e-01 -8.752000000000e-01 0.000000000000e+00 0.000000000000e+00 0.000000000000e+00 -0.000000000000e+00 6.069450579437e-02 0.000000000000e+00 0.000000000000e+00 0.000000000000e+00 0.000000000000e+00 0.000000000000e+00 0.000000000000e+00 
9.265000000000e+00 1.351784503147e-02 -1.224987415722e-01 -1.244982917022e-02 1.415893778545e+05 1.169045131922e+05 1.000000000000e+05 7.138305740707e+03 5.146750990704e+02 1.800000000000e+06 0.000000000000e+00 -8.752000000000e-01 -8.752000000000e-01 0.000000000000e+00 0.000000000000e+00 0.000000000000e+00 -0.000000000000e+00 6.097469697617e-02 0.000000000000e+00 0.000000000000e+00 0.000000000000e+00 0.000000000000e+00 0.000000000000e+00 0.000000000000e+00 
9.270000000000e+00 1.358015474493e-02 -1.224679484275e-01 -1.246746071353e-02 1.427168674771e+05 1.181669812643e+05 1.000000000000e+05 7.130023630187e+03 5.128653012766e+02 1.800000000000e+06 0.000000000000e+00 -8.752000000000e-01 -8.752000000000e-01 0.000000000000e+00 0.000000000000e+00 0.000000000000e+00 -0.000000000000e+00 6.125577366825e-02 0.000000000000e+00 0.000000000000e+00 0.000000000000e+00 0.000000000000e+00 0.000000000000e+00 0.000000000000e+00 
9.275000000000e+00 1.364239151433e-02 -1.221947913117e-01 -1.243143364849e-02 1.437250340080e+05 1.194134080040e+05 1.000000000000e+05 7.121809373134e+03 5.110692501013e+02 1.800000000000e+06 0.000000000000e+00 -8.752000000000e-01 -8.752000000000e-01 0.000000000000e+00 0.000000000000e+00 0.000000000000e+00 -0.000000000000e+00 6.153651222150e-02 0.000000000000e+00 0.000000000000e+00 0.000000000000e+00 0.000000000000e+00 0.000000000000e+00 0.000000000000e+00 
9.280000000000e+00 1.370429305376e-02 -1.216739858381e-01 -1.234375433987e-02 1.446156810389e+05 1.206389005271e+05 1.000000000000e+05 7.113696092367e+03 5.092942686418e+02 1.800000000000e+06 0.000000000000e+00 -8.752000000000e-01 -8.752000000000e-01 0.000000000000e+00 0.000000000000e+00 0.000000000000e+00 -0.000000000000e+00 6.181572922627e-02 0.000000000000e+00 0.000000000000e+00 0.000000000000e+00 0.000000000000e+00 0.000000000000e+00 0.000000000000e+00 
9.285000000000e+00 1.376560599252e-02 -1.209060317739e-01 -1.220607986091e-02 1.453900983821e+05 1.218389679218e+05 1.000000000000e+05 7.105715071027e+03 5.075472411137e+02 1.800000000000e+06 0.000000000000e+00 -8.752000000000e-01 -8.752000000000e-01 0.000000000000e+00 0.000000000000e+00 0.000000000000e+00 -0.000000000000e+00 6.209228161599e-02 0.000000000000e+00 0.000000000000e+00 0.000000000000e+00 0.000000000000e+00 0.000000000000e+00 0.000000000000e+00 
9.290000000000e+00 1.382608761132e-02 -1.198891230587e-01 -1.202072113393e-02 1.460509988242e+05 1.230095322274e+05 1.000000000000e+05 7.097895397526e+03 5.058345803465e+02 1.800000000000e+06 0.000000000000e+00 -8.752000000000e-01 -8.752000000000e-01 0.000000000000e+00 0.000000000000e+00 0.000000000000e+00 -0.000000000000e+00 6.236507571405e-02 0.000000000000e+00 0.000000000000e+00 0.000000000000e+00 0.000000000000e+00 0.000000000000e+00 0.000000000000e+00 
9.295000000000e+00 1.388550263992e-02 -1.186325385259e-01 -1.178957041143e-02 1.466003464924e+05 1.241468424425e+05 1.000000000000e+05 7.090264666041e+03 5.041623365098e+02 1.800000000000e+06 0.000000000000e+00 -8.752000000000e-01 -8.752000000000e-01 0.000000000000e+00 0.000000000000e+00 0.000000000000e+00 -0.000000000000e+00 6.263306212990e-02 0.000000000000e+00 0.000000000000e+00 0.000000000000e+00 0.000000000000e+00 0.000000000000e+00 0.000000000000e+00 
9.300000000000e+00 1.394363124241e-02 -1.171519192090e-01 -1.151579965847e-02 1.470427006793e+05 1.252476029414e+05 1.000000000000e+05 7.082847691309e+03 5.025359910360e+02 1.800000000000e+06 0.000000000000e+00 -8.752000000000e-01 -8.752000000000e-01 0.000000000000e+00 0.000000000000e+00 0.000000000000e+00 -0.000000000000e+00 6.289525102440e-02 0.000000000000e+00 0.000000000000e+00 0.000000000000e+00 0.000000000000e+00 0.000000000000e+00 0.000000000000e+00 
9.305000000000e+00 1.400026945116e-02 -1.154616564610e-01 -1.120247549672e-02 1.473825143629e+05 1.263089516236e+05 1.000000000000e+05 7.075666820486e+03 5.009604680211e+02 1.800000000000e+06 0.000000000000e+00 -8.752000000000e-01 -8.752000000000e-01 0.000000000000e+00 0.000000000000e+00 0.000000000000e+00 -0.000000000000e+00 6.315072226959e-02 0.000000000000e+00 0.000000000000e+00 0.000000000000e+00 0.000000000000e+00 0.000000000000e+00 0.000000000000e+00 
9.310000000000e+00 1.405522926832e-02 -1.135818280120e-01 -1.085288452699e-02 1.476247306290e+05 1.273284324707e+05 1.000000000000e+05 7.068741951986e+03 4.994401546772e+02 1.800000000000e+06 0.000000000000e+00 -8.752000000000e-01 -8.752000000000e-01 0.000000000000e+00 0.000000000000e+00 0.000000000000e+00 -0.000000000000e+00 6.339862760751e-02 0.000000000000e+00 0.000000000000e+00 0.000000000000e+00 0.000000000000e+00 0.000000000000e+00 0.000000000000e+00 
9.315000000000e+00 1.410834036070e-02 -1.115364232156e-01 -1.047073110901e-02 1.477751514366e+05 1.283039985155e+05 1.000000000000e+05 7.062090376080e+03 4.979788773145e+02 1.800000000000e+06 0.000000000000e+00 -8.752000000000e-01 -8.752000000000e-01 0.000000000000e+00 0.000000000000e+00 0.000000000000e+00 -0.000000000000e+00 6.363819859149e-02 0.000000000000e+00 0.000000000000e+00 0.000000000000e+00 0.000000000000e+00 0.000000000000e+00 0.000000000000e+00 
9.320000000000e+00 1.415945147328e-02 -1.093487986707e-01 -1.005985725983e-02 1.478399115809e+05 1.292340096456e+05 1.000000000000e+05 7.055726743553e+03 4.965798853498e+02 1.800000000000e+06 0.000000000000e+00 -8.752000000000e-01 -8.752000000000e-01 0.000000000000e+00 0.000000000000e+00 0.000000000000e+00 -0.000000000000e+00 6.386875272359e-02 0.000000000000e+00 0.000000000000e+00 0.000000000000e+00 0.000000000000e+00 0.000000000000e+00 0.000000000000e+00 
9.325000000000e+00 1.420843114043e-02 -1.070383952625e-01 -9.624282150939e-03 1.478255527019e+05 1.301172185056e+05 1.000000000000e+05 7.049663059249e+03 4.952458540776e+02 1.800000000000e+06 0.000000000000e+00 -8.752000000000e-01 -8.752000000000e-01 0.000000000000e+00 0.000000000000e+00 0.000000000000e+00 -0.000000000000e+00 6.408969677700e-02 0.000000000000e+00 0.000000000000e+00 0.000000000000e+00 0.000000000000e+00 0.000000000000e+00 0.000000000000e+00 
9.330000000000e+00 1.425516690492e-02 -1.046314253400e-01 -9.167399148704e-03 1.477375340319e+05 1.309527315739e+05 1.000000000000e+05 7.043909014823e+03 4.939789265978e+02 1.800000000000e+06 0.000000000000e+00 -8.752000000000e-01 -8.752000000000e-01 0.000000000000e+00 0.000000000000e+00 0.000000000000e+00 -0.000000000000e+00 6.430052306958e-02 0.000000000000e+00 0.000000000000e+00 0.000000000000e+00 0.000000000000e+00 0.000000000000e+00 0.000000000000e+00 
9.335000000000e+00 1.429956149925e-02 -1.021625309985e-01 -8.692412062554e-03 1.475809995284e+05 1.317399198204e+05 1.000000000000e+05 7.038472453701e+03 4.927808350636e+02 1.800000000000e+06 0.000000000000e+00 -8.752000000000e-01 -8.752000000000e-01 0.000000000000e+00 0.000000000000e+00 0.000000000000e+00 -0.000000000000e+00 6.450079009699e-02 0.000000000000e+00 0.000000000000e+00 0.000000000000e+00 0.000000000000e+00 0.000000000000e+00 0.000000000000e+00 
9.340000000000e+00 1.434153013425e-02 -9.965208292835e-02 -8.202871559653e-03 1.473617226503e+05 1.324783543100e+05 1.000000000000e+05 7.033359664402e+03 4.916529877806e+02 1.800000000000e+06 0.000000000000e+00 -8.752000000000e-01 -8.752000000000e-01 0.000000000000e+00 0.000000000000e+00 0.000000000000e+00 -0.000000000000e+00 6.469010275982e-02 0.000000000000e+00 0.000000000000e+00 0.000000000000e+00 0.000000000000e+00 0.000000000000e+00 0.000000000000e+00 
9.345000000000e+00 1.438103995199e-02 -9.712695746482e-02 -7.709567289400e-03 1.470991854014e+05 1.331684797026e+05 1.000000000000e+05 7.028569283358e+03 4.905954266315e+02 1.800000000000e+06 0.000000000000e+00 -8.752000000000e-01 -8.752000000000e-01 0.000000000000e+00 0.000000000000e+00 0.000000000000e+00 -0.000000000000e+00 6.486840783705e-02 0.000000000000e+00 0.000000000000e+00 0.000000000000e+00 0.000000000000e+00 0.000000000000e+00 0.000000000000e+00 
9.350000000000e+00 1.441807312303e-02 -9.462058265369e-02 -7.212729520894e-03 1.467937120241e+05 1.338109420048e+05 1.000000000000e+05 7.024100261036e+03 4.896078384606e+02 1.800000000000e+06 0.000000000000e+00 -8.752000000000e-01 -8.752000000000e-01 0.000000000000e+00 0.000000000000e+00 0.000000000000e+00 -0.000000000000e+00 6.503553012879e-02 0.000000000000e+00 0.000000000000e+00 0.000000000000e+00 0.000000000000e+00 0.000000000000e+00 0.000000000000e+00 
9.355000000000e+00 1.445261963914e-02 -9.212542342814e-02 -6.715396148459e-03 1.464507225952e+05 1.344064568076e+05 1.000000000000e+05 7.019950278961e+03 4.886897534794e+02 1.800000000000e+06 0.000000000000e+00 -8.752000000000e-01 -8.752000000000e-01 0.000000000000e+00 0.000000000000e+00 0.000000000000e+00 -0.000000000000e+00 6.519140601633e-02 0.000000000000e+00 0.000000000000e+00 0.000000000000e+00 0.000000000000e+00 0.000000000000e+00 0.000000000000e+00 
9.360000000000e+00 1.448468749855e-02 -8.963581079167e-02 -6.220734570475e-03 1.460760253043e+05 1.349559806961e+05 1.000000000000e+05 7.016115015525e+03 4.878402786390e+02 1.800000000000e+06 0.000000000000e+00 -8.752000000000e-01 -8.752000000000e-01 0.000000000000e+00 0.000000000000e+00 0.000000000000e+00 -0.000000000000e+00 6.533607868461e-02 0.000000000000e+00 0.000000000000e+00 0.000000000000e+00 0.000000000000e+00 0.000000000000e+00 0.000000000000e+00 
9.365000000000e+00 1.451429776245e-02 -8.717170795382e-02 -5.731401015389e-03 1.456746079628e+05 1.354606208188e+05 1.000000000000e+05 7.012588890063e+03 4.870582339157e+02 1.800000000000e+06 0.000000000000e+00 -8.752000000000e-01 -8.752000000000e-01 0.000000000000e+00 0.000000000000e+00 0.000000000000e+00 -0.000000000000e+00 6.546964789231e-02 0.000000000000e+00 0.000000000000e+00 0.000000000000e+00 0.000000000000e+00 0.000000000000e+00 0.000000000000e+00 
9.370000000000e+00 1.454148513306e-02 -8.474827766480e-02 -5.250034175139e-03 1.452515540406e+05 1.359216422384e+05 1.000000000000e+05 7.009364910761e+03 4.863421396455e+02 1.800000000000e+06 0.000000000000e+00 -8.752000000000e-01 -8.752000000000e-01 0.000000000000e+00 0.000000000000e+00 0.000000000000e+00 -0.000000000000e+00 6.559227432765e-02 0.000000000000e+00 0.000000000000e+00 0.000000000000e+00 0.000000000000e+00 0.000000000000e+00 0.000000000000e+00 
9.375000000000e+00 1.456629689036e-02 -8.237786546950e-02 -4.779117534819e-03 1.448117967582e+05 1.363404486477e+05 1.000000000000e+05 7.006434834817e+03 4.856902460433e+02 1.800000000000e+06 0.000000000000e+00 -8.752000000000e-01 -8.752000000000e-01 0.000000000000e+00 0.000000000000e+00 0.000000000000e+00 -0.000000000000e+00 6.570417605240e-02 0.000000000000e+00 0.000000000000e+00 0.000000000000e+00 0.000000000000e+00 0.000000000000e+00 0.000000000000e+00 
9.380000000000e+00 1.458879203712e-02 -8.006937348344e-02 -4.320709770916e-03 1.443596465104e+05 1.367185682450e+05 1.000000000000e+05 7.003789321125e+03 4.851005558179e+02 1.800000000000e+06 0.000000000000e+00 -8.752000000000e-01 -8.752000000000e-01 0.000000000000e+00 0.000000000000e+00 0.000000000000e+00 -0.000000000000e+00 6.580561597146e-02 0.000000000000e+00 0.000000000000e+00 0.000000000000e+00 0.000000000000e+00 0.000000000000e+00 0.000000000000e+00 
9.385000000000e+00 1.460903644178e-02 -7.783179851957e-02 -3.876061584812e-03 1.438980585481e+05 1.370575740451e+05 1.000000000000e+05 7.001418582595e+03 4.845709502073e+02 1.800000000000e+06 0.000000000000e+00 -8.752000000000e-01 -8.752000000000e-01 0.000000000000e+00 0.000000000000e+00 0.000000000000e+00 -0.000000000000e+00 6.589688992086e-02 0.000000000000e+00 0.000000000000e+00 0.000000000000e+00 0.000000000000e+00 0.000000000000e+00 0.000000000000e+00 
9.390000000000e+00 1.462710375157e-02 -7.566850771846e-02 -3.446599668506e-03 1.434304053833e+05 1.373591027384e+05 1.000000000000e+05 6.999312084284e+03 4.840991623843e+02 1.800000000000e+06 0.000000000000e+00 -8.752000000000e-01 -8.752000000000e-01 0.000000000000e+00 0.000000000000e+00 0.000000000000e+00 -0.000000000000e+00 6.597833503016e-02 0.000000000000e+00 0.000000000000e+00 0.000000000000e+00 0.000000000000e+00 0.000000000000e+00 0.000000000000e+00 
9.395000000000e+00 1.464307040986e-02 -7.359607044136e-02 -3.032664503448e-03 1.429581822452e+05 1.376247756298e+05 1.000000000000e+05 6.997459361481e+03 4.836829043616e+02 1.800000000000e+06 0.000000000000e+00 -8.752000000000e-01 -8.752000000000e-01 0.000000000000e+00 0.000000000000e+00 0.000000000000e+00 -0.000000000000e+00 6.605029902611e-02 0.000000000000e+00 0.000000000000e+00 0.000000000000e+00 0.000000000000e+00 0.000000000000e+00 0.000000000000e+00 
9.400000000000e+00 1.465701726525e-02 -7.163437396741e-02 -2.635599599384e-03 1.424847231443e+05 1.378562304031e+05 1.000000000000e+05 6.995849429324e+03 4.833198210295e+02 1.800000000000e+06 0.000000000000e+00 -8.752000000000e-01 -8.752000000000e-01 0.000000000000e+00 0.000000000000e+00 0.000000000000e+00 -0.000000000000e+00 6.611314710521e-02 0.000000000000e+00 0.000000000000e+00 0.000000000000e+00 0.000000000000e+00 0.000000000000e+00 0.000000000000e+00 
9.405000000000e+00 1.466903169122e-02 -6.977170087951e-02 -2.256173120563e-03 1.420124593020e+05 1.380551608621e+05 1.000000000000e+05 6.994470798430e+03 4.830074312793e+02 1.800000000000e+06 0.000000000000e+00 -8.752000000000e-01 -8.752000000000e-01 0.000000000000e+00 0.000000000000e+00 0.000000000000e+00 -0.000000000000e+00 6.616726937855e-02 0.000000000000e+00 0.000000000000e+00 0.000000000000e+00 0.000000000000e+00 0.000000000000e+00 0.000000000000e+00 
9.410000000000e+00 1.467920250976e-02 -6.800134188802e-02 -1.894573084525e-03 1.415428410674e+05 1.382232374930e+05 1.000000000000e+05 6.993312071011e+03 4.827432562171e+02 1.800000000000e+06 0.000000000000e+00 -8.752000000000e-01 -8.752000000000e-01 0.000000000000e+00 0.000000000000e+00 0.000000000000e+00 -0.000000000000e+00 6.621305238380e-02 0.000000000000e+00 0.000000000000e+00 0.000000000000e+00 0.000000000000e+00 0.000000000000e+00 0.000000000000e+00 
9.415000000000e+00 1.468761916370e-02 -6.631709488458e-02 -1.550829032280e-03 1.410770710685e+05 1.383620989675e+05 1.000000000000e+05 6.992361946275e+03 4.825248363722e+02 1.800000000000e+06 0.000000000000e+00 -8.752000000000e-01 -8.752000000000e-01 0.000000000000e+00 0.000000000000e+00 0.000000000000e+00 -0.000000000000e+00 6.625090084577e-02 0.000000000000e+00 0.000000000000e+00 0.000000000000e+00 0.000000000000e+00 0.000000000000e+00 0.000000000000e+00 
9.420000000000e+00 1.469437044789e-02 -6.471318439712e-02 -1.224743310166e-03 1.406159660844e+05 1.384733362258e+05 1.000000000000e+05 6.991609368242e+03 4.823497604419e+02 1.800000000000e+06 0.000000000000e+00 -8.752000000000e-01 -8.752000000000e-01 0.000000000000e+00 0.000000000000e+00 0.000000000000e+00 -0.000000000000e+00 6.628121916898e-02 0.000000000000e+00 0.000000000000e+00 0.000000000000e+00 0.000000000000e+00 0.000000000000e+00 0.000000000000e+00 
9.425000000000e+00 1.469954274016e-02 -6.318646113338e-02 -9.156140148505e-04 1.401594457099e+05 1.385584681420e+05 1.000000000000e+05 6.991043771815e+03 4.822157071366e+02 1.800000000000e+06 0.000000000000e+00 -8.752000000000e-01 -8.752000000000e-01 0.000000000000e+00 0.000000000000e+00 0.000000000000e+00 -0.000000000000e+00 6.630440957860e-02 0.000000000000e+00 0.000000000000e+00 0.000000000000e+00 0.000000000000e+00 0.000000000000e+00 0.000000000000e+00 
9.430000000000e+00 1.470321929129e-02 -6.172400744483e-02 -6.228485108482e-04 1.397075945137e+05 1.386189343491e+05 1.000000000000e+05 6.990655041894e+03 4.821204597877e+02 1.800000000000e+06 0.000000000000e+00 -8.752000000000e-01 -8.752000000000e-01 0.000000000000e+00 0.000000000000e+00 0.000000000000e+00 -0.000000000000e+00 6.632088807753e-02 0.000000000000e+00 0.000000000000e+00 0.000000000000e+00 0.000000000000e+00 0.000000000000e+00 0.000000000000e+00 
9.435000000000e+00 1.470547859481e-02 -6.031498835993e-02 -3.452467206144e-04 1.392593809185e+05 1.386560725210e+05 1.000000000000e+05 6.990433824483e+03 4.820619451269e+02 1.800000000000e+06 0.000000000000e+00 -8.752000000000e-01 -8.752000000000e-01 0.000000000000e+00 0.000000000000e+00 0.000000000000e+00 -0.000000000000e+00 6.633100940471e-02 0.000000000000e+00 0.000000000000e+00 0.000000000000e+00 0.000000000000e+00 0.000000000000e+00 0.000000000000e+00 
9.440000000000e+00 1.470639216568e-02 -5.894416602957e-02 -8.096795809320e-05 1.388125614346e+05 1.386710855148e+05 1.000000000000e+05 6.990371786892e+03 4.820382877242e+02 1.800000000000e+06 0.000000000000e+00 -8.752000000000e-01 -8.752000000000e-01 0.000000000000e+00 0.000000000000e+00 0.000000000000e+00 -0.000000000000e+00 6.633511255204e-02 0.000000000000e+00 0.000000000000e+00 0.000000000000e+00 0.000000000000e+00 0.000000000000e+00 0.000000000000e+00 
9.445000000000e+00 1.470605024165e-02 -5.761456881759e-02 1.693315650033e-04 1.383695822218e+05 1.386654668528e+05 1.000000000000e+05 6.990457955981e+03 4.820471417886e+02 1.800000000000e+06 0.000000000000e+00 -8.752000000000e-01 -8.752000000000e-01 0.000000000000e+00 0.000000000000e+00 0.000000000000e+00 -0.000000000000e+00 6.633353149794e-02 0.000000000000e+00 0.000000000000e+00 0.000000000000e+00 0.000000000000e+00 0.000000000000e+00 0.000000000000e+00 
9.450000000000e+00 1.470447243276e-02 -5.629720004369e-02 4.152196398751e-04 1.379138766918e+05 1.386395351629e+05 1.000000000000e+05 6.990691729405e+03 4.820880025975e+02 1.800000000000e+06 0.000000000000e+00 -8.752000000000e-01 -8.752000000000e-01 0.000000000000e+00 0.000000000000e+00 0.000000000000e+00 -0.000000000000e+00 6.632643115126e-02 0.000000000000e+00 0.000000000000e+00 0.000000000000e+00 0.000000000000e+00 0.000000000000e+00 0.000000000000e+00 
9.455000000000e+00 1.470168220664e-02 -5.494866773758e-02 6.565244067315e-04 1.374459581866e+05 1.385936595117e+05 1.000000000000e+05 6.991070331163e+03 4.821602765580e+02 1.800000000000e+06 0.000000000000e+00 -8.752000000000e-01 -8.752000000000e-01 0.000000000000e+00 0.000000000000e+00 0.000000000000e+00 -0.000000000000e+00 6.631390190775e-02 0.000000000000e+00 0.000000000000e+00 0.000000000000e+00 0.000000000000e+00 0.000000000000e+00 0.000000000000e+00 
9.460000000000e+00 1.469769155281e-02 -5.351423274377e-02 8.966624087698e-04 1.369598715625e+05 1.385280079150e+05 1.000000000000e+05 6.991593054115e+03 4.822636778807e+02 1.800000000000e+06 0.000000000000e+00 -8.752000000000e-01 -8.752000000000e-01 0.000000000000e+00 0.000000000000e+00 0.000000000000e+00 -0.000000000000e+00 6.629594866273e-02 0.000000000000e+00 0.000000000000e+00 0.000000000000e+00 0.000000000000e+00 0.000000000000e+00 0.000000000000e+00 
9.465000000000e+00 1.469248975170e-02 -5.196344625405e-02 1.140585573453e-03 1.364465791965e+05 1.384423622596e+05 1.000000000000e+05 6.992262241433e+03 4.823985198424e+02 1.800000000000e+06 0.000000000000e+00 -8.752000000000e-01 -8.752000000000e-01 0.000000000000e+00 0.000000000000e+00 0.000000000000e+00 -0.000000000000e+00 6.627250131281e-02 0.000000000000e+00 0.000000000000e+00 0.000000000000e+00 0.000000000000e+00 0.000000000000e+00 0.000000000000e+00 
9.470000000000e+00 1.468604850661e-02 -5.027059116128e-02 1.391450231192e-03 1.358998561519e+05 1.383362011869e+05 1.000000000000e+05 6.993082075829e+03 4.825655831139e+02 1.800000000000e+06 0.000000000000e+00 -8.752000000000e-01 -8.752000000000e-01 0.000000000000e+00 0.000000000000e+00 0.000000000000e+00 -0.000000000000e+00 6.624343267834e-02 0.000000000000e+00 0.000000000000e+00 0.000000000000e+00 0.000000000000e+00 0.000000000000e+00 0.000000000000e+00 
9.475000000000e+00 1.467832405890e-02 -4.841867424033e-02 1.652166946864e-03 1.353136045697e+05 1.382087326081e+05 1.000000000000e+05 6.994058613731e+03 4.827660628783e+02 1.800000000000e+06 0.000000000000e+00 -8.752000000000e-01 -8.752000000000e-01 0.000000000000e+00 0.000000000000e+00 0.000000000000e+00 -0.000000000000e+00 6.620854076982e-02 0.000000000000e+00 0.000000000000e+00 0.000000000000e+00 0.000000000000e+00 0.000000000000e+00 0.000000000000e+00 
9.480000000000e+00 1.466926339210e-02 -4.641565907620e-02 1.923725802802e-03 1.346848829454e+05 1.380589931520e+05 1.000000000000e+05 6.995198747035e+03 4.830014102792e+02 1.800000000000e+06 0.000000000000e+00 -8.752000000000e-01 -8.752000000000e-01 0.000000000000e+00 0.000000000000e+00 0.000000000000e+00 -0.000000000000e+00 6.616759659261e-02 0.000000000000e+00 0.000000000000e+00 0.000000000000e+00 0.000000000000e+00 0.000000000000e+00 0.000000000000e+00 
9.485000000000e+00 1.465881330536e-02 -4.428511784900e-02 2.205510140643e-03 1.340135134437e+05 1.378859953001e+05 1.000000000000e+05 6.996509176434e+03 4.832730991028e+02 1.800000000000e+06 0.000000000000e+00 -8.752000000000e-01 -8.752000000000e-01 0.000000000000e+00 0.000000000000e+00 0.000000000000e+00 -0.000000000000e+00 6.612036338546e-02 0.000000000000e+00 0.000000000000e+00 0.000000000000e+00 0.000000000000e+00 0.000000000000e+00 0.000000000000e+00 
9.490000000000e+00 1.464692929934e-02 -4.206555800754e-02 2.495061636266e-03 1.333026572176e+05 1.376888726039e+05 1.000000000000e+05 6.997995303223e+03 4.835823963174e+02 1.800000000000e+06 0.000000000000e+00 -8.752000000000e-01 -8.752000000000e-01 0.000000000000e+00 0.000000000000e+00 0.000000000000e+00 -0.000000000000e+00 6.606664097781e-02 0.000000000000e+00 0.000000000000e+00 0.000000000000e+00 0.000000000000e+00 0.000000000000e+00 0.000000000000e+00 
9.495000000000e+00 1.463358449235e-02 -3.981074475808e-02 2.788233642727e-03 1.325587212621e+05 1.374670273399e+05 1.000000000000e+05 6.999660179862e+03 4.839301301729e+02 1.800000000000e+06 0.000000000000e+00 -8.752000000000e-01 -8.752000000000e-01 0.000000000000e+00 0.000000000000e+00 0.000000000000e+00 -0.000000000000e+00 6.600631928151e-02 0.000000000000e+00 0.000000000000e+00 0.000000000000e+00 0.000000000000e+00 0.000000000000e+00 0.000000000000e+00 
9.500000000000e+00 1.461877659748e-02 -3.757881437529e-02 3.079833829607e-03 1.317903803094e+05 1.372202485884e+05 1.000000000000e+05 7.001503773410e+03 4.843165065611e+02 1.800000000000e+06 0.000000000000e+00 -8.752000000000e-01 -8.752000000000e-01 0.000000000000e+00 0.000000000000e+00 0.000000000000e+00 -0.000000000000e+00 6.593939764758e-02 0.000000000000e+00 0.000000000000e+00 0.000000000000e+00 0.000000000000e+00 0.000000000000e+00 0.000000000000e+00 
9.505000000000e+00 1.460253032505e-02 -3.543335642256e-02 3.364109787012e-03 1.310077980821e+05 1.369487568534e+05 1.000000000000e+05 7.003522743928e+03 4.847410423847e+02 1.800000000000e+06 0.000000000000e+00 -8.752000000000e-01 -8.752000000000e-01 0.000000000000e+00 0.000000000000e+00 0.000000000000e+00 -0.000000000000e+00 6.586598462075e-02 0.000000000000e+00 0.000000000000e+00 0.000000000000e+00 0.000000000000e+00 0.000000000000e+00 0.000000000000e+00 
9.510000000000e+00 1.458490070589e-02 -3.343250347461e-02 3.634916566120e-03 1.302224252915e+05 1.366532664820e+05 1.000000000000e+05 7.005710045297e+03 4.852024728234e+02 1.800000000000e+06 0.000000000000e+00 -8.752000000000e-01 -8.752000000000e-01 0.000000000000e+00 0.000000000000e+00 0.000000000000e+00 -0.000000000000e+00 6.578632668468e-02 0.000000000000e+00 0.000000000000e+00 0.000000000000e+00 0.000000000000e+00 0.000000000000e+00 0.000000000000e+00 
9.515000000000e+00 1.456597196695e-02 -3.162845496489e-02 3.886725662451e-03 1.294452296164e+05 1.363349760136e+05 1.000000000000e+05 7.008055210373e+03 4.856987729286e+02 1.800000000000e+06 0.000000000000e+00 -8.752000000000e-01 -8.752000000000e-01 0.000000000000e+00 0.000000000000e+00 0.000000000000e+00 -0.000000000000e+00 6.570080733812e-02 0.000000000000e+00 0.000000000000e+00 0.000000000000e+00 0.000000000000e+00 0.000000000000e+00 0.000000000000e+00 
9.520000000000e+00 1.454585445525e-02 -3.006288681745e-02 4.114468204054e-03 1.286869401843e+05 1.359955269499e+05 1.000000000000e+05 7.010544657939e+03 4.862272293657e+02 1.800000000000e+06 0.000000000000e+00 -8.752000000000e-01 -8.752000000000e-01 0.000000000000e+00 0.000000000000e+00 0.000000000000e+00 -0.000000000000e+00 6.560993568032e-02 0.000000000000e+00 0.000000000000e+00 0.000000000000e+00 0.000000000000e+00 0.000000000000e+00 0.000000000000e+00 
9.525000000000e+00 1.452468074740e-02 -2.876084008943e-02 4.314091094026e-03 1.279570065297e+05 1.356369490814e+05 1.000000000000e+05 7.013162228597e+03 4.867845333288e+02 1.800000000000e+06 0.000000000000e+00 -8.752000000000e-01 -8.752000000000e-01 0.000000000000e+00 0.000000000000e+00 0.000000000000e+00 -0.000000000000e+00 6.551431078932e-02 0.000000000000e+00 0.000000000000e+00 0.000000000000e+00 0.000000000000e+00 0.000000000000e+00 0.000000000000e+00 
9.530000000000e+00 1.450259982917e-02 -2.773863248932e-02 4.482936105376e-03 1.272628191257e+05 1.352615725072e+05 1.000000000000e+05 7.015889927495e+03 4.873669248151e+02 1.800000000000e+06 0.000000000000e+00 -8.752000000000e-01 -8.752000000000e-01 0.000000000000e+00 0.000000000000e+00 0.000000000000e+00 -0.000000000000e+00 6.541460471611e-02 0.000000000000e+00 0.000000000000e+00 0.000000000000e+00 0.000000000000e+00 0.000000000000e+00 0.000000000000e+00 
9.535000000000e+00 1.447977250495e-02 -2.699195844178e-02 4.618953489565e-03 1.266110176429e+05 1.348719589103e+05 1.000000000000e+05 7.018708310170e+03 4.879703058925e+02 1.800000000000e+06 0.000000000000e+00 -8.752000000000e-01 -8.752000000000e-01 0.000000000000e+00 0.000000000000e+00 0.000000000000e+00 -0.000000000000e+00 6.531154258925e-02 0.000000000000e+00 0.000000000000e+00 0.000000000000e+00 0.000000000000e+00 0.000000000000e+00 0.000000000000e+00 
9.540000000000e+00 1.445636563358e-02 -2.651052391216e-02 4.721320443093e-03 1.260062711650e+05 1.344708108400e+05 1.000000000000e+05 7.021597276607e+03 4.885903866778e+02 1.800000000000e+06 0.000000000000e+00 -8.752000000000e-01 -8.752000000000e-01 0.000000000000e+00 0.000000000000e+00 0.000000000000e+00 -0.000000000000e+00 6.520587728635e-02 0.000000000000e+00 0.000000000000e+00 0.000000000000e+00 0.000000000000e+00 0.000000000000e+00 0.000000000000e+00 
9.545000000000e+00 1.443254642733e-02 -2.627409782724e-02 4.790475063798e-03 1.254510866497e+05 1.340608792957e+05 1.000000000000e+05 7.024536761385e+03 4.892228320108e+02 1.800000000000e+06 0.000000000000e+00 -8.752000000000e-01 -8.752000000000e-01 0.000000000000e+00 0.000000000000e+00 0.000000000000e+00 -0.000000000000e+00 6.509836283580e-02 0.000000000000e+00 0.000000000000e+00 0.000000000000e+00 0.000000000000e+00 0.000000000000e+00 0.000000000000e+00 
9.550000000000e+00 1.440847771749e-02 -2.625937072869e-02 4.827594237477e-03 1.249466293507e+05 1.336448849365e+05 1.000000000000e+05 7.027507213275e+03 4.898633850153e+02 1.800000000000e+06 0.000000000000e+00 -8.752000000000e-01 -8.752000000000e-01 0.000000000000e+00 0.000000000000e+00 0.000000000000e+00 -0.000000000000e+00 6.498973309956e-02 0.000000000000e+00 0.000000000000e+00 0.000000000000e+00 0.000000000000e+00 0.000000000000e+00 0.000000000000e+00 
9.555000000000e+00 1.438431409579e-02 -2.643838413990e-02 4.834628643871e-03 1.244925626839e+05 1.332254516310e+05 1.000000000000e+05 7.030490078979e+03 4.905079697098e+02 1.800000000000e+06 0.000000000000e+00 -8.752000000000e-01 -8.752000000000e-01 0.000000000000e+00 0.000000000000e+00 0.000000000000e+00 -0.000000000000e+00 6.488068474626e-02 0.000000000000e+00 0.000000000000e+00 0.000000000000e+00 0.000000000000e+00 0.000000000000e+00 0.000000000000e+00 
9.560000000000e+00 1.436019869319e-02 -2.678091416425e-02 4.814053968302e-03 1.240874105177e+05 1.328050485863e+05 1.000000000000e+05 7.033468164255e+03 4.911527786986e+02 1.800000000000e+06 0.000000000000e+00 -8.752000000000e-01 -8.752000000000e-01 0.000000000000e+00 0.000000000000e+00 0.000000000000e+00 -0.000000000000e+00 6.477186292750e-02 0.000000000000e+00 0.000000000000e+00 0.000000000000e+00 0.000000000000e+00 0.000000000000e+00 0.000000000000e+00 
9.565000000000e+00 1.433626125922e-02 -2.725545656096e-02 4.768690349784e-03 1.237288255414e+05 1.323859530838e+05 1.000000000000e+05 7.036425853370e+03 4.917943278110e+02 1.800000000000e+06 0.000000000000e+00 -8.752000000000e-01 -8.752000000000e-01 0.000000000000e+00 0.000000000000e+00 0.000000000000e+00 -0.000000000000e+00 6.466385220676e-02 0.000000000000e+00 0.000000000000e+00 0.000000000000e+00 0.000000000000e+00 0.000000000000e+00 0.000000000000e+00 
9.570000000000e+00 1.431261672709e-02 -2.783309931020e-02 4.701552542172e-03 1.234138162326e+05 1.319702202858e+05 1.000000000000e+05 7.039349278406e+03 4.924294989041e+02 1.800000000000e+06 0.000000000000e+00 -8.752000000000e-01 -8.752000000000e-01 0.000000000000e+00 0.000000000000e+00 0.000000000000e+00 -0.000000000000e+00 6.455716972917e-02 0.000000000000e+00 0.000000000000e+00 0.000000000000e+00 0.000000000000e+00 0.000000000000e+00 0.000000000000e+00 
9.575000000000e+00 1.428936463256e-02 -2.848755520609e-02 4.615826998902e-03 1.231387633970e+05 1.315596670504e+05 1.000000000000e+05 7.042226409069e+03 4.930555605467e+02 1.800000000000e+06 0.000000000000e+00 -8.752000000000e-01 -8.752000000000e-01 0.000000000000e+00 0.000000000000e+00 0.000000000000e+00 -0.000000000000e+00 6.445226382879e-02 0.000000000000e+00 0.000000000000e+00 0.000000000000e+00 0.000000000000e+00 0.000000000000e+00 0.000000000000e+00 
9.580000000000e+00 1.426658839868e-02 -2.919858652370e-02 4.514628937645e-03 1.228998389089e+05 1.311558528313e+05 1.000000000000e+05 7.045047119538e+03 4.936701927498e+02 1.800000000000e+06 0.000000000000e+00 -8.752000000000e-01 -8.752000000000e-01 0.000000000000e+00 0.000000000000e+00 0.000000000000e+00 -0.000000000000e+00 6.434951070452e-02 0.000000000000e+00 0.000000000000e+00 0.000000000000e+00 0.000000000000e+00 0.000000000000e+00 0.000000000000e+00 
9.585000000000e+00 1.424435659487e-02 -2.994550782858e-02 4.400911403848e-03 1.226931907410e+05 1.307600953789e+05 1.000000000000e+05 7.047803037515e+03 4.942714585598e+02 1.800000000000e+06 0.000000000000e+00 -8.752000000000e-01 -8.752000000000e-01 0.000000000000e+00 0.000000000000e+00 0.000000000000e+00 -0.000000000000e+00 6.424921882417e-02 0.000000000000e+00 0.000000000000e+00 0.000000000000e+00 0.000000000000e+00 0.000000000000e+00 0.000000000000e+00 
9.590000000000e+00 1.422272337338e-02 -3.071157219822e-02 4.277433129501e-03 1.225150088466e+05 1.303734722890e+05 1.000000000000e+05 7.050487504936e+03 4.948577974693e+02 1.800000000000e+06 0.000000000000e+00 -8.752000000000e-01 -8.752000000000e-01 0.000000000000e+00 0.000000000000e+00 0.000000000000e+00 -0.000000000000e+00 6.415163174334e-02 0.000000000000e+00 0.000000000000e+00 0.000000000000e+00 0.000000000000e+00 0.000000000000e+00 0.000000000000e+00 
9.595000000000e+00 1.420172974423e-02 -3.148118121312e-02 4.146794073748e-03 1.223614843106e+05 1.299968379500e+05 1.000000000000e+05 7.053095444793e+03 4.954279957352e+02 1.800000000000e+06 0.000000000000e+00 -8.752000000000e-01 -8.752000000000e-01 0.000000000000e+00 0.000000000000e+00 0.000000000000e+00 -0.000000000000e+00 6.405693384296e-02 0.000000000000e+00 0.000000000000e+00 0.000000000000e+00 0.000000000000e+00 0.000000000000e+00 0.000000000000e+00 
9.600000000000e+00 1.418140435525e-02 -3.224217168572e-02 4.011331545270e-03 1.222290168704e+05 1.296308323051e+05 1.000000000000e+05 7.055623261238e+03 4.959811695454e+02 1.800000000000e+06 0.000000000000e+00 -8.752000000000e-01 -8.752000000000e-01 0.000000000000e+00 0.000000000000e+00 0.000000000000e+00 -0.000000000000e+00 6.396525379153e-02 0.000000000000e+00 0.000000000000e+00 0.000000000000e+00 0.000000000000e+00 0.000000000000e+00 0.000000000000e+00 
9.605000000000e+00 1.416176517252e-02 -3.298670975905e-02 3.873055906514e-03 1.221143695565e+05 1.292759064917e+05 1.000000000000e+05 7.058068631470e+03 4.965167231134e+02 1.800000000000e+06 0.000000000000e+00 -8.752000000000e-01 -8.752000000000e-01 0.000000000000e+00 0.000000000000e+00 0.000000000000e+00 -0.000000000000e+00 6.387667207912e-02 0.000000000000e+00 0.000000000000e+00 0.000000000000e+00 0.000000000000e+00 0.000000000000e+00 0.000000000000e+00 
9.610000000000e+00 1.414282077016e-02 -3.370705706611e-02 3.733786069845e-03 1.220144479288e+05 1.289323423212e+05 1.000000000000e+05 7.060430381322e+03 4.970343166687e+02 1.800000000000e+06 0.000000000000e+00 -8.752000000000e-01 -8.752000000000e-01 0.000000000000e+00 0.000000000000e+00 0.000000000000e+00 -0.000000000000e+00 6.379122676054e-02 0.000000000000e+00 0.000000000000e+00 0.000000000000e+00 0.000000000000e+00 0.000000000000e+00 0.000000000000e+00 
9.615000000000e+00 1.412457120621e-02 -3.439821472690e-02 3.595128343272e-03 1.219263596172e+05 1.286002649749e+05 1.000000000000e+05 7.062708381086e+03 4.975338451467e+02 1.800000000000e+06 0.000000000000e+00 -8.752000000000e-01 -8.752000000000e-01 0.000000000000e+00 0.000000000000e+00 0.000000000000e+00 -0.000000000000e+00 6.370891753623e-02 0.000000000000e+00 0.000000000000e+00 0.000000000000e+00 0.000000000000e+00 0.000000000000e+00 0.000000000000e+00 
9.620000000000e+00 1.410700953398e-02 -3.505607500921e-02 3.458337805505e-03 1.218477050737e+05 1.282796679002e+05 1.000000000000e+05 7.064903336585e+03 4.980153989538e+02 1.800000000000e+06 0.000000000000e+00 -8.752000000000e-01 -8.752000000000e-01 0.000000000000e+00 0.000000000000e+00 0.000000000000e+00 -0.000000000000e+00 6.362971237599e-02 0.000000000000e+00 0.000000000000e+00 0.000000000000e+00 0.000000000000e+00 0.000000000000e+00 0.000000000000e+00 
9.625000000000e+00 1.409012309682e-02 -3.567753460539e-02 3.324528445178e-03 1.217762173644e+05 1.279704345030e+05 1.000000000000e+05 7.067016671169e+03 4.984792300455e+02 1.800000000000e+06 0.000000000000e+00 -8.752000000000e-01 -8.752000000000e-01 0.000000000000e+00 0.000000000000e+00 0.000000000000e+00 -0.000000000000e+00 6.355355346648e-02 0.000000000000e+00 0.000000000000e+00 0.000000000000e+00 0.000000000000e+00 0.000000000000e+00 0.000000000000e+00 
9.630000000000e+00 1.407389416384e-02 -3.626224608519e-02 3.194605968239e-03 1.217099027374e+05 1.276723483522e+05 1.000000000000e+05 7.069050436787e+03 4.989257356260e+02 1.800000000000e+06 0.000000000000e+00 -8.752000000000e-01 -8.752000000000e-01 0.000000000000e+00 0.000000000000e+00 0.000000000000e+00 -0.000000000000e+00 6.348036056122e-02 0.000000000000e+00 0.000000000000e+00 0.000000000000e+00 0.000000000000e+00 0.000000000000e+00 0.000000000000e+00 
9.635000000000e+00 1.405830112078e-02 -3.680964061829e-02 3.069281139079e-03 1.216470424138e+05 1.273851139960e+05 1.000000000000e+05 7.071007168518e+03 4.993554262313e+02 1.800000000000e+06 0.000000000000e+00 -8.752000000000e-01 -8.752000000000e-01 0.000000000000e+00 0.000000000000e+00 0.000000000000e+00 -0.000000000000e+00 6.341003607908e-02 0.000000000000e+00 0.000000000000e+00 0.000000000000e+00 0.000000000000e+00 0.000000000000e+00 0.000000000000e+00 
9.640000000000e+00 1.404331928129e-02 -3.731934598641e-02 2.949105842246e-03 1.215861442280e+05 1.271083712653e+05 1.000000000000e+05 7.072889790094e+03 4.997689038765e+02 1.800000000000e+06 0.000000000000e+00 -8.752000000000e-01 -8.752000000000e-01 0.000000000000e+00 0.000000000000e+00 0.000000000000e+00 -0.000000000000e+00 6.334246865565e-02 0.000000000000e+00 0.000000000000e+00 0.000000000000e+00 0.000000000000e+00 0.000000000000e+00 0.000000000000e+00 
9.645000000000e+00 1.402892175630e-02 -3.779153038997e-02 2.834467306979e-03 1.215259730156e+05 1.268417109960e+05 1.000000000000e+05 7.074701502956e+03 5.001668383176e+02 1.800000000000e+06 0.000000000000e+00 -8.752000000000e-01 -8.752000000000e-01 0.000000000000e+00 0.000000000000e+00 0.000000000000e+00 -0.000000000000e+00 6.327753642130e-02 0.000000000000e+00 0.000000000000e+00 0.000000000000e+00 0.000000000000e+00 0.000000000000e+00 0.000000000000e+00 
9.650000000000e+00 1.401508005005e-02 -3.822682035790e-02 2.725666300012e-03 1.214654180119e+05 1.265846859867e+05 1.000000000000e+05 7.076445725232e+03 5.005499506243e+02 1.800000000000e+06 0.000000000000e+00 -8.752000000000e-01 -8.752000000000e-01 0.000000000000e+00 0.000000000000e+00 0.000000000000e+00 -0.000000000000e+00 6.321511003729e-02 0.000000000000e+00 0.000000000000e+00 0.000000000000e+00 0.000000000000e+00 0.000000000000e+00 0.000000000000e+00 
9.655000000000e+00 1.400176437388e-02 -3.862614170605e-02 2.622877838115e-03 1.214035743483e+05 1.263368169065e+05 1.000000000000e+05 7.078126043682e+03 5.009190044085e+02 1.800000000000e+06 0.000000000000e+00 -8.752000000000e-01 -8.752000000000e-01 0.000000000000e+00 0.000000000000e+00 0.000000000000e+00 -0.000000000000e+00 6.315505508880e-02 0.000000000000e+00 0.000000000000e+00 0.000000000000e+00 0.000000000000e+00 0.000000000000e+00 0.000000000000e+00 
9.660000000000e+00 1.398894436602e-02 -3.899081074624e-02 2.526179837697e-03 1.213397048672e+05 1.260976058904e+05 1.000000000000e+05 7.079746126388e+03 5.012747856969e+02 1.800000000000e+06 0.000000000000e+00 -8.752000000000e-01 -8.752000000000e-01 0.000000000000e+00 0.000000000000e+00 0.000000000000e+00 -0.000000000000e+00 6.309723418808e-02 0.000000000000e+00 0.000000000000e+00 0.000000000000e+00 0.000000000000e+00 0.000000000000e+00 0.000000000000e+00 
9.665000000000e+00 1.397658952204e-02 -3.932226691939e-02 2.435575122547e-03 1.212732083648e+05 1.258665449131e+05 1.000000000000e+05 7.081309670617e+03 5.016180906887e+02 1.800000000000e+06 0.000000000000e+00 -8.752000000000e-01 -8.752000000000e-01 0.000000000000e+00 0.000000000000e+00 0.000000000000e+00 -0.000000000000e+00 6.304151015490e-02 0.000000000000e+00 0.000000000000e+00 0.000000000000e+00 0.000000000000e+00 0.000000000000e+00 0.000000000000e+00 
9.670000000000e+00 1.396466951375e-02 -3.962187641571e-02 2.351005896186e-03 1.212035994923e+05 1.256431221649e+05 1.000000000000e+05 7.082820363277e+03 5.019497165442e+02 1.800000000000e+06 0.000000000000e+00 -8.752000000000e-01 -8.752000000000e-01 0.000000000000e+00 0.000000000000e+00 0.000000000000e+00 -0.000000000000e+00 6.298774672369e-02 0.000000000000e+00 0.000000000000e+00 0.000000000000e+00 0.000000000000e+00 0.000000000000e+00 0.000000000000e+00 
9.675000000000e+00 1.395315447895e-02 -3.989073726022e-02 2.272357152503e-03 1.211305087285e+05 1.254268279376e+05 1.000000000000e+05 7.084281842810e+03 5.022704529380e+02 1.800000000000e+06 0.000000000000e+00 -8.752000000000e-01 -8.752000000000e-01 0.000000000000e+00 0.000000000000e+00 0.000000000000e+00 -0.000000000000e+00 6.293581144430e-02 0.000000000000e+00 0.000000000000e+00 0.000000000000e+00 0.000000000000e+00 0.000000000000e+00 0.000000000000e+00 
9.680000000000e+00 1.394201522571e-02 -4.013040610218e-02 2.199491813290e-03 1.210536205423e+05 1.252171589383e+05 1.000000000000e+05 7.085697678082e+03 5.025810759687e+02 1.800000000000e+06 0.000000000000e+00 -8.752000000000e-01 -8.752000000000e-01 0.000000000000e+00 0.000000000000e+00 0.000000000000e+00 -0.000000000000e+00 6.288557331599e-02 0.000000000000e+00 0.000000000000e+00 0.000000000000e+00 0.000000000000e+00 0.000000000000e+00 0.000000000000e+00 
9.685000000000e+00 1.393122332274e-02 -4.034229074943e-02 2.132243799758e-03 1.209726885613e+05 1.250136204675e+05 1.000000000000e+05 7.087071353794e+03 5.028823452399e+02 1.800000000000e+06 0.000000000000e+00 -8.752000000000e-01 -8.752000000000e-01 0.000000000000e+00 0.000000000000e+00 0.000000000000e+00 -0.000000000000e+00 6.283690370428e-02 0.000000000000e+00 0.000000000000e+00 0.000000000000e+00 0.000000000000e+00 0.000000000000e+00 0.000000000000e+00 
9.690000000000e+00 1.392075121386e-02 -4.052745710527e-02 2.070433054721e-03 1.208875096215e+05 1.248157290371e+05 1.000000000000e+05 7.088406257097e+03 5.031750002809e+02 1.800000000000e+06 0.000000000000e+00 -8.752000000000e-01 -8.752000000000e-01 0.000000000000e+00 0.000000000000e+00 0.000000000000e+00 -0.000000000000e+00 6.278967797756e-02 0.000000000000e+00 0.000000000000e+00 0.000000000000e+00 0.000000000000e+00 0.000000000000e+00 0.000000000000e+00 
9.695000000000e+00 1.391057220411e-02 -4.068712202362e-02 2.013891822651e-03 1.207978737425e+05 1.246230125493e+05 1.000000000000e+05 7.089705682949e+03 5.034597605674e+02 1.800000000000e+06 0.000000000000e+00 -8.752000000000e-01 -8.752000000000e-01 0.000000000000e+00 0.000000000000e+00 0.000000000000e+00 -0.000000000000e+00 6.274377545183e-02 0.000000000000e+00 0.000000000000e+00 0.000000000000e+00 0.000000000000e+00 0.000000000000e+00 0.000000000000e+00 
9.700000000000e+00 1.390066051721e-02 -4.082217196215e-02 1.962427784938e-03 1.207036352043e+05 1.244350117879e+05 1.000000000000e+05 7.090972818245e+03 5.037373235787e+02 1.800000000000e+06 0.000000000000e+00 -8.752000000000e-01 -8.752000000000e-01 0.000000000000e+00 0.000000000000e+00 0.000000000000e+00 -0.000000000000e+00 6.269907943208e-02 0.000000000000e+00 0.000000000000e+00 0.000000000000e+00 0.000000000000e+00 0.000000000000e+00 0.000000000000e+00 
9.705000000000e+00 1.389099127164e-02 -4.093334850799e-02 1.915883626886e-03 1.206045989501e+05 1.242512803473e+05 1.000000000000e+05 7.092210755118e+03 5.040083651496e+02 1.800000000000e+06 0.000000000000e+00 -8.752000000000e-01 -8.752000000000e-01 0.000000000000e+00 0.000000000000e+00 0.000000000000e+00 -0.000000000000e+00 6.265547730809e-02 0.000000000000e+00 0.000000000000e+00 0.000000000000e+00 0.000000000000e+00 0.000000000000e+00 0.000000000000e+00 
9.710000000000e+00 1.388154034077e-02 -4.102110229413e-02 1.874101003243e-03 1.205005861692e+05 1.240713823132e+05 1.000000000000e+05 7.093422500896e+03 5.042735431104e+02 1.800000000000e+06 0.000000000000e+00 -8.752000000000e-01 -8.752000000000e-01 0.000000000000e+00 0.000000000000e+00 0.000000000000e+00 -0.000000000000e+00 6.261286023232e-02 0.000000000000e+00 0.000000000000e+00 0.000000000000e+00 0.000000000000e+00 0.000000000000e+00 0.000000000000e+00 
9.715000000000e+00 1.387228445738e-02 -4.108560935345e-02 1.836943408913e-03 1.203913926976e+05 1.238948945538e+05 1.000000000000e+05 7.094610968029e+03 5.045334941046e+02 1.800000000000e+06 0.000000000000e+00 -8.752000000000e-01 -8.752000000000e-01 0.000000000000e+00 0.000000000000e+00 0.000000000000e+00 -0.000000000000e+00 6.257112266380e-02 0.000000000000e+00 0.000000000000e+00 0.000000000000e+00 0.000000000000e+00 0.000000000000e+00 0.000000000000e+00 
9.720000000000e+00 1.386320058232e-02 -4.112701802357e-02 1.804294110511e-03 1.202767804480e+05 1.237213949396e+05 1.000000000000e+05 7.095779054404e+03 5.047888511053e+02 1.800000000000e+06 0.000000000000e+00 -8.752000000000e-01 -8.752000000000e-01 0.000000000000e+00 0.000000000000e+00 0.000000000000e+00 -0.000000000000e+00 6.253016180281e-02 0.000000000000e+00 0.000000000000e+00 0.000000000000e+00 0.000000000000e+00 0.000000000000e+00 0.000000000000e+00 
9.725000000000e+00 1.385426658712e-02 -4.114529821966e-02 1.776059366080e-03 1.201564843042e+05 1.235504755772e+05 1.000000000000e+05 7.096929555075e+03 5.050402240638e+02 1.800000000000e+06 0.000000000000e+00 -8.752000000000e-01 -8.752000000000e-01 0.000000000000e+00 0.000000000000e+00 0.000000000000e+00 -0.000000000000e+00 6.248987719017e-02 0.000000000000e+00 0.000000000000e+00 0.000000000000e+00 0.000000000000e+00 0.000000000000e+00 0.000000000000e+00 
9.730000000000e+00 1.384546058650e-02 -4.114019402636e-02 1.752160649462e-03 1.200302137411e+05 1.233817302605e+05 1.000000000000e+05 7.098065246401e+03 5.052882185073e+02 1.800000000000e+06 0.000000000000e+00 -8.752000000000e-01 -8.752000000000e-01 0.000000000000e+00 0.000000000000e+00 0.000000000000e+00 -0.000000000000e+00 6.245017014388e-02 0.000000000000e+00 0.000000000000e+00 0.000000000000e+00 0.000000000000e+00 0.000000000000e+00 0.000000000000e+00 
9.735000000000e+00 1.383676107160e-02 -4.111122141928e-02 1.732538636005e-03 1.198976475770e+05 1.232147571592e+05 1.000000000000e+05 7.099188869125e+03 5.055334316733e+02 1.800000000000e+06 0.000000000000e+00 -8.752000000000e-01 -8.752000000000e-01 0.000000000000e+00 0.000000000000e+00 0.000000000000e+00 -0.000000000000e+00 6.241094360516e-02 0.000000000000e+00 0.000000000000e+00 0.000000000000e+00 0.000000000000e+00 0.000000000000e+00 0.000000000000e+00 
9.740000000000e+00 1.382814682835e-02 -4.105819838612e-02 1.717145528175e-03 1.197584468323e+05 1.230491573785e+05 1.000000000000e+05 7.100303137058e+03 5.057764547059e+02 1.800000000000e+06 0.000000000000e+00 -8.752000000000e-01 -8.752000000000e-01 0.000000000000e+00 0.000000000000e+00 0.000000000000e+00 -0.000000000000e+00 6.237210148117e-02 0.000000000000e+00 0.000000000000e+00 0.000000000000e+00 0.000000000000e+00 0.000000000000e+00 0.000000000000e+00 
9.745000000000e+00 1.381959680038e-02 -4.098062246490e-02 1.705960566445e-03 1.196122220943e+05 1.228845324218e+05 1.000000000000e+05 7.101410757556e+03 5.060178764396e+02 1.800000000000e+06 0.000000000000e+00 -8.752000000000e-01 -8.752000000000e-01 0.000000000000e+00 0.000000000000e+00 0.000000000000e+00 -0.000000000000e+00 6.233354847751e-02 0.000000000000e+00 0.000000000000e+00 0.000000000000e+00 0.000000000000e+00 0.000000000000e+00 0.000000000000e+00 
9.750000000000e+00 1.381109013759e-02 -4.087783510958e-02 1.698944246797e-03 1.194586220093e+05 1.227204851923e+05 1.000000000000e+05 7.102514416097e+03 5.062582819726e+02 1.800000000000e+06 0.000000000000e+00 -8.752000000000e-01 -8.752000000000e-01 0.000000000000e+00 0.000000000000e+00 0.000000000000e+00 -0.000000000000e+00 6.229518997555e-02 0.000000000000e+00 0.000000000000e+00 0.000000000000e+00 0.000000000000e+00 0.000000000000e+00 0.000000000000e+00 
9.755000000000e+00 1.380260601081e-02 -4.074959053053e-02 1.696117302883e-03 1.192971778969e+05 1.225566164695e+05 1.000000000000e+05 7.103616815582e+03 5.064982578608e+02 1.800000000000e+06 0.000000000000e+00 -8.752000000000e-01 -8.752000000000e-01 0.000000000000e+00 0.000000000000e+00 0.000000000000e+00 -0.000000000000e+00 6.225693161979e-02 0.000000000000e+00 0.000000000000e+00 0.000000000000e+00 0.000000000000e+00 0.000000000000e+00 0.000000000000e+00 
9.760000000000e+00 1.379412350536e-02 -4.059541186054e-02 1.697469899644e-03 1.191274756164e+05 1.223925228622e+05 1.000000000000e+05 7.104720672458e+03 5.067383951180e+02 1.800000000000e+06 0.000000000000e+00 -8.752000000000e-01 -8.752000000000e-01 0.000000000000e+00 0.000000000000e+00 0.000000000000e+00 -0.000000000000e+00 6.221867903037e-02 0.000000000000e+00 0.000000000000e+00 0.000000000000e+00 0.000000000000e+00 0.000000000000e+00 0.000000000000e+00 
9.765000000000e+00 1.378562174653e-02 -4.041488555943e-02 1.702996752342e-03 1.189490905038e+05 1.222277992255e+05 1.000000000000e+05 7.105828707271e+03 5.069792856705e+02 1.800000000000e+06 0.000000000000e+00 -8.752000000000e-01 -8.752000000000e-01 0.000000000000e+00 0.000000000000e+00 0.000000000000e+00 -0.000000000000e+00 6.218033800953e-02 0.000000000000e+00 0.000000000000e+00 0.000000000000e+00 0.000000000000e+00 0.000000000000e+00 0.000000000000e+00 
9.770000000000e+00 1.377707988861e-02 -4.020780862939e-02 1.712690917156e-03 1.187615988840e+05 1.220620384337e+05 1.000000000000e+05 7.106943644930e+03 5.072215226764e+02 1.800000000000e+06 0.000000000000e+00 -8.752000000000e-01 -8.752000000000e-01 0.000000000000e+00 0.000000000000e+00 0.000000000000e+00 -0.000000000000e+00 6.214181441854e-02 0.000000000000e+00 0.000000000000e+00 0.000000000000e+00 0.000000000000e+00 0.000000000000e+00 0.000000000000e+00 
9.775000000000e+00 1.376847712416e-02 -3.997428679325e-02 1.726545955475e-03 1.185645738792e+05 1.218948315298e+05 1.000000000000e+05 7.108068214030e+03 5.074657002855e+02 1.800000000000e+06 0.000000000000e+00 -8.752000000000e-01 -8.752000000000e-01 0.000000000000e+00 0.000000000000e+00 0.000000000000e+00 -0.000000000000e+00 6.210301429995e-02 0.000000000000e+00 0.000000000000e+00 0.000000000000e+00 0.000000000000e+00 0.000000000000e+00 0.000000000000e+00 
9.780000000000e+00 1.375979278442e-02 -3.971466170334e-02 1.744516669941e-03 1.183576629745e+05 1.217257696372e+05 1.000000000000e+05 7.109205126197e+03 5.077124108182e+02 1.800000000000e+06 0.000000000000e+00 -8.752000000000e-01 -8.752000000000e-01 0.000000000000e+00 0.000000000000e+00 0.000000000000e+00 -0.000000000000e+00 6.206384433647e-02 0.000000000000e+00 0.000000000000e+00 0.000000000000e+00 0.000000000000e+00 0.000000000000e+00 0.000000000000e+00 
9.785000000000e+00 1.375100639366e-02 -3.942893111272e-02 1.766566774910e-03 1.181404971037e+05 1.215544449741e+05 1.000000000000e+05 7.110357078455e+03 5.079622432542e+02 1.800000000000e+06 0.000000000000e+00 -8.752000000000e-01 -8.752000000000e-01 0.000000000000e+00 0.000000000000e+00 0.000000000000e+00 -0.000000000000e+00 6.202421213748e-02 0.000000000000e+00 0.000000000000e+00 0.000000000000e+00 0.000000000000e+00 0.000000000000e+00 0.000000000000e+00 
9.790000000000e+00 1.374209773548e-02 -3.911716635177e-02 1.792634857079e-03 1.179127575102e+05 1.213804520982e+05 1.000000000000e+05 7.111526738055e+03 5.082157813838e+02 1.800000000000e+06 0.000000000000e+00 -8.752000000000e-01 -8.752000000000e-01 0.000000000000e+00 0.000000000000e+00 0.000000000000e+00 -0.000000000000e+00 6.198402652116e-02 0.000000000000e+00 0.000000000000e+00 0.000000000000e+00 0.000000000000e+00 0.000000000000e+00 0.000000000000e+00 
9.795000000000e+00 1.373304690046e-02 -3.878002675583e-02 1.822657542710e-03 1.176741318590e+05 1.212033887841e+05 1.000000000000e+05 7.112716740946e+03 5.084736024905e+02 1.800000000000e+06 0.000000000000e+00 -8.752000000000e-01 -8.752000000000e-01 0.000000000000e+00 0.000000000000e+00 0.000000000000e+00 -0.000000000000e+00 6.194319767907e-02 0.000000000000e+00 0.000000000000e+00 0.000000000000e+00 0.000000000000e+00 0.000000000000e+00 0.000000000000e+00 
9.800000000000e+00 1.372383442453e-02 -3.841837187575e-02 1.856526154302e-03 1.174244008201e+05 1.210228586741e+05 1.000000000000e+05 7.113929665341e+03 5.087362734535e+02 1.800000000000e+06 0.000000000000e+00 -8.752000000000e-01 -8.752000000000e-01 0.000000000000e+00 0.000000000000e+00 0.000000000000e+00 -0.000000000000e+00 6.190163777329e-02 0.000000000000e+00 0.000000000000e+00 0.000000000000e+00 0.000000000000e+00 0.000000000000e+00 0.000000000000e+00 
9.805000000000e+00 1.371444138943e-02 -3.803245639644e-02 1.894129002540e-03 1.171633582908e+05 1.208384732030e+05 1.000000000000e+05 7.115168026976e+03 5.090043479132e+02 1.800000000000e+06 0.000000000000e+00 -8.752000000000e-01 -8.752000000000e-01 0.000000000000e+00 0.000000000000e+00 0.000000000000e+00 -0.000000000000e+00 6.185926142960e-02 0.000000000000e+00 0.000000000000e+00 0.000000000000e+00 0.000000000000e+00 0.000000000000e+00 0.000000000000e+00 
9.810000000000e+00 1.370484958388e-02 -3.762337390204e-02 1.935315322342e-03 1.168908845635e+05 1.206498547245e+05 1.000000000000e+05 7.116434250999e+03 5.092783616997e+02 1.800000000000e+06 0.000000000000e+00 -8.752000000000e-01 -8.752000000000e-01 0.000000000000e+00 0.000000000000e+00 0.000000000000e+00 -0.000000000000e+00 6.181598655570e-02 0.000000000000e+00 0.000000000000e+00 0.000000000000e+00 0.000000000000e+00 0.000000000000e+00 0.000000000000e+00 
9.815000000000e+00 1.369504159907e-02 -3.719231069780e-02 1.979921550385e-03 1.166068974606e+05 1.204566383717e+05 1.000000000000e+05 7.117730664638e+03 5.095588301140e+02 1.800000000000e+06 0.000000000000e+00 -8.752000000000e-01 -8.752000000000e-01 0.000000000000e+00 0.000000000000e+00 0.000000000000e+00 -0.000000000000e+00 6.177173549404e-02 0.000000000000e+00 0.000000000000e+00 0.000000000000e+00 0.000000000000e+00 0.000000000000e+00 0.000000000000e+00 
9.820000000000e+00 1.368500084432e-02 -3.674077852083e-02 2.027776917945e-03 1.163113418510e+05 1.202584723543e+05 1.000000000000e+05 7.119059496245e+03 5.098462474859e+02 1.800000000000e+06 0.000000000000e+00 -8.752000000000e-01 -8.752000000000e-01 0.000000000000e+00 0.000000000000e+00 0.000000000000e+00 -0.000000000000e+00 6.172643399785e-02 0.000000000000e+00 0.000000000000e+00 0.000000000000e+00 0.000000000000e+00 0.000000000000e+00 0.000000000000e+00 
9.825000000000e+00 1.367471171315e-02 -3.626996354633e-02 2.078667022808e-03 1.160042640567e+05 1.200550212355e+05 1.000000000000e+05 7.120422846266e+03 5.101410824163e+02 1.800000000000e+06 0.000000000000e+00 -8.752000000000e-01 -8.752000000000e-01 0.000000000000e+00 0.000000000000e+00 0.000000000000e+00 -0.000000000000e+00 6.168001171765e-02 0.000000000000e+00 0.000000000000e+00 0.000000000000e+00 0.000000000000e+00 0.000000000000e+00 0.000000000000e+00 
9.830000000000e+00 1.366415966264e-02 -3.578114193958e-02 2.132381791352e-03 1.156857204258e+05 1.198459675266e+05 1.000000000000e+05 7.121822686126e+03 5.104437754789e+02 1.800000000000e+06 0.000000000000e+00 -8.752000000000e-01 -8.752000000000e-01 0.000000000000e+00 0.000000000000e+00 0.000000000000e+00 -0.000000000000e+00 6.163240312969e-02 0.000000000000e+00 0.000000000000e+00 0.000000000000e+00 0.000000000000e+00 0.000000000000e+00 0.000000000000e+00 
9.835000000000e+00 1.365333126239e-02 -3.527605620366e-02 2.188686161895e-03 1.153558356599e+05 1.196310127018e+05 1.000000000000e+05 7.123260845804e+03 5.107547377741e+02 1.800000000000e+06 0.000000000000e+00 -8.752000000000e-01 -8.752000000000e-01 0.000000000000e+00 0.000000000000e+00 0.000000000000e+00 -0.000000000000e+00 6.158354772435e-02 0.000000000000e+00 0.000000000000e+00 0.000000000000e+00 0.000000000000e+00 0.000000000000e+00 0.000000000000e+00 
9.840000000000e+00 1.364221432036e-02 -3.475645137857e-02 2.247324018842e-03 1.150147981420e+05 1.194098797615e+05 1.000000000000e+05 7.124738997761e+03 5.110743472592e+02 1.800000000000e+06 0.000000000000e+00 -8.752000000000e-01 -8.752000000000e-01 0.000000000000e+00 0.000000000000e+00 0.000000000000e+00 -0.000000000000e+00 6.153339056291e-02 0.000000000000e+00 0.000000000000e+00 0.000000000000e+00 0.000000000000e+00 0.000000000000e+00 0.000000000000e+00 
9.845000000000e+00 1.363079795853e-02 -3.422401984490e-02 2.308031569095e-03 1.146628357919e+05 1.191823148381e+05 1.000000000000e+05 7.126258649214e+03 5.114029464865e+02 1.800000000000e+06 0.000000000000e+00 -8.752000000000e-01 -8.752000000000e-01 0.000000000000e+00 0.000000000000e+00 0.000000000000e+00 -0.000000000000e+00 6.148188263746e-02 0.000000000000e+00 0.000000000000e+00 0.000000000000e+00 0.000000000000e+00 0.000000000000e+00 0.000000000000e+00 
9.850000000000e+00 1.361907266575e-02 -3.368057267718e-02 2.370528959047e-03 1.143002339995e+05 1.189480883779e+05 1.000000000000e+05 7.127821133016e+03 5.117408409745e+02 1.800000000000e+06 0.000000000000e+00 -8.752000000000e-01 -8.752000000000e-01 0.000000000000e+00 0.000000000000e+00 0.000000000000e+00 -0.000000000000e+00 6.142898108951e-02 0.000000000000e+00 0.000000000000e+00 0.000000000000e+00 0.000000000000e+00 0.000000000000e+00 0.000000000000e+00 
9.855000000000e+00 1.360703034241e-02 -3.312796751801e-02 2.434532590079e-03 1.139273129506e+05 1.187069961920e+05 1.000000000000e+05 7.129427603615e+03 5.120882977879e+02 1.800000000000e+06 0.000000000000e+00 -8.752000000000e-01 -8.752000000000e-01 0.000000000000e+00 0.000000000000e+00 0.000000000000e+00 -0.000000000000e+00 6.137464941800e-02 0.000000000000e+00 0.000000000000e+00 0.000000000000e+00 0.000000000000e+00 0.000000000000e+00 0.000000000000e+00 
9.860000000000e+00 1.359466433771e-02 -3.256808578341e-02 2.499748548159e-03 1.135444418088e+05 1.184588603923e+05 1.000000000000e+05 7.131079030134e+03 5.124455443053e+02 1.800000000000e+06 0.000000000000e+00 -8.752000000000e-01 -8.752000000000e-01 0.000000000000e+00 0.000000000000e+00 0.000000000000e+00 -0.000000000000e+00 6.131885770814e-02 0.000000000000e+00 0.000000000000e+00 0.000000000000e+00 0.000000000000e+00 0.000000000000e+00 0.000000000000e+00 
9.865000000000e+00 1.358196949329e-02 -3.200278565909e-02 2.565875267815e-03 1.131520350171e+05 1.182035304878e+05 1.000000000000e+05 7.132776190333e+03 5.128127667766e+02 1.800000000000e+06 0.000000000000e+00 -8.752000000000e-01 -8.752000000000e-01 0.000000000000e+00 0.000000000000e+00 0.000000000000e+00 -0.000000000000e+00 6.126158305879e-02 0.000000000000e+00 0.000000000000e+00 0.000000000000e+00 0.000000000000e+00 0.000000000000e+00 0.000000000000e+00 
9.870000000000e+00 1.356894215696e-02 -3.143398543683e-02 2.632611926813e-03 1.127505367083e+05 1.179408839181e+05 1.000000000000e+05 7.134519669549e+03 5.131901097144e+02 1.800000000000e+06 0.000000000000e+00 -8.752000000000e-01 -8.752000000000e-01 0.000000000000e+00 0.000000000000e+00 0.000000000000e+00 -0.000000000000e+00 6.120280911239e-02 0.000000000000e+00 0.000000000000e+00 0.000000000000e+00 0.000000000000e+00 0.000000000000e+00 0.000000000000e+00 
9.875000000000e+00 1.355558017237e-02 -3.086359497068e-02 2.699660316990e-03 1.123404174050e+05 1.176708261304e+05 1.000000000000e+05 7.136309861461e+03 5.135776759605e+02 1.800000000000e+06 0.000000000000e+00 -8.752000000000e-01 -8.752000000000e-01 0.000000000000e+00 0.000000000000e+00 0.000000000000e+00 -0.000000000000e+00 6.114252617730e-02 0.000000000000e+00 0.000000000000e+00 0.000000000000e+00 0.000000000000e+00 0.000000000000e+00 0.000000000000e+00 
9.880000000000e+00 1.354188290617e-02 -3.029345902994e-02 2.766712721891e-03 1.119221991781e+05 1.173932914451e+05 1.000000000000e+05 7.138146960956e+03 5.139755256403e+02 1.800000000000e+06 0.000000000000e+00 -8.752000000000e-01 -8.752000000000e-01 0.000000000000e+00 0.000000000000e+00 0.000000000000e+00 -0.000000000000e+00 6.108073142776e-02 0.000000000000e+00 0.000000000000e+00 0.000000000000e+00 0.000000000000e+00 0.000000000000e+00 0.000000000000e+00 
9.885000000000e+00 1.352785121459e-02 -2.972545459823e-02 2.833477155486e-03 1.114964058109e+05 1.171082427281e+05 1.000000000000e+05 7.140030972429e+03 5.143836768496e+02 1.800000000000e+06 0.000000000000e+00 -8.752000000000e-01 -8.752000000000e-01 0.000000000000e+00 0.000000000000e+00 0.000000000000e+00 -0.000000000000e+00 6.101742875714e-02 0.000000000000e+00 0.000000000000e+00 0.000000000000e+00 0.000000000000e+00 0.000000000000e+00 0.000000000000e+00 
9.890000000000e+00 1.351348740908e-02 -2.916139060419e-02 2.899661006560e-03 1.110635950111e+05 1.168156710649e+05 1.000000000000e+05 7.141961709830e+03 5.148021063528e+02 1.800000000000e+06 0.000000000000e+00 -8.752000000000e-01 -8.752000000000e-01 0.000000000000e+00 0.000000000000e+00 0.000000000000e+00 -0.000000000000e+00 6.095262862882e-02 0.000000000000e+00 0.000000000000e+00 0.000000000000e+00 0.000000000000e+00 0.000000000000e+00 0.000000000000e+00 
9.895000000000e+00 1.349879524670e-02 -2.860304109526e-02 2.964980274356e-03 1.106243406148e+05 1.165155959600e+05 1.000000000000e+05 7.143938798469e+03 5.152307495448e+02 1.800000000000e+06 0.000000000000e+00 -8.752000000000e-01 -8.752000000000e-01 0.000000000000e+00 0.000000000000e+00 0.000000000000e+00 -0.000000000000e+00 6.088634802332e-02 0.000000000000e+00 0.000000000000e+00 0.000000000000e+00 0.000000000000e+00 0.000000000000e+00 0.000000000000e+00 
9.900000000000e+00 1.348377985018e-02 -2.805202308139e-02 3.029167916112e-03 1.101792149130e+05 1.162080641241e+05 1.000000000000e+05 7.145961685963e+03 5.156695024445e+02 1.800000000000e+06 0.000000000000e+00 -8.752000000000e-01 -8.752000000000e-01 0.000000000000e+00 0.000000000000e+00 0.000000000000e+00 -0.000000000000e+00 6.081861010334e-02 0.000000000000e+00 0.000000000000e+00 0.000000000000e+00 0.000000000000e+00 0.000000000000e+00 0.000000000000e+00 
9.905000000000e+00 1.346844768862e-02 -2.750984648825e-02 3.091954552873e-03 1.097288271851e+05 1.158931495094e+05 1.000000000000e+05 7.148029639529e+03 5.161182219142e+02 1.800000000000e+06 0.000000000000e+00 -8.752000000000e-01 -8.752000000000e-01 0.000000000000e+00 0.000000000000e+00 0.000000000000e+00 -0.000000000000e+00 6.074944407633e-02 0.000000000000e+00 0.000000000000e+00 0.000000000000e+00 0.000000000000e+00 0.000000000000e+00 0.000000000000e+00 
9.910000000000e+00 1.345280650604e-02 -2.697809454440e-02 3.153092255451e-03 1.092737754812e+05 1.155709522923e+05 1.000000000000e+05 7.150141758840e+03 5.165767273897e+02 1.800000000000e+06 0.000000000000e+00 -8.752000000000e-01 -8.752000000000e-01 0.000000000000e+00 0.000000000000e+00 0.000000000000e+00 -0.000000000000e+00 6.067888491477e-02 0.000000000000e+00 0.000000000000e+00 0.000000000000e+00 0.000000000000e+00 0.000000000000e+00 0.000000000000e+00 
9.915000000000e+00 1.343686527000e-02 -2.645817823055e-02 3.212338180096e-03 1.088146786432e+05 1.152415982722e+05 1.000000000000e+05 7.152296978140e+03 5.170448020228e+02 1.800000000000e+06 0.000000000000e+00 -8.752000000000e-01 -8.752000000000e-01 0.000000000000e+00 0.000000000000e+00 0.000000000000e+00 -0.000000000000e+00 6.060697309164e-02 0.000000000000e+00 0.000000000000e+00 0.000000000000e+00 0.000000000000e+00 0.000000000000e+00 0.000000000000e+00 
9.920000000000e+00 1.342063410852e-02 -2.595137481405e-02 3.269469613298e-03 1.083521454442e+05 1.149052380352e+05 1.000000000000e+05 7.154494076232e+03 5.175221941615e+02 1.800000000000e+06 0.000000000000e+00 -8.752000000000e-01 -8.752000000000e-01 0.000000000000e+00 0.000000000000e+00 0.000000000000e+00 -0.000000000000e+00 6.053375432516e-02 0.000000000000e+00 0.000000000000e+00 0.000000000000e+00 0.000000000000e+00 0.000000000000e+00 0.000000000000e+00 
9.925000000000e+00 1.340412422832e-02 -2.545897407503e-02 3.324275468369e-03 1.078867902523e+05 1.145620457278e+05 1.000000000000e+05 7.156731684258e+03 5.180086193839e+02 1.800000000000e+06 0.000000000000e+00 -8.752000000000e-01 -8.752000000000e-01 0.000000000000e+00 0.000000000000e+00 0.000000000000e+00 -0.000000000000e+00 6.045927924100e-02 0.000000000000e+00 0.000000000000e+00 0.000000000000e+00 0.000000000000e+00 0.000000000000e+00 0.000000000000e+00 
9.930000000000e+00 1.338734782342e-02 -2.498212958142e-02 3.376564196475e-03 1.074192156014e+05 1.142122176195e+05 1.000000000000e+05 7.159008298141e+03 5.185037628258e+02 1.800000000000e+06 0.000000000000e+00 -8.752000000000e-01 -8.752000000000e-01 0.000000000000e+00 0.000000000000e+00 0.000000000000e+00 -0.000000000000e+00 6.038360281539e-02 0.000000000000e+00 0.000000000000e+00 0.000000000000e+00 0.000000000000e+00 0.000000000000e+00 0.000000000000e+00 
9.935000000000e+00 1.337031799134e-02 -2.452190280054e-02 3.426164856785e-03 1.069500084808e+05 1.138559708060e+05 1.000000000000e+05 7.161322288690e+03 5.190072812996e+02 1.800000000000e+06 0.000000000000e+00 -8.752000000000e-01 -8.752000000000e-01 0.000000000000e+00 0.000000000000e+00 0.000000000000e+00 -0.000000000000e+00 6.030678433782e-02 0.000000000000e+00 0.000000000000e+00 0.000000000000e+00 0.000000000000e+00 0.000000000000e+00 0.000000000000e+00 
9.940000000000e+00 1.335304868066e-02 -2.407925546098e-02 3.472912417571e-03 1.064797690690e+05 1.134935425538e+05 1.000000000000e+05 7.163671904321e+03 5.195188044981e+02 1.800000000000e+06 0.000000000000e+00 -8.752000000000e-01 -8.752000000000e-01 0.000000000000e+00 0.000000000000e+00 0.000000000000e+00 -0.000000000000e+00 6.022888684294e-02 0.000000000000e+00 0.000000000000e+00 0.000000000000e+00 0.000000000000e+00 0.000000000000e+00 0.000000000000e+00 
9.945000000000e+00 1.333555459226e-02 -2.365500440111e-02 3.516662986885e-03 1.060090781926e+05 1.131251886605e+05 1.000000000000e+05 7.166055286162e+03 5.200379375816e+02 1.800000000000e+06 0.000000000000e+00 -8.752000000000e-01 -8.752000000000e-01 0.000000000000e+00 0.000000000000e+00 0.000000000000e+00 -0.000000000000e+00 6.014997662372e-02 0.000000000000e+00 0.000000000000e+00 0.000000000000e+00 0.000000000000e+00 0.000000000000e+00 0.000000000000e+00 
9.950000000000e+00 1.331785109199e-02 -2.324985307946e-02 3.557290431643e-03 1.055385023420e+05 1.127511820236e+05 1.000000000000e+05 7.168470477960e+03 5.205642634528e+02 1.800000000000e+06 0.000000000000e+00 -8.752000000000e-01 -8.752000000000e-01 0.000000000000e+00 0.000000000000e+00 0.000000000000e+00 -0.000000000000e+00 6.007012295681e-02 0.000000000000e+00 0.000000000000e+00 0.000000000000e+00 0.000000000000e+00 0.000000000000e+00 0.000000000000e+00 
9.955000000000e+00 1.329995411778e-02 -2.286446891399e-02 3.594687871756e-03 1.050685886731e+05 1.123718110632e+05 1.000000000000e+05 7.170915437838e+03 5.210973452201e+02 1.800000000000e+06 0.000000000000e+00 -8.752000000000e-01 -8.752000000000e-01 0.000000000000e+00 0.000000000000e+00 0.000000000000e+00 -0.000000000000e+00 5.998939769906e-02 0.000000000000e+00 0.000000000000e+00 0.000000000000e+00 0.000000000000e+00 0.000000000000e+00 0.000000000000e+00 
9.960000000000e+00 1.328188010722e-02 -2.249939359612e-02 3.628762486746e-03 1.045998739664e+05 1.119873785453e+05 1.000000000000e+05 7.173388046004e+03 5.216367280794e+02 1.800000000000e+06 0.000000000000e+00 -8.752000000000e-01 -8.752000000000e-01 0.000000000000e+00 0.000000000000e+00 0.000000000000e+00 -0.000000000000e+00 5.990787495554e-02 0.000000000000e+00 0.000000000000e+00 0.000000000000e+00 0.000000000000e+00 0.000000000000e+00 0.000000000000e+00 
9.965000000000e+00 1.326364585044e-02 -2.215521919889e-02 3.659452617147e-03 1.041328465124e+05 1.115981987776e+05 1.000000000000e+05 7.175886127354e+03 5.221819434558e+02 1.800000000000e+06 0.000000000000e+00 -8.752000000000e-01 -8.752000000000e-01 0.000000000000e+00 0.000000000000e+00 0.000000000000e+00 -0.000000000000e+00 5.982563042932e-02 0.000000000000e+00 0.000000000000e+00 0.000000000000e+00 0.000000000000e+00 0.000000000000e+00 0.000000000000e+00 
9.970000000000e+00 1.324526847407e-02 -2.183222482127e-02 3.686693356934e-03 1.036680156826e+05 1.112045975517e+05 1.000000000000e+05 7.178407445791e+03 5.227325092685e+02 1.800000000000e+06 0.000000000000e+00 -8.752000000000e-01 -8.752000000000e-01 0.000000000000e+00 0.000000000000e+00 0.000000000000e+00 -0.000000000000e+00 5.974274151087e-02 0.000000000000e+00 0.000000000000e+00 0.000000000000e+00 0.000000000000e+00 0.000000000000e+00 0.000000000000e+00 
9.975000000000e+00 1.322676533218e-02 -2.153055059683e-02 3.710449365478e-03 1.032058425593e+05 1.108069100731e+05 1.000000000000e+05 7.180949725098e+03 5.232879329972e+02 1.800000000000e+06 0.000000000000e+00 -8.752000000000e-01 -8.752000000000e-01 0.000000000000e+00 0.000000000000e+00 0.000000000000e+00 -0.000000000000e+00 5.965928655222e-02 0.000000000000e+00 0.000000000000e+00 0.000000000000e+00 0.000000000000e+00 0.000000000000e+00 0.000000000000e+00 
9.980000000000e+00 1.320815390576e-02 -2.125041802722e-02 3.730698627242e-03 1.027467705324e+05 1.104054790202e+05 1.000000000000e+05 7.183510658788e+03 5.238477145381e+02 1.800000000000e+06 0.000000000000e+00 -8.752000000000e-01 -8.752000000000e-01 0.000000000000e+00 0.000000000000e+00 0.000000000000e+00 -0.000000000000e+00 5.957534433458e-02 0.000000000000e+00 0.000000000000e+00 0.000000000000e+00 0.000000000000e+00 0.000000000000e+00 0.000000000000e+00 
9.985000000000e+00 1.318945176769e-02 -2.099169175803e-02 3.747431002323e-03 1.022912272898e+05 1.100006539711e+05 1.000000000000e+05 7.186087914122e+03 5.244113471237e+02 1.800000000000e+06 0.000000000000e+00 -8.752000000000e-01 -8.752000000000e-01 0.000000000000e+00 0.000000000000e+00 0.000000000000e+00 -0.000000000000e+00 5.949099404767e-02 0.000000000000e+00 0.000000000000e+00 0.000000000000e+00 0.000000000000e+00 0.000000000000e+00 0.000000000000e+00 
9.990000000000e+00 1.317067647221e-02 -2.075431141663e-02 3.760656329971e-03 1.018396054003e+05 1.095927891629e+05 1.000000000000e+05 7.188679148603e+03 5.249783205466e+02 1.800000000000e+06 0.000000000000e+00 -8.752000000000e-01 -8.752000000000e-01 0.000000000000e+00 0.000000000000e+00 0.000000000000e+00 -0.000000000000e+00 5.940631479887e-02 0.000000000000e+00 0.000000000000e+00 0.000000000000e+00 0.000000000000e+00 0.000000000000e+00 0.000000000000e+00 
9.995000000000e+00 1.315184548525e-02 -2.053813376318e-02 3.770398069493e-03 1.013922734151e+05 1.091822420808e+05 1.000000000000e+05 7.191282018043e+03 5.255481231934e+02 1.800000000000e+06 0.000000000000e+00 -8.752000000000e-01 -8.752000000000e-01 0.000000000000e+00 0.000000000000e+00 0.000000000000e+00 -0.000000000000e+00 5.932138529757e-02 0.000000000000e+00 0.000000000000e+00 0.000000000000e+00 0.000000000000e+00 0.000000000000e+00 0.000000000000e+00 
1.000000000000e+01 1.313297611497e-02 -2.034289821681e-02 3.776693086526e-03 1.009495743642e+05 1.087693720101e+05 1.000000000000e+05 7.193894185995e+03 5.261202441061e+02 1.800000000000e+06 0.000000000000e+00 -8.752000000000e-01 -8.752000000000e-01 0.000000000000e+00 0.000000000000e+00 0.000000000000e+00 -0.000000000000e+00 5.923628354424e-02 0.000000000000e+00 0.000000000000e+00 0.000000000000e+00 0.000000000000e+00 0.000000000000e+00 0.000000000000e+00 
