9.000000000000e+00 2.426331412938e-02 2.984967490348e-01 3.900017981296e-03 1.032957914176e+05 1.014880994556e+05 1.029303267311e+05 5.820933124341e+03 6.418584847661e+02 2.600000000000e+06 0.000000000000e+00 -8.752000000000e-01 -8.752000000000e-01 0.000000000000e+00 0.000000000000e+00 0.000000000000e+00 -0.000000000000e+00 2.751152225398e-02 0.000000000000e+00 0.000000000000e+00 0.000000000000e+00 0.000000000000e+00 0.000000000000e+00 0.000000000000e+00 
9.005000000000e+00 2.424414804658e-02 2.959756959857e-01 3.962231660170e-03 1.029378360750e+05 1.011701991904e+05 1.029095328369e+05 5.822094560138e+03 6.420670876956e+02 2.600000000000e+06 0.000000000000e+00 -8.752000000000e-01 -8.752000000000e-01 0.000000000000e+00 0.000000000000e+00 0.000000000000e+00 -0.000000000000e+00 2.748979034907e-02 0.000000000000e+00 0.000000000000e+00 0.000000000000e+00 0.000000000000e+00 0.000000000000e+00 0.000000000000e+00 
9.010000000000e+00 2.422468737878e-02 2.934715249816e-01 4.020487307035e-03 1.025752502638e+05 1.008467688955e+05 1.028885628233e+05 5.823275008366e+03 6.422805423624e+02 2.600000000000e+06 0.000000000000e+00 -8.752000000000e-01 -8.752000000000e-01 0.000000000000e+00 0.000000000000e+00 0.000000000000e+00 -0.000000000000e+00 2.746772442048e-02 0.000000000000e+00 0.000000000000e+00 0.000000000000e+00 0.000000000000e+00 0.000000000000e+00 0.000000000000e+00 
9.015000000000e+00 2.420495215113e-02 2.909892259123e-01 4.074713145137e-03 1.022083886912e+05 1.005181111737e+05 1.028674436487e+05 5.824473313801e+03 6.424986940663e+02 2.600000000000e+06 0.000000000000e+00 -8.752000000000e-01 -8.752000000000e-01 0.000000000000e+00 0.000000000000e+00 0.000000000000e+00 -0.000000000000e+00 2.744534717485e-02 0.000000000000e+00 0.000000000000e+00 0.000000000000e+00 0.000000000000e+00 0.000000000000e+00 0.000000000000e+00 
9.020000000000e+00 2.418496263451e-02 2.885332735085e-01 4.124861110306e-03 1.018376054774e+05 1.001845348858e+05 1.028462019478e+05 5.825688302475e+03 6.427213789082e+02 2.600000000000e+06 0.000000000000e+00 -8.752000000000e-01 -8.752000000000e-01 0.000000000000e+00 0.000000000000e+00 0.000000000000e+00 -0.000000000000e+00 2.742268159730e-02 0.000000000000e+00 0.000000000000e+00 0.000000000000e+00 0.000000000000e+00 0.000000000000e+00 0.000000000000e+00 
9.025000000000e+00 2.416473923334e-02 2.861077125171e-01 4.170912793326e-03 1.014632505046e+05 9.984635341942e+04 1.028248638925e+05 5.826918788429e+03 6.429484247824e+02 2.600000000000e+06 0.000000000000e+00 -8.752000000000e-01 -8.752000000000e-01 0.000000000000e+00 0.000000000000e+00 0.000000000000e+00 -0.000000000000e+00 2.739975078362e-02 0.000000000000e+00 0.000000000000e+00 0.000000000000e+00 0.000000000000e+00 0.000000000000e+00 0.000000000000e+00 
9.030000000000e+00 2.414430231337e-02 2.837160519225e-01 4.212854038486e-03 1.010856737462e+05 9.950388192346e+04 1.028034549969e+05 5.828163583055e+03 6.431796531313e+02 2.600000000000e+06 0.000000000000e+00 -8.752000000000e-01 -8.752000000000e-01 0.000000000000e+00 0.000000000000e+00 0.000000000000e+00 -0.000000000000e+00 2.737657794780e-02 0.000000000000e+00 0.000000000000e+00 0.000000000000e+00 0.000000000000e+00 0.000000000000e+00 0.000000000000e+00 
9.035000000000e+00 2.412367225393e-02 2.813615339178e-01 4.250738543321e-03 1.007052077961e+05 9.915743827269e+04 1.027820001655e+05 5.829421494045e+03 6.434148782434e+02 2.600000000000e+06 0.000000000000e+00 -8.752000000000e-01 -8.752000000000e-01 0.000000000000e+00 0.000000000000e+00 0.000000000000e+00 -0.000000000000e+00 2.735318607557e-02 0.000000000000e+00 0.000000000000e+00 0.000000000000e+00 0.000000000000e+00 0.000000000000e+00 0.000000000000e+00 
9.040000000000e+00 2.410286902549e-02 2.790470115514e-01 4.284608995437e-03 1.003221831586e+05 9.880733604284e+04 1.027605232521e+05 5.830691348173e+03 6.436539120198e+02 2.600000000000e+06 0.000000000000e+00 -8.752000000000e-01 -8.752000000000e-01 0.000000000000e+00 0.000000000000e+00 0.000000000000e+00 -0.000000000000e+00 2.732959785102e-02 0.000000000000e+00 0.000000000000e+00 0.000000000000e+00 0.000000000000e+00 0.000000000000e+00 0.000000000000e+00 
9.045000000000e+00 2.408191233549e-02 2.767749236532e-01 4.314530766738e-03 9.993692108450e+04 9.845388697886e+04 1.027390472207e+05 5.831971983616e+03 6.438965623835e+02 2.600000000000e+06 0.000000000000e+00 -8.752000000000e-01 -8.752000000000e-01 0.000000000000e+00 0.000000000000e+00 0.000000000000e+00 -0.000000000000e+00 2.730583561912e-02 0.000000000000e+00 0.000000000000e+00 0.000000000000e+00 0.000000000000e+00 0.000000000000e+00 0.000000000000e+00 
9.050000000000e+00 2.406082152185e-02 2.745473589188e-01 4.340586581903e-03 9.954973318326e+04 9.809739922005e+04 1.027175940457e+05 5.833262256243e+03 6.441426345865e+02 2.600000000000e+06 0.000000000000e+00 -8.752000000000e-01 -8.752000000000e-01 0.000000000000e+00 0.000000000000e+00 0.000000000000e+00 -0.000000000000e+00 2.728192130547e-02 0.000000000000e+00 0.000000000000e+00 0.000000000000e+00 0.000000000000e+00 0.000000000000e+00 0.000000000000e+00 
9.055000000000e+00 2.403961541423e-02 2.723662474580e-01 4.362871618099e-03 9.916092031380e+04 9.773817494611e+04 1.026961845865e+05 5.834561047966e+03 6.443919329740e+02 2.600000000000e+06 0.000000000000e+00 -8.752000000000e-01 -8.752000000000e-01 0.000000000000e+00 0.000000000000e+00 0.000000000000e+00 -0.000000000000e+00 2.725787625902e-02 0.000000000000e+00 0.000000000000e+00 0.000000000000e+00 0.000000000000e+00 0.000000000000e+00 0.000000000000e+00 
9.060000000000e+00 2.401831242089e-02 2.702329864378e-01 4.381469791346e-03 9.877078103107e+04 9.737651181882e+04 1.026748386949e+05 5.835867260661e+03 6.446442601593e+02 2.600000000000e+06 0.000000000000e+00 -8.752000000000e-01 -8.752000000000e-01 0.000000000000e+00 0.000000000000e+00 0.000000000000e+00 -0.000000000000e+00 2.723372135047e-02 0.000000000000e+00 0.000000000000e+00 0.000000000000e+00 0.000000000000e+00 0.000000000000e+00 0.000000000000e+00 
9.065000000000e+00 2.399693043089e-02 2.681487311958e-01 4.396493754554e-03 9.837959810997e+04 9.701270129088e+04 1.026535751367e+05 5.837179823688e+03 6.448994183794e+02 2.600000000000e+06 0.000000000000e+00 -8.752000000000e-01 -8.752000000000e-01 0.000000000000e+00 0.000000000000e+00 0.000000000000e+00 -0.000000000000e+00 2.720947686141e-02 0.000000000000e+00 0.000000000000e+00 0.000000000000e+00 0.000000000000e+00 0.000000000000e+00 0.000000000000e+00 
9.070000000000e+00 2.397548674685e-02 2.661145121037e-01 4.408055227481e-03 9.798764592264e+04 9.664702740687e+04 1.026324115499e+05 5.838497697086e+03 6.451572105491e+02 2.600000000000e+06 0.000000000000e+00 -8.752000000000e-01 -8.752000000000e-01 0.000000000000e+00 0.000000000000e+00 0.000000000000e+00 -0.000000000000e+00 2.718516240804e-02 0.000000000000e+00 0.000000000000e+00 0.000000000000e+00 0.000000000000e+00 0.000000000000e+00 0.000000000000e+00 
9.075000000000e+00 2.395399840231e-02 2.641316310502e-01 4.416111209219e-03 9.759524127640e+04 9.627977216236e+04 1.026113647812e+05 5.839819846632e+03 6.454174366888e+02 2.600000000000e+06 0.000000000000e+00 -8.752000000000e-01 -8.752000000000e-01 0.000000000000e+00 0.000000000000e+00 0.000000000000e+00 -0.000000000000e+00 2.716079730104e-02 0.000000000000e+00 0.000000000000e+00 0.000000000000e+00 0.000000000000e+00 0.000000000000e+00 0.000000000000e+00 
9.080000000000e+00 2.393248392345e-02 2.622043662647e-01 4.419965471754e-03 9.720292224966e+04 9.591124569801e+04 1.025904526080e+05 5.841145117210e+03 6.456798725139e+02 2.600000000000e+06 0.000000000000e+00 -8.752000000000e-01 -8.752000000000e-01 0.000000000000e+00 0.000000000000e+00 0.000000000000e+00 -0.000000000000e+00 2.713640254308e-02 0.000000000000e+00 0.000000000000e+00 0.000000000000e+00 0.000000000000e+00 0.000000000000e+00 0.000000000000e+00 
9.085000000000e+00 2.391096965960e-02 2.603487489845e-01 4.416777955031e-03 9.681200374661e+04 9.554189542004e+04 1.025696997739e+05 5.842471787269e+03 6.459441907789e+02 2.600000000000e+06 0.000000000000e+00 -8.752000000000e-01 -8.752000000000e-01 0.000000000000e+00 0.000000000000e+00 0.000000000000e+00 -0.000000000000e+00 2.711200829901e-02 0.000000000000e+00 0.000000000000e+00 0.000000000000e+00 0.000000000000e+00 0.000000000000e+00 0.000000000000e+00 
9.090000000000e+00 2.388950659826e-02 2.586098246877e-01 4.399314172056e-03 9.642555316496e+04 9.517259718311e+04 1.025491537465e+05 5.843796444559e+03 6.462097491674e+02 2.600000000000e+06 0.000000000000e+00 -8.752000000000e-01 -8.752000000000e-01 0.000000000000e+00 0.000000000000e+00 0.000000000000e+00 -0.000000000000e+00 2.708767190841e-02 0.000000000000e+00 0.000000000000e+00 0.000000000000e+00 0.000000000000e+00 0.000000000000e+00 0.000000000000e+00 
9.095000000000e+00 2.386819802937e-02 2.570904841178e-01 4.352730035881e-03 9.604985750010e+04 9.480513765322e+04 1.025289100259e+05 5.845112147276e+03 6.464752339605e+02 2.600000000000e+06 0.000000000000e+00 -8.752000000000e-01 -8.752000000000e-01 0.000000000000e+00 0.000000000000e+00 0.000000000000e+00 -0.000000000000e+00 2.706351069267e-02 0.000000000000e+00 0.000000000000e+00 0.000000000000e+00 0.000000000000e+00 0.000000000000e+00 0.000000000000e+00 
9.100000000000e+00 2.384724846228e-02 2.559913130078e-01 4.250331932232e-03 9.569659455744e+04 9.444307061328e+04 1.025091562864e+05 5.846405218340e+03 6.467380226438e+02 2.600000000000e+06 0.000000000000e+00 -8.752000000000e-01 -8.752000000000e-01 0.000000000000e+00 0.000000000000e+00 0.000000000000e+00 -0.000000000000e+00 2.703975653945e-02 0.000000000000e+00 0.000000000000e+00 0.000000000000e+00 0.000000000000e+00 0.000000000000e+00 0.000000000000e+00 
9.105000000000e+00 2.382702514616e-02 2.556415045620e-01 4.053380858584e-03 9.538405464396e+04 9.409280214220e+04 1.024902264266e+05 5.847651384325e+03 6.469933645933e+02 2.600000000000e+06 0.000000000000e+00 -8.752000000000e-01 -8.752000000000e-01 0.000000000000e+00 0.000000000000e+00 0.000000000000e+00 -0.000000000000e+00 2.701682586277e-02 0.000000000000e+00 0.000000000000e+00 0.000000000000e+00 0.000000000000e+00 0.000000000000e+00 0.000000000000e+00 
9.110000000000e+00 2.380811205292e-02 2.565254468139e-01 3.713328268752e-03 9.513750444392e+04 9.376455546445e+04 1.024726457955e+05 5.848812450882e+03 6.472336354572e+02 2.600000000000e+06 0.000000000000e+00 -8.752000000000e-01 -8.752000000000e-01 0.000000000000e+00 0.000000000000e+00 0.000000000000e+00 -0.000000000000e+00 2.699538081273e-02 0.000000000000e+00 0.000000000000e+00 0.000000000000e+00 0.000000000000e+00 0.000000000000e+00 0.000000000000e+00 
9.115000000000e+00 2.379135403184e-02 2.592787879094e-01 3.174372220074e-03 9.498925542052e+04 9.347316764932e+04 1.024571669634e+05 5.849833597342e+03 6.474477122025e+02 2.600000000000e+06 0.000000000000e+00 -8.752000000000e-01 -8.752000000000e-01 0.000000000000e+00 0.000000000000e+00 0.000000000000e+00 -0.000000000000e+00 2.697637934131e-02 0.000000000000e+00 0.000000000000e+00 0.000000000000e+00 0.000000000000e+00 0.000000000000e+00 0.000000000000e+00 
9.120000000000e+00 2.377784841793e-02 2.645968551096e-01 2.392513475223e-03 9.497282680062e+04 9.323796006863e+04 1.024447592877e+05 5.850644567016e+03 6.476210472637e+02 2.600000000000e+06 0.000000000000e+00 -8.752000000000e-01 -8.752000000000e-01 0.000000000000e+00 0.000000000000e+00 0.000000000000e+00 -0.000000000000e+00 2.696106568730e-02 0.000000000000e+00 0.000000000000e+00 0.000000000000e+00 0.000000000000e+00 0.000000000000e+00 0.000000000000e+00 
9.125000000000e+00 2.376891358083e-02 2.731540362815e-01 1.318040934786e-03 9.512745361586e+04 9.308217198340e+04 1.024365835370e+05 5.851161029019e+03 6.477361140793e+02 2.600000000000e+06 0.000000000000e+00 -8.752000000000e-01 -8.752000000000e-01 0.000000000000e+00 0.000000000000e+00 0.000000000000e+00 -0.000000000000e+00 2.695093471473e-02 0.000000000000e+00 0.000000000000e+00 0.000000000000e+00 0.000000000000e+00 0.000000000000e+00 0.000000000000e+00 
9.130000000000e+00 2.376610589762e-02 2.860004114113e-01 -6.092091059929e-05 9.548529624865e+04 9.303318699965e+04 1.024340197556e+05 5.851285266059e+03 6.477723374169e+02 2.600000000000e+06 0.000000000000e+00 -8.752000000000e-01 -8.752000000000e-01 0.000000000000e+00 0.000000000000e+00 0.000000000000e+00 -0.000000000000e+00 2.694775115792e-02 0.000000000000e+00 0.000000000000e+00 0.000000000000e+00 0.000000000000e+00 0.000000000000e+00 0.000000000000e+00 
9.135000000000e+00 2.377057023491e-02 3.030661558231e-01 -1.731818386899e-03 9.606325696032e+04 9.311106847219e+04 1.024380974813e+05 5.850946373568e+03 6.477147552645e+02 2.600000000000e+06 0.000000000000e+00 -8.752000000000e-01 -8.752000000000e-01 0.000000000000e+00 0.000000000000e+00 0.000000000000e+00 -0.000000000000e+00 2.695281315044e-02 0.000000000000e+00 0.000000000000e+00 0.000000000000e+00 0.000000000000e+00 0.000000000000e+00 0.000000000000e+00 
9.140000000000e+00 2.378432954497e-02 3.252341257365e-01 -3.762279085436e-03 9.691744513926e+04 9.335087394215e+04 1.024507060873e+05 5.850016572402e+03 6.475377768838e+02 2.600000000000e+06 0.000000000000e+00 -8.752000000000e-01 -8.752000000000e-01 0.000000000000e+00 0.000000000000e+00 0.000000000000e+00 -0.000000000000e+00 2.696841446372e-02 0.000000000000e+00 0.000000000000e+00 0.000000000000e+00 0.000000000000e+00 0.000000000000e+00 0.000000000000e+00 
9.145000000000e+00 2.380919526272e-02 3.528213399002e-01 -6.114493655325e-03 9.806769709948e+04 9.378337268695e+04 1.024736495005e+05 5.848386355251e+03 6.472198361235e+02 2.600000000000e+06 0.000000000000e+00 -8.752000000000e-01 -8.752000000000e-01 0.000000000000e+00 0.000000000000e+00 0.000000000000e+00 -0.000000000000e+00 2.699645666247e-02 0.000000000000e+00 0.000000000000e+00 0.000000000000e+00 0.000000000000e+00 0.000000000000e+00 0.000000000000e+00 
9.150000000000e+00 2.384677652100e-02 3.859231280422e-01 -8.755517396938e-03 9.953024824752e+04 9.443490501447e+04 1.025087129766e+05 5.845960485884e+03 6.467439628392e+02 2.600000000000e+06 0.000000000000e+00 -8.752000000000e-01 -8.752000000000e-01 0.000000000000e+00 0.000000000000e+00 0.000000000000e+00 -0.000000000000e+00 2.703865214171e-02 0.000000000000e+00 0.000000000000e+00 0.000000000000e+00 0.000000000000e+00 0.000000000000e+00 0.000000000000e+00 
9.155000000000e+00 2.389811377692e-02 4.242029910493e-01 -1.162616261352e-02 1.013018073605e+05 9.532079358657e+04 1.025573743630e+05 5.842682325320e+03 6.461030305348e+02 2.600000000000e+06 0.000000000000e+00 -8.752000000000e-01 -8.752000000000e-01 0.000000000000e+00 0.000000000000e+00 0.000000000000e+00 -0.000000000000e+00 2.709625874683e-02 0.000000000000e+00 0.000000000000e+00 0.000000000000e+00 0.000000000000e+00 0.000000000000e+00 0.000000000000e+00 
9.160000000000e+00 2.396393815521e-02 4.672942082654e-01 -1.461542939361e-02 1.033570233869e+05 9.644975368796e+04 1.026210803308e+05 5.838518855382e+03 6.452968297667e+02 2.600000000000e+06 0.000000000000e+00 -8.752000000000e-01 -8.752000000000e-01 0.000000000000e+00 0.000000000000e+00 0.000000000000e+00 -0.000000000000e+00 2.717021248214e-02 0.000000000000e+00 0.000000000000e+00 0.000000000000e+00 0.000000000000e+00 0.000000000000e+00 0.000000000000e+00 
9.165000000000e+00 2.404471262593e-02 5.144723709524e-01 -1.768055234003e-02 1.056848841628e+05 9.782459222123e+04 1.027013160006e+05 5.833453814074e+03 6.443318385986e+02 2.600000000000e+06 0.000000000000e+00 -8.752000000000e-01 -8.752000000000e-01 0.000000000000e+00 0.000000000000e+00 0.000000000000e+00 -0.000000000000e+00 2.726111227050e-02 0.000000000000e+00 0.000000000000e+00 0.000000000000e+00 0.000000000000e+00 0.000000000000e+00 0.000000000000e+00 
9.170000000000e+00 2.414053032272e-02 5.648248431775e-01 -2.072986173783e-02 1.082528656118e+05 9.944059359819e+04 1.027995204992e+05 5.827497990106e+03 6.432225258733e+02 2.600000000000e+06 0.000000000000e+00 -8.752000000000e-01 -8.752000000000e-01 0.000000000000e+00 0.000000000000e+00 0.000000000000e+00 -0.000000000000e+00 2.736906615233e-02 0.000000000000e+00 0.000000000000e+00 0.000000000000e+00 0.000000000000e+00 0.000000000000e+00 0.000000000000e+00 
9.175000000000e+00 2.425106942182e-02 6.173094858092e-01 -2.368261018105e-02 1.110243913579e+05 1.012850738201e+05 1.029170258327e+05 5.820689208051e+03 6.419915698006e+02 2.600000000000e+06 0.000000000000e+00 -8.752000000000e-01 -8.752000000000e-01 0.000000000000e+00 0.000000000000e+00 0.000000000000e+00 -0.000000000000e+00 2.749371968780e-02 0.000000000000e+00 0.000000000000e+00 0.000000000000e+00 0.000000000000e+00 0.000000000000e+00 0.000000000000e+00 
9.180000000000e+00 2.437561829429e-02 6.708162425476e-01 -2.646094734949e-02 1.139576236607e+05 1.033382839855e+05 1.030550354268e+05 5.813090160604e+03 6.406688794713e+02 2.600000000000e+06 0.000000000000e+00 -8.752000000000e-01 -8.752000000000e-01 0.000000000000e+00 0.000000000000e+00 0.000000000000e+00 -0.000000000000e+00 2.763427301146e-02 0.000000000000e+00 0.000000000000e+00 0.000000000000e+00 0.000000000000e+00 0.000000000000e+00 0.000000000000e+00 
9.185000000000e+00 2.451312706324e-02 7.242464216823e-01 -2.900195173198e-02 1.170104729267e+05 1.055748379998e+05 1.032146053345e+05 5.804783741880e+03 6.392900437279e+02 2.600000000000e+06 0.000000000000e+00 -8.752000000000e-01 -8.752000000000e-01 0.000000000000e+00 0.000000000000e+00 0.000000000000e+00 -0.000000000000e+00 2.778954220986e-02 0.000000000000e+00 0.000000000000e+00 0.000000000000e+00 0.000000000000e+00 0.000000000000e+00 0.000000000000e+00 
9.190000000000e+00 2.466229798512e-02 7.765410526283e-01 -3.122376876891e-02 1.201330826168e+05 1.079657734275e+05 1.033966533136e+05 5.795867656456e+03 6.378942294321e+02 2.600000000000e+06 0.000000000000e+00 -8.752000000000e-01 -8.752000000000e-01 0.000000000000e+00 0.000000000000e+00 0.000000000000e+00 -0.000000000000e+00 2.795801348649e-02 0.000000000000e+00 0.000000000000e+00 0.000000000000e+00 0.000000000000e+00 0.000000000000e+00 0.000000000000e+00 
9.195000000000e+00 2.482163045443e-02 8.267007718950e-01 -3.309280304758e-02 1.232880129394e+05 1.104798056223e+05 1.036019065946e+05 5.786448290113e+03 6.365224878987e+02 2.600000000000e+06 0.000000000000e+00 -8.752000000000e-01 -8.752000000000e-01 0.000000000000e+00 0.000000000000e+00 0.000000000000e+00 -0.000000000000e+00 2.813786594044e-02 0.000000000000e+00 0.000000000000e+00 0.000000000000e+00 0.000000000000e+00 0.000000000000e+00 0.000000000000e+00 
9.200000000000e+00 2.498932135276e-02 8.738775816202e-01 -3.459484706296e-02 1.264403652465e+05 1.130822787358e+05 1.038306342186e+05 5.776646482979e+03 6.352170497083e+02 2.600000000000e+06 0.000000000000e+00 -8.752000000000e-01 -8.752000000000e-01 0.000000000000e+00 0.000000000000e+00 0.000000000000e+00 -0.000000000000e+00 2.832709370656e-02 0.000000000000e+00 0.000000000000e+00 0.000000000000e+00 0.000000000000e+00 0.000000000000e+00 0.000000000000e+00 
9.205000000000e+00 2.516348394308e-02 9.173708879604e-01 -3.571624610766e-02 1.295561734023e+05 1.157390581000e+05 1.040827707898e+05 5.766584337517e+03 6.340177487998e+02 2.600000000000e+06 0.000000000000e+00 -8.752000000000e-01 -8.752000000000e-01 0.000000000000e+00 0.000000000000e+00 0.000000000000e+00 -0.000000000000e+00 2.852360715962e-02 0.000000000000e+00 0.000000000000e+00 0.000000000000e+00 0.000000000000e+00 0.000000000000e+00 0.000000000000e+00 
9.210000000000e+00 2.534216405288e-02 9.566094837009e-01 -3.645354824356e-02 1.326052097813e+05 1.184170070011e+05 1.043577998109e+05 5.756383347807e+03 6.329604972962e+02 2.600000000000e+06 0.000000000000e+00 -8.752000000000e-01 -8.752000000000e-01 0.000000000000e+00 0.000000000000e+00 0.000000000000e+00 -0.000000000000e+00 2.872526003821e-02 0.000000000000e+00 0.000000000000e+00 0.000000000000e+00 0.000000000000e+00 0.000000000000e+00 0.000000000000e+00 
9.215000000000e+00 2.552344734028e-02 9.912100815510e-01 -3.681048449128e-02 1.355615660791e+05 1.210856942504e+05 1.046547839791e+05 5.746158034141e+03 6.320753610654e+02 2.600000000000e+06 0.000000000000e+00 -8.752000000000e-01 -8.752000000000e-01 0.000000000000e+00 0.000000000000e+00 0.000000000000e+00 -0.000000000000e+00 2.892990377474e-02 0.000000000000e+00 0.000000000000e+00 0.000000000000e+00 0.000000000000e+00 0.000000000000e+00 0.000000000000e+00 
9.220000000000e+00 2.570548065311e-02 1.020931563061e+00 -3.680648078279e-02 1.384058261491e+05 1.237176327331e+05 1.049722995499e+05 5.736014460650e+03 6.313855803303e+02 2.600000000000e+06 0.000000000000e+00 -8.752000000000e-01 -8.752000000000e-01 0.000000000000e+00 0.000000000000e+00 0.000000000000e+00 -0.000000000000e+00 2.913545631799e-02 0.000000000000e+00 0.000000000000e+00 0.000000000000e+00 0.000000000000e+00 0.000000000000e+00 0.000000000000e+00 
9.225000000000e+00 2.588651713095e-02 1.045683509942e+00 -3.646347821532e-02 1.411217548936e+05 1.262887646522e+05 1.053084346771e+05 5.726048367625e+03 6.309067720909e+02 2.600000000000e+06 0.000000000000e+00 -8.752000000000e-01 -8.752000000000e-01 0.000000000000e+00 0.000000000000e+00 0.000000000000e+00 -0.000000000000e+00 2.933995119821e-02 0.000000000000e+00 0.000000000000e+00 0.000000000000e+00 0.000000000000e+00 0.000000000000e+00 0.000000000000e+00 
9.230000000000e+00 2.606494672983e-02 1.065459639096e+00 -3.581601516217e-02 1.436989732193e+05 1.287786395732e+05 1.056608010819e+05 5.716343565208e+03 6.306466078436e+02 2.600000000000e+06 0.000000000000e+00 -8.752000000000e-01 -8.752000000000e-01 0.000000000000e+00 0.000000000000e+00 0.000000000000e+00 -0.000000000000e+00 2.954154593855e-02 0.000000000000e+00 0.000000000000e+00 0.000000000000e+00 0.000000000000e+00 0.000000000000e+00 0.000000000000e+00 
9.235000000000e+00 2.623931264579e-02 1.080343311148e+00 -3.489243796389e-02 1.461278864321e+05 1.311703380362e+05 1.060265565202e+05 5.706972206587e+03 6.306049098810e+02 2.600000000000e+06 0.000000000000e+00 -8.752000000000e-01 -8.752000000000e-01 0.000000000000e+00 0.000000000000e+00 0.000000000000e+00 -0.000000000000e+00 2.973857435068e-02 0.000000000000e+00 0.000000000000e+00 0.000000000000e+00 0.000000000000e+00 0.000000000000e+00 0.000000000000e+00 
9.240000000000e+00 2.640826389907e-02 1.090565839966e+00 -3.371027677532e-02 1.483975729581e+05 1.334495170873e+05 1.064023173165e+05 5.697998057882e+03 6.307739980431e+02 2.600000000000e+06 0.000000000000e+00 -8.752000000000e-01 -8.752000000000e-01 0.000000000000e+00 0.000000000000e+00 0.000000000000e+00 -0.000000000000e+00 2.992952572045e-02 0.000000000000e+00 0.000000000000e+00 0.000000000000e+00 0.000000000000e+00 0.000000000000e+00 0.000000000000e+00 
9.245000000000e+00 2.657061405398e-02 1.096350543735e+00 -3.230818918124e-02 1.505045919434e+05 1.356049247035e+05 1.067843165631e+05 5.689472884953e+03 6.311392249622e+02 2.600000000000e+06 0.000000000000e+00 -8.752000000000e-01 -8.752000000000e-01 0.000000000000e+00 0.000000000000e+00 0.000000000000e+00 -0.000000000000e+00 3.011307513176e-02 0.000000000000e+00 0.000000000000e+00 0.000000000000e+00 0.000000000000e+00 0.000000000000e+00 0.000000000000e+00 
9.250000000000e+00 2.672534289699e-02 1.097957169976e+00 -3.071778264244e-02 1.524455573311e+05 1.376281159290e+05 1.071684883636e+05 5.681437952275e+03 6.316799461310e+02 2.600000000000e+06 0.000000000000e+00 -8.752000000000e-01 -8.752000000000e-01 0.000000000000e+00 0.000000000000e+00 0.000000000000e+00 -0.000000000000e+00 3.028807112596e-02 0.000000000000e+00 0.000000000000e+00 0.000000000000e+00 0.000000000000e+00 0.000000000000e+00 0.000000000000e+00 
9.255000000000e+00 2.687159529547e-02 1.095689381333e+00 -2.897053325662e-02 1.542187916443e+05 1.395131587846e+05 1.075505712980e+05 5.673924511294e+03 6.323706944498e+02 2.600000000000e+06 0.000000000000e+00 -8.752000000000e-01 -8.752000000000e-01 0.000000000000e+00 0.000000000000e+00 0.000000000000e+00 -0.000000000000e+00 3.045354754388e-02 0.000000000000e+00 0.000000000000e+00 0.000000000000e+00 0.000000000000e+00 0.000000000000e+00 0.000000000000e+00 
9.260000000000e+00 2.700865351447e-02 1.089820075595e+00 -2.708593699419e-02 1.558209495050e+05 1.412560379938e+05 1.079261583024e+05 5.666956203384e+03 6.331823342941e+02 2.600000000000e+06 0.000000000000e+00 -8.752000000000e-01 -8.752000000000e-01 0.000000000000e+00 0.000000000000e+00 0.000000000000e+00 -0.000000000000e+00 3.060869311976e-02 0.000000000000e+00 0.000000000000e+00 0.000000000000e+00 0.000000000000e+00 0.000000000000e+00 0.000000000000e+00 
9.265000000000e+00 2.713591505870e-02 1.080626062578e+00 -2.509359052907e-02 1.572521597277e+05 1.428541867009e+05 1.082907587066e+05 5.660550002850e+03 6.340831724307e+02 2.600000000000e+06 0.000000000000e+00 -8.752000000000e-01 -8.752000000000e-01 0.000000000000e+00 0.000000000000e+00 0.000000000000e+00 -0.000000000000e+00 3.075283177669e-02 0.000000000000e+00 0.000000000000e+00 0.000000000000e+00 0.000000000000e+00 0.000000000000e+00 0.000000000000e+00 
9.270000000000e+00 2.725292313521e-02 1.068397101824e+00 -2.301925189803e-02 1.585130573567e+05 1.443067147551e+05 1.086400167140e+05 5.654715560423e+03 6.350404461772e+02 2.600000000000e+06 0.000000000000e+00 -8.752000000000e-01 -8.752000000000e-01 0.000000000000e+00 0.000000000000e+00 0.000000000000e+00 -0.000000000000e+00 3.088544728895e-02 0.000000000000e+00 0.000000000000e+00 0.000000000000e+00 0.000000000000e+00 0.000000000000e+00 0.000000000000e+00 
9.275000000000e+00 2.735934220678e-02 1.053412315658e+00 -2.088604084114e-02 1.596048037414e+05 1.456139673005e+05 1.089697845899e+05 5.649456833547e+03 6.360214852974e+02 2.600000000000e+06 0.000000000000e+00 -8.752000000000e-01 -8.752000000000e-01 0.000000000000e+00 0.000000000000e+00 0.000000000000e+00 -0.000000000000e+00 3.100615645438e-02 0.000000000000e+00 0.000000000000e+00 0.000000000000e+00 0.000000000000e+00 0.000000000000e+00 0.000000000000e+00 
9.280000000000e+00 2.745494707560e-02 1.035935898091e+00 -1.871335990474e-02 1.605287722272e+05 1.467772929794e+05 1.092762229274e+05 5.644773010222e+03 6.369948169720e+02 2.600000000000e+06 0.000000000000e+00 -8.752000000000e-01 -8.752000000000e-01 0.000000000000e+00 0.000000000000e+00 0.000000000000e+00 -0.000000000000e+00 3.111469822884e-02 0.000000000000e+00 0.000000000000e+00 0.000000000000e+00 0.000000000000e+00 0.000000000000e+00 0.000000000000e+00 
9.285000000000e+00 2.753960370613e-02 1.016217510098e+00 -1.651947356224e-02 1.612869950282e+05 1.477987427203e+05 1.095558609395e+05 5.640659655485e+03 6.379310267233e+02 2.600000000000e+06 0.000000000000e+00 -8.752000000000e-01 -8.752000000000e-01 0.000000000000e+00 0.000000000000e+00 0.000000000000e+00 -0.000000000000e+00 3.121091148658e-02 0.000000000000e+00 0.000000000000e+00 0.000000000000e+00 0.000000000000e+00 0.000000000000e+00 0.000000000000e+00 
9.290000000000e+00 2.761327628812e-02 9.945100660729e-01 -1.432384299737e-02 1.618829319210e+05 1.486811114970e+05 1.098057264024e+05 5.637108500524e+03 6.388037277786e+02 2.600000000000e+06 0.000000000000e+00 -8.752000000000e-01 -8.752000000000e-01 0.000000000000e+00 0.000000000000e+00 0.000000000000e+00 -0.000000000000e+00 3.129474416794e-02 0.000000000000e+00 0.000000000000e+00 0.000000000000e+00 0.000000000000e+00 0.000000000000e+00 0.000000000000e+00 
9.295000000000e+00 2.767602186377e-02 9.710672801623e-01 -1.214499924350e-02 1.623209838992e+05 1.494278450556e+05 1.100234219444e+05 5.634107937561e+03 6.395902613509e+02 2.600000000000e+06 0.000000000000e+00 -8.752000000000e-01 -8.752000000000e-01 0.000000000000e+00 0.000000000000e+00 0.000000000000e+00 -0.000000000000e+00 3.136625179103e-02 0.000000000000e+00 0.000000000000e+00 0.000000000000e+00 0.000000000000e+00 0.000000000000e+00 0.000000000000e+00 
9.300000000000e+00 2.772798583425e-02 9.461432612860e-01 -1.000181895662e-02 1.626068276797e+05 1.500429747524e+05 1.102071840607e+05 5.631643309287e+03 6.402722175752e+02 2.600000000000e+06 0.000000000000e+00 -8.752000000000e-01 -8.752000000000e-01 0.000000000000e+00 0.000000000000e+00 0.000000000000e+00 -0.000000000000e+00 3.142559036738e-02 0.000000000000e+00 0.000000000000e+00 0.000000000000e+00 0.000000000000e+00 0.000000000000e+00 0.000000000000e+00 
9.305000000000e+00 2.776923174985e-02 9.200183750375e-01 -7.912527396253e-03 1.627446681341e+05 1.505291180453e+05 1.103553207484e+05 5.629705239750e+03 6.408334696913e+02 2.600000000000e+06 0.000000000000e+00 -8.752000000000e-01 -8.752000000000e-01 0.000000000000e+00 0.000000000000e+00 0.000000000000e+00 -0.000000000000e+00 3.147301969648e-02 0.000000000000e+00 0.000000000000e+00 0.000000000000e+00 0.000000000000e+00 0.000000000000e+00 0.000000000000e+00 
9.310000000000e+00 2.780029011998e-02 8.929619452746e-01 -5.896900865822e-03 1.627462102572e+05 1.508939598012e+05 1.104682160223e+05 5.628262954754e+03 6.412678625696e+02 2.600000000000e+06 0.000000000000e+00 -8.752000000000e-01 -8.752000000000e-01 0.000000000000e+00 0.000000000000e+00 0.000000000000e+00 -0.000000000000e+00 3.150890706910e-02 0.000000000000e+00 0.000000000000e+00 0.000000000000e+00 0.000000000000e+00 0.000000000000e+00 0.000000000000e+00 
9.315000000000e+00 2.782185971295e-02 8.648856626070e-01 -3.976694811733e-03 1.626262942021e+05 1.511467195352e+05 1.105473081452e+05 5.627278838351e+03 6.415755330538e+02 2.600000000000e+06 0.000000000000e+00 -8.752000000000e-01 -8.752000000000e-01 0.000000000000e+00 0.000000000000e+00 0.000000000000e+00 -0.000000000000e+00 3.153384661305e-02 0.000000000000e+00 0.000000000000e+00 0.000000000000e+00 0.000000000000e+00 0.000000000000e+00 0.000000000000e+00 
9.320000000000e+00 2.783511142661e-02 8.360702327262e-01 -2.102597679310e-03 1.623905040206e+05 1.513017571585e+05 1.105961815830e+05 5.626695831872e+03 6.417670040483e+02 2.600000000000e+06 0.000000000000e+00 -8.752000000000e-01 -8.752000000000e-01 0.000000000000e+00 0.000000000000e+00 0.000000000000e+00 -0.000000000000e+00 3.154866270975e-02 0.000000000000e+00 0.000000000000e+00 0.000000000000e+00 0.000000000000e+00 0.000000000000e+00 0.000000000000e+00 
9.325000000000e+00 2.784047928010e-02 8.074797604493e-01 -3.534948776309e-04 1.620633313845e+05 1.513645038856e+05 1.106160399310e+05 5.626489547229e+03 6.418450946614e+02 2.600000000000e+06 0.000000000000e+00 -8.752000000000e-01 -8.752000000000e-01 0.000000000000e+00 0.000000000000e+00 0.000000000000e+00 -0.000000000000e+00 3.155394646871e-02 0.000000000000e+00 0.000000000000e+00 0.000000000000e+00 0.000000000000e+00 0.000000000000e+00 0.000000000000e+00 
9.330000000000e+00 2.783756946121e-02 7.797154799250e-01 1.396651213612e-03 1.616086212243e+05 1.513304938620e+05 1.106052706796e+05 5.626682367573e+03 6.418027250185e+02 2.600000000000e+06 0.000000000000e+00 -8.752000000000e-01 -8.752000000000e-01 0.000000000000e+00 0.000000000000e+00 0.000000000000e+00 -0.000000000000e+00 3.155053169809e-02 0.000000000000e+00 0.000000000000e+00 0.000000000000e+00 0.000000000000e+00 0.000000000000e+00 0.000000000000e+00 
9.335000000000e+00 2.782570356777e-02 7.525082277470e-01 2.891154850565e-03 1.610755323330e+05 1.511917100865e+05 1.105614624786e+05 5.627299636065e+03 6.416308798670e+02 2.600000000000e+06 0.000000000000e+00 -8.752000000000e-01 -8.752000000000e-01 0.000000000000e+00 0.000000000000e+00 0.000000000000e+00 -0.000000000000e+00 3.153897887814e-02 0.000000000000e+00 0.000000000000e+00 0.000000000000e+00 0.000000000000e+00 0.000000000000e+00 0.000000000000e+00 
9.340000000000e+00 2.780646688956e-02 7.261026623399e-01 4.243831927733e-03 1.604614819080e+05 1.509663929158e+05 1.104908073647e+05 5.628269319417e+03 6.413554653373e+02 2.600000000000e+06 0.000000000000e+00 -8.752000000000e-01 -8.752000000000e-01 0.000000000000e+00 0.000000000000e+00 0.000000000000e+00 -0.000000000000e+00 3.151950582882e-02 0.000000000000e+00 0.000000000000e+00 0.000000000000e+00 0.000000000000e+00 0.000000000000e+00 0.000000000000e+00 
9.345000000000e+00 2.778181535861e-02 7.007114653193e-01 5.445351333524e-03 1.597986567276e+05 1.506770640190e+05 1.104009210921e+05 5.629497953974e+03 6.410082451090e+02 2.600000000000e+06 0.000000000000e+00 -8.752000000000e-01 -8.752000000000e-01 0.000000000000e+00 0.000000000000e+00 0.000000000000e+00 -0.000000000000e+00 3.149283755098e-02 0.000000000000e+00 0.000000000000e+00 0.000000000000e+00 0.000000000000e+00 0.000000000000e+00 0.000000000000e+00 
9.350000000000e+00 2.775189104005e-02 6.764133349790e-01 6.474984858030e-03 1.590940614165e+05 1.503249593142e+05 1.102927932530e+05 5.630979438842e+03 6.405953424973e+02 2.600000000000e+06 0.000000000000e+00 -8.752000000000e-01 -8.752000000000e-01 0.000000000000e+00 0.000000000000e+00 0.000000000000e+00 -0.000000000000e+00 3.145981426462e-02 0.000000000000e+00 0.000000000000e+00 0.000000000000e+00 0.000000000000e+00 0.000000000000e+00 0.000000000000e+00 
9.355000000000e+00 2.771724250275e-02 6.533638203710e-01 7.348704910243e-03 1.583524357274e+05 1.499160428577e+05 1.101689311408e+05 5.632689228219e+03 6.401289364507e+02 2.600000000000e+06 0.000000000000e+00 -8.752000000000e-01 -8.752000000000e-01 0.000000000000e+00 0.000000000000e+00 0.000000000000e+00 -0.000000000000e+00 3.142132808251e-02 0.000000000000e+00 0.000000000000e+00 0.000000000000e+00 0.000000000000e+00 0.000000000000e+00 0.000000000000e+00 
9.360000000000e+00 2.767862221847e-02 6.316785456146e-01 8.075417615079e-03 1.575833852064e+05 1.494586977757e+05 1.100325423640e+05 5.634592591306e+03 6.396237257722e+02 2.600000000000e+06 0.000000000000e+00 -8.752000000000e-01 -8.752000000000e-01 0.000000000000e+00 0.000000000000e+00 0.000000000000e+00 -0.000000000000e+00 3.137825268882e-02 0.000000000000e+00 0.000000000000e+00 0.000000000000e+00 0.000000000000e+00 0.000000000000e+00 0.000000000000e+00 
9.365000000000e+00 2.763674384237e-02 6.114389959585e-01 8.664064097461e-03 1.567959445250e+05 1.489609092589e+05 1.098866150335e+05 5.636656467145e+03 6.390932055612e+02 2.600000000000e+06 0.000000000000e+00 -8.752000000000e-01 -8.752000000000e-01 0.000000000000e+00 0.000000000000e+00 0.000000000000e+00 -0.000000000000e+00 3.133141155916e-02 0.000000000000e+00 0.000000000000e+00 0.000000000000e+00 0.000000000000e+00 0.000000000000e+00 0.000000000000e+00 
9.370000000000e+00 2.759227442593e-02 5.926972585249e-01 9.124261169090e-03 1.559982870306e+05 1.484301920896e+05 1.097338708441e+05 5.638849804560e+03 6.385493909353e+02 2.600000000000e+06 0.000000000000e+00 -8.752000000000e-01 -8.752000000000e-01 0.000000000000e+00 0.000000000000e+00 0.000000000000e+00 -0.000000000000e+00 3.128157228532e-02 0.000000000000e+00 0.000000000000e+00 0.000000000000e+00 0.000000000000e+00 0.000000000000e+00 0.000000000000e+00 
9.375000000000e+00 2.754582241777e-02 5.754743897505e-01 9.469449520019e-03 1.551967745835e+05 1.478734582500e+05 1.095767157570e+05 5.641144217597e+03 6.380025923180e+02 2.600000000000e+06 0.000000000000e+00 -8.752000000000e-01 -8.752000000000e-01 0.000000000000e+00 0.000000000000e+00 0.000000000000e+00 -0.000000000000e+00 3.122943940394e-02 0.000000000000e+00 0.000000000000e+00 0.000000000000e+00 0.000000000000e+00 0.000000000000e+00 0.000000000000e+00 
9.380000000000e+00 2.749794998744e-02 5.597510706243e-01 9.706138353958e-03 1.543986931616e+05 1.472971678644e+05 1.094172827031e+05 5.643513049421e+03 6.374615611139e+02 2.600000000000e+06 0.000000000000e+00 -8.752000000000e-01 -8.752000000000e-01 0.000000000000e+00 0.000000000000e+00 0.000000000000e+00 -0.000000000000e+00 3.117565729584e-02 0.000000000000e+00 0.000000000000e+00 0.000000000000e+00 0.000000000000e+00 0.000000000000e+00 0.000000000000e+00 
9.385000000000e+00 2.744916340697e-02 5.454971399305e-01 9.847543123385e-03 1.536088566504e+05 1.467072127454e+05 1.092574052052e+05 5.645932270405e+03 6.369334220340e+02 2.600000000000e+06 0.000000000000e+00 -8.752000000000e-01 -8.752000000000e-01 0.000000000000e+00 0.000000000000e+00 0.000000000000e+00 -0.000000000000e+00 3.112080472032e-02 0.000000000000e+00 0.000000000000e+00 0.000000000000e+00 0.000000000000e+00 0.000000000000e+00 0.000000000000e+00 
9.390000000000e+00 2.739991518681e-02 5.326607516759e-01 9.903158354962e-03 1.528321158805e+05 1.461089355513e+05 1.090986361433e+05 5.648380083048e+03 6.364237918764e+02 2.600000000000e+06 0.000000000000e+00 -8.752000000000e-01 -8.752000000000e-01 0.000000000000e+00 0.000000000000e+00 0.000000000000e+00 -0.000000000000e+00 3.106539770875e-02 0.000000000000e+00 0.000000000000e+00 0.000000000000e+00 0.000000000000e+00 0.000000000000e+00 0.000000000000e+00 
9.395000000000e+00 2.735060278895e-02 5.211765983869e-01 9.883153651045e-03 1.520722908570e+05 1.455071042548e+05 1.089422581534e+05 5.650837156532e+03 6.359368878165e+02 2.600000000000e+06 0.000000000000e+00 -8.752000000000e-01 -8.752000000000e-01 0.000000000000e+00 0.000000000000e+00 0.000000000000e+00 -0.000000000000e+00 3.100988488253e-02 0.000000000000e+00 0.000000000000e+00 0.000000000000e+00 0.000000000000e+00 0.000000000000e+00 0.000000000000e+00 
9.400000000000e+00 2.730157422702e-02 5.109726447621e-01 9.797506863595e-03 1.513324632018e+05 1.449059681510e+05 1.087893175783e+05 5.653286364582e+03 6.354757206561e+02 2.600000000000e+06 0.000000000000e+00 -8.752000000000e-01 -8.752000000000e-01 0.000000000000e+00 0.000000000000e+00 0.000000000000e+00 -0.000000000000e+00 3.095466159854e-02 0.000000000000e+00 0.000000000000e+00 0.000000000000e+00 0.000000000000e+00 0.000000000000e+00 0.000000000000e+00 
9.405000000000e+00 2.725312662751e-02 5.019889779542e-01 9.663362461010e-03 1.506131745572e+05 1.443092269628e+05 1.086406361374e+05 5.655713129165e+03 6.350422208035e+02 2.600000000000e+06 0.000000000000e+00 -8.752000000000e-01 -8.752000000000e-01 0.000000000000e+00 0.000000000000e+00 0.000000000000e+00 -0.000000000000e+00 3.090008622456e-02 0.000000000000e+00 0.000000000000e+00 0.000000000000e+00 0.000000000000e+00 0.000000000000e+00 0.000000000000e+00 
9.410000000000e+00 2.720548525475e-02 4.941344574613e-01 9.467405936295e-03 1.499212000422e+05 1.437197559551e+05 1.084967646348e+05 5.658105366030e+03 6.346372095598e+02 2.600000000000e+06 0.000000000000e+00 -8.752000000000e-01 -8.752000000000e-01 0.000000000000e+00 0.000000000000e+00 0.000000000000e+00 -0.000000000000e+00 3.084650235764e-02 0.000000000000e+00 0.000000000000e+00 0.000000000000e+00 0.000000000000e+00 0.000000000000e+00 0.000000000000e+00 
9.415000000000e+00 2.715887935100e-02 4.873207520987e-01 9.233444694307e-03 1.492543942760e+05 1.431405293916e+05 1.083582275937e+05 5.660451796613e+03 6.342611822935e+02 2.600000000000e+06 0.000000000000e+00 -8.752000000000e-01 -8.752000000000e-01 0.000000000000e+00 0.000000000000e+00 0.000000000000e+00 -0.000000000000e+00 3.079414696365e-02 0.000000000000e+00 0.000000000000e+00 0.000000000000e+00 0.000000000000e+00 0.000000000000e+00 0.000000000000e+00 
9.420000000000e+00 2.711351145249e-02 4.814524449806e-01 8.972093913584e-03 1.486133602781e+05 1.425742360183e+05 1.082254366794e+05 5.662741960345e+03 6.339141005916e+02 2.600000000000e+06 0.000000000000e+00 -8.752000000000e-01 -8.752000000000e-01 0.000000000000e+00 0.000000000000e+00 0.000000000000e+00 -0.000000000000e+00 3.074320368632e-02 0.000000000000e+00 0.000000000000e+00 0.000000000000e+00 0.000000000000e+00 0.000000000000e+00 0.000000000000e+00 
9.425000000000e+00 2.706989592689e-02 4.764699589851e-01 8.681843646940e-03 1.480064916050e+05 1.420275219713e+05 1.080996691718e+05 5.664949046331e+03 6.335978654366e+02 2.600000000000e+06 0.000000000000e+00 -8.752000000000e-01 -8.752000000000e-01 0.000000000000e+00 0.000000000000e+00 0.000000000000e+00 -0.000000000000e+00 3.069383021334e-02 0.000000000000e+00 0.000000000000e+00 0.000000000000e+00 0.000000000000e+00 0.000000000000e+00 0.000000000000e+00 
9.430000000000e+00 2.702783080568e-02 4.723207430276e-01 8.371965294303e-03 1.474284249969e+05 1.414980999960e+05 1.079801070835e+05 5.667082854557e+03 6.333088963685e+02 2.600000000000e+06 0.000000000000e+00 -8.752000000000e-01 -8.752000000000e-01 0.000000000000e+00 0.000000000000e+00 0.000000000000e+00 -0.000000000000e+00 3.064613369842e-02 0.000000000000e+00 0.000000000000e+00 0.000000000000e+00 0.000000000000e+00 0.000000000000e+00 0.000000000000e+00 
9.435000000000e+00 2.698731747743e-02 4.688939755189e-01 8.050735706217e-03 1.468771814925e+05 1.409862099119e+05 1.078665444490e+05 5.669142896396e+03 6.330453104827e+02 2.600000000000e+06 0.000000000000e+00 -8.752000000000e-01 -8.752000000000e-01 0.000000000000e+00 0.000000000000e+00 0.000000000000e+00 -0.000000000000e+00 3.060019672002e-02 0.000000000000e+00 0.000000000000e+00 0.000000000000e+00 0.000000000000e+00 0.000000000000e+00 0.000000000000e+00 
9.440000000000e+00 2.694841195246e-02 4.660774186062e-01 7.725229047641e-03 1.463519132131e+05 1.404927794871e+05 1.077589371190e+05 5.671125871601e+03 6.328056489209e+02 2.600000000000e+06 0.000000000000e+00 -8.752000000000e-01 -8.752000000000e-01 0.000000000000e+00 0.000000000000e+00 0.000000000000e+00 -0.000000000000e+00 3.055608278674e-02 0.000000000000e+00 0.000000000000e+00 0.000000000000e+00 0.000000000000e+00 0.000000000000e+00 0.000000000000e+00 
9.445000000000e+00 2.691110593723e-02 4.637462637384e-01 7.407710636518e-03 1.458494822161e+05 1.400179200909e+05 1.076570701703e+05 5.673031948871e+03 6.325881115814e+02 2.600000000000e+06 0.000000000000e+00 -8.752000000000e-01 -8.752000000000e-01 0.000000000000e+00 0.000000000000e+00 0.000000000000e+00 -0.000000000000e+00 3.051378249475e-02 0.000000000000e+00 0.000000000000e+00 0.000000000000e+00 0.000000000000e+00 0.000000000000e+00 0.000000000000e+00 
9.450000000000e+00 2.687532602689e-02 4.617469084760e-01 7.111663774109e-03 1.453654147881e+05 1.395609012501e+05 1.075605667200e+05 5.674864725679e+03 6.323906564623e+02 2.600000000000e+06 0.000000000000e+00 -8.752000000000e-01 -8.752000000000e-01 0.000000000000e+00 0.000000000000e+00 0.000000000000e+00 -0.000000000000e+00 3.047321261227e-02 0.000000000000e+00 0.000000000000e+00 0.000000000000e+00 0.000000000000e+00 0.000000000000e+00 0.000000000000e+00 
9.455000000000e+00 2.684091873191e-02 4.598835560868e-01 6.854644113997e-03 1.448929583780e+05 1.391199447779e+05 1.074688576289e+05 5.676632128566e+03 6.322110131108e+02 2.600000000000e+06 0.000000000000e+00 -8.752000000000e-01 -8.752000000000e-01 0.000000000000e+00 0.000000000000e+00 0.000000000000e+00 -0.000000000000e+00 3.043419910162e-02 0.000000000000e+00 0.000000000000e+00 0.000000000000e+00 0.000000000000e+00 0.000000000000e+00 0.000000000000e+00 
9.460000000000e+00 2.680764363619e-02 4.579232264611e-01 6.654673884177e-03 1.444238575924e+05 1.386921214472e+05 1.073811736896e+05 5.678346695421e+03 6.320467467213e+02 2.600000000000e+06 0.000000000000e+00 -8.752000000000e-01 -8.752000000000e-01 0.000000000000e+00 0.000000000000e+00 0.000000000000e+00 -0.000000000000e+00 3.039646936141e-02 0.000000000000e+00 0.000000000000e+00 0.000000000000e+00 0.000000000000e+00 0.000000000000e+00 0.000000000000e+00 
9.465000000000e+00 2.677515996954e-02 4.555957530271e-01 6.532205352833e-03 1.439476532582e+05 1.382731623008e+05 1.072965205694e+05 5.680026374360e+03 6.318952912610e+02 2.600000000000e+06 0.000000000000e+00 -8.752000000000e-01 -8.752000000000e-01 0.000000000000e+00 0.000000000000e+00 0.000000000000e+00 -0.000000000000e+00 3.035963700145e-02 0.000000000000e+00 0.000000000000e+00 0.000000000000e+00 0.000000000000e+00 0.000000000000e+00 0.000000000000e+00 
9.470000000000e+00 2.674303109312e-02 4.525928666600e-01 6.503784444384e-03 1.434533171050e+05 1.378574994828e+05 1.072137011588e+05 5.681694136684e+03 6.317540734098e+02 2.600000000000e+06 0.000000000000e+00 -8.752000000000e-01 -8.752000000000e-01 0.000000000000e+00 0.000000000000e+00 0.000000000000e+00 -0.000000000000e+00 3.032320692866e-02 0.000000000000e+00 0.000000000000e+00 0.000000000000e+00 0.000000000000e+00 0.000000000000e+00 0.000000000000e+00 
9.475000000000e+00 2.671074840453e-02 4.486211747463e-01 6.588095391456e-03 1.429281176264e+05 1.374385598691e+05 1.071313865007e+05 5.683376966565e+03 6.316207083828e+02 2.600000000000e+06 0.000000000000e+00 -8.752000000000e-01 -8.752000000000e-01 0.000000000000e+00 0.000000000000e+00 0.000000000000e+00 -0.000000000000e+00 3.028660245238e-02 0.000000000000e+00 0.000000000000e+00 0.000000000000e+00 0.000000000000e+00 0.000000000000e+00 0.000000000000e+00 
9.480000000000e+00 2.667774975177e-02 4.434203759870e-01 6.798117052917e-03 1.423598478270e+05 1.370089904573e+05 1.070481702513e+05 5.685104690134e+03 6.314931501644e+02 2.600000000000e+06 0.000000000000e+00 -8.752000000000e-01 -8.752000000000e-01 0.000000000000e+00 0.000000000000e+00 0.000000000000e+00 -0.000000000000e+00 3.024918616353e-02 0.000000000000e+00 0.000000000000e+00 0.000000000000e+00 0.000000000000e+00 0.000000000000e+00 0.000000000000e+00 
9.485000000000e+00 2.664346705197e-02 4.368026072477e-01 7.122520500473e-03 1.417422197632e+05 1.365612663933e+05 1.069626947309e+05 5.686906930974e+03 6.313699355622e+02 2.600000000000e+06 0.000000000000e+00 -8.752000000000e-01 -8.752000000000e-01 0.000000000000e+00 0.000000000000e+00 0.000000000000e+00 -0.000000000000e+00 3.021031392811e-02 0.000000000000e+00 0.000000000000e+00 0.000000000000e+00 0.000000000000e+00 0.000000000000e+00 0.000000000000e+00 
9.490000000000e+00 2.660736475889e-02 4.286696883195e-01 7.550085642878e-03 1.410693908147e+05 1.360881865342e+05 1.068737489704e+05 5.688811885344e+03 6.312503465223e+02 2.600000000000e+06 0.000000000000e+00 -8.752000000000e-01 -8.752000000000e-01 0.000000000000e+00 0.000000000000e+00 0.000000000000e+00 -0.000000000000e+00 3.016937850463e-02 0.000000000000e+00 0.000000000000e+00 0.000000000000e+00 0.000000000000e+00 0.000000000000e+00 0.000000000000e+00 
9.495000000000e+00 2.656898929551e-02 4.190471712481e-01 8.057513570550e-03 1.403397918618e+05 1.355835202009e+05 1.067803883958e+05 5.690843344180e+03 6.311345579211e+02 2.600000000000e+06 0.000000000000e+00 -8.752000000000e-01 -8.752000000000e-01 0.000000000000e+00 0.000000000000e+00 0.000000000000e+00 -0.000000000000e+00 3.012586559422e-02 0.000000000000e+00 0.000000000000e+00 0.000000000000e+00 0.000000000000e+00 0.000000000000e+00 0.000000000000e+00 
9.500000000000e+00 2.652802099500e-02 4.080790149796e-01 8.611002870119e-03 1.395565808711e+05 1.350427000443e+05 1.066820517492e+05 5.693017981863e+03 6.310237083674e+02 2.600000000000e+06 0.000000000000e+00 -8.752000000000e-01 -8.752000000000e-01 0.000000000000e+00 0.000000000000e+00 0.000000000000e+00 -0.000000000000e+00 3.007941273524e-02 0.000000000000e+00 0.000000000000e+00 0.000000000000e+00 0.000000000000e+00 0.000000000000e+00 0.000000000000e+00 
9.505000000000e+00 2.648429754160e-02 3.960351651543e-01 9.177701958167e-03 1.387251687060e+05 1.344631549815e+05 1.065785991683e+05 5.695344417116e+03 6.309197935483e+02 2.600000000000e+06 0.000000000000e+00 -8.752000000000e-01 -8.752000000000e-01 0.000000000000e+00 0.000000000000e+00 0.000000000000e+00 -0.000000000000e+00 3.002983588219e-02 0.000000000000e+00 0.000000000000e+00 0.000000000000e+00 0.000000000000e+00 0.000000000000e+00 0.000000000000e+00 
9.510000000000e+00 2.643783859751e-02 3.832856452223e-01 9.721582294868e-03 1.378546779710e+05 1.338446731643e+05 1.064703446357e+05 5.697821678760e+03 6.308254801094e+02 2.600000000000e+06 0.000000000000e+00 -8.752000000000e-01 -8.752000000000e-01 0.000000000000e+00 0.000000000000e+00 0.000000000000e+00 -0.000000000000e+00 2.997715732951e-02 0.000000000000e+00 0.000000000000e+00 0.000000000000e+00 0.000000000000e+00 0.000000000000e+00 0.000000000000e+00 
9.515000000000e+00 2.638884321435e-02 3.702715136583e-01 1.020933048407e-02 1.369564563128e+05 1.331894179286e+05 1.063580167928e+05 5.700439393441e+03 6.307437828738e+02 2.600000000000e+06 0.000000000000e+00 -8.752000000000e-01 -8.752000000000e-01 0.000000000000e+00 0.000000000000e+00 0.000000000000e+00 -0.000000000000e+00 2.992160277651e-02 0.000000000000e+00 0.000000000000e+00 0.000000000000e+00 0.000000000000e+00 0.000000000000e+00 0.000000000000e+00 
9.520000000000e+00 2.633766609561e-02 3.574431749820e-01 1.061092826548e-02 1.360435861002e+05 1.325016678296e+05 1.062426690370e+05 5.703178912726e+03 6.306776820620e+02 2.600000000000e+06 0.000000000000e+00 -8.752000000000e-01 -8.752000000000e-01 0.000000000000e+00 0.000000000000e+00 0.000000000000e+00 -0.000000000000e+00 2.986357441198e-02 0.000000000000e+00 0.000000000000e+00 0.000000000000e+00 0.000000000000e+00 0.000000000000e+00 0.000000000000e+00 
9.525000000000e+00 2.628478972242e-02 3.452427590114e-01 1.090460750483e-02 1.351292042932e+05 1.317874995030e+05 1.061255836849e+05 5.706014809979e+03 6.306297643234e+02 2.600000000000e+06 0.000000000000e+00 -8.752000000000e-01 -8.752000000000e-01 0.000000000000e+00 0.000000000000e+00 0.000000000000e+00 -0.000000000000e+00 2.980361930834e-02 0.000000000000e+00 0.000000000000e+00 0.000000000000e+00 0.000000000000e+00 0.000000000000e+00 0.000000000000e+00 
9.530000000000e+00 2.623079011322e-02 3.340622974647e-01 1.107730568110e-02 1.342258413124e+05 1.310543773172e+05 1.060081687874e+05 5.708916597281e+03 6.306019199838e+02 2.600000000000e+06 0.000000000000e+00 -8.752000000000e-01 -8.752000000000e-01 0.000000000000e+00 0.000000000000e+00 0.000000000000e+00 -0.000000000000e+00 2.974239059749e-02 0.000000000000e+00 0.000000000000e+00 0.000000000000e+00 0.000000000000e+00 0.000000000000e+00 0.000000000000e+00 
9.535000000000e+00 2.617629424272e-02 3.242220965716e-01 1.112200518724e-02 1.333454123024e+05 1.303106155906e+05 1.058918471547e+05 5.711850829212e+03 6.305951339286e+02 2.600000000000e+06 0.000000000000e+00 -8.752000000000e-01 -8.752000000000e-01 0.000000000000e+00 0.000000000000e+00 0.000000000000e+00 -0.000000000000e+00 2.968059918923e-02 0.000000000000e+00 0.000000000000e+00 0.000000000000e+00 0.000000000000e+00 0.000000000000e+00 0.000000000000e+00 
9.540000000000e+00 2.612192859295e-02 3.159562184476e-01 1.104183684692e-02 1.324973221088e+05 1.295646982706e+05 1.057779399920e+05 5.714783960101e+03 6.306094061783e+02 2.600000000000e+06 0.000000000000e+00 -8.752000000000e-01 -8.752000000000e-01 0.000000000000e+00 0.000000000000e+00 0.000000000000e+00 -0.000000000000e+00 2.961895543477e-02 0.000000000000e+00 0.000000000000e+00 0.000000000000e+00 0.000000000000e+00 0.000000000000e+00 0.000000000000e+00 
9.545000000000e+00 2.606828200183e-02 3.093941174267e-01 1.084853606572e-02 1.316882250632e+05 1.288247695796e+05 1.056675947706e+05 5.717684312093e+03 6.306438088423e+02 2.600000000000e+06 0.000000000000e+00 -8.752000000000e-01 -8.752000000000e-01 0.000000000000e+00 0.000000000000e+00 0.000000000000e+00 -0.000000000000e+00 2.955812700166e-02 0.000000000000e+00 0.000000000000e+00 0.000000000000e+00 0.000000000000e+00 0.000000000000e+00 0.000000000000e+00 
9.550000000000e+00 2.601587166785e-02 3.045586690906e-01 1.055923342206e-02 1.309222657684e+05 1.280981475565e+05 1.055617301037e+05 5.720523868217e+03 6.306966460125e+02 2.600000000000e+06 0.000000000000e+00 -8.752000000000e-01 -8.752000000000e-01 0.000000000000e+00 0.000000000000e+00 0.000000000000e+00 -0.000000000000e+00 2.949870032741e-02 0.000000000000e+00 0.000000000000e+00 0.000000000000e+00 0.000000000000e+00 0.000000000000e+00 0.000000000000e+00 
9.555000000000e+00 2.596512244357e-02 3.013719352330e-01 1.019393390933e-02 1.302013642794e+05 1.273910048966e+05 1.054610150338e+05 5.723279404373e+03 6.307656775374e+02 2.600000000000e+06 0.000000000000e+00 -8.752000000000e-01 -8.752000000000e-01 0.000000000000e+00 0.000000000000e+00 0.000000000000e+00 -0.000000000000e+00 2.944115714096e-02 0.000000000000e+00 0.000000000000e+00 0.000000000000e+00 0.000000000000e+00 0.000000000000e+00 0.000000000000e+00 
9.560000000000e+00 2.591635654226e-02 2.996793136186e-01 9.774668975158e-03 1.295252432251e+05 1.267081854859e+05 1.053658720695e+05 5.725933127760e+03 6.308483621410e+02 2.600000000000e+06 0.000000000000e+00 -8.752000000000e-01 -8.752000000000e-01 0.000000000000e+00 0.000000000000e+00 0.000000000000e+00 -0.000000000000e+00 2.938586279130e-02 0.000000000000e+00 0.000000000000e+00 0.000000000000e+00 0.000000000000e+00 0.000000000000e+00 0.000000000000e+00 
9.565000000000e+00 2.586978170857e-02 2.992728542359e-01 9.324571167843e-03 1.288914555666e+05 1.260529954861e+05 1.052764773772e+05 5.728473403192e+03 6.309421075768e+02 2.600000000000e+06 0.000000000000e+00 -8.752000000000e-01 -8.752000000000e-01 0.000000000000e+00 0.000000000000e+00 0.000000000000e+00 -0.000000000000e+00 2.933305283454e-02 0.000000000000e+00 0.000000000000e+00 0.000000000000e+00 0.000000000000e+00 0.000000000000e+00 0.000000000000e+00 
9.570000000000e+00 2.582549833131e-02 2.999069931542e-01 8.863951798783e-03 1.282965097541e+05 1.254272604581e+05 1.051927958628e+05 5.730894339383e+03 6.310444705794e+02 2.600000000000e+06 0.000000000000e+00 -8.752000000000e-01 -8.752000000000e-01 0.000000000000e+00 0.000000000000e+00 0.000000000000e+00 -0.000000000000e+00 2.928284109885e-02 0.000000000000e+00 0.000000000000e+00 0.000000000000e+00 0.000000000000e+00 0.000000000000e+00 0.000000000000e+00 
9.575000000000e+00 2.578351044520e-02 3.013142234420e-01 8.409523278380e-03 1.277362509971e+05 1.248314441854e+05 1.051146190166e+05 5.733195245061e+03 6.311533038509e+02 2.600000000000e+06 0.000000000000e+00 -8.752000000000e-01 -8.752000000000e-01 0.000000000000e+00 0.000000000000e+00 0.000000000000e+00 -0.000000000000e+00 2.923523215910e-02 0.000000000000e+00 0.000000000000e+00 0.000000000000e+00 0.000000000000e+00 0.000000000000e+00 0.000000000000e+00 
9.580000000000e+00 2.574373414319e-02 3.032362264647e-01 7.978134634625e-03 1.272050171222e+05 1.242647385416e+05 1.050415933301e+05 5.735380356930e+03 6.312668647507e+02 2.600000000000e+06 0.000000000000e+00 -8.752000000000e-01 -8.752000000000e-01 0.000000000000e+00 0.000000000000e+00 0.000000000000e+00 -0.000000000000e+00 2.919013087534e-02 0.000000000000e+00 0.000000000000e+00 0.000000000000e+00 0.000000000000e+00 0.000000000000e+00 0.000000000000e+00 
9.585000000000e+00 2.570602154739e-02 3.054424182779e-01 7.581941416527e-03 1.266972961839e+05 1.237253830376e+05 1.049732730019e+05 5.737457404525e+03 6.313838372144e+02 2.600000000000e+06 0.000000000000e+00 -8.752000000000e-01 -8.752000000000e-01 0.000000000000e+00 0.000000000000e+00 0.000000000000e+00 -0.000000000000e+00 2.914736957277e-02 0.000000000000e+00 0.000000000000e+00 0.000000000000e+00 0.000000000000e+00 0.000000000000e+00 0.000000000000e+00 
9.590000000000e+00 2.567018333861e-02 3.077183109493e-01 7.227677185548e-03 1.262082958262e+05 1.232109744493e+05 1.049091649353e+05 5.739436363617e+03 6.315033068206e+02 2.600000000000e+06 0.000000000000e+00 -8.752000000000e-01 -8.752000000000e-01 0.000000000000e+00 0.000000000000e+00 0.000000000000e+00 -0.000000000000e+00 2.910673358746e-02 0.000000000000e+00 0.000000000000e+00 0.000000000000e+00 0.000000000000e+00 0.000000000000e+00 0.000000000000e+00 
9.595000000000e+00 2.563599727673e-02 3.098862980988e-01 6.919740251571e-03 1.257332767945e+05 1.227185830828e+05 1.048487452182e+05 5.741329096349e+03 6.316247473984e+02 2.600000000000e+06 0.000000000000e+00 -8.752000000000e-01 -8.752000000000e-01 0.000000000000e+00 0.000000000000e+00 0.000000000000e+00 -0.000000000000e+00 2.906797092726e-02 0.000000000000e+00 0.000000000000e+00 0.000000000000e+00 0.000000000000e+00 0.000000000000e+00 0.000000000000e+00 
9.600000000000e+00 2.560322725226e-02 3.118117603120e-01 6.659176114906e-03 1.252681377808e+05 1.222450248789e+05 1.047914924967e+05 5.743148259796e+03 6.317479525012e+02 2.600000000000e+06 0.000000000000e+00 -8.752000000000e-01 -8.752000000000e-01 0.000000000000e+00 0.000000000000e+00 0.000000000000e+00 -0.000000000000e+00 2.903081387398e-02 0.000000000000e+00 0.000000000000e+00 0.000000000000e+00 0.000000000000e+00 0.000000000000e+00 0.000000000000e+00 
9.605000000000e+00 2.557164034134e-02 3.134040256754e-01 6.443778609539e-03 1.248096746028e+05 1.217871100849e+05 1.047369156957e+05 5.744906350436e+03 6.318729519631e+02 2.600000000000e+06 0.000000000000e+00 -8.752000000000e-01 -8.752000000000e-01 0.000000000000e+00 0.000000000000e+00 0.000000000000e+00 -0.000000000000e+00 2.899499832145e-02 0.000000000000e+00 0.000000000000e+00 0.000000000000e+00 0.000000000000e+00 0.000000000000e+00 0.000000000000e+00 
9.610000000000e+00 2.554101943886e-02 3.146125112131e-01 6.269706948525e-03 1.243553639279e+05 1.213418317046e+05 1.046845726674e+05 5.746615037703e+03 6.319999309173e+02 2.600000000000e+06 0.000000000000e+00 -8.752000000000e-01 -8.752000000000e-01 0.000000000000e+00 0.000000000000e+00 0.000000000000e+00 -0.000000000000e+00 2.896027810003e-02 0.000000000000e+00 0.000000000000e+00 0.000000000000e+00 0.000000000000e+00 0.000000000000e+00 0.000000000000e+00 
9.615000000000e+00 2.551117296123e-02 3.154256917166e-01 6.130533362183e-03 1.239037814304e+05 1.209065136730e+05 1.046340830729e+05 5.748284570874e+03 6.321291528162e+02 2.600000000000e+06 0.000000000000e+00 -8.752000000000e-01 -8.752000000000e-01 0.000000000000e+00 0.000000000000e+00 0.000000000000e+00 -0.000000000000e+00 2.892643597820e-02 0.000000000000e+00 0.000000000000e+00 0.000000000000e+00 0.000000000000e+00 0.000000000000e+00 0.000000000000e+00 
9.620000000000e+00 2.548194269727e-02 3.158631285038e-01 6.019442291170e-03 1.234541504411e+05 1.204789335263e+05 1.045851377232e+05 5.749923392019e+03 6.322608859076e+02 2.600000000000e+06 0.000000000000e+00 -8.752000000000e-01 -8.752000000000e-01 0.000000000000e+00 0.000000000000e+00 0.000000000000e+00 -0.000000000000e+00 2.889329256455e-02 0.000000000000e+00 0.000000000000e+00 0.000000000000e+00 0.000000000000e+00 0.000000000000e+00 0.000000000000e+00 
9.625000000000e+00 2.545320534932e-02 3.159674614444e-01 5.929428154939e-03 1.230063181220e+05 1.200573535606e+05 1.045374972275e+05 5.751538035321e+03 6.323953565050e+02 2.600000000000e+06 0.000000000000e+00 -8.752000000000e-01 -8.752000000000e-01 0.000000000000e+00 0.000000000000e+00 0.000000000000e+00 -0.000000000000e+00 2.886070805516e-02 0.000000000000e+00 0.000000000000e+00 0.000000000000e+00 0.000000000000e+00 0.000000000000e+00 0.000000000000e+00 
9.630000000000e+00 2.542487086678e-02 3.157985525768e-01 5.854030187993e-03 1.225605346508e+05 1.196405044823e+05 1.044909856740e+05 5.753133226316e+03 6.325327205987e+02 2.600000000000e+06 0.000000000000e+00 -8.752000000000e-01 -8.752000000000e-01 0.000000000000e+00 0.000000000000e+00 0.000000000000e+00 -0.000000000000e+00 2.882858034408e-02 0.000000000000e+00 0.000000000000e+00 0.000000000000e+00 0.000000000000e+00 0.000000000000e+00 0.000000000000e+00 
9.635000000000e+00 2.539688217582e-02 3.154247383444e-01 5.786709670364e-03 1.221176183773e+05 1.192275888211e+05 1.044454870515e+05 5.754711858850e+03 6.326730330959e+02 2.600000000000e+06 0.000000000000e+00 -8.752000000000e-01 -8.752000000000e-01 0.000000000000e+00 0.000000000000e+00 0.000000000000e+00 -0.000000000000e+00 2.879684471680e-02 0.000000000000e+00 0.000000000000e+00 0.000000000000e+00 0.000000000000e+00 0.000000000000e+00 0.000000000000e+00 
9.640000000000e+00 2.536921249573e-02 3.149190972044e-01 5.721883375451e-03 1.216786370608e+05 1.188182482299e+05 1.044009380673e+05 5.756275165372e+03 6.328162322737e+02 2.600000000000e+06 0.000000000000e+00 -8.752000000000e-01 -8.752000000000e-01 0.000000000000e+00 0.000000000000e+00 0.000000000000e+00 -0.000000000000e+00 2.876547080740e-02 0.000000000000e+00 0.000000000000e+00 0.000000000000e+00 0.000000000000e+00 0.000000000000e+00 0.000000000000e+00 
9.645000000000e+00 2.534186006661e-02 3.143528874670e-01 5.655027096181e-03 1.212447941041e+05 1.184124914722e+05 1.043573172902e+05 5.757823005030e+03 6.329621425689e+02 2.600000000000e+06 0.000000000000e+00 -8.752000000000e-01 -8.752000000000e-01 0.000000000000e+00 0.000000000000e+00 0.000000000000e+00 -0.000000000000e+00 2.873445662038e-02 0.000000000000e+00 0.000000000000e+00 0.000000000000e+00 0.000000000000e+00 0.000000000000e+00 0.000000000000e+00 
9.650000000000e+00 2.531484315865e-02 3.137914311580e-01 5.582677656589e-03 1.208173459177e+05 1.180106251813e+05 1.043146353552e+05 5.759354135757e+03 6.331104821214e+02 2.600000000000e+06 0.000000000000e+00 -8.752000000000e-01 -8.752000000000e-01 0.000000000000e+00 0.000000000000e+00 0.000000000000e+00 -0.000000000000e+00 2.870382287183e-02 0.000000000000e+00 0.000000000000e+00 0.000000000000e+00 0.000000000000e+00 0.000000000000e+00 0.000000000000e+00 
9.655000000000e+00 2.528819452649e-02 3.132910416255e-01 5.502406368872e-03 1.203975171067e+05 1.176131750148e+05 1.042729248570e+05 5.760866520075e+03 6.332608791583e+02 2.600000000000e+06 0.000000000000e+00 -8.752000000000e-01 -8.752000000000e-01 0.000000000000e+00 0.000000000000e+00 0.000000000000e+00 -0.000000000000e+00 2.867360670133e-02 0.000000000000e+00 0.000000000000e+00 0.000000000000e+00 0.000000000000e+00 0.000000000000e+00 0.000000000000e+00 
9.660000000000e+00 2.526195756977e-02 3.128988063872e-01 5.412510676610e-03 1.199865196081e+05 1.172208309298e+05 1.042322334456e+05 5.762357527424e+03 6.334128842368e+02 2.600000000000e+06 0.000000000000e+00 -8.752000000000e-01 -8.752000000000e-01 0.000000000000e+00 0.000000000000e+00 0.000000000000e+00 -0.000000000000e+00 2.864385731860e-02 0.000000000000e+00 0.000000000000e+00 0.000000000000e+00 0.000000000000e+00 0.000000000000e+00 0.000000000000e+00 
9.665000000000e+00 2.523618069393e-02 3.126497787483e-01 5.312677546873e-03 1.195852784048e+05 1.168343644313e+05 1.041926145606e+05 5.763824274466e+03 6.335659973831e+02 2.600000000000e+06 0.000000000000e+00 -8.752000000000e-01 -8.752000000000e-01 0.000000000000e+00 0.000000000000e+00 0.000000000000e+00 -0.000000000000e+00 2.861462960925e-02 0.000000000000e+00 0.000000000000e+00 0.000000000000e+00 0.000000000000e+00 0.000000000000e+00 0.000000000000e+00 
9.670000000000e+00 2.521091181494e-02 3.125662601354e-01 5.203390933904e-03 1.191944985210e+05 1.164545465844e+05 1.041541188975e+05 5.765263917846e+03 6.337196997302e+02 2.600000000000e+06 0.000000000000e+00 -8.752000000000e-01 -8.752000000000e-01 0.000000000000e+00 0.000000000000e+00 0.000000000000e+00 -0.000000000000e+00 2.858597790393e-02 0.000000000000e+00 0.000000000000e+00 0.000000000000e+00 0.000000000000e+00 0.000000000000e+00 0.000000000000e+00 
9.675000000000e+00 2.518619512685e-02 3.126590421217e-01 5.085669015607e-03 1.188146807428e+05 1.160820988508e+05 1.041167897400e+05 5.766673831446e+03 6.338734757947e+02 2.600000000000e+06 0.000000000000e+00 -8.752000000000e-01 -8.752000000000e-01 0.000000000000e+00 0.000000000000e+00 0.000000000000e+00 -0.000000000000e+00 2.855795231309e-02 0.000000000000e+00 0.000000000000e+00 0.000000000000e+00 0.000000000000e+00 0.000000000000e+00 0.000000000000e+00 
9.680000000000e+00 2.516206877130e-02 3.129289234432e-01 4.960936214442e-03 1.184461159120e+05 1.157176568229e+05 1.040806598820e+05 5.768051738118e+03 6.340268325811e+02 2.600000000000e+06 0.000000000000e+00 -8.752000000000e-01 -8.752000000000e-01 0.000000000000e+00 0.000000000000e+00 0.000000000000e+00 -0.000000000000e+00 2.853059608450e-02 0.000000000000e+00 0.000000000000e+00 0.000000000000e+00 0.000000000000e+00 0.000000000000e+00 0.000000000000e+00 
9.685000000000e+00 2.513856307546e-02 3.133684423346e-01 4.830907341373e-03 1.180888854842e+05 1.153617420822e+05 1.040457495421e+05 5.769395810234e+03 6.341793165928e+02 2.600000000000e+06 0.000000000000e+00 -8.752000000000e-01 -8.752000000000e-01 0.000000000000e+00 0.000000000000e+00 0.000000000000e+00 -0.000000000000e+00 2.850394360533e-02 0.000000000000e+00 0.000000000000e+00 0.000000000000e+00 0.000000000000e+00 0.000000000000e+00 0.000000000000e+00 
9.690000000000e+00 2.511569972347e-02 3.139636633566e-01 4.697350543079e-03 1.177429109681e+05 1.150147479207e+05 1.040120657363e+05 5.770704713090e+03 6.343305255854e+02 2.600000000000e+06 0.000000000000e+00 -8.752000000000e-01 -8.752000000000e-01 0.000000000000e+00 0.000000000000e+00 0.000000000000e+00 -0.000000000000e+00 2.847801946267e-02 0.000000000000e+00 0.000000000000e+00 0.000000000000e+00 0.000000000000e+00 0.000000000000e+00 0.000000000000e+00 
9.695000000000e+00 2.509349165925e-02 3.146962589975e-01 4.562010419106e-03 1.174079723012e+05 1.146769361108e+05 1.039796027231e+05 5.771977611788e+03 6.344801154707e+02 2.600000000000e+06 0.000000000000e+00 -8.752000000000e-01 -8.752000000000e-01 0.000000000000e+00 0.000000000000e+00 0.000000000000e+00 -0.000000000000e+00 2.845283833326e-02 0.000000000000e+00 0.000000000000e+00 0.000000000000e+00 0.000000000000e+00 0.000000000000e+00 0.000000000000e+00 
9.700000000000e+00 2.507194341848e-02 3.155452663238e-01 4.426511734963e-03 1.170837389758e+05 1.143484403121e+05 1.039483430211e+05 5.773214152479e+03 6.346278037762e+02 2.600000000000e+06 0.000000000000e+00 -8.752000000000e-01 -8.752000000000e-01 0.000000000000e+00 0.000000000000e+00 0.000000000000e+00 -0.000000000000e+00 2.842840535999e-02 0.000000000000e+00 0.000000000000e+00 0.000000000000e+00 0.000000000000e+00 0.000000000000e+00 0.000000000000e+00 
9.705000000000e+00 2.505105207771e-02 3.164889242255e-01 4.292227099161e-03 1.167698217269e+05 1.140292790947e+05 1.039182592365e+05 5.774414406308e+03 6.347733679965e+02 2.600000000000e+06 0.000000000000e+00 -8.752000000000e-01 -8.752000000000e-01 0.000000000000e+00 0.000000000000e+00 0.000000000000e+00 -0.000000000000e+00 2.840471722804e-02 0.000000000000e+00 0.000000000000e+00 0.000000000000e+00 0.000000000000e+00 0.000000000000e+00 0.000000000000e+00 
9.710000000000e+00 2.503080861495e-02 3.175062872575e-01 4.160241160476e-03 1.164658050459e+05 1.137193755589e+05 1.038893163684e+05 5.775578792203e+03 6.349166398772e+02 2.600000000000e+06 0.000000000000e+00 -8.752000000000e-01 -8.752000000000e-01 0.000000000000e+00 0.000000000000e+00 0.000000000000e+00 -0.000000000000e+00 2.838176370763e-02 0.000000000000e+00 0.000000000000e+00 0.000000000000e+00 0.000000000000e+00 0.000000000000e+00 0.000000000000e+00 
9.715000000000e+00 2.501119938271e-02 3.185782195459e-01 4.031347388511e-03 1.161712728700e+05 1.134185790331e+05 1.038614741517e+05 5.776707993487e+03 6.350574975965e+02 2.600000000000e+06 0.000000000000e+00 -8.752000000000e-01 -8.752000000000e-01 0.000000000000e+00 0.000000000000e+00 0.000000000000e+00 -0.000000000000e+00 2.835952932422e-02 0.000000000000e+00 0.000000000000e+00 0.000000000000e+00 0.000000000000e+00 0.000000000000e+00 0.000000000000e+00 
9.720000000000e+00 2.499220741207e-02 3.196881293581e-01 3.906086581018e-03 1.158858201018e+05 1.131266845139e+05 1.038346890473e+05 5.777802884935e+03 6.351958579650e+02 2.600000000000e+06 0.000000000000e+00 -8.752000000000e-01 -8.752000000000e-01 0.000000000000e+00 0.000000000000e+00 0.000000000000e+00 -0.000000000000e+00 2.833799483720e-02 0.000000000000e+00 0.000000000000e+00 0.000000000000e+00 0.000000000000e+00 0.000000000000e+00 0.000000000000e+00 
9.725000000000e+00 2.497381372159e-02 3.208223642751e-01 3.784760589643e-03 1.156090711016e+05 1.128434524659e+05 1.038089161471e+05 5.778864458091e+03 6.353316676026e+02 2.600000000000e+06 0.000000000000e+00 -8.752000000000e-01 -8.752000000000e-01 0.000000000000e+00 0.000000000000e+00 0.000000000000e+00 -0.000000000000e+00 2.831713872405e-02 0.000000000000e+00 0.000000000000e+00 0.000000000000e+00 0.000000000000e+00 0.000000000000e+00 0.000000000000e+00 
9.730000000000e+00 2.495599911022e-02 3.219705270495e-01 3.667578168501e-03 1.153406699923e+05 1.125686363527e+05 1.037841116695e+05 5.779893722469e+03 6.354648896010e+02 2.600000000000e+06 0.000000000000e+00 -8.752000000000e-01 -8.752000000000e-01 0.000000000000e+00 0.000000000000e+00 0.000000000000e+00 -0.000000000000e+00 2.829693921319e-02 0.000000000000e+00 0.000000000000e+00 0.000000000000e+00 0.000000000000e+00 0.000000000000e+00 0.000000000000e+00 
9.735000000000e+00 2.493874396338e-02 3.231239727527e-01 3.554238810854e-03 1.150803925361e+05 1.123019797505e+05 1.037602326187e+05 5.780891702160e+03 6.355955042867e+02 2.600000000000e+06 0.000000000000e+00 -8.752000000000e-01 -8.752000000000e-01 0.000000000000e+00 0.000000000000e+00 0.000000000000e+00 -0.000000000000e+00 2.827737406419e-02 0.000000000000e+00 0.000000000000e+00 0.000000000000e+00 0.000000000000e+00 0.000000000000e+00 0.000000000000e+00 
9.740000000000e+00 2.492202967678e-02 3.242785763668e-01 3.444486891262e-03 1.148280177439e+05 1.120432384931e+05 1.037372386758e+05 5.781859371834e+03 6.357234976577e+02 2.600000000000e+06 0.000000000000e+00 -8.752000000000e-01 -8.752000000000e-01 0.000000000000e+00 0.000000000000e+00 0.000000000000e+00 -0.000000000000e+00 2.825842218212e-02 0.000000000000e+00 0.000000000000e+00 0.000000000000e+00 0.000000000000e+00 0.000000000000e+00 0.000000000000e+00 
9.745000000000e+00 2.490583884172e-02 3.254316360234e-01 3.338061717357e-03 1.145833448925e+05 1.117921838181e+05 1.037150923370e+05 5.782797643597e+03 6.358488587686e+02 2.600000000000e+06 0.000000000000e+00 -8.752000000000e-01 -8.752000000000e-01 0.000000000000e+00 0.000000000000e+00 0.000000000000e+00 -0.000000000000e+00 2.824006382775e-02 0.000000000000e+00 0.000000000000e+00 0.000000000000e+00 0.000000000000e+00 0.000000000000e+00 0.000000000000e+00 
9.750000000000e+00 2.489015564756e-02 3.265826277553e-01 3.234622506135e-03 1.143462212638e+05 1.115486088978e+05 1.036937593469e+05 5.783707340309e+03 6.359715754032e+02 2.600000000000e+06 0.000000000000e+00 -8.752000000000e-01 -8.752000000000e-01 0.000000000000e+00 0.000000000000e+00 0.000000000000e+00 -0.000000000000e+00 2.822228107379e-02 0.000000000000e+00 0.000000000000e+00 0.000000000000e+00 0.000000000000e+00 0.000000000000e+00 0.000000000000e+00 
9.755000000000e+00 2.487496549473e-02 3.277311813514e-01 3.133995479123e-03 1.141164673121e+05 1.113123231256e+05 1.036732080579e+05 5.784589225966e+03 6.360916359133e+02 2.600000000000e+06 0.000000000000e+00 -8.752000000000e-01 -8.752000000000e-01 0.000000000000e+00 0.000000000000e+00 0.000000000000e+00 -0.000000000000e+00 2.820505736620e-02 0.000000000000e+00 0.000000000000e+00 0.000000000000e+00 0.000000000000e+00 0.000000000000e+00 0.000000000000e+00 
9.760000000000e+00 2.486025552046e-02 3.288767134965e-01 3.035410128758e-03 1.138940974664e+05 1.110831605552e+05 1.036534100395e+05 5.785443948058e+03 6.362090240116e+02 2.600000000000e+06 0.000000000000e+00 -8.752000000000e-01 -8.752000000000e-01 0.000000000000e+00 0.000000000000e+00 0.000000000000e+00 -0.000000000000e+00 2.818837812022e-02 0.000000000000e+00 0.000000000000e+00 0.000000000000e+00 0.000000000000e+00 0.000000000000e+00 0.000000000000e+00 
9.765000000000e+00 2.484601384492e-02 3.300184124928e-01 2.939002223124e-03 1.136788906667e+05 1.108609684213e+05 1.036343389665e+05 5.786272132897e+03 6.363237237600e+02 2.600000000000e+06 0.000000000000e+00 -8.752000000000e-01 -8.752000000000e-01 0.000000000000e+00 0.000000000000e+00 0.000000000000e+00 -0.000000000000e+00 2.817222986565e-02 0.000000000000e+00 0.000000000000e+00 0.000000000000e+00 0.000000000000e+00 0.000000000000e+00 0.000000000000e+00 
9.770000000000e+00 2.483222781451e-02 3.311606762181e-01 2.844880434627e-03 1.134706189717e+05 1.106455798602e+05 1.036159682093e+05 5.787074455664e+03 6.364357331469e+02 2.600000000000e+06 0.000000000000e+00 -8.752000000000e-01 -8.752000000000e-01 0.000000000000e+00 0.000000000000e+00 0.000000000000e+00 -0.000000000000e+00 2.815659825487e-02 0.000000000000e+00 0.000000000000e+00 0.000000000000e+00 0.000000000000e+00 0.000000000000e+00 0.000000000000e+00 
9.775000000000e+00 2.481888663092e-02 3.323034408780e-01 2.752982040063e-03 1.132691324911e+05 1.104368550619e+05 1.035982743007e+05 5.787851481579e+03 6.365450423444e+02 2.600000000000e+06 0.000000000000e+00 -8.752000000000e-01 -8.752000000000e-01 0.000000000000e+00 0.000000000000e+00 0.000000000000e+00 -0.000000000000e+00 2.814147104400e-02 0.000000000000e+00 0.000000000000e+00 0.000000000000e+00 0.000000000000e+00 0.000000000000e+00 0.000000000000e+00 
9.780000000000e+00 2.480597962931e-02 3.334454094472e-01 2.663447440769e-03 1.130742261110e+05 1.102346545436e+05 1.035812345744e+05 5.788603779086e+03 6.366516470091e+02 2.600000000000e+06 0.000000000000e+00 -8.752000000000e-01 -8.752000000000e-01 0.000000000000e+00 0.000000000000e+00 0.000000000000e+00 -0.000000000000e+00 2.812683614045e-02 0.000000000000e+00 0.000000000000e+00 0.000000000000e+00 0.000000000000e+00 0.000000000000e+00 0.000000000000e+00 
9.785000000000e+00 2.479349515756e-02 3.345838587558e-01 2.576516688346e-03 1.128856490393e+05 1.100388216353e+05 1.035648256603e+05 5.789331981769e+03 6.367555572872e+02 2.600000000000e+06 0.000000000000e+00 -8.752000000000e-01 -8.752000000000e-01 0.000000000000e+00 0.000000000000e+00 0.000000000000e+00 -0.000000000000e+00 2.811268033220e-02 0.000000000000e+00 0.000000000000e+00 0.000000000000e+00 0.000000000000e+00 0.000000000000e+00 0.000000000000e+00 
9.790000000000e+00 2.478141998880e-02 3.357146016763e-01 2.492539090408e-03 1.127030919797e+05 1.098491732150e+05 1.035490227150e+05 5.790036823187e+03 6.368568027547e+02 2.600000000000e+06 0.000000000000e+00 -8.752000000000e-01 -8.752000000000e-01 0.000000000000e+00 0.000000000000e+00 0.000000000000e+00 -0.000000000000e+00 2.809898862164e-02 0.000000000000e+00 0.000000000000e+00 0.000000000000e+00 0.000000000000e+00 0.000000000000e+00 0.000000000000e+00 
9.795000000000e+00 2.476973888109e-02 3.368319797403e-01 2.411952890935e-03 1.125261851304e+05 1.096654927002e+05 1.035337988602e+05 5.790719162170e+03 6.369554362971e+02 2.600000000000e+06 0.000000000000e+00 -8.752000000000e-01 -8.752000000000e-01 0.000000000000e+00 0.000000000000e+00 0.000000000000e+00 -0.000000000000e+00 2.808574372637e-02 0.000000000000e+00 0.000000000000e+00 0.000000000000e+00 0.000000000000e+00 0.000000000000e+00 0.000000000000e+00 
9.800000000000e+00 2.475843423106e-02 3.379289300930e-01 2.335259361455e-03 1.123544993577e+05 1.094875244844e+05 1.035191247537e+05 5.791380002481e+03 6.370515372997e+02 2.600000000000e+06 0.000000000000e+00 -8.752000000000e-01 -8.752000000000e-01 0.000000000000e+00 0.000000000000e+00 0.000000000000e+00 -0.000000000000e+00 2.807292568636e-02 0.000000000000e+00 0.000000000000e+00 0.000000000000e+00 0.000000000000e+00 0.000000000000e+00 0.000000000000e+00 
9.805000000000e+00 2.474748575406e-02 3.389972303592e-01 2.263019906340e-03 1.121875414155e+05 1.093149687722e+05 1.035049682009e+05 5.792020511750e+03 6.371452146785e+02 2.600000000000e+06 0.000000000000e+00 -8.752000000000e-01 -8.752000000000e-01 0.000000000000e+00 0.000000000000e+00 0.000000000000e+00 -0.000000000000e+00 2.806051150143e-02 0.000000000000e+00 0.000000000000e+00 0.000000000000e+00 0.000000000000e+00 0.000000000000e+00 0.000000000000e+00 
9.810000000000e+00 2.473687037027e-02 3.400274622560e-01 2.195812565687e-03 1.120247640318e+05 1.091474796460e+05 1.034912940359e+05 5.792642026939e+03 6.372366081874e+02 2.600000000000e+06 0.000000000000e+00 -8.752000000000e-01 -8.752000000000e-01 0.000000000000e+00 0.000000000000e+00 0.000000000000e+00 -0.000000000000e+00 2.804847500197e-02 0.000000000000e+00 0.000000000000e+00 0.000000000000e+00 0.000000000000e+00 0.000000000000e+00 0.000000000000e+00 
9.815000000000e+00 2.472656216279e-02 3.410094139853e-01 2.134186946293e-03 1.118655777172e+05 1.089846642765e+05 1.034780640940e+05 5.793246055493e+03 6.373258890876e+02 2.600000000000e+06 0.000000000000e+00 -8.752000000000e-01 -8.752000000000e-01 0.000000000000e+00 0.000000000000e+00 0.000000000000e+00 -0.000000000000e+00 2.803678680151e-02 0.000000000000e+00 0.000000000000e+00 0.000000000000e+00 0.000000000000e+00 0.000000000000e+00 0.000000000000e+00 
9.820000000000e+00 2.471653251001e-02 3.419324263202e-01 2.078722537156e-03 1.117093366600e+05 1.088260848977e+05 1.034652374040e+05 5.793834269819e+03 6.374132592707e+02 2.600000000000e+06 0.000000000000e+00 -8.752000000000e-01 -8.752000000000e-01 0.000000000000e+00 0.000000000000e+00 0.000000000000e+00 -0.000000000000e+00 2.802541444676e-02 0.000000000000e+00 0.000000000000e+00 0.000000000000e+00 0.000000000000e+00 0.000000000000e+00 0.000000000000e+00 
9.825000000000e+00 2.470674997298e-02 3.427854082861e-01 2.029967917296e-03 1.115553537328e+05 1.086712569250e+05 1.034527700638e+05 5.794408511999e+03 6.374989524682e+02 2.600000000000e+06 0.000000000000e+00 -8.752000000000e-01 -8.752000000000e-01 0.000000000000e+00 0.000000000000e+00 0.000000000000e+00 -0.000000000000e+00 2.801432228994e-02 0.000000000000e+00 0.000000000000e+00 0.000000000000e+00 0.000000000000e+00 0.000000000000e+00 0.000000000000e+00 
9.830000000000e+00 2.469718060475e-02 3.435571743127e-01 1.988417262807e-03 1.114029123304e+05 1.085196537539e+05 1.034406156523e+05 5.794970774953e+03 6.375832317589e+02 2.600000000000e+06 0.000000000000e+00 -8.752000000000e-01 -8.752000000000e-01 0.000000000000e+00 0.000000000000e+00 0.000000000000e+00 -0.000000000000e+00 2.800347183951e-02 0.000000000000e+00 0.000000000000e+00 0.000000000000e+00 0.000000000000e+00 0.000000000000e+00 0.000000000000e+00 
9.835000000000e+00 2.468778811305e-02 3.442363271895e-01 1.954501083518e-03 1.112512717276e+05 1.083707092605e+05 1.034287254495e+05 5.795523192679e+03 6.376663882954e+02 2.600000000000e+06 0.000000000000e+00 -8.752000000000e-01 -8.752000000000e-01 0.000000000000e+00 0.000000000000e+00 0.000000000000e+00 -0.000000000000e+00 2.799282194465e-02 0.000000000000e+00 0.000000000000e+00 0.000000000000e+00 0.000000000000e+00 0.000000000000e+00 0.000000000000e+00 
9.840000000000e+00 2.467853444295e-02 3.448128787088e-01 1.928520669754e-03 1.110996954472e+05 1.082238269780e+05 1.034170491827e+05 5.796068003745e+03 6.377487362632e+02 2.600000000000e+06 0.000000000000e+00 -8.752000000000e-01 -8.752000000000e-01 0.000000000000e+00 0.000000000000e+00 0.000000000000e+00 -0.000000000000e+00 2.798232945588e-02 0.000000000000e+00 0.000000000000e+00 0.000000000000e+00 0.000000000000e+00 0.000000000000e+00 0.000000000000e+00 
9.845000000000e+00 2.466938083867e-02 3.452773971689e-01 1.910661052322e-03 1.109474658933e+05 1.080783969299e+05 1.034055363649e+05 5.796607489146e+03 6.378306034275e+02 2.600000000000e+06 0.000000000000e+00 -8.752000000000e-01 -8.752000000000e-01 0.000000000000e+00 0.000000000000e+00 0.000000000000e+00 -0.000000000000e+00 2.797195042907e-02 0.000000000000e+00 0.000000000000e+00 0.000000000000e+00 0.000000000000e+00 0.000000000000e+00 0.000000000000e+00 
9.850000000000e+00 2.466028964308e-02 3.456209644565e-01 1.901025378450e-03 1.107939056823e+05 1.079338242740e+05 1.033941385358e+05 5.797143867197e+03 6.379123148104e+02 2.600000000000e+06 0.000000000000e+00 -8.752000000000e-01 -8.752000000000e-01 0.000000000000e+00 0.000000000000e+00 0.000000000000e+00 -0.000000000000e+00 2.796164216580e-02 0.000000000000e+00 0.000000000000e+00 0.000000000000e+00 0.000000000000e+00 0.000000000000e+00 0.000000000000e+00 
9.855000000000e+00 2.465121966933e-02 3.458353868337e-01 1.899832518565e-03 1.106382425642e+05 1.077894557212e+05 1.033828034463e+05 5.797679573627e+03 6.379942341622e+02 2.600000000000e+06 0.000000000000e+00 -8.752000000000e-01 -8.752000000000e-01 0.000000000000e+00 0.000000000000e+00 0.000000000000e+00 -0.000000000000e+00 2.795135796541e-02 0.000000000000e+00 0.000000000000e+00 0.000000000000e+00 0.000000000000e+00 0.000000000000e+00 0.000000000000e+00 
9.860000000000e+00 2.464212903538e-02 3.459136662583e-01 1.907136715939e-03 1.104797367403e+05 1.076446244768e+05 1.033714786421e+05 5.798217084722e+03 6.380767388295e+02 2.600000000000e+06 0.000000000000e+00 -8.752000000000e-01 -8.752000000000e-01 0.000000000000e+00 0.000000000000e+00 0.000000000000e+00 -0.000000000000e+00 2.794105033897e-02 0.000000000000e+00 0.000000000000e+00 0.000000000000e+00 0.000000000000e+00 0.000000000000e+00 0.000000000000e+00 
9.865000000000e+00 2.463297604939e-02 3.458488244756e-01 1.922781094566e-03 1.103177092155e+05 1.074986643059e+05 1.033601125701e+05 5.798758863443e+03 6.381602117737e+02 2.600000000000e+06 0.000000000000e+00 -8.752000000000e-01 -8.752000000000e-01 0.000000000000e+00 0.000000000000e+00 0.000000000000e+00 -0.000000000000e+00 2.793067201322e-02 0.000000000000e+00 0.000000000000e+00 0.000000000000e+00 0.000000000000e+00 0.000000000000e+00 0.000000000000e+00 
9.870000000000e+00 2.462372054635e-02 3.456385379784e-01 1.946646760405e-03 1.101514947868e+05 1.073509308581e+05 1.033486562294e+05 5.799307289066e+03 6.382450292916e+02 2.600000000000e+06 0.000000000000e+00 -8.752000000000e-01 -8.752000000000e-01 0.000000000000e+00 0.000000000000e+00 0.000000000000e+00 -0.000000000000e+00 2.792017744613e-02 0.000000000000e+00 0.000000000000e+00 0.000000000000e+00 0.000000000000e+00 0.000000000000e+00 0.000000000000e+00 
9.875000000000e+00 2.461432246161e-02 3.452792625154e-01 1.978610231354e-03 1.099804293778e+05 1.072007789181e+05 1.033370613924e+05 5.799864740044e+03 6.383315739645e+02 2.600000000000e+06 0.000000000000e+00 -8.752000000000e-01 -8.752000000000e-01 0.000000000000e+00 0.000000000000e+00 0.000000000000e+00 -0.000000000000e+00 2.790952120947e-02 0.000000000000e+00 0.000000000000e+00 0.000000000000e+00 0.000000000000e+00 0.000000000000e+00 0.000000000000e+00 
9.880000000000e+00 2.460474307855e-02 3.447691397996e-01 2.018351403661e-03 1.098039255894e+05 1.070475822878e+05 1.033252821508e+05 5.800433513520e+03 6.384202232547e+02 2.600000000000e+06 0.000000000000e+00 -8.752000000000e-01 -8.752000000000e-01 0.000000000000e+00 0.000000000000e+00 0.000000000000e+00 -0.000000000000e+00 2.789865940350e-02 0.000000000000e+00 0.000000000000e+00 0.000000000000e+00 0.000000000000e+00 0.000000000000e+00 0.000000000000e+00 
9.885000000000e+00 2.459494540189e-02 3.441071574326e-01 2.065470737091e-03 1.096214462039e+05 1.068907397593e+05 1.033132753666e+05 5.801015807298e+03 6.385113459754e+02 2.600000000000e+06 0.000000000000e+00 -8.752000000000e-01 -8.752000000000e-01 0.000000000000e+00 0.000000000000e+00 0.000000000000e+00 -0.000000000000e+00 2.788755008026e-02 0.000000000000e+00 0.000000000000e+00 0.000000000000e+00 0.000000000000e+00 0.000000000000e+00 0.000000000000e+00 
9.890000000000e+00 2.458489446425e-02 3.432933833261e-01 2.119548156418e-03 1.094324928927e+05 1.067296800353e+05 1.033010010362e+05 5.801613703694e+03 6.386052993300e+02 2.600000000000e+06 0.000000000000e+00 -8.752000000000e-01 -8.752000000000e-01 0.000000000000e+00 0.000000000000e+00 0.000000000000e+00 -0.000000000000e+00 2.787615359117e-02 0.000000000000e+00 0.000000000000e+00 0.000000000000e+00 0.000000000000e+00 0.000000000000e+00 0.000000000000e+00 
9.895000000000e+00 2.457455743981e-02 3.423293062998e-01 2.180106622059e-03 1.092366184754e+05 1.065638635715e+05 1.032884224153e+05 5.802229161462e+03 6.387024277108e+02 2.600000000000e+06 0.000000000000e+00 -8.752000000000e-01 -8.752000000000e-01 0.000000000000e+00 0.000000000000e+00 0.000000000000e+00 -0.000000000000e+00 2.786443271593e-02 0.000000000000e+00 0.000000000000e+00 0.000000000000e+00 0.000000000000e+00 0.000000000000e+00 0.000000000000e+00 
9.900000000000e+00 2.456390410104e-02 3.412182567152e-01 2.246566883786e-03 1.090334476641e+05 1.063927899375e+05 1.032755065566e+05 5.802863987015e+03 6.388030582305e+02 2.600000000000e+06 0.000000000000e+00 -8.752000000000e-01 -8.752000000000e-01 0.000000000000e+00 0.000000000000e+00 0.000000000000e+00 -0.000000000000e+00 2.785235318033e-02 0.000000000000e+00 0.000000000000e+00 0.000000000000e+00 0.000000000000e+00 0.000000000000e+00 0.000000000000e+00 
9.905000000000e+00 2.455290705292e-02 3.399637507639e-01 2.318406172438e-03 1.088226363867e+05 1.062160016452e+05 1.032622245677e+05 5.803519825920e+03 6.389074982314e+02 2.600000000000e+06 0.000000000000e+00 -8.752000000000e-01 -8.752000000000e-01 0.000000000000e+00 0.000000000000e+00 0.000000000000e+00 -0.000000000000e+00 2.783988392191e-02 0.000000000000e+00 0.000000000000e+00 0.000000000000e+00 0.000000000000e+00 0.000000000000e+00 0.000000000000e+00 
9.910000000000e+00 2.454154177838e-02 3.385703859338e-01 2.394956218932e-03 1.086039297528e+05 1.060330849695e+05 1.032485516325e+05 5.804198152900e+03 6.390160345083e+02 2.600000000000e+06 0.000000000000e+00 -8.752000000000e-01 -8.752000000000e-01 0.000000000000e+00 0.000000000000e+00 0.000000000000e+00 -0.000000000000e+00 2.782699714141e-02 0.000000000000e+00 0.000000000000e+00 0.000000000000e+00 0.000000000000e+00 0.000000000000e+00 0.000000000000e+00 
9.915000000000e+00 2.452978682026e-02 3.370439265147e-01 2.475587162347e-03 1.083771133784e+05 1.058436729873e+05 1.032344671919e+05 5.804900267214e+03 6.391289311622e+02 2.600000000000e+06 0.000000000000e+00 -8.752000000000e-01 -8.752000000000e-01 0.000000000000e+00 0.000000000000e+00 0.000000000000e+00 -0.000000000000e+00 2.781366850912e-02 0.000000000000e+00 0.000000000000e+00 0.000000000000e+00 0.000000000000e+00 0.000000000000e+00 0.000000000000e+00 
9.920000000000e+00 2.451762294193e-02 3.353822314338e-01 2.558172567165e-03 1.081424338949e+05 1.056474321692e+05 1.032199538979e+05 5.805627288294e+03 6.392464372379e+02 2.600000000000e+06 0.000000000000e+00 -8.752000000000e-01 -8.752000000000e-01 0.000000000000e+00 0.000000000000e+00 0.000000000000e+00 -0.000000000000e+00 2.779987621317e-02 0.000000000000e+00 0.000000000000e+00 0.000000000000e+00 0.000000000000e+00 0.000000000000e+00 0.000000000000e+00 
9.925000000000e+00 2.450502991797e-02 3.336019178767e-01 2.644546012725e-03 1.078989973316e+05 1.054440105796e+05 1.032049937796e+05 5.806380538854e+03 6.393688176937e+02 2.600000000000e+06 0.000000000000e+00 -8.752000000000e-01 -8.752000000000e-01 0.000000000000e+00 0.000000000000e+00 0.000000000000e+00 -0.000000000000e+00 2.778559732046e-02 0.000000000000e+00 0.000000000000e+00 0.000000000000e+00 0.000000000000e+00 0.000000000000e+00 0.000000000000e+00 
9.930000000000e+00 2.449199729579e-02 3.317121363202e-01 2.733233319188e-03 1.076470147945e+05 1.052332118072e+05 1.031895809932e+05 5.807160647847e+03 6.394962484598e+02 2.600000000000e+06 0.000000000000e+00 -8.752000000000e-01 -8.752000000000e-01 0.000000000000e+00 0.000000000000e+00 0.000000000000e+00 -0.000000000000e+00 2.777081997911e-02 0.000000000000e+00 0.000000000000e+00 0.000000000000e+00 0.000000000000e+00 0.000000000000e+00 0.000000000000e+00 
9.935000000000e+00 2.447851803013e-02 3.297206308409e-01 2.823526131016e-03 1.073865388243e+05 1.050148927228e+05 1.031737141020e+05 5.807968071719e+03 6.396288765532e+02 2.600000000000e+06 0.000000000000e+00 -8.752000000000e-01 -8.752000000000e-01 0.000000000000e+00 0.000000000000e+00 0.000000000000e+00 -0.000000000000e+00 2.775553620067e-02 0.000000000000e+00 0.000000000000e+00 0.000000000000e+00 0.000000000000e+00 0.000000000000e+00 0.000000000000e+00 
9.940000000000e+00 2.446458743232e-02 3.276356606412e-01 2.914762040209e-03 1.071176491597e+05 1.047889467308e+05 1.031573947626e+05 5.808803131189e+03 6.397668295743e+02 2.600000000000e+06 0.000000000000e+00 -8.752000000000e-01 -8.752000000000e-01 0.000000000000e+00 0.000000000000e+00 0.000000000000e+00 -0.000000000000e+00 2.773974066880e-02 0.000000000000e+00 0.000000000000e+00 0.000000000000e+00 0.000000000000e+00 0.000000000000e+00 0.000000000000e+00 
9.945000000000e+00 2.445020267230e-02 3.254647122247e-01 3.006579194413e-03 1.068403717564e+05 1.045552958910e+05 1.031406270822e+05 5.809666049538e+03 6.399102199977e+02 2.600000000000e+06 0.000000000000e+00 -8.752000000000e-01 -8.752000000000e-01 0.000000000000e+00 0.000000000000e+00 0.000000000000e+00 -0.000000000000e+00 2.772343017456e-02 0.000000000000e+00 0.000000000000e+00 0.000000000000e+00 0.000000000000e+00 0.000000000000e+00 0.000000000000e+00 
9.950000000000e+00 2.443536429737e-02 3.232181200121e-01 3.097953693457e-03 1.065549793256e+05 1.043139158254e+05 1.031234193216e+05 5.810556827333e+03 6.400591292904e+02 2.600000000000e+06 0.000000000000e+00 -8.752000000000e-01 -8.752000000000e-01 0.000000000000e+00 0.000000000000e+00 0.000000000000e+00 -0.000000000000e+00 2.770660533851e-02 0.000000000000e+00 0.000000000000e+00 0.000000000000e+00 0.000000000000e+00 0.000000000000e+00 0.000000000000e+00 
9.955000000000e+00 2.442007609205e-02 3.209053833653e-01 3.188510661743e-03 1.062616163475e+05 1.040648338327e+05 1.031057836276e+05 5.811475296254e+03 6.402136081586e+02 2.600000000000e+06 0.000000000000e+00 -8.752000000000e-01 -8.752000000000e-01 0.000000000000e+00 0.000000000000e+00 0.000000000000e+00 -0.000000000000e+00 2.768927021001e-02 0.000000000000e+00 0.000000000000e+00 0.000000000000e+00 0.000000000000e+00 0.000000000000e+00 0.000000000000e+00 
9.960000000000e+00 2.440434346655e-02 3.185358634110e-01 3.277768664582e-03 1.059604859567e+05 1.038081029881e+05 1.030877340804e+05 5.812421188134e+03 6.403736917882e+02 2.600000000000e+06 0.000000000000e+00 -8.752000000000e-01 -8.752000000000e-01 0.000000000000e+00 0.000000000000e+00 0.000000000000e+00 -0.000000000000e+00 2.767143146057e-02 0.000000000000e+00 0.000000000000e+00 0.000000000000e+00 0.000000000000e+00 0.000000000000e+00 0.000000000000e+00 
9.965000000000e+00 2.438817474701e-02 3.161183459561e-01 3.365271817569e-03 1.056518352285e+05 1.035438234912e+05 1.030692880967e+05 5.813394061687e+03 6.405393858645e+02 2.600000000000e+06 0.000000000000e+00 -8.752000000000e-01 -8.752000000000e-01 0.000000000000e+00 0.000000000000e+00 0.000000000000e+00 -0.000000000000e+00 2.765309822764e-02 0.000000000000e+00 0.000000000000e+00 0.000000000000e+00 0.000000000000e+00 0.000000000000e+00 0.000000000000e+00 
9.970000000000e+00 2.437157991907e-02 3.136612599640e-01 3.450652466115e-03 1.053359155225e+05 1.032721225149e+05 1.030504648995e+05 5.814393379266e+03 6.407106783571e+02 2.600000000000e+06 0.000000000000e+00 -8.752000000000e-01 -8.752000000000e-01 0.000000000000e+00 0.000000000000e+00 0.000000000000e+00 -0.000000000000e+00 2.763428183406e-02 0.000000000000e+00 0.000000000000e+00 0.000000000000e+00 0.000000000000e+00 0.000000000000e+00 0.000000000000e+00 
9.975000000000e+00 2.435457069759e-02 3.111728501885e-01 3.533520404106e-03 1.050130155558e+05 1.029931556436e+05 1.030312855226e+05 5.815418498127e+03 6.408875379725e+02 2.600000000000e+06 0.000000000000e+00 -8.752000000000e-01 -8.752000000000e-01 0.000000000000e+00 0.000000000000e+00 0.000000000000e+00 -0.000000000000e+00 2.761499556359e-02 0.000000000000e+00 0.000000000000e+00 0.000000000000e+00 0.000000000000e+00 0.000000000000e+00 0.000000000000e+00 
9.980000000000e+00 2.433716040565e-02 3.086611860966e-01 3.613568279242e-03 1.046834293827e+05 1.027071052025e+05 1.030117725986e+05 5.816468680777e+03 6.410699145515e+02 2.600000000000e+06 0.000000000000e+00 -8.752000000000e-01 -8.752000000000e-01 0.000000000000e+00 0.000000000000e+00 0.000000000000e+00 -0.000000000000e+00 2.759525452354e-02 0.000000000000e+00 0.000000000000e+00 0.000000000000e+00 0.000000000000e+00 0.000000000000e+00 0.000000000000e+00 
9.985000000000e+00 2.431936405520e-02 3.061342629818e-01 3.690499592654e-03 1.043474786250e+05 1.024141819077e+05 1.029919503724e+05 5.817543086894e+03 6.412577373566e+02 2.600000000000e+06 0.000000000000e+00 -8.752000000000e-01 -8.752000000000e-01 0.000000000000e+00 0.000000000000e+00 0.000000000000e+00 -0.000000000000e+00 2.757507573630e-02 0.000000000000e+00 0.000000000000e+00 0.000000000000e+00 0.000000000000e+00 0.000000000000e+00 0.000000000000e+00 
9.990000000000e+00 2.430119806125e-02 3.035990571220e-01 3.764007518913e-03 1.040055137835e+05 1.021146204967e+05 1.029718443061e+05 5.818640789081e+03 6.414509172130e+02 2.600000000000e+06 0.000000000000e+00 -8.752000000000e-01 -8.752000000000e-01 0.000000000000e+00 0.000000000000e+00 0.000000000000e+00 -0.000000000000e+00 2.755447781523e-02 0.000000000000e+00 0.000000000000e+00 0.000000000000e+00 0.000000000000e+00 0.000000000000e+00 0.000000000000e+00 
9.995000000000e+00 2.428267987802e-02 3.010624135776e-01 3.833934091499e-03 1.036578623192e+05 1.018086740295e+05 1.029514806097e+05 5.819760799846e+03 6.416493496104e+02 2.600000000000e+06 0.000000000000e+00 -8.752000000000e-01 -8.752000000000e-01 0.000000000000e+00 0.000000000000e+00 0.000000000000e+00 -0.000000000000e+00 2.753348055204e-02 0.000000000000e+00 0.000000000000e+00 0.000000000000e+00 0.000000000000e+00 0.000000000000e+00 0.000000000000e+00 
1.000000000000e+01 2.426382775551e-02 2.985301022570e-01 3.900107751453e-03 1.033048710832e+05 1.014966101275e+05 1.029308859184e+05 5.820902079988e+03 6.418529166733e+02 2.600000000000e+06 0.000000000000e+00 -8.752000000000e-01 -8.752000000000e-01 0.000000000000e+00 0.000000000000e+00 0.000000000000e+00 -0.000000000000e+00 2.751210464079e-02 0.000000000000e+00 0.000000000000e+00 0.000000000000e+00 0.000000000000e+00 0.000000000000e+00 0.000000000000e+00 
