9.000000000000e+00 8.753349070126e-03 -3.629887792908e-02 2.129625326461e-03 1.027337164724e+05 1.095925499144e+05 1.000000000000e+05 8.815820664661e+03 5.352509314561e+02 1.800000000000e+06 0.000000000000e+00 -8.752000000000e-01 -8.752000000000e-01 0.000000000000e+00 0.000000000000e+00 0.000000000000e+00 -0.000000000000e+00 1.966843864158e-02 0.000000000000e+00 0.000000000000e+00 0.000000000000e+00 0.000000000000e+00 0.000000000000e+00 0.000000000000e+00 
9.005000000000e+00 8.742740128493e-03 -3.619225484969e-02 2.119305963278e-03 1.023928574354e+05 1.092308831765e+05 1.000000000000e+05 8.818511846807e+03 5.357431117428e+02 1.800000000000e+06 0.000000000000e+00 -8.752000000000e-01 -8.752000000000e-01 0.000000000000e+00 0.000000000000e+00 0.000000000000e+00 -0.000000000000e+00 1.964460042150e-02 0.000000000000e+00 0.000000000000e+00 0.000000000000e+00 0.000000000000e+00 0.000000000000e+00 0.000000000000e+00 
9.010000000000e+00 8.732184191840e-03 -3.607964417216e-02 2.108520779255e-03 1.020543592543e+05 1.088699260568e+05 1.000000000000e+05 8.821193515970e+03 5.362336708777e+02 1.800000000000e+06 0.000000000000e+00 -8.752000000000e-01 -8.752000000000e-01 0.000000000000e+00 0.000000000000e+00 0.000000000000e+00 -0.000000000000e+00 1.962088098308e-02 0.000000000000e+00 0.000000000000e+00 0.000000000000e+00 0.000000000000e+00 0.000000000000e+00 0.000000000000e+00 
9.015000000000e+00 8.721683522476e-03 -3.596136811154e-02 2.097306789116e-03 1.017182027652e+05 1.085097684068e+05 1.000000000000e+05 8.823865054532e+03 5.367224933926e+02 1.800000000000e+06 0.000000000000e+00 -8.752000000000e-01 -8.752000000000e-01 0.000000000000e+00 0.000000000000e+00 0.000000000000e+00 -0.000000000000e+00 1.959728532798e-02 0.000000000000e+00 0.000000000000e+00 0.000000000000e+00 0.000000000000e+00 0.000000000000e+00 0.000000000000e+00 
9.020000000000e+00 8.711240176358e-03 -3.583775410135e-02 2.085699590041e-03 1.013843660861e+05 1.081504939323e+05 1.000000000000e+05 8.826525893787e+03 5.372094727333e+02 1.800000000000e+06 0.000000000000e+00 -8.752000000000e-01 -8.752000000000e-01 0.000000000000e+00 0.000000000000e+00 0.000000000000e+00 -0.000000000000e+00 1.957381807205e-02 0.000000000000e+00 0.000000000000e+00 0.000000000000e+00 0.000000000000e+00 0.000000000000e+00 0.000000000000e+00 
9.025000000000e+00 8.700856020577e-03 -3.570921161329e-02 2.073729755121e-03 1.010528368953e+05 1.077921806873e+05 1.000000000000e+05 8.829175508928e+03 5.376945105273e+02 1.800000000000e+06 0.000000000000e+00 -8.752000000000e-01 -8.752000000000e-01 0.000000000000e+00 0.000000000000e+00 0.000000000000e+00 -0.000000000000e+00 1.955048341270e-02 0.000000000000e+00 0.000000000000e+00 0.000000000000e+00 0.000000000000e+00 0.000000000000e+00 0.000000000000e+00 
9.030000000000e+00 8.690532746958e-03 -3.557607691793e-02 2.061442909906e-03 1.007235476010e+05 1.074349014433e+05 1.000000000000e+05 8.831813421279e+03 5.381775160265e+02 1.800000000000e+06 0.000000000000e+00 -8.752000000000e-01 -8.752000000000e-01 0.000000000000e+00 0.000000000000e+00 0.000000000000e+00 -0.000000000000e+00 1.952728508674e-02 0.000000000000e+00 0.000000000000e+00 0.000000000000e+00 0.000000000000e+00 0.000000000000e+00 0.000000000000e+00 
9.035000000000e+00 8.680271842894e-03 -3.543863307802e-02 2.048872696425e-03 1.003964619444e+05 1.070787225807e+05 1.000000000000e+05 8.834439198960e+03 5.386584075484e+02 1.800000000000e+06 0.000000000000e+00 -8.752000000000e-01 -8.752000000000e-01 0.000000000000e+00 0.000000000000e+00 0.000000000000e+00 -0.000000000000e+00 1.950422645179e-02 0.000000000000e+00 0.000000000000e+00 0.000000000000e+00 0.000000000000e+00 0.000000000000e+00 0.000000000000e+00 
9.040000000000e+00 8.670074621283e-03 -3.529722660283e-02 2.036052453088e-03 1.000715381592e+05 1.067237050225e+05 1.000000000000e+05 8.837052452709e+03 5.391371111540e+02 1.800000000000e+06 0.000000000000e+00 -8.752000000000e-01 -8.752000000000e-01 0.000000000000e+00 0.000000000000e+00 0.000000000000e+00 -0.000000000000e+00 1.948131050208e-02 0.000000000000e+00 0.000000000000e+00 0.000000000000e+00 0.000000000000e+00 0.000000000000e+00 0.000000000000e+00 
9.045000000000e+00 8.659942320492e-03 -3.515158957041e-02 2.022914408042e-03 9.974906243550e+04 1.063699076363e+05 1.000000000000e+05 8.839652783599e+03 5.396135560158e+02 1.800000000000e+06 0.000000000000e+00 -8.752000000000e-01 -8.752000000000e-01 0.000000000000e+00 0.000000000000e+00 0.000000000000e+00 -0.000000000000e+00 1.945854005719e-02 0.000000000000e+00 0.000000000000e+00 0.000000000000e+00 0.000000000000e+00 0.000000000000e+00 0.000000000000e+00 
9.050000000000e+00 8.649887729960e-03 -3.496888077920e-02 2.003616230357e-03 9.944867392955e+04 1.060177949157e+05 1.000000000000e+05 8.842235271797e+03 5.400871264353e+02 1.800000000000e+06 0.000000000000e+00 -8.752000000000e-01 -8.752000000000e-01 0.000000000000e+00 0.000000000000e+00 0.000000000000e+00 -0.000000000000e+00 1.943594389200e-02 0.000000000000e+00 0.000000000000e+00 0.000000000000e+00 0.000000000000e+00 0.000000000000e+00 0.000000000000e+00 
9.055000000000e+00 8.640000329538e-03 -3.465003525922e-02 1.955653902242e-03 9.924765428297e+04 1.056705339529e+05 1.000000000000e+05 8.844770728032e+03 5.405535818369e+02 1.800000000000e+06 0.000000000000e+00 -8.752000000000e-01 -8.752000000000e-01 0.000000000000e+00 0.000000000000e+00 0.000000000000e+00 -0.000000000000e+00 1.941372380938e-02 0.000000000000e+00 0.000000000000e+00 0.000000000000e+00 0.000000000000e+00 0.000000000000e+00 0.000000000000e+00 
9.060000000000e+00 8.630509256757e-03 -3.408484025767e-02 1.849103996556e-03 9.925329093971e+04 1.053362532924e+05 1.000000000000e+05 8.847191740029e+03 5.410020503848e+02 1.800000000000e+06 0.000000000000e+00 -8.752000000000e-01 -8.752000000000e-01 0.000000000000e+00 0.000000000000e+00 0.000000000000e+00 -0.000000000000e+00 1.939239732974e-02 0.000000000000e+00 0.000000000000e+00 0.000000000000e+00 0.000000000000e+00 0.000000000000e+00 0.000000000000e+00 
9.065000000000e+00 8.621771087466e-03 -3.318116927683e-02 1.663939671864e-03 9.954551934461e+04 1.050276738332e+05 1.000000000000e+05 8.849400246201e+03 5.414155601344e+02 1.800000000000e+06 0.000000000000e+00 -8.752000000000e-01 -8.752000000000e-01 0.000000000000e+00 0.000000000000e+00 0.000000000000e+00 -0.000000000000e+00 1.937276387670e-02 0.000000000000e+00 0.000000000000e+00 0.000000000000e+00 0.000000000000e+00 0.000000000000e+00 0.000000000000e+00 
9.070000000000e+00 8.614197478189e-03 -3.190637618196e-02 1.394352239860e-03 1.001595752313e+05 1.047595843081e+05 1.000000000000e+05 8.851287318377e+03 5.417744401023e+02 1.800000000000e+06 0.000000000000e+00 -8.752000000000e-01 -8.752000000000e-01 0.000000000000e+00 0.000000000000e+00 0.000000000000e+00 -0.000000000000e+00 1.935572628002e-02 0.000000000000e+00 0.000000000000e+00 0.000000000000e+00 0.000000000000e+00 0.000000000000e+00 0.000000000000e+00 
9.075000000000e+00 8.608198914433e-03 -3.023310982951e-02 1.045922642115e-03 1.010926912250e+05 1.045468281488e+05 1.000000000000e+05 8.852747075339e+03 5.420590024894e+02 1.800000000000e+06 0.000000000000e+00 -8.752000000000e-01 -8.752000000000e-01 0.000000000000e+00 0.000000000000e+00 0.000000000000e+00 -0.000000000000e+00 1.934223714716e-02 0.000000000000e+00 0.000000000000e+00 0.000000000000e+00 0.000000000000e+00 0.000000000000e+00 0.000000000000e+00 
9.080000000000e+00 8.604157315746e-03 -2.807310323034e-02 6.255318494011e-04 1.023360104590e+05 1.044032715898e+05 1.000000000000e+05 8.853681307711e+03 5.422508877594e+02 1.800000000000e+06 0.000000000000e+00 -8.752000000000e-01 -8.752000000000e-01 0.000000000000e+00 0.000000000000e+00 0.000000000000e+00 -0.000000000000e+00 1.933315346471e-02 0.000000000000e+00 0.000000000000e+00 0.000000000000e+00 0.000000000000e+00 0.000000000000e+00 0.000000000000e+00 
9.085000000000e+00 8.602383416274e-03 -2.541539814653e-02 1.502062963544e-04 1.038436535726e+05 1.043402097280e+05 1.000000000000e+05 8.854013201797e+03 5.423351484579e+02 1.800000000000e+06 0.000000000000e+00 -8.752000000000e-01 -8.752000000000e-01 0.000000000000e+00 0.000000000000e+00 0.000000000000e+00 -0.000000000000e+00 1.932914943334e-02 0.000000000000e+00 0.000000000000e+00 0.000000000000e+00 0.000000000000e+00 0.000000000000e+00 0.000000000000e+00 
9.090000000000e+00 8.603060007589e-03 -2.225696071248e-02 -3.581270469397e-04 1.055480329939e+05 1.043642662942e+05 1.000000000000e+05 8.853700935773e+03 5.423030072903e+02 1.800000000000e+06 0.000000000000e+00 -8.752000000000e-01 -8.752000000000e-01 0.000000000000e+00 0.000000000000e+00 0.000000000000e+00 -0.000000000000e+00 1.933057428914e-02 0.000000000000e+00 0.000000000000e+00 0.000000000000e+00 0.000000000000e+00 0.000000000000e+00 0.000000000000e+00 
9.095000000000e+00 8.606320867192e-03 -1.856832670735e-02 -8.818220329092e-04 1.073932929089e+05 1.044801414112e+05 1.000000000000e+05 8.852714936339e+03 5.421481517473e+02 1.800000000000e+06 0.000000000000e+00 -8.752000000000e-01 -8.752000000000e-01 0.000000000000e+00 0.000000000000e+00 0.000000000000e+00 -0.000000000000e+00 1.933780670592e-02 0.000000000000e+00 0.000000000000e+00 0.000000000000e+00 0.000000000000e+00 0.000000000000e+00 0.000000000000e+00 
9.100000000000e+00 8.612208353267e-03 -1.443595134138e-02 -1.406650803443e-03 1.093312657205e+05 1.046890755044e+05 1.000000000000e+05 8.851049184823e+03 5.418687699749e+02 1.800000000000e+06 0.000000000000e+00 -8.752000000000e-01 -8.752000000000e-01 0.000000000000e+00 0.000000000000e+00 0.000000000000e+00 -0.000000000000e+00 1.935094310162e-02 0.000000000000e+00 0.000000000000e+00 0.000000000000e+00 0.000000000000e+00 0.000000000000e+00 0.000000000000e+00 
9.105000000000e+00 8.620691882070e-03 -9.941083312222e-03 -1.920936443167e-03 1.113195743456e+05 1.049895083650e+05 1.000000000000e+05 8.848716633438e+03 5.414666716751e+02 1.800000000000e+06 0.000000000000e+00 -8.752000000000e-01 -8.752000000000e-01 0.000000000000e+00 0.000000000000e+00 0.000000000000e+00 -0.000000000000e+00 1.936991285458e-02 0.000000000000e+00 0.000000000000e+00 0.000000000000e+00 0.000000000000e+00 0.000000000000e+00 0.000000000000e+00 
9.110000000000e+00 8.631690415339e-03 -5.174520270235e-03 -2.415537317111e-03 1.133226208728e+05 1.053779045756e+05 1.000000000000e+05 8.845743273258e+03 5.409462007413e+02 1.800000000000e+06 0.000000000000e+00 -8.752000000000e-01 -8.752000000000e-01 0.000000000000e+00 0.000000000000e+00 0.000000000000e+00 -0.000000000000e+00 1.939453447198e-02 0.000000000000e+00 0.000000000000e+00 0.000000000000e+00 0.000000000000e+00 0.000000000000e+00 0.000000000000e+00 
9.115000000000e+00 8.645082971327e-03 -2.352731986594e-04 -2.883213344547e-03 1.153100470759e+05 1.058491687724e+05 1.000000000000e+05 8.842165421846e+03 5.403137051062e+02 1.800000000000e+06 0.000000000000e+00 -8.752000000000e-01 -8.752000000000e-01 0.000000000000e+00 0.000000000000e+00 0.000000000000e+00 -0.000000000000e+00 1.942453554279e-02 0.000000000000e+00 0.000000000000e+00 0.000000000000e+00 0.000000000000e+00 0.000000000000e+00 0.000000000000e+00 
9.120000000000e+00 8.660722671102e-03 4.791870212213e-03 -3.320025244801e-03 1.172619145561e+05 1.063971926819e+05 1.000000000000e+05 8.838025533758e+03 5.395768340718e+02 1.800000000000e+06 0.000000000000e+00 -8.752000000000e-01 -8.752000000000e-01 0.000000000000e+00 0.000000000000e+00 0.000000000000e+00 -0.000000000000e+00 1.945958592038e-02 0.000000000000e+00 0.000000000000e+00 0.000000000000e+00 0.000000000000e+00 0.000000000000e+00 0.000000000000e+00 
9.125000000000e+00 8.678448419944e-03 9.827282266675e-03 -3.723659790600e-03 1.191636107101e+05 1.070153167951e+05 1.000000000000e+05 8.833369457911e+03 5.387439488750e+02 1.800000000000e+06 0.000000000000e+00 -8.752000000000e-01 -8.752000000000e-01 0.000000000000e+00 0.000000000000e+00 0.000000000000e+00 -0.000000000000e+00 1.949932367495e-02 0.000000000000e+00 0.000000000000e+00 0.000000000000e+00 0.000000000000e+00 0.000000000000e+00 0.000000000000e+00 
9.130000000000e+00 8.698091221687e-03 1.480224564480e-02 -4.093042390329e-03 1.210047799169e+05 1.076965979376e+05 1.000000000000e+05 8.828244753291e+03 5.378237905550e+02 1.800000000000e+06 0.000000000000e+00 -8.752000000000e-01 -8.752000000000e-01 0.000000000000e+00 0.000000000000e+00 0.000000000000e+00 -0.000000000000e+00 1.954336916418e-02 0.000000000000e+00 0.000000000000e+00 0.000000000000e+00 0.000000000000e+00 0.000000000000e+00 0.000000000000e+00 
9.135000000000e+00 8.719477695823e-03 1.965628759637e-02 -4.427177272923e-03 1.227756400348e+05 1.084339731425e+05 1.000000000000e+05 8.822699949386e+03 5.368252837340e+02 1.800000000000e+06 0.000000000000e+00 -8.752000000000e-01 -8.752000000000e-01 0.000000000000e+00 0.000000000000e+00 0.000000000000e+00 -0.000000000000e+00 1.959133168210e-02 0.000000000000e+00 0.000000000000e+00 0.000000000000e+00 0.000000000000e+00 0.000000000000e+00 0.000000000000e+00 
9.140000000000e+00 8.742433083398e-03 2.434596430969e-02 -4.726491158856e-03 1.244714161596e+05 1.092203993386e+05 1.000000000000e+05 8.816783294911e+03 5.357573690340e+02 1.800000000000e+06 0.000000000000e+00 -8.752000000000e-01 -8.752000000000e-01 0.000000000000e+00 0.000000000000e+00 0.000000000000e+00 -0.000000000000e+00 1.964280975068e-02 0.000000000000e+00 0.000000000000e+00 0.000000000000e+00 0.000000000000e+00 0.000000000000e+00 0.000000000000e+00 
9.145000000000e+00 8.766785900547e-03 2.882979879548e-02 -4.991807102958e-03 1.260890877787e+05 1.100490414119e+05 1.000000000000e+05 8.810541747151e+03 5.346287647675e+02 1.800000000000e+06 0.000000000000e+00 -8.752000000000e-01 -8.752000000000e-01 0.000000000000e+00 0.000000000000e+00 0.000000000000e+00 -0.000000000000e+00 1.969741587082e-02 0.000000000000e+00 0.000000000000e+00 0.000000000000e+00 0.000000000000e+00 0.000000000000e+00 0.000000000000e+00 
9.150000000000e+00 8.792371079095e-03 3.307388568152e-02 -5.224681611774e-03 1.276285085993e+05 1.109133984888e+05 1.000000000000e+05 8.804020019678e+03 5.334478063958e+02 1.800000000000e+06 0.000000000000e+00 -8.752000000000e-01 -8.752000000000e-01 0.000000000000e+00 0.000000000000e+00 0.000000000000e+00 -0.000000000000e+00 1.975477890349e-02 0.000000000000e+00 0.000000000000e+00 0.000000000000e+00 0.000000000000e+00 0.000000000000e+00 0.000000000000e+00 
9.155000000000e+00 8.819032517217e-03 3.705677683762e-02 -5.427100523570e-03 1.290914257798e+05 1.118074011932e+05 1.000000000000e+05 8.797259981328e+03 5.322223200022e+02 1.800000000000e+06 0.000000000000e+00 -8.752000000000e-01 -8.752000000000e-01 0.000000000000e+00 0.000000000000e+00 0.000000000000e+00 -0.000000000000e+00 1.981454776967e-02 0.000000000000e+00 0.000000000000e+00 0.000000000000e+00 0.000000000000e+00 0.000000000000e+00 0.000000000000e+00 
9.160000000000e+00 8.846625263934e-03 4.076341776267e-02 -5.601045987082e-03 1.304800974812e+05 1.127254883008e+05 1.000000000000e+05 8.790300209273e+03 5.309595188491e+02 1.800000000000e+06 0.000000000000e+00 -8.752000000000e-01 -8.752000000000e-01 0.000000000000e+00 0.000000000000e+00 0.000000000000e+00 -0.000000000000e+00 1.987639312961e-02 0.000000000000e+00 0.000000000000e+00 0.000000000000e+00 0.000000000000e+00 0.000000000000e+00 0.000000000000e+00 
9.165000000000e+00 8.875011451301e-03 4.418475901997e-02 -5.748285767750e-03 1.317964611091e+05 1.136624702443e+05 1.000000000000e+05 8.783177066904e+03 5.296661899221e+02 1.800000000000e+06 0.000000000000e+00 -8.752000000000e-01 -8.752000000000e-01 0.000000000000e+00 0.000000000000e+00 0.000000000000e+00 -0.000000000000e+00 1.994000722376e-02 0.000000000000e+00 0.000000000000e+00 0.000000000000e+00 0.000000000000e+00 0.000000000000e+00 0.000000000000e+00 
9.170000000000e+00 8.904063966107e-03 4.732073063430e-02 -5.870923485493e-03 1.330439494423e+05 1.146136479853e+05 1.000000000000e+05 8.775923651881e+03 5.283485278717e+02 1.800000000000e+06 0.000000000000e+00 -8.752000000000e-01 -8.752000000000e-01 0.000000000000e+00 0.000000000000e+00 0.000000000000e+00 -0.000000000000e+00 2.000510772269e-02 0.000000000000e+00 0.000000000000e+00 0.000000000000e+00 0.000000000000e+00 0.000000000000e+00 0.000000000000e+00 
9.175000000000e+00 8.933665327714e-03 5.016907325023e-02 -5.970819012761e-03 1.342255831312e+05 1.155747681395e+05 1.000000000000e+05 8.768570254634e+03 5.270121915989e+02 1.800000000000e+06 0.000000000000e+00 -8.752000000000e-01 -8.752000000000e-01 0.000000000000e+00 0.000000000000e+00 0.000000000000e+00 -0.000000000000e+00 2.007143294926e-02 0.000000000000e+00 0.000000000000e+00 0.000000000000e+00 0.000000000000e+00 0.000000000000e+00 0.000000000000e+00 
9.180000000000e+00 8.963706375372e-03 5.272982243367e-02 -6.049486661594e-03 1.353436021114e+05 1.165419714965e+05 1.000000000000e+05 8.761144739329e+03 5.256623697758e+02 1.800000000000e+06 0.000000000000e+00 -8.752000000000e-01 -8.752000000000e-01 0.000000000000e+00 0.000000000000e+00 0.000000000000e+00 -0.000000000000e+00 2.013873947513e-02 0.000000000000e+00 0.000000000000e+00 0.000000000000e+00 0.000000000000e+00 0.000000000000e+00 0.000000000000e+00 
9.185000000000e+00 8.994083211806e-03 5.500547556750e-02 -6.107712905806e-03 1.363981954132e+05 1.175116864851e+05 1.000000000000e+05 8.753673421104e+03 5.243039238934e+02 1.800000000000e+06 0.000000000000e+00 -8.752000000000e-01 -8.752000000000e-01 0.000000000000e+00 0.000000000000e+00 0.000000000000e+00 -0.000000000000e+00 2.020679583224e-02 0.000000000000e+00 0.000000000000e+00 0.000000000000e+00 0.000000000000e+00 0.000000000000e+00 0.000000000000e+00 
9.190000000000e+00 9.024694349135e-03 5.699935647163e-02 -6.145708282172e-03 1.373879240539e+05 1.184805326712e+05 1.000000000000e+05 8.746181741873e+03 5.229415195012e+02 1.800000000000e+06 0.000000000000e+00 -8.752000000000e-01 -8.752000000000e-01 0.000000000000e+00 0.000000000000e+00 0.000000000000e+00 -0.000000000000e+00 2.027537517218e-02 0.000000000000e+00 0.000000000000e+00 0.000000000000e+00 0.000000000000e+00 0.000000000000e+00 0.000000000000e+00 
9.195000000000e+00 9.055439114799e-03 5.871714767702e-02 -6.163569374282e-03 1.383111200057e+05 1.194452672016e+05 1.000000000000e+05 8.738694549014e+03 5.215796989879e+02 1.800000000000e+06 0.000000000000e+00 -8.752000000000e-01 -8.752000000000e-01 0.000000000000e+00 0.000000000000e+00 0.000000000000e+00 -0.000000000000e+00 2.034425165087e-02 0.000000000000e+00 0.000000000000e+00 0.000000000000e+00 0.000000000000e+00 0.000000000000e+00 0.000000000000e+00 
9.200000000000e+00 9.086215387054e-03 6.016021458522e-02 -6.161003850496e-03 1.391649813869e+05 1.204027121207e+05 1.000000000000e+05 8.731236718222e+03 5.202229825733e+02 1.800000000000e+06 0.000000000000e+00 -8.752000000000e-01 -8.752000000000e-01 0.000000000000e+00 0.000000000000e+00 0.000000000000e+00 -0.000000000000e+00 2.041319554483e-02 0.000000000000e+00 0.000000000000e+00 0.000000000000e+00 0.000000000000e+00 0.000000000000e+00 0.000000000000e+00 
9.205000000000e+00 9.116922289886e-03 6.133473935406e-02 -6.138560874578e-03 1.399493942639e+05 1.213498367291e+05 1.000000000000e+05 8.723832192777e+03 5.188757500874e+02 1.800000000000e+06 0.000000000000e+00 -8.752000000000e-01 -8.752000000000e-01 0.000000000000e+00 0.000000000000e+00 0.000000000000e+00 -0.000000000000e+00 2.048198212555e-02 0.000000000000e+00 0.000000000000e+00 0.000000000000e+00 0.000000000000e+00 0.000000000000e+00 0.000000000000e+00 
9.210000000000e+00 9.147461990612e-03 6.224417069633e-02 -6.097121119180e-03 1.406653658645e+05 1.222838075054e+05 1.000000000000e+05 8.716503699716e+03 5.175421658878e+02 1.800000000000e+06 0.000000000000e+00 -8.752000000000e-01 -8.752000000000e-01 0.000000000000e+00 0.000000000000e+00 0.000000000000e+00 -0.000000000000e+00 2.055039575915e-02 0.000000000000e+00 0.000000000000e+00 0.000000000000e+00 0.000000000000e+00 0.000000000000e+00 0.000000000000e+00 
9.215000000000e+00 9.177739581930e-03 6.289220772001e-02 -6.036984562669e-03 1.413122455038e+05 1.232019767566e+05 1.000000000000e+05 8.709273033558e+03 5.162261895945e+02 1.800000000000e+06 0.000000000000e+00 -8.752000000000e-01 -8.752000000000e-01 0.000000000000e+00 0.000000000000e+00 0.000000000000e+00 -0.000000000000e+00 2.061822668797e-02 0.000000000000e+00 0.000000000000e+00 0.000000000000e+00 0.000000000000e+00 0.000000000000e+00 0.000000000000e+00 
9.220000000000e+00 9.207663146606e-03 6.328550528501e-02 -5.958644631569e-03 1.418900671833e+05 1.241018764845e+05 1.000000000000e+05 8.702160875102e+03 5.149315792056e+02 1.800000000000e+06 0.000000000000e+00 -8.752000000000e-01 -8.752000000000e-01 0.000000000000e+00 0.000000000000e+00 0.000000000000e+00 -0.000000000000e+00 2.068526910775e-02 0.000000000000e+00 0.000000000000e+00 0.000000000000e+00 0.000000000000e+00 0.000000000000e+00 0.000000000000e+00 
9.225000000000e+00 9.237142493646e-03 6.342950475998e-02 -5.862319704025e-03 1.423980965007e+05 1.249811723773e+05 1.000000000000e+05 8.695187237839e+03 5.136619516947e+02 1.800000000000e+06 0.000000000000e+00 -8.752000000000e-01 -8.752000000000e-01 0.000000000000e+00 0.000000000000e+00 0.000000000000e+00 -0.000000000000e+00 2.075132109403e-02 0.000000000000e+00 0.000000000000e+00 0.000000000000e+00 0.000000000000e+00 0.000000000000e+00 0.000000000000e+00 
9.230000000000e+00 9.266090026284e-03 6.333087551388e-02 -5.748282758058e-03 1.428358368326e+05 1.258376822146e+05 1.000000000000e+05 8.688371206833e+03 5.124207512062e+02 1.800000000000e+06 0.000000000000e+00 -8.752000000000e-01 -8.752000000000e-01 0.000000000000e+00 0.000000000000e+00 0.000000000000e+00 -0.000000000000e+00 2.081618053536e-02 0.000000000000e+00 0.000000000000e+00 0.000000000000e+00 0.000000000000e+00 0.000000000000e+00 0.000000000000e+00 
9.235000000000e+00 9.294421050310e-03 6.300110653948e-02 -5.617529118346e-03 1.432049873457e+05 1.266693764750e+05 1.000000000000e+05 8.681730734460e+03 5.112112423044e+02 1.800000000000e+06 0.000000000000e+00 -8.752000000000e-01 -8.752000000000e-01 0.000000000000e+00 0.000000000000e+00 0.000000000000e+00 -0.000000000000e+00 2.087965564042e-02 0.000000000000e+00 0.000000000000e+00 0.000000000000e+00 0.000000000000e+00 0.000000000000e+00 0.000000000000e+00 
9.240000000000e+00 9.322053400712e-03 6.244706731154e-02 -5.470997044858e-03 1.435070904156e+05 1.274743586766e+05 1.000000000000e+05 8.675282954272e+03 5.100365326039e+02 1.800000000000e+06 0.000000000000e+00 -8.752000000000e-01 -8.752000000000e-01 0.000000000000e+00 0.000000000000e+00 0.000000000000e+00 -0.000000000000e+00 2.094156435346e-02 0.000000000000e+00 0.000000000000e+00 0.000000000000e+00 0.000000000000e+00 0.000000000000e+00 0.000000000000e+00 
9.245000000000e+00 9.348912074059e-03 6.167447574957e-02 -5.310165791786e-03 1.437453950656e+05 1.282509904375e+05 1.000000000000e+05 8.669042986369e+03 5.088993835595e+02 1.800000000000e+06 0.000000000000e+00 -8.752000000000e-01 -8.752000000000e-01 0.000000000000e+00 0.000000000000e+00 0.000000000000e+00 -0.000000000000e+00 2.100173839201e-02 0.000000000000e+00 0.000000000000e+00 0.000000000000e+00 0.000000000000e+00 0.000000000000e+00 0.000000000000e+00 
9.250000000000e+00 9.374931531378e-03 6.069748953570e-02 -5.136940770621e-03 1.439245419487e+05 1.289979442861e+05 1.000000000000e+05 8.663023482630e+03 5.078021238997e+02 1.800000000000e+06 0.000000000000e+00 -8.752000000000e-01 -8.752000000000e-01 0.000000000000e+00 0.000000000000e+00 0.000000000000e+00 -0.000000000000e+00 2.106003046484e-02 0.000000000000e+00 0.000000000000e+00 0.000000000000e+00 0.000000000000e+00 0.000000000000e+00 0.000000000000e+00 
9.255000000000e+00 9.400055988897e-03 5.953480145014e-02 -4.953465342038e-03 1.440499960147e+05 1.297141973316e+05 1.000000000000e+05 8.657234663531e+03 5.067466491208e+02 1.800000000000e+06 0.000000000000e+00 -8.752000000000e-01 -8.752000000000e-01 0.000000000000e+00 0.000000000000e+00 0.000000000000e+00 -0.000000000000e+00 2.111631671843e-02 0.000000000000e+00 0.000000000000e+00 0.000000000000e+00 0.000000000000e+00 0.000000000000e+00 0.000000000000e+00 
9.260000000000e+00 9.424242500245e-03 5.819921238844e-02 -4.762693780732e-03 1.441297642745e+05 1.303991045120e+05 1.000000000000e+05 8.651683523363e+03 5.057343038079e+02 1.800000000000e+06 0.000000000000e+00 -8.752000000000e-01 -8.752000000000e-01 0.000000000000e+00 0.000000000000e+00 0.000000000000e+00 -0.000000000000e+00 2.117050220091e-02 0.000000000000e+00 0.000000000000e+00 0.000000000000e+00 0.000000000000e+00 0.000000000000e+00 0.000000000000e+00 
9.265000000000e+00 9.447461112626e-03 5.670843789966e-02 -4.566813988970e-03 1.441698274959e+05 1.310523877284e+05 1.000000000000e+05 8.646374235571e+03 5.047658875320e+02 1.800000000000e+06 0.000000000000e+00 -8.752000000000e-01 -8.752000000000e-01 0.000000000000e+00 0.000000000000e+00 0.000000000000e+00 -0.000000000000e+00 2.122252131282e-02 0.000000000000e+00 0.000000000000e+00 0.000000000000e+00 0.000000000000e+00 0.000000000000e+00 0.000000000000e+00 
9.270000000000e+00 9.469692847096e-03 5.507885811814e-02 -4.368058822188e-03 1.441764564874e+05 1.316740658459e+05 1.000000000000e+05 8.641308474486e+03 5.038417498864e+02 1.800000000000e+06 0.000000000000e+00 -8.752000000000e-01 -8.752000000000e-01 0.000000000000e+00 0.000000000000e+00 0.000000000000e+00 -0.000000000000e+00 2.127233268966e-02 0.000000000000e+00 0.000000000000e+00 0.000000000000e+00 0.000000000000e+00 0.000000000000e+00 0.000000000000e+00 
9.275000000000e+00 9.490930140410e-03 5.332898551005e-02 -4.168814468617e-03 1.441565367352e+05 1.322644565790e+05 1.000000000000e+05 8.636485330147e+03 5.029617807817e+02 1.800000000000e+06 0.000000000000e+00 -8.752000000000e-01 -8.752000000000e-01 0.000000000000e+00 0.000000000000e+00 0.000000000000e+00 -0.000000000000e+00 2.131992032874e-02 0.000000000000e+00 0.000000000000e+00 0.000000000000e+00 0.000000000000e+00 0.000000000000e+00 0.000000000000e+00 
9.280000000000e+00 9.511176551332e-03 5.148156817970e-02 -3.970850834211e-03 1.441153729902e+05 1.328241591242e+05 1.000000000000e+05 8.631901596214e+03 5.021254302876e+02 1.800000000000e+06 0.000000000000e+00 -8.752000000000e-01 -8.752000000000e-01 0.000000000000e+00 0.000000000000e+00 0.000000000000e+00 -0.000000000000e+00 2.136529156244e-02 0.000000000000e+00 0.000000000000e+00 0.000000000000e+00 0.000000000000e+00 0.000000000000e+00 0.000000000000e+00 
9.285000000000e+00 9.530441590555e-03 4.955129192729e-02 -3.775016851684e-03 1.440557282337e+05 1.333539047347e+05 1.000000000000e+05 8.627553049357e+03 5.013319276987e+02 1.800000000000e+06 0.000000000000e+00 -8.752000000000e-01 -8.752000000000e-01 0.000000000000e+00 0.000000000000e+00 0.000000000000e+00 -0.000000000000e+00 2.140846382692e-02 0.000000000000e+00 0.000000000000e+00 0.000000000000e+00 0.000000000000e+00 0.000000000000e+00 0.000000000000e+00 
9.290000000000e+00 9.548740475558e-03 4.756164454283e-02 -3.583003348069e-03 1.439828459897e+05 1.338545472028e+05 1.000000000000e+05 8.623434097685e+03 5.005802940989e+02 1.800000000000e+06 0.000000000000e+00 -8.752000000000e-01 -8.752000000000e-01 0.000000000000e+00 0.000000000000e+00 0.000000000000e+00 -0.000000000000e+00 2.144947336195e-02 0.000000000000e+00 0.000000000000e+00 0.000000000000e+00 0.000000000000e+00 0.000000000000e+00 0.000000000000e+00 
9.295000000000e+00 9.566093774624e-03 4.552966464278e-02 -3.395620674995e-03 1.438995570739e+05 1.343270511486e+05 1.000000000000e+05 8.619538279136e+03 4.998693587886e+02 1.800000000000e+06 0.000000000000e+00 -8.752000000000e-01 -8.752000000000e-01 0.000000000000e+00 0.000000000000e+00 0.000000000000e+00 -0.000000000000e+00 2.148837355253e-02 0.000000000000e+00 0.000000000000e+00 0.000000000000e+00 0.000000000000e+00 0.000000000000e+00 0.000000000000e+00 
9.300000000000e+00 9.582522528945e-03 4.346732931221e-02 -3.212276020076e-03 1.438047244139e+05 1.347723588227e+05 1.000000000000e+05 8.615859491965e+03 4.991979596167e+02 1.800000000000e+06 0.000000000000e+00 -8.752000000000e-01 -8.752000000000e-01 0.000000000000e+00 0.000000000000e+00 0.000000000000e+00 -0.000000000000e+00 2.152521163342e-02 0.000000000000e+00 0.000000000000e+00 0.000000000000e+00 0.000000000000e+00 0.000000000000e+00 0.000000000000e+00 
9.305000000000e+00 9.598046127962e-03 4.138243821935e-02 -3.033291695021e-03 1.436997436994e+05 1.351913348181e+05 1.000000000000e+05 8.612391919766e+03 4.985650280866e+02 1.800000000000e+06 0.000000000000e+00 -8.752000000000e-01 -8.752000000000e-01 0.000000000000e+00 0.000000000000e+00 0.000000000000e+00 -0.000000000000e+00 2.156002992189e-02 0.000000000000e+00 0.000000000000e+00 0.000000000000e+00 0.000000000000e+00 0.000000000000e+00 0.000000000000e+00 
9.310000000000e+00 9.612689171934e-03 3.929429672874e-02 -2.859429176096e-03 1.435873561903e+05 1.355849531596e+05 1.000000000000e+05 8.609128587133e+03 4.979693081646e+02 1.800000000000e+06 0.000000000000e+00 -8.752000000000e-01 -8.752000000000e-01 0.000000000000e+00 0.000000000000e+00 0.000000000000e+00 -0.000000000000e+00 2.159288207149e-02 0.000000000000e+00 0.000000000000e+00 0.000000000000e+00 0.000000000000e+00 0.000000000000e+00 0.000000000000e+00 
9.315000000000e+00 9.626476952882e-03 3.721406032266e-02 -2.690606088700e-03 1.434679386599e+05 1.359541758228e+05 1.000000000000e+05 8.606062681289e+03 4.974095402642e+02 1.800000000000e+06 0.000000000000e+00 -8.752000000000e-01 -8.752000000000e-01 0.000000000000e+00 0.000000000000e+00 0.000000000000e+00 -0.000000000000e+00 2.162382489683e-02 0.000000000000e+00 0.000000000000e+00 0.000000000000e+00 0.000000000000e+00 0.000000000000e+00 0.000000000000e+00 
9.320000000000e+00 9.639433172860e-03 3.514849266866e-02 -2.526377335677e-03 1.433408135350e+05 1.362998937473e+05 1.000000000000e+05 8.603187943922e+03 4.968845522588e+02 1.800000000000e+06 0.000000000000e+00 -8.752000000000e-01 -8.752000000000e-01 0.000000000000e+00 0.000000000000e+00 0.000000000000e+00 -0.000000000000e+00 2.165291090654e-02 0.000000000000e+00 0.000000000000e+00 0.000000000000e+00 0.000000000000e+00 0.000000000000e+00 0.000000000000e+00 
9.325000000000e+00 9.651580611285e-03 3.310414394553e-02 -2.366649359601e-03 1.432062629433e+05 1.366229472732e+05 1.000000000000e+05 8.600498343887e+03 4.963932303774e+02 1.800000000000e+06 0.000000000000e+00 -8.752000000000e-01 -8.752000000000e-01 0.000000000000e+00 0.000000000000e+00 0.000000000000e+00 -0.000000000000e+00 2.168018985575e-02 0.000000000000e+00 0.000000000000e+00 0.000000000000e+00 0.000000000000e+00 0.000000000000e+00 0.000000000000e+00 
9.330000000000e+00 9.662942932882e-03 3.109088275919e-02 -2.211626556138e-03 1.430654166109e+05 1.369241761938e+05 1.000000000000e+05 8.597987677107e+03 4.959344445426e+02 1.800000000000e+06 0.000000000000e+00 -8.752000000000e-01 -8.752000000000e-01 0.000000000000e+00 0.000000000000e+00 0.000000000000e+00 -0.000000000000e+00 2.170571363018e-02 0.000000000000e+00 0.000000000000e+00 0.000000000000e+00 0.000000000000e+00 0.000000000000e+00 0.000000000000e+00 
9.335000000000e+00 9.673544303379e-03 2.911505390031e-02 -2.061502032313e-03 1.429193783225e+05 1.372044109512e+05 1.000000000000e+05 8.595649719997e+03 4.955070628240e+02 1.800000000000e+06 0.000000000000e+00 -8.752000000000e-01 -8.752000000000e-01 0.000000000000e+00 0.000000000000e+00 0.000000000000e+00 -0.000000000000e+00 2.172953660803e-02 0.000000000000e+00 0.000000000000e+00 0.000000000000e+00 0.000000000000e+00 0.000000000000e+00 0.000000000000e+00 
9.340000000000e+00 9.683408388109e-03 2.718115685923e-02 -1.916039004414e-03 1.427680432934e+05 1.374644477276e+05 1.000000000000e+05 8.593478544847e+03 4.951099905857e+02 1.800000000000e+06 0.000000000000e+00 -8.752000000000e-01 -8.752000000000e-01 0.000000000000e+00 0.000000000000e+00 0.000000000000e+00 -0.000000000000e+00 2.175171200544e-02 0.000000000000e+00 0.000000000000e+00 0.000000000000e+00 0.000000000000e+00 0.000000000000e+00 0.000000000000e+00 
9.345000000000e+00 9.692557983233e-03 2.529090486985e-02 -1.775031456935e-03 1.426113717538e+05 1.377050404854e+05 1.000000000000e+05 8.591468487933e+03 4.947421839329e+02 1.800000000000e+06 0.000000000000e+00 -8.752000000000e-01 -8.752000000000e-01 0.000000000000e+00 0.000000000000e+00 0.000000000000e+00 -0.000000000000e+00 2.177229082889e-02 0.000000000000e+00 0.000000000000e+00 0.000000000000e+00 0.000000000000e+00 0.000000000000e+00 0.000000000000e+00 
9.350000000000e+00 9.701014941310e-03 2.344488860917e-02 -1.638287037553e-03 1.424493391301e+05 1.379269007280e+05 1.000000000000e+05 8.589614163495e+03 4.944026513323e+02 1.800000000000e+06 0.000000000000e+00 -8.752000000000e-01 -8.752000000000e-01 0.000000000000e+00 0.000000000000e+00 0.000000000000e+00 -0.000000000000e+00 2.179132228786e-02 0.000000000000e+00 0.000000000000e+00 0.000000000000e+00 0.000000000000e+00 0.000000000000e+00 0.000000000000e+00 
9.355000000000e+00 9.708800546325e-03 2.164483715815e-02 -1.505729372156e-03 1.422822274097e+05 1.381307088974e+05 1.000000000000e+05 8.587910350373e+03 4.940904373066e+02 1.800000000000e+06 0.000000000000e+00 -8.752000000000e-01 -8.752000000000e-01 0.000000000000e+00 0.000000000000e+00 0.000000000000e+00 -0.000000000000e+00 2.180885420884e-02 0.000000000000e+00 0.000000000000e+00 0.000000000000e+00 0.000000000000e+00 0.000000000000e+00 0.000000000000e+00 
9.360000000000e+00 9.715936497247e-03 1.989230370959e-02 -1.377507180872e-03 1.421109489492e+05 1.383171414079e+05 1.000000000000e+05 8.586351742770e+03 4.938045819626e+02 1.800000000000e+06 0.000000000000e+00 -8.752000000000e-01 -8.752000000000e-01 0.000000000000e+00 0.000000000000e+00 0.000000000000e+00 -0.000000000000e+00 2.182493509983e-02 0.000000000000e+00 0.000000000000e+00 0.000000000000e+00 0.000000000000e+00 0.000000000000e+00 0.000000000000e+00 
9.365000000000e+00 9.722444896414e-03 1.818803767678e-02 -1.253712345870e-03 1.419362676772e+05 1.384868713833e+05 1.000000000000e+05 8.584933014162e+03 4.935441206248e+02 1.800000000000e+06 0.000000000000e+00 -8.752000000000e-01 -8.752000000000e-01 0.000000000000e+00 0.000000000000e+00 0.000000000000e+00 -0.000000000000e+00 2.183961419763e-02 0.000000000000e+00 0.000000000000e+00 0.000000000000e+00 0.000000000000e+00 0.000000000000e+00 0.000000000000e+00 
9.370000000000e+00 9.728347676384e-03 1.653133854399e-02 -1.134223518580e-03 1.417583561658e+05 1.386405547574e+05 1.000000000000e+05 8.583648976662e+03 4.933081059295e+02 1.800000000000e+06 0.000000000000e+00 -8.752000000000e-01 -8.752000000000e-01 0.000000000000e+00 0.000000000000e+00 0.000000000000e+00 -0.000000000000e+00 2.185294030803e-02 0.000000000000e+00 0.000000000000e+00 0.000000000000e+00 0.000000000000e+00 0.000000000000e+00 0.000000000000e+00 
9.375000000000e+00 9.733665492803e-03 1.491961679525e-02 -1.018699397451e-03 1.415767519510e+05 1.387788025977e+05 1.000000000000e+05 8.582494823828e+03 4.930956511604e+02 1.800000000000e+06 0.000000000000e+00 -8.752000000000e-01 -8.752000000000e-01 0.000000000000e+00 0.000000000000e+00 0.000000000000e+00 -0.000000000000e+00 2.186495934237e-02 0.000000000000e+00 0.000000000000e+00 0.000000000000e+00 0.000000000000e+00 0.000000000000e+00 0.000000000000e+00 
9.380000000000e+00 9.738416272502e-03 1.334977996248e-02 -9.064908719650e-04 1.413900815197e+05 1.389021446356e+05 1.000000000000e+05 8.581466468074e+03 4.929059872124e+02 1.800000000000e+06 0.000000000000e+00 -8.752000000000e-01 -8.752000000000e-01 0.000000000000e+00 0.000000000000e+00 0.000000000000e+00 -0.000000000000e+00 2.187571099976e-02 0.000000000000e+00 0.000000000000e+00 0.000000000000e+00 0.000000000000e+00 0.000000000000e+00 0.000000000000e+00 
9.385000000000e+00 9.742614173759e-03 1.181687331404e-02 -7.967397761360e-04 1.411963066414e+05 1.390110036074e+05 1.000000000000e+05 8.580560743133e+03 4.927385030056e+02 1.800000000000e+06 0.000000000000e+00 -8.752000000000e-01 -8.752000000000e-01 0.000000000000e+00 0.000000000000e+00 0.000000000000e+00 -0.000000000000e+00 2.188522625950e-02 0.000000000000e+00 0.000000000000e+00 0.000000000000e+00 0.000000000000e+00 0.000000000000e+00 0.000000000000e+00 
9.390000000000e+00 9.746268287576e-03 1.031338704572e-02 -6.882240637025e-04 1.409922667850e+05 1.391056628503e+05 1.000000000000e+05 8.579775722622e+03 4.925927962530e+02 1.800000000000e+06 0.000000000000e+00 -8.752000000000e-01 -8.752000000000e-01 0.000000000000e+00 0.000000000000e+00 0.000000000000e+00 -0.000000000000e+00 2.189352451372e-02 0.000000000000e+00 0.000000000000e+00 0.000000000000e+00 0.000000000000e+00 0.000000000000e+00 0.000000000000e+00 
9.395000000000e+00 9.749377934310e-03 8.826847036356e-03 -5.783557320510e-04 1.407708130957e+05 1.391861457439e+05 1.000000000000e+05 8.579111988283e+03 4.924688599490e+02 1.800000000000e+06 0.000000000000e+00 -8.752000000000e-01 -8.752000000000e-01 0.000000000000e+00 0.000000000000e+00 0.000000000000e+00 -0.000000000000e+00 2.190060336808e-02 0.000000000000e+00 0.000000000000e+00 0.000000000000e+00 0.000000000000e+00 0.000000000000e+00 0.000000000000e+00 
9.400000000000e+00 9.751924217981e-03 7.338235055528e-03 -4.626216603441e-04 1.405190636451e+05 1.392519985950e+05 1.000000000000e+05 8.578574623939e+03 4.923674177562e+02 1.800000000000e+06 0.000000000000e+00 -8.752000000000e-01 -8.752000000000e-01 0.000000000000e+00 0.000000000000e+00 0.000000000000e+00 -0.000000000000e+00 2.190641950710e-02 0.000000000000e+00 0.000000000000e+00 0.000000000000e+00 0.000000000000e+00 0.000000000000e+00 0.000000000000e+00 
9.405000000000e+00 9.753860371245e-03 5.818401332685e-03 -3.346734562325e-04 1.402183997919e+05 1.393020423888e+05 1.000000000000e+05 8.578175327672e+03 4.922903074521e+02 1.800000000000e+06 0.000000000000e+00 -8.752000000000e-01 -8.752000000000e-01 0.000000000000e+00 0.000000000000e+00 0.000000000000e+00 -0.000000000000e+00 2.191086652084e-02 0.000000000000e+00 0.000000000000e+00 0.000000000000e+00 0.000000000000e+00 0.000000000000e+00 0.000000000000e+00 
9.410000000000e+00 9.755102195508e-03 4.222186145691e-03 -1.861785845007e-04 1.398437979451e+05 1.393341263688e+05 1.000000000000e+05 8.577934561396e+03 4.922408611083e+02 1.800000000000e+06 0.000000000000e+00 -8.752000000000e-01 -8.752000000000e-01 0.000000000000e+00 0.000000000000e+00 0.000000000000e+00 -0.000000000000e+00 2.191375390645e-02 0.000000000000e+00 0.000000000000e+00 0.000000000000e+00 0.000000000000e+00 0.000000000000e+00 0.000000000000e+00 
9.415000000000e+00 9.755524577206e-03 2.498923727526e-03 -8.951768557871e-06 1.393695409388e+05 1.393450366936e+05 1.000000000000e+05 8.577881839496e+03 4.922240449229e+02 1.800000000000e+06 0.000000000000e+00 -8.752000000000e-01 -8.752000000000e-01 0.000000000000e+00 0.000000000000e+00 0.000000000000e+00 -0.000000000000e+00 2.191483083081e-02 0.000000000000e+00 0.000000000000e+00 0.000000000000e+00 0.000000000000e+00 0.000000000000e+00 0.000000000000e+00 
9.420000000000e+00 9.754987472236e-03 6.273868038104e-04 2.056699110472e-04 1.387681229792e+05 1.393311628005e+05 1.000000000000e+05 8.578050143710e+03 4.922454287349e+02 1.800000000000e+06 0.000000000000e+00 -8.752000000000e-01 -8.752000000000e-01 0.000000000000e+00 0.000000000000e+00 0.000000000000e+00 -0.000000000000e+00 2.191374352253e-02 0.000000000000e+00 0.000000000000e+00 0.000000000000e+00 0.000000000000e+00 0.000000000000e+00 0.000000000000e+00 
9.425000000000e+00 9.753272427143e-03 -1.436971124259e-03 4.572653643882e-04 1.380347133645e+05 1.392868484930e+05 1.000000000000e+05 8.578487818892e+03 4.923137209807e+02 1.800000000000e+06 0.000000000000e+00 -8.752000000000e-01 -8.752000000000e-01 0.000000000000e+00 0.000000000000e+00 0.000000000000e+00 -0.000000000000e+00 2.191001326731e-02 0.000000000000e+00 0.000000000000e+00 0.000000000000e+00 0.000000000000e+00 0.000000000000e+00 0.000000000000e+00 
9.430000000000e+00 9.750211846769e-03 -3.691903046187e-03 7.382716679511e-04 1.371851476058e+05 1.392077175524e+05 1.000000000000e+05 8.579230459011e+03 4.924356333819e+02 1.800000000000e+06 0.000000000000e+00 -8.752000000000e-01 -8.752000000000e-01 0.000000000000e+00 0.000000000000e+00 0.000000000000e+00 -0.000000000000e+00 2.190325651574e-02 0.000000000000e+00 0.000000000000e+00 0.000000000000e+00 0.000000000000e+00 0.000000000000e+00 0.000000000000e+00 
9.435000000000e+00 9.745706377469e-03 -6.074688204279e-03 1.029933177671e-03 1.362675495593e+05 1.390911126092e+05 1.000000000000e+05 8.580296162120e+03 4.926151973029e+02 1.800000000000e+06 0.000000000000e+00 -8.752000000000e-01 -8.752000000000e-01 0.000000000000e+00 0.000000000000e+00 0.000000000000e+00 -0.000000000000e+00 2.189325104752e-02 0.000000000000e+00 0.000000000000e+00 0.000000000000e+00 0.000000000000e+00 0.000000000000e+00 0.000000000000e+00 
9.440000000000e+00 9.739782775668e-03 -8.489684337704e-03 1.303550530888e-03 1.353606476939e+05 1.389375937430e+05 1.000000000000e+05 8.581672973687e+03 4.928514566097e+02 1.800000000000e+06 0.000000000000e+00 -8.752000000000e-01 -8.752000000000e-01 0.000000000000e+00 0.000000000000e+00 0.000000000000e+00 -0.000000000000e+00 2.188005811289e-02 0.000000000000e+00 0.000000000000e+00 0.000000000000e+00 0.000000000000e+00 0.000000000000e+00 0.000000000000e+00 
9.445000000000e+00 9.732614621141e-03 -1.083854020842e-02 1.530846523251e-03 1.345462099878e+05 1.387514984047e+05 1.000000000000e+05 8.583316564782e+03 4.931376222298e+02 1.800000000000e+06 0.000000000000e+00 -8.752000000000e-01 -8.752000000000e-01 0.000000000000e+00 0.000000000000e+00 0.000000000000e+00 -0.000000000000e+00 2.186406843410e-02 0.000000000000e+00 0.000000000000e+00 0.000000000000e+00 0.000000000000e+00 0.000000000000e+00 0.000000000000e+00 
9.450000000000e+00 9.724485989458e-03 -1.306694104846e-02 1.695777374573e-03 1.338758387444e+05 1.385400399784e+05 1.000000000000e+05 8.585160836497e+03 4.934624876730e+02 1.800000000000e+06 0.000000000000e+00 -8.752000000000e-01 -8.752000000000e-01 0.000000000000e+00 0.000000000000e+00 0.000000000000e+00 -0.000000000000e+00 2.184592019179e-02 0.000000000000e+00 0.000000000000e+00 0.000000000000e+00 0.000000000000e+00 0.000000000000e+00 0.000000000000e+00 
9.455000000000e+00 9.715718805633e-03 -1.512852001241e-02 1.796724040590e-03 1.333629156766e+05 1.383114592524e+05 1.000000000000e+05 8.587134405293e+03 4.938132980265e+02 1.800000000000e+06 0.000000000000e+00 -8.752000000000e-01 -8.752000000000e-01 0.000000000000e+00 0.000000000000e+00 0.000000000000e+00 -0.000000000000e+00 2.182633683687e-02 0.000000000000e+00 0.000000000000e+00 0.000000000000e+00 0.000000000000e+00 0.000000000000e+00 0.000000000000e+00 
9.460000000000e+00 9.706610537706e-03 -1.698618229804e-02 1.842389549747e-03 1.329919627190e+05 1.380734223546e+05 1.000000000000e+05 8.589173441306e+03 4.941782245052e+02 1.800000000000e+06 0.000000000000e+00 -8.752000000000e-01 -8.752000000000e-01 0.000000000000e+00 0.000000000000e+00 0.000000000000e+00 -0.000000000000e+00 2.180599505024e-02 0.000000000000e+00 0.000000000000e+00 0.000000000000e+00 0.000000000000e+00 0.000000000000e+00 0.000000000000e+00 
9.465000000000e+00 9.697399044357e-03 -1.860807050985e-02 1.846180548096e-03 1.327329296652e+05 1.378321020678e+05 1.000000000000e+05 8.591228214879e+03 4.945477729371e+02 1.800000000000e+06 0.000000000000e+00 -8.752000000000e-01 -8.752000000000e-01 0.000000000000e+00 0.000000000000e+00 0.000000000000e+00 -0.000000000000e+00 2.178542993132e-02 0.000000000000e+00 0.000000000000e+00 0.000000000000e+00 0.000000000000e+00 0.000000000000e+00 0.000000000000e+00 
9.470000000000e+00 9.688253618377e-03 -1.997146549911e-02 1.821733941262e-03 1.325531512391e+05 1.375919281018e+05 1.000000000000e+05 8.593264129621e+03 4.949151556969e+02 1.800000000000e+06 0.000000000000e+00 -8.752000000000e-01 -8.752000000000e-01 0.000000000000e+00 0.000000000000e+00 0.000000000000e+00 -0.000000000000e+00 2.176501773969e-02 0.000000000000e+00 0.000000000000e+00 0.000000000000e+00 0.000000000000e+00 0.000000000000e+00 0.000000000000e+00 
9.475000000000e+00 9.679279765566e-03 -2.108655433750e-02 1.781220116598e-03 1.324221202524e+05 1.373556920484e+05 1.000000000000e+05 8.595260349450e+03 4.952761168498e+02 1.800000000000e+06 0.000000000000e+00 -8.752000000000e-01 -8.752000000000e-01 0.000000000000e+00 0.000000000000e+00 0.000000000000e+00 -0.000000000000e+00 2.174499107319e-02 0.000000000000e+00 0.000000000000e+00 0.000000000000e+00 0.000000000000e+00 0.000000000000e+00 0.000000000000e+00 
9.480000000000e+00 9.670530975141e-03 -2.199039730525e-02 1.733823041222e-03 1.323160264807e+05 1.371248375541e+05 1.000000000000e+05 8.597206894509e+03 4.956284750648e+02 1.800000000000e+06 0.000000000000e+00 -8.752000000000e-01 -8.752000000000e-01 0.000000000000e+00 0.000000000000e+00 0.000000000000e+00 -0.000000000000e+00 2.172546719567e-02 0.000000000000e+00 0.000000000000e+00 0.000000000000e+00 0.000000000000e+00 0.000000000000e+00 0.000000000000e+00 
9.485000000000e+00 9.662021197134e-03 -2.271181228911e-02 1.686220947288e-03 1.322168086564e+05 1.368997738147e+05 1.000000000000e+05 8.599102022125e+03 4.959716341543e+02 1.800000000000e+06 0.000000000000e+00 -8.752000000000e-01 -8.752000000000e-01 0.000000000000e+00 0.000000000000e+00 0.000000000000e+00 -0.000000000000e+00 2.170647578658e-02 0.000000000000e+00 0.000000000000e+00 0.000000000000e+00 0.000000000000e+00 0.000000000000e+00 0.000000000000e+00 
9.490000000000e+00 9.653739583706e-03 -2.328234410090e-02 1.642216126774e-03 1.321136292169e+05 1.366802544200e+05 1.000000000000e+05 8.600948880156e+03 4.963059977612e+02 1.800000000000e+06 0.000000000000e+00 -8.752000000000e-01 -8.752000000000e-01 0.000000000000e+00 0.000000000000e+00 0.000000000000e+00 -0.000000000000e+00 2.168799180696e-02 0.000000000000e+00 0.000000000000e+00 0.000000000000e+00 0.000000000000e+00 0.000000000000e+00 0.000000000000e+00 
9.495000000000e+00 9.645663392527e-03 -2.372865905638e-02 1.603350878329e-03 1.320015625157e+05 1.364657132077e+05 1.000000000000e+05 8.602752778655e+03 4.966324534983e+02 1.800000000000e+06 0.000000000000e+00 -8.752000000000e-01 -8.752000000000e-01 0.000000000000e+00 0.000000000000e+00 0.000000000000e+00 -0.000000000000e+00 2.166996432043e-02 0.000000000000e+00 0.000000000000e+00 0.000000000000e+00 0.000000000000e+00 0.000000000000e+00 0.000000000000e+00 
9.500000000000e+00 9.637764714138e-03 -2.407698921224e-02 1.570275975367e-03 1.318780030759e+05 1.362554403543e+05 1.000000000000e+05 8.604520007211e+03 4.969521031702e+02 1.800000000000e+06 0.000000000000e+00 -8.752000000000e-01 -8.752000000000e-01 0.000000000000e+00 0.000000000000e+00 0.000000000000e+00 -0.000000000000e+00 2.165233051026e-02 0.000000000000e+00 0.000000000000e+00 0.000000000000e+00 0.000000000000e+00 0.000000000000e+00 0.000000000000e+00 
9.505000000000e+00 9.630013951209e-03 -2.434967973458e-02 1.542870986861e-03 1.317424397551e+05 1.360486741292e+05 1.000000000000e+05 8.606257083651e+03 4.972661226796e+02 1.800000000000e+06 0.000000000000e+00 -8.752000000000e-01 -8.752000000000e-01 0.000000000000e+00 0.000000000000e+00 0.000000000000e+00 -0.000000000000e+00 2.163502505332e-02 0.000000000000e+00 0.000000000000e+00 0.000000000000e+00 0.000000000000e+00 0.000000000000e+00 0.000000000000e+00 
9.510000000000e+00 9.622384739534e-03 -2.456501779737e-02 1.520384272492e-03 1.315962118970e+05 1.358447323892e+05 1.000000000000e+05 8.607969678034e+03 4.975755624646e+02 1.800000000000e+06 0.000000000000e+00 -8.752000000000e-01 -8.752000000000e-01 0.000000000000e+00 0.000000000000e+00 0.000000000000e+00 -0.000000000000e+00 2.161798894202e-02 0.000000000000e+00 0.000000000000e+00 0.000000000000e+00 0.000000000000e+00 0.000000000000e+00 0.000000000000e+00 
9.515000000000e+00 9.614854811344e-03 -2.473275637688e-02 1.501980900266e-03 1.314410107891e+05 1.356430368311e+05 1.000000000000e+05 8.609662541098e+03 4.978813115052e+02 1.800000000000e+06 0.000000000000e+00 -8.752000000000e-01 -8.752000000000e-01 0.000000000000e+00 0.000000000000e+00 0.000000000000e+00 -0.000000000000e+00 2.160117229291e-02 0.000000000000e+00 0.000000000000e+00 0.000000000000e+00 0.000000000000e+00 0.000000000000e+00 0.000000000000e+00 
9.520000000000e+00 9.607406553387e-03 -2.485753446589e-02 1.486685206985e-03 1.312790576090e+05 1.354431292431e+05 1.000000000000e+05 8.611339359564e+03 4.981840735817e+02 1.800000000000e+06 0.000000000000e+00 -8.752000000000e-01 -8.752000000000e-01 0.000000000000e+00 0.000000000000e+00 0.000000000000e+00 -0.000000000000e+00 2.158453581895e-02 0.000000000000e+00 0.000000000000e+00 0.000000000000e+00 0.000000000000e+00 0.000000000000e+00 0.000000000000e+00 
9.525000000000e+00 9.600026817648e-03 -2.494438926703e-02 1.473686793912e-03 1.311122430626e+05 1.352446677537e+05 1.000000000000e+05 8.613002865076e+03 4.984843738675e+02 1.800000000000e+06 0.000000000000e+00 -8.752000000000e-01 -8.752000000000e-01 0.000000000000e+00 0.000000000000e+00 0.000000000000e+00 -0.000000000000e+00 2.156805021190e-02 0.000000000000e+00 0.000000000000e+00 0.000000000000e+00 0.000000000000e+00 0.000000000000e+00 0.000000000000e+00 
9.530000000000e+00 9.592706193522e-03 -2.499834564010e-02 1.462325418547e-03 1.309421477643e+05 1.350474084474e+05 1.000000000000e+05 8.614654990333e+03 4.987825875643e+02 1.800000000000e+06 0.000000000000e+00 -8.752000000000e-01 -8.752000000000e-01 0.000000000000e+00 0.000000000000e+00 0.000000000000e+00 -0.000000000000e+00 2.155169431711e-02 0.000000000000e+00 0.000000000000e+00 0.000000000000e+00 0.000000000000e+00 0.000000000000e+00 0.000000000000e+00 
9.535000000000e+00 9.585438045253e-03 -2.502483058179e-02 1.452100326480e-03 1.307699876687e+05 1.348511803740e+05 1.000000000000e+05 8.616297085151e+03 4.990789783304e+02 1.800000000000e+06 0.000000000000e+00 -8.752000000000e-01 -8.752000000000e-01 0.000000000000e+00 0.000000000000e+00 0.000000000000e+00 -0.000000000000e+00 2.153545335625e-02 0.000000000000e+00 0.000000000000e+00 0.000000000000e+00 0.000000000000e+00 0.000000000000e+00 0.000000000000e+00 
9.540000000000e+00 9.578217824644e-03 -2.503064029832e-02 1.442653780287e-03 1.305966393730e+05 1.346558676892e+05 1.000000000000e+05 8.617930065419e+03 4.993737257345e+02 1.800000000000e+06 0.000000000000e+00 -8.752000000000e-01 -8.752000000000e-01 0.000000000000e+00 0.000000000000e+00 0.000000000000e+00 -0.000000000000e+00 2.151931728243e-02 0.000000000000e+00 0.000000000000e+00 0.000000000000e+00 0.000000000000e+00 0.000000000000e+00 0.000000000000e+00 
9.545000000000e+00 9.571042343195e-03 -2.502308409052e-02 1.433771070961e-03 1.304226180416e+05 1.344613904670e+05 1.000000000000e+05 8.619554576045e+03 4.996669545540e+02 1.800000000000e+06 0.000000000000e+00 -8.752000000000e-01 -8.752000000000e-01 0.000000000000e+00 0.000000000000e+00 0.000000000000e+00 -0.000000000000e+00 2.150327910609e-02 0.000000000000e+00 0.000000000000e+00 0.000000000000e+00 0.000000000000e+00 0.000000000000e+00 0.000000000000e+00 
9.550000000000e+00 9.563909117220e-03 -2.500963813680e-02 1.425357435396e-03 1.302481223144e+05 1.342676872613e+05 1.000000000000e+05 8.621171132853e+03 4.999587612815e+02 1.800000000000e+06 0.000000000000e+00 -8.752000000000e-01 -8.752000000000e-01 0.000000000000e+00 0.000000000000e+00 0.000000000000e+00 -0.000000000000e+00 2.148733343402e-02 0.000000000000e+00 0.000000000000e+00 0.000000000000e+00 0.000000000000e+00 0.000000000000e+00 0.000000000000e+00 
9.555000000000e+00 9.556815935917e-03 -2.499752280736e-02 1.417395811331e-03 1.300731398006e+05 1.340747035313e+05 1.000000000000e+05 8.622780210109e+03 5.002492316665e+02 1.800000000000e+06 0.000000000000e+00 -8.752000000000e-01 -8.752000000000e-01 0.000000000000e+00 0.000000000000e+00 0.000000000000e+00 -0.000000000000e+00 2.147147538271e-02 0.000000000000e+00 0.000000000000e+00 0.000000000000e+00 0.000000000000e+00 0.000000000000e+00 0.000000000000e+00 
9.560000000000e+00 9.549760653465e-03 -2.499354585338e-02 1.409940406725e-03 1.298974582914e+05 1.338823860434e+05 1.000000000000e+05 8.624382286061e+03 5.005384491805e+02 1.800000000000e+06 0.000000000000e+00 -8.752000000000e-01 -8.752000000000e-01 0.000000000000e+00 0.000000000000e+00 0.000000000000e+00 -0.000000000000e+00 2.145569989305e-02 0.000000000000e+00 0.000000000000e+00 0.000000000000e+00 0.000000000000e+00 0.000000000000e+00 0.000000000000e+00 
9.565000000000e+00 9.542740546371e-03 -2.500394499675e-02 1.403087943412e-03 1.297207280572e+05 1.336906653235e+05 1.000000000000e+05 8.625977982428e+03 5.008265213855e+02 1.800000000000e+06 0.000000000000e+00 -8.752000000000e-01 -8.752000000000e-01 0.000000000000e+00 0.000000000000e+00 0.000000000000e+00 -0.000000000000e+00 2.144000086249e-02 0.000000000000e+00 0.000000000000e+00 0.000000000000e+00 0.000000000000e+00 0.000000000000e+00 0.000000000000e+00 
9.570000000000e+00 9.535752384055e-03 -2.503346154751e-02 1.396949730873e-03 1.295425421266e+05 1.334994574445e+05 1.000000000000e+05 8.627568042334e+03 5.011135771512e+02 1.800000000000e+06 0.000000000000e+00 -8.752000000000e-01 -8.752000000000e-01 0.000000000000e+00 0.000000000000e+00 0.000000000000e+00 -0.000000000000e+00 2.142437103345e-02 0.000000000000e+00 0.000000000000e+00 0.000000000000e+00 0.000000000000e+00 0.000000000000e+00 0.000000000000e+00 
9.575000000000e+00 9.528792323538e-03 -2.508556887471e-02 1.391655941478e-03 1.293624208598e+05 1.333086610097e+05 1.000000000000e+05 8.629153355870e+03 5.013997710914e+02 1.800000000000e+06 0.000000000000e+00 -8.752000000000e-01 -8.752000000000e-01 0.000000000000e+00 0.000000000000e+00 0.000000000000e+00 -0.000000000000e+00 2.140880178866e-02 0.000000000000e+00 0.000000000000e+00 0.000000000000e+00 0.000000000000e+00 0.000000000000e+00 0.000000000000e+00 
9.580000000000e+00 9.521855890186e-03 -2.516260009516e-02 1.387317696811e-03 1.291799185889e+05 1.331181564696e+05 1.000000000000e+05 8.630734956136e+03 5.016852844814e+02 1.800000000000e+06 0.000000000000e+00 -8.752000000000e-01 -8.752000000000e-01 0.000000000000e+00 0.000000000000e+00 0.000000000000e+00 -0.000000000000e+00 2.139328322256e-02 0.000000000000e+00 0.000000000000e+00 0.000000000000e+00 0.000000000000e+00 0.000000000000e+00 0.000000000000e+00 
9.585000000000e+00 9.514938103928e-03 -2.526528050885e-02 1.384011411452e-03 1.289946717951e+05 1.329278094386e+05 1.000000000000e+05 8.632313987305e+03 5.019703201843e+02 1.800000000000e+06 0.000000000000e+00 -8.752000000000e-01 -8.752000000000e-01 0.000000000000e+00 0.000000000000e+00 0.000000000000e+00 -0.000000000000e+00 2.137780439822e-02 0.000000000000e+00 0.000000000000e+00 0.000000000000e+00 0.000000000000e+00 0.000000000000e+00 0.000000000000e+00 
9.590000000000e+00 9.508033614893e-03 -2.539319840609e-02 1.381804746420e-03 1.288063294926e+05 1.327374743098e+05 1.000000000000e+05 8.633891680256e+03 5.022550971573e+02 1.800000000000e+06 0.000000000000e+00 -8.752000000000e-01 -8.752000000000e-01 0.000000000000e+00 0.000000000000e+00 0.000000000000e+00 -0.000000000000e+00 2.136235342308e-02 0.000000000000e+00 0.000000000000e+00 0.000000000000e+00 0.000000000000e+00 0.000000000000e+00 0.000000000000e+00 
9.595000000000e+00 9.501136843141e-03 -2.554485304830e-02 1.380729409793e-03 1.286146346599e+05 1.325469980221e+05 1.000000000000e+05 8.635469314484e+03 5.025398447561e+02 1.800000000000e+06 0.000000000000e+00 -8.752000000000e-01 -8.752000000000e-01 0.000000000000e+00 0.000000000000e+00 0.000000000000e+00 -0.000000000000e+00 2.134691788389e-02 0.000000000000e+00 0.000000000000e+00 0.000000000000e+00 0.000000000000e+00 0.000000000000e+00 0.000000000000e+00 
9.600000000000e+00 9.494242128587e-03 -2.571789945282e-02 1.380789663903e-03 1.284194046978e+05 1.323562241511e+05 1.000000000000e+05 8.637048185987e+03 5.028247965845e+02 1.800000000000e+06 0.000000000000e+00 -8.752000000000e-01 -8.752000000000e-01 0.000000000000e+00 0.000000000000e+00 0.000000000000e+00 -0.000000000000e+00 2.133148518049e-02 0.000000000000e+00 0.000000000000e+00 0.000000000000e+00 0.000000000000e+00 0.000000000000e+00 0.000000000000e+00 
9.605000000000e+00 9.487343857212e-03 -2.590940559605e-02 1.381965767208e-03 1.282205255562e+05 1.321649963854e+05 1.000000000000e+05 8.638629579210e+03 5.031101852897e+02 1.800000000000e+06 0.000000000000e+00 -8.752000000000e-01 -8.752000000000e-01 0.000000000000e+00 0.000000000000e+00 0.000000000000e+00 -0.000000000000e+00 2.131604280996e-02 0.000000000000e+00 0.000000000000e+00 0.000000000000e+00 0.000000000000e+00 0.000000000000e+00 0.000000000000e+00 
9.610000000000e+00 9.480436584626e-03 -2.611604933190e-02 1.384212906643e-03 1.280179586472e+05 1.319731619659e+05 1.000000000000e+05 8.640214738378e+03 5.033962374375e+02 1.800000000000e+06 0.000000000000e+00 -8.752000000000e-01 -8.752000000000e-01 0.000000000000e+00 0.000000000000e+00 0.000000000000e+00 -0.000000000000e+00 2.130057864690e-02 0.000000000000e+00 0.000000000000e+00 0.000000000000e+00 0.000000000000e+00 0.000000000000e+00 0.000000000000e+00 
9.615000000000e+00 9.473515129059e-03 -2.633444650883e-02 1.387473998376e-03 1.278117072793e+05 1.317805743104e+05 1.000000000000e+05 8.641804849020e+03 5.036831696261e+02 1.800000000000e+06 0.000000000000e+00 -8.752000000000e-01 -8.752000000000e-01 0.000000000000e+00 0.000000000000e+00 0.000000000000e+00 -0.000000000000e+00 2.128508114410e-02 0.000000000000e+00 0.000000000000e+00 0.000000000000e+00 0.000000000000e+00 0.000000000000e+00 0.000000000000e+00 
9.620000000000e+00 9.466574693068e-03 -2.656142295453e-02 1.391706075035e-03 1.276017447987e+05 1.315870964661e+05 1.000000000000e+05 8.643401016029e+03 5.039711833848e+02 1.800000000000e+06 0.000000000000e+00 -8.752000000000e-01 -8.752000000000e-01 0.000000000000e+00 0.000000000000e+00 0.000000000000e+00 -0.000000000000e+00 2.126953943237e-02 0.000000000000e+00 0.000000000000e+00 0.000000000000e+00 0.000000000000e+00 0.000000000000e+00 0.000000000000e+00 
9.625000000000e+00 9.459610900093e-03 -2.679391978092e-02 1.396842498956e-03 1.273881238163e+05 1.313926022200e+05 1.000000000000e+05 8.645004245869e+03 5.042604635823e+02 1.800000000000e+06 0.000000000000e+00 -8.752000000000e-01 -8.752000000000e-01 0.000000000000e+00 0.000000000000e+00 0.000000000000e+00 -0.000000000000e+00 2.125394289667e-02 0.000000000000e+00 0.000000000000e+00 0.000000000000e+00 0.000000000000e+00 0.000000000000e+00 0.000000000000e+00 
9.630000000000e+00 9.452619690547e-03 -2.702907691200e-02 1.402767598784e-03 1.271710464908e+05 1.311969732854e+05 1.000000000000e+05 8.646615464015e+03 5.045511826694e+02 1.800000000000e+06 0.000000000000e+00 -8.752000000000e-01 -8.752000000000e-01 0.000000000000e+00 0.000000000000e+00 0.000000000000e+00 -0.000000000000e+00 2.123828232529e-02 0.000000000000e+00 0.000000000000e+00 0.000000000000e+00 0.000000000000e+00 0.000000000000e+00 0.000000000000e+00 
9.635000000000e+00 9.445597354080e-03 -2.726450981270e-02 1.409402270185e-03 1.269506203622e+05 1.310001002773e+05 1.000000000000e+05 8.648235527678e+03 5.048434992770e+02 1.800000000000e+06 0.000000000000e+00 -8.752000000000e-01 -8.752000000000e-01 0.000000000000e+00 0.000000000000e+00 0.000000000000e+00 -0.000000000000e+00 2.122254952716e-02 0.000000000000e+00 0.000000000000e+00 0.000000000000e+00 0.000000000000e+00 0.000000000000e+00 0.000000000000e+00 
9.640000000000e+00 9.438540545094e-03 -2.749832681624e-02 1.416678704935e-03 1.267269309925e+05 1.308018832283e+05 1.000000000000e+05 8.649865215875e+03 5.051375575039e+02 1.800000000000e+06 0.000000000000e+00 -8.752000000000e-01 -8.752000000000e-01 0.000000000000e+00 0.000000000000e+00 0.000000000000e+00 -0.000000000000e+00 2.120673712042e-02 0.000000000000e+00 0.000000000000e+00 0.000000000000e+00 0.000000000000e+00 0.000000000000e+00 0.000000000000e+00 
9.645000000000e+00 9.431446219706e-03 -2.772911491144e-02 1.424540394934e-03 1.265000400505e+05 1.306022298964e+05 1.000000000000e+05 8.651505243660e+03 5.054334894789e+02 1.800000000000e+06 0.000000000000e+00 -8.752000000000e-01 -8.752000000000e-01 0.000000000000e+00 0.000000000000e+00 0.000000000000e+00 -0.000000000000e+00 2.119083839566e-02 0.000000000000e+00 0.000000000000e+00 0.000000000000e+00 0.000000000000e+00 0.000000000000e+00 0.000000000000e+00 
9.650000000000e+00 9.424311588715e-03 -2.795582037393e-02 1.432938856041e-03 1.262699932945e+05 1.304010545057e+05 1.000000000000e+05 8.653156271946e+03 5.057314172689e+02 1.800000000000e+06 0.000000000000e+00 -8.752000000000e-01 -8.752000000000e-01 0.000000000000e+00 0.000000000000e+00 0.000000000000e+00 -0.000000000000e+00 2.117484719809e-02 0.000000000000e+00 0.000000000000e+00 0.000000000000e+00 0.000000000000e+00 0.000000000000e+00 0.000000000000e+00 
9.655000000000e+00 9.417134068526e-03 -2.817781008354e-02 1.441841345800e-03 1.260367968112e+05 1.301982764152e+05 1.000000000000e+05 8.654818920495e+03 5.060314548858e+02 1.800000000000e+06 0.000000000000e+00 -8.752000000000e-01 -8.752000000000e-01 0.000000000000e+00 0.000000000000e+00 0.000000000000e+00 -0.000000000000e+00 2.115875782409e-02 0.000000000000e+00 0.000000000000e+00 0.000000000000e+00 0.000000000000e+00 0.000000000000e+00 0.000000000000e+00 
9.660000000000e+00 9.409911195148e-03 -2.839484313929e-02 1.451228798802e-03 1.258004202799e+05 1.299938177252e+05 1.000000000000e+05 8.656493787181e+03 5.063337118500e+02 1.800000000000e+06 0.000000000000e+00 -8.752000000000e-01 -8.752000000000e-01 0.000000000000e+00 0.000000000000e+00 0.000000000000e+00 -0.000000000000e+00 2.114256483451e-02 0.000000000000e+00 0.000000000000e+00 0.000000000000e+00 0.000000000000e+00 0.000000000000e+00 0.000000000000e+00 
9.665000000000e+00 9.402640561976e-03 -2.860698164214e-02 1.461093223548e-03 1.255608024905e+05 1.297876015315e+05 1.000000000000e+05 8.658181461722e+03 5.066382957822e+02 1.800000000000e+06 0.000000000000e+00 -8.752000000000e-01 -8.752000000000e-01 0.000000000000e+00 0.000000000000e+00 0.000000000000e+00 -0.000000000000e+00 2.112626291358e-02 0.000000000000e+00 0.000000000000e+00 0.000000000000e+00 0.000000000000e+00 0.000000000000e+00 0.000000000000e+00 
9.670000000000e+00 9.395319772476e-03 -2.881452977615e-02 1.471436619614e-03 1.253178529180e+05 1.295795505821e+05 1.000000000000e+05 8.659882536396e+03 5.069453143845e+02 1.800000000000e+06 0.000000000000e+00 -8.752000000000e-01 -8.752000000000e-01 0.000000000000e+00 0.000000000000e+00 0.000000000000e+00 -0.000000000000e+00 2.110984676472e-02 0.000000000000e+00 0.000000000000e+00 0.000000000000e+00 0.000000000000e+00 0.000000000000e+00 0.000000000000e+00 
9.675000000000e+00 9.387946383173e-03 -2.901789432522e-02 1.482278651669e-03 1.250714276198e+05 1.293695856422e+05 1.000000000000e+05 8.661597621190e+03 5.072548778433e+02 1.800000000000e+06 0.000000000000e+00 -8.752000000000e-01 -8.752000000000e-01 0.000000000000e+00 0.000000000000e+00 0.000000000000e+00 -0.000000000000e+00 2.109331118712e-02 0.000000000000e+00 0.000000000000e+00 0.000000000000e+00 0.000000000000e+00 0.000000000000e+00 0.000000000000e+00 
9.680000000000e+00 9.380517904020e-03 -2.921772643909e-02 1.493619524433e-03 1.248214366857e+05 1.291576254761e+05 1.000000000000e+05 8.663327334871e+03 5.075670988353e+02 1.800000000000e+06 0.000000000000e+00 -8.752000000000e-01 -8.752000000000e-01 0.000000000000e+00 0.000000000000e+00 0.000000000000e+00 -0.000000000000e+00 2.107665081837e-02 0.000000000000e+00 0.000000000000e+00 0.000000000000e+00 0.000000000000e+00 0.000000000000e+00 0.000000000000e+00 
9.685000000000e+00 9.373031765080e-03 -2.941469069709e-02 1.505478058325e-03 1.245677328834e+05 1.289435858660e+05 1.000000000000e+05 8.665072322036e+03 5.078820939522e+02 1.800000000000e+06 0.000000000000e+00 -8.752000000000e-01 -8.752000000000e-01 0.000000000000e+00 0.000000000000e+00 0.000000000000e+00 -0.000000000000e+00 2.105985993401e-02 0.000000000000e+00 0.000000000000e+00 0.000000000000e+00 0.000000000000e+00 0.000000000000e+00 0.000000000000e+00 
9.690000000000e+00 9.365485302983e-03 -2.960931255760e-02 1.517833053582e-03 1.243102815219e+05 1.287273791835e+05 1.000000000000e+05 8.666833242247e+03 5.081999843026e+02 1.800000000000e+06 0.000000000000e+00 -8.752000000000e-01 -8.752000000000e-01 0.000000000000e+00 0.000000000000e+00 0.000000000000e+00 -0.000000000000e+00 2.104293274386e-02 0.000000000000e+00 0.000000000000e+00 0.000000000000e+00 0.000000000000e+00 0.000000000000e+00 0.000000000000e+00 
9.695000000000e+00 9.357875624230e-03 -2.980237719485e-02 1.530722913614e-03 1.240488668015e+05 1.285089104161e+05 1.000000000000e+05 8.668610826195e+03 5.085209013147e+02 1.800000000000e+06 0.000000000000e+00 -8.752000000000e-01 -8.752000000000e-01 0.000000000000e+00 0.000000000000e+00 0.000000000000e+00 -0.000000000000e+00 2.102586357366e-02 0.000000000000e+00 0.000000000000e+00 0.000000000000e+00 0.000000000000e+00 0.000000000000e+00 0.000000000000e+00 
9.700000000000e+00 9.350199869914e-03 -2.999453857211e-02 1.544185406907e-03 1.237832741926e+05 1.282880847034e+05 1.000000000000e+05 8.670405799677e+03 5.088449756238e+02 1.800000000000e+06 0.000000000000e+00 -8.752000000000e-01 -8.752000000000e-01 0.000000000000e+00 0.000000000000e+00 0.000000000000e+00 -0.000000000000e+00 2.100864602157e-02 0.000000000000e+00 0.000000000000e+00 0.000000000000e+00 0.000000000000e+00 0.000000000000e+00 0.000000000000e+00 
9.705000000000e+00 9.342455155338e-03 -3.018634939709e-02 1.558229564268e-03 1.235133707126e+05 1.280648055838e+05 1.000000000000e+05 8.672218890922e+03 5.091723396324e+02 1.800000000000e+06 0.000000000000e+00 -8.752000000000e-01 -8.752000000000e-01 0.000000000000e+00 0.000000000000e+00 0.000000000000e+00 -0.000000000000e+00 2.099127350772e-02 0.000000000000e+00 0.000000000000e+00 0.000000000000e+00 0.000000000000e+00 0.000000000000e+00 0.000000000000e+00 
9.710000000000e+00 9.334638551096e-03 -3.037828286398e-02 1.572862554940e-03 1.232390262351e+05 1.278389744177e+05 1.000000000000e+05 8.674050841627e+03 5.095031283345e+02 1.800000000000e+06 0.000000000000e+00 -8.752000000000e-01 -8.752000000000e-01 0.000000000000e+00 0.000000000000e+00 0.000000000000e+00 -0.000000000000e+00 2.097373936734e-02 0.000000000000e+00 0.000000000000e+00 0.000000000000e+00 0.000000000000e+00 0.000000000000e+00 0.000000000000e+00 
9.715000000000e+00 9.326747096701e-03 -3.057070474521e-02 1.588088333818e-03 1.229601178370e+05 1.276104907454e+05 1.000000000000e+05 8.675902403572e+03 5.098374787658e+02 1.800000000000e+06 0.000000000000e+00 -8.752000000000e-01 -8.752000000000e-01 0.000000000000e+00 0.000000000000e+00 0.000000000000e+00 -0.000000000000e+00 2.095603687604e-02 0.000000000000e+00 0.000000000000e+00 0.000000000000e+00 0.000000000000e+00 0.000000000000e+00 0.000000000000e+00 
9.720000000000e+00 9.318777857724e-03 -3.076391235884e-02 1.603893324105e-03 1.226765734919e+05 1.273792539131e+05 1.000000000000e+05 8.677774321853e+03 5.101755276043e+02 1.800000000000e+06 0.000000000000e+00 -8.752000000000e-01 -8.752000000000e-01 0.000000000000e+00 0.000000000000e+00 0.000000000000e+00 -0.000000000000e+00 2.093815937489e-02 0.000000000000e+00 0.000000000000e+00 0.000000000000e+00 0.000000000000e+00 0.000000000000e+00 0.000000000000e+00 
9.725000000000e+00 9.310727975163e-03 -3.095813455831e-02 1.620262018700e-03 1.223883280453e+05 1.271451644929e+05 1.000000000000e+05 8.679667327133e+03 5.105174090852e+02 1.800000000000e+06 0.000000000000e+00 -8.752000000000e-01 -8.752000000000e-01 0.000000000000e+00 0.000000000000e+00 0.000000000000e+00 -0.000000000000e+00 2.092010038367e-02 0.000000000000e+00 0.000000000000e+00 0.000000000000e+00 0.000000000000e+00 0.000000000000e+00 0.000000000000e+00 
9.730000000000e+00 9.302594677063e-03 -3.115354172053e-02 1.637175087817e-03 1.220953291601e+05 1.269081246198e+05 1.000000000000e+05 8.681582132443e+03 5.108632545058e+02 1.800000000000e+06 0.000000000000e+00 -8.752000000000e-01 -8.752000000000e-01 0.000000000000e+00 0.000000000000e+00 0.000000000000e+00 -0.000000000000e+00 2.090185362218e-02 0.000000000000e+00 0.000000000000e+00 0.000000000000e+00 0.000000000000e+00 0.000000000000e+00 0.000000000000e+00 
9.735000000000e+00 9.294375311019e-03 -3.135019701621e-02 1.654604445516e-03 1.217975528913e+05 1.266680389438e+05 1.000000000000e+05 8.683519424303e+03 5.112131908380e+02 1.800000000000e+06 0.000000000000e+00 -8.752000000000e-01 -8.752000000000e-01 0.000000000000e+00 0.000000000000e+00 0.000000000000e+00 -0.000000000000e+00 2.088341308098e-02 0.000000000000e+00 0.000000000000e+00 0.000000000000e+00 0.000000000000e+00 0.000000000000e+00 0.000000000000e+00 
9.740000000000e+00 9.286067383658e-03 -3.154807885404e-02 1.672516217325e-03 1.214949963179e+05 1.264248158005e+05 1.000000000000e+05 8.685479854078e+03 5.115673390325e+02 1.800000000000e+06 0.000000000000e+00 -8.752000000000e-01 -8.752000000000e-01 0.000000000000e+00 0.000000000000e+00 0.000000000000e+00 -0.000000000000e+00 2.086477310941e-02 0.000000000000e+00 0.000000000000e+00 0.000000000000e+00 0.000000000000e+00 0.000000000000e+00 0.000000000000e+00 
9.745000000000e+00 9.277668583017e-03 -3.174714643506e-02 1.690872844658e-03 1.211876721628e+05 1.261783678944e+05 1.000000000000e+05 8.687464033084e+03 5.119258130397e+02 1.800000000000e+06 0.000000000000e+00 -8.752000000000e-01 -8.752000000000e-01 0.000000000000e+00 0.000000000000e+00 0.000000000000e+00 -0.000000000000e+00 2.084592846573e-02 0.000000000000e+00 0.000000000000e+00 0.000000000000e+00 0.000000000000e+00 0.000000000000e+00 0.000000000000e+00 
9.750000000000e+00 9.269176807411e-03 -3.194727427926e-02 1.709628470525e-03 1.208756234327e+05 1.259286131855e+05 1.000000000000e+05 8.689472524489e+03 5.122887185450e+02 1.800000000000e+06 0.000000000000e+00 -8.752000000000e-01 -8.752000000000e-01 0.000000000000e+00 0.000000000000e+00 0.000000000000e+00 -0.000000000000e+00 2.082687438214e-02 0.000000000000e+00 0.000000000000e+00 0.000000000000e+00 0.000000000000e+00 0.000000000000e+00 0.000000000000e+00 
9.755000000000e+00 9.260590190943e-03 -3.214828648867e-02 1.728736295270e-03 1.205589026628e+05 1.256754756890e+05 1.000000000000e+05 8.691505838867e+03 5.126561518371e+02 1.800000000000e+06 0.000000000000e+00 -8.752000000000e-01 -8.752000000000e-01 0.000000000000e+00 0.000000000000e+00 0.000000000000e+00 -0.000000000000e+00 2.080760662166e-02 0.000000000000e+00 0.000000000000e+00 0.000000000000e+00 0.000000000000e+00 0.000000000000e+00 0.000000000000e+00 
9.760000000000e+00 9.251907107624e-03 -3.234996093394e-02 1.748146033494e-03 1.202375796892e+05 1.254188856565e+05 1.000000000000e+05 8.693564432362e+03 5.130281995821e+02 1.800000000000e+06 0.000000000000e+00 -8.752000000000e-01 -8.752000000000e-01 0.000000000000e+00 0.000000000000e+00 0.000000000000e+00 -0.000000000000e+00 2.078812148716e-02 0.000000000000e+00 0.000000000000e+00 0.000000000000e+00 0.000000000000e+00 0.000000000000e+00 0.000000000000e+00 
9.765000000000e+00 9.243126197610e-03 -3.255205530375e-02 1.767803490481e-03 1.199117438765e+05 1.251587804171e+05 1.000000000000e+05 8.695648700091e+03 5.134049376455e+02 1.800000000000e+06 0.000000000000e+00 -8.752000000000e-01 -8.752000000000e-01 0.000000000000e+00 0.000000000000e+00 0.000000000000e+00 -0.000000000000e+00 2.076841588338e-02 0.000000000000e+00 0.000000000000e+00 0.000000000000e+00 0.000000000000e+00 0.000000000000e+00 0.000000000000e+00 
9.770000000000e+00 9.234246372833e-03 -3.275432111415e-02 1.787655166759e-03 1.195814908025e+05 1.248951046206e+05 1.000000000000e+05 8.697758975630e+03 5.137864307877e+02 1.800000000000e+06 0.000000000000e+00 -8.752000000000e-01 -8.752000000000e-01 0.000000000000e+00 0.000000000000e+00 0.000000000000e+00 -0.000000000000e+00 2.074848732487e-02 0.000000000000e+00 0.000000000000e+00 0.000000000000e+00 0.000000000000e+00 0.000000000000e+00 0.000000000000e+00 
9.775000000000e+00 9.225266912315e-03 -3.295642735494e-02 1.807639458979e-03 1.192469514840e+05 1.246278131596e+05 1.000000000000e+05 8.699895505871e+03 5.141727284945e+02 1.800000000000e+06 0.000000000000e+00 -8.752000000000e-01 -8.752000000000e-01 0.000000000000e+00 0.000000000000e+00 0.000000000000e+00 -0.000000000000e+00 2.072833397229e-02 0.000000000000e+00 0.000000000000e+00 0.000000000000e+00 0.000000000000e+00 0.000000000000e+00 0.000000000000e+00 
9.780000000000e+00 9.216187173336e-03 -3.315797142533e-02 1.827692543180e-03 1.189082663013e+05 1.243568626607e+05 1.000000000000e+05 8.702058520661e+03 5.145638773305e+02 1.800000000000e+06 0.000000000000e+00 -8.752000000000e-01 -8.752000000000e-01 0.000000000000e+00 0.000000000000e+00 0.000000000000e+00 -0.000000000000e+00 2.070795471078e-02 0.000000000000e+00 0.000000000000e+00 0.000000000000e+00 0.000000000000e+00 0.000000000000e+00 0.000000000000e+00 
9.785000000000e+00 9.207007065512e-03 -3.335855104184e-02 1.847755616784e-03 1.185655781087e+05 1.240822257024e+05 1.000000000000e+05 8.704248121628e+03 5.149599004580e+02 1.800000000000e+06 0.000000000000e+00 -8.752000000000e-01 -8.752000000000e-01 0.000000000000e+00 0.000000000000e+00 0.000000000000e+00 -0.000000000000e+00 2.068734911635e-02 0.000000000000e+00 0.000000000000e+00 0.000000000000e+00 0.000000000000e+00 0.000000000000e+00 0.000000000000e+00 
9.790000000000e+00 9.197726693873e-03 -3.355781366309e-02 1.867773565291e-03 1.182190253338e+05 1.238038802966e+05 1.000000000000e+05 8.706464366156e+03 5.153608129069e+02 1.800000000000e+06 0.000000000000e+00 -8.752000000000e-01 -8.752000000000e-01 0.000000000000e+00 0.000000000000e+00 0.000000000000e+00 -0.000000000000e+00 2.066651740296e-02 0.000000000000e+00 0.000000000000e+00 0.000000000000e+00 0.000000000000e+00 0.000000000000e+00 0.000000000000e+00 
9.795000000000e+00 9.188346476732e-03 -3.375532139973e-02 1.887681011398e-03 1.178687874461e+05 1.235218135072e+05 1.000000000000e+05 8.708707235506e+03 5.157666164143e+02 1.800000000000e+06 0.000000000000e+00 -8.752000000000e-01 -8.752000000000e-01 0.000000000000e+00 0.000000000000e+00 0.000000000000e+00 -0.000000000000e+00 2.064546049146e-02 0.000000000000e+00 0.000000000000e+00 0.000000000000e+00 0.000000000000e+00 0.000000000000e+00 0.000000000000e+00 
9.800000000000e+00 9.178867122968e-03 -3.395069695561e-02 1.907420127554e-03 1.175150312327e+05 1.232360208846e+05 1.000000000000e+05 8.710976644178e+03 5.161773003141e+02 1.800000000000e+06 0.000000000000e+00 -8.752000000000e-01 -8.752000000000e-01 0.000000000000e+00 0.000000000000e+00 0.000000000000e+00 -0.000000000000e+00 2.062417995846e-02 0.000000000000e+00 0.000000000000e+00 0.000000000000e+00 0.000000000000e+00 0.000000000000e+00 0.000000000000e+00 
9.805000000000e+00 9.169289663227e-03 -3.414346554759e-02 1.926927240592e-03 1.171579520084e+05 1.229465075255e+05 1.000000000000e+05 8.713272428657e+03 5.165928400884e+02 1.800000000000e+06 0.000000000000e+00 -8.752000000000e-01 -8.752000000000e-01 0.000000000000e+00 0.000000000000e+00 0.000000000000e+00 -0.000000000000e+00 2.060267810605e-02 0.000000000000e+00 0.000000000000e+00 0.000000000000e+00 0.000000000000e+00 0.000000000000e+00 0.000000000000e+00 
9.810000000000e+00 9.159615412073e-03 -3.433324081309e-02 1.946149756295e-03 1.167977218337e+05 1.226532870575e+05 1.000000000000e+05 8.715594360164e+03 5.170131989082e+02 1.800000000000e+06 0.000000000000e+00 -8.752000000000e-01 -8.752000000000e-01 0.000000000000e+00 0.000000000000e+00 0.000000000000e+00 -0.000000000000e+00 2.058095787762e-02 0.000000000000e+00 0.000000000000e+00 0.000000000000e+00 0.000000000000e+00 0.000000000000e+00 0.000000000000e+00 
9.815000000000e+00 9.149845965897e-03 -3.451959495006e-02 1.965024865843e-03 1.164345535307e+05 1.223563816982e+05 1.000000000000e+05 8.717942139381e+03 5.174383276256e+02 1.800000000000e+06 0.000000000000e+00 -8.752000000000e-01 -8.752000000000e-01 0.000000000000e+00 0.000000000000e+00 0.000000000000e+00 -0.000000000000e+00 2.055902286789e-02 0.000000000000e+00 0.000000000000e+00 0.000000000000e+00 0.000000000000e+00 0.000000000000e+00 0.000000000000e+00 
9.820000000000e+00 9.139983227753e-03 -3.470204335787e-02 1.983497579313e-03 1.160686474553e+05 1.220558231397e+05 1.000000000000e+05 8.720315394464e+03 5.178681635902e+02 1.800000000000e+06 0.000000000000e+00 -8.752000000000e-01 -8.752000000000e-01 0.000000000000e+00 0.000000000000e+00 0.000000000000e+00 -0.000000000000e+00 2.053687736747e-02 0.000000000000e+00 0.000000000000e+00 0.000000000000e+00 0.000000000000e+00 0.000000000000e+00 0.000000000000e+00 
9.825000000000e+00 9.130029366570e-03 -3.488018407199e-02 2.001515580721e-03 1.157002057662e+05 1.217516514423e+05 1.000000000000e+05 8.722713689033e+03 5.183026323186e+02 1.800000000000e+06 0.000000000000e+00 -8.752000000000e-01 -8.752000000000e-01 0.000000000000e+00 0.000000000000e+00 0.000000000000e+00 -0.000000000000e+00 2.051452624758e-02 0.000000000000e+00 0.000000000000e+00 0.000000000000e+00 0.000000000000e+00 0.000000000000e+00 0.000000000000e+00 
9.830000000000e+00 9.119986818386e-03 -3.505344762366e-02 2.018983856624e-03 1.153295699773e+05 1.214439152013e+05 1.000000000000e+05 8.725136510016e+03 5.187416473383e+02 1.800000000000e+06 0.000000000000e+00 -8.752000000000e-01 -8.752000000000e-01 0.000000000000e+00 0.000000000000e+00 0.000000000000e+00 -0.000000000000e+00 2.049197515158e-02 0.000000000000e+00 0.000000000000e+00 0.000000000000e+00 0.000000000000e+00 0.000000000000e+00 0.000000000000e+00 
9.835000000000e+00 9.109858167820e-03 -3.522151209187e-02 2.035873917718e-03 1.149568871233e+05 1.211326680338e+05 1.000000000000e+05 8.727583323035e+03 5.191851152754e+02 1.800000000000e+06 0.000000000000e+00 -8.752000000000e-01 -8.752000000000e-01 0.000000000000e+00 0.000000000000e+00 0.000000000000e+00 -0.000000000000e+00 2.046923058050e-02 0.000000000000e+00 0.000000000000e+00 0.000000000000e+00 0.000000000000e+00 0.000000000000e+00 0.000000000000e+00 
9.840000000000e+00 9.099646329511e-03 -3.538398649392e-02 2.052154196691e-03 1.145823254843e+05 1.208179742638e+05 1.000000000000e+05 8.730053510865e+03 5.196329278248e+02 1.800000000000e+06 0.000000000000e+00 -8.752000000000e-01 -8.752000000000e-01 0.000000000000e+00 0.000000000000e+00 0.000000000000e+00 -0.000000000000e+00 2.044629913987e-02 0.000000000000e+00 0.000000000000e+00 0.000000000000e+00 0.000000000000e+00 0.000000000000e+00 0.000000000000e+00 
9.845000000000e+00 9.089354472969e-03 -3.554047850692e-02 2.067781413883e-03 1.142060987405e+05 1.204999067649e+05 1.000000000000e+05 8.732546388801e+03 5.200849649208e+02 1.800000000000e+06 0.000000000000e+00 -8.752000000000e-01 -8.752000000000e-01 0.000000000000e+00 0.000000000000e+00 0.000000000000e+00 -0.000000000000e+00 2.042318793199e-02 0.000000000000e+00 0.000000000000e+00 0.000000000000e+00 0.000000000000e+00 0.000000000000e+00 0.000000000000e+00 
9.850000000000e+00 9.078985972091e-03 -3.569064233195e-02 2.082714952222e-03 1.138284209949e+05 1.201785455333e+05 1.000000000000e+05 8.735061219947e+03 5.205410968507e+02 1.800000000000e+06 0.000000000000e+00 -8.752000000000e-01 -8.752000000000e-01 0.000000000000e+00 0.000000000000e+00 0.000000000000e+00 -0.000000000000e+00 2.039990451809e-02 0.000000000000e+00 0.000000000000e+00 0.000000000000e+00 0.000000000000e+00 0.000000000000e+00 0.000000000000e+00 
9.855000000000e+00 9.068544417068e-03 -3.583409282649e-02 2.096912799317e-03 1.134495196278e+05 1.198539781788e+05 1.000000000000e+05 8.737597210851e+03 5.210011836360e+02 1.800000000000e+06 0.000000000000e+00 -8.752000000000e-01 -8.752000000000e-01 0.000000000000e+00 0.000000000000e+00 0.000000000000e+00 -0.000000000000e+00 2.037645694487e-02 0.000000000000e+00 0.000000000000e+00 0.000000000000e+00 0.000000000000e+00 0.000000000000e+00 0.000000000000e+00 
9.860000000000e+00 9.058033587794e-03 -3.597046585519e-02 2.110339626929e-03 1.130696099092e+05 1.195262992228e+05 1.000000000000e+05 8.740153519514e+03 5.214650761073e+02 1.800000000000e+06 0.000000000000e+00 -8.752000000000e-01 -8.752000000000e-01 0.000000000000e+00 0.000000000000e+00 0.000000000000e+00 -0.000000000000e+00 2.035285368483e-02 0.000000000000e+00 0.000000000000e+00 0.000000000000e+00 0.000000000000e+00 0.000000000000e+00 0.000000000000e+00 
9.865000000000e+00 9.047457438385e-03 -3.609943994710e-02 2.122962618151e-03 1.126889072475e+05 1.191956097323e+05 1.000000000000e+05 8.742729257673e+03 5.219326164975e+02 1.800000000000e+06 0.000000000000e+00 -8.752000000000e-01 -8.752000000000e-01 0.000000000000e+00 0.000000000000e+00 0.000000000000e+00 -0.000000000000e+00 2.032910360143e-02 0.000000000000e+00 0.000000000000e+00 0.000000000000e+00 0.000000000000e+00 0.000000000000e+00 0.000000000000e+00 
9.870000000000e+00 9.036820076054e-03 -3.622073680962e-02 2.134753964050e-03 1.123076188982e+05 1.188620167697e+05 1.000000000000e+05 8.745323496151e+03 5.224036392908e+02 1.800000000000e+06 0.000000000000e+00 -8.752000000000e-01 -8.752000000000e-01 0.000000000000e+00 0.000000000000e+00 0.000000000000e+00 -0.000000000000e+00 2.030521590165e-02 0.000000000000e+00 0.000000000000e+00 0.000000000000e+00 0.000000000000e+00 0.000000000000e+00 0.000000000000e+00 
9.875000000000e+00 9.026125747213e-03 -3.633413935561e-02 2.145686325410e-03 1.119259574497e+05 1.185256330602e+05 1.000000000000e+05 8.747935266729e+03 5.228779717591e+02 1.800000000000e+06 0.000000000000e+00 -8.752000000000e-01 -8.752000000000e-01 0.000000000000e+00 0.000000000000e+00 0.000000000000e+00 -0.000000000000e+00 2.028120009957e-02 0.000000000000e+00 0.000000000000e+00 0.000000000000e+00 0.000000000000e+00 0.000000000000e+00 0.000000000000e+00 
9.880000000000e+00 9.015378973251e-03 -3.643937221475e-02 2.155725391367e-03 1.115441682848e+05 1.181865813811e+05 1.000000000000e+05 8.750563526678e+03 5.233554278491e+02 1.800000000000e+06 0.000000000000e+00 -8.752000000000e-01 -8.752000000000e-01 0.000000000000e+00 0.000000000000e+00 0.000000000000e+00 -0.000000000000e+00 2.025706611349e-02 0.000000000000e+00 0.000000000000e+00 0.000000000000e+00 0.000000000000e+00 0.000000000000e+00 0.000000000000e+00 
9.885000000000e+00 9.004584295029e-03 -3.653621277971e-02 2.164865403762e-03 1.111624119089e+05 1.178449866303e+05 1.000000000000e+05 8.753207229735e+03 5.238358194346e+02 1.800000000000e+06 0.000000000000e+00 -8.752000000000e-01 -8.752000000000e-01 0.000000000000e+00 0.000000000000e+00 0.000000000000e+00 -0.000000000000e+00 2.023282403768e-02 0.000000000000e+00 0.000000000000e+00 0.000000000000e+00 0.000000000000e+00 0.000000000000e+00 0.000000000000e+00 
9.890000000000e+00 8.993746259258e-03 -3.662446736299e-02 2.173090000801e-03 1.107808838361e+05 1.175009754369e+05 1.000000000000e+05 8.755865319370e+03 5.243189568933e+02 1.800000000000e+06 0.000000000000e+00 -8.752000000000e-01 -8.752000000000e-01 0.000000000000e+00 0.000000000000e+00 0.000000000000e+00 -0.000000000000e+00 2.020848408377e-02 0.000000000000e+00 0.000000000000e+00 0.000000000000e+00 0.000000000000e+00 0.000000000000e+00 0.000000000000e+00 
9.895000000000e+00 8.982869489738e-03 -3.670394847398e-02 2.180401391266e-03 1.103997268793e+05 1.171546784695e+05 1.000000000000e+05 8.758536718589e+03 5.248046458965e+02 1.800000000000e+06 0.000000000000e+00 -8.752000000000e-01 -8.752000000000e-01 0.000000000000e+00 0.000000000000e+00 0.000000000000e+00 -0.000000000000e+00 2.018405662901e-02 0.000000000000e+00 0.000000000000e+00 0.000000000000e+00 0.000000000000e+00 0.000000000000e+00 0.000000000000e+00 
9.900000000000e+00 8.971958626560e-03 -3.677449053207e-02 2.186796087463e-03 1.100191039904e+05 1.168062285615e+05 1.000000000000e+05 8.761220338478e+03 5.252926900794e+02 1.800000000000e+06 0.000000000000e+00 -8.752000000000e-01 -8.752000000000e-01 0.000000000000e+00 0.000000000000e+00 0.000000000000e+00 -0.000000000000e+00 2.015955188482e-02 0.000000000000e+00 0.000000000000e+00 0.000000000000e+00 0.000000000000e+00 0.000000000000e+00 0.000000000000e+00 
9.905000000000e+00 8.961018413059e-03 -3.683592968717e-02 2.192242387196e-03 1.096392713506e+05 1.164557635409e+05 1.000000000000e+05 8.763915050878e+03 5.257828871134e+02 1.800000000000e+06 0.000000000000e+00 -8.752000000000e-01 -8.752000000000e-01 0.000000000000e+00 0.000000000000e+00 0.000000000000e+00 -0.000000000000e+00 2.013498042875e-02 0.000000000000e+00 0.000000000000e+00 0.000000000000e+00 0.000000000000e+00 0.000000000000e+00 0.000000000000e+00 
9.910000000000e+00 8.950053616514e-03 -3.688816158641e-02 2.196736485897e-03 1.092604018067e+05 1.161034237595e+05 1.000000000000e+05 8.766619721983e+03 5.262750322083e+02 1.800000000000e+06 0.000000000000e+00 -8.752000000000e-01 -8.752000000000e-01 0.000000000000e+00 0.000000000000e+00 0.000000000000e+00 -0.000000000000e+00 2.011035297720e-02 0.000000000000e+00 0.000000000000e+00 0.000000000000e+00 0.000000000000e+00 0.000000000000e+00 0.000000000000e+00 
9.915000000000e+00 8.939069009861e-03 -3.693110049123e-02 2.200278618133e-03 1.088826579497e+05 1.157493515440e+05 1.000000000000e+05 8.769333210656e+03 5.267689189059e+02 1.800000000000e+06 0.000000000000e+00 -8.752000000000e-01 -8.752000000000e-01 0.000000000000e+00 0.000000000000e+00 0.000000000000e+00 -0.000000000000e+00 2.008568026483e-02 0.000000000000e+00 0.000000000000e+00 0.000000000000e+00 0.000000000000e+00 0.000000000000e+00 0.000000000000e+00 
9.920000000000e+00 8.928069351068e-03 -3.696472041427e-02 2.202873704720e-03 1.085061892937e+05 1.153936905590e+05 1.000000000000e+05 8.772054373619e+03 5.272643399896e+02 1.800000000000e+06 0.000000000000e+00 -8.752000000000e-01 -8.752000000000e-01 0.000000000000e+00 0.000000000000e+00 0.000000000000e+00 -0.000000000000e+00 2.006097299703e-02 0.000000000000e+00 0.000000000000e+00 0.000000000000e+00 0.000000000000e+00 0.000000000000e+00 0.000000000000e+00 
9.925000000000e+00 8.917059365129e-03 -3.698900678779e-02 2.204528644362e-03 1.081311400168e+05 1.150365852406e+05 1.000000000000e+05 8.774782069172e+03 5.277610882860e+02 1.800000000000e+06 0.000000000000e+00 -8.752000000000e-01 -8.752000000000e-01 0.000000000000e+00 0.000000000000e+00 0.000000000000e+00 -0.000000000000e+00 2.003624180815e-02 0.000000000000e+00 0.000000000000e+00 0.000000000000e+00 0.000000000000e+00 0.000000000000e+00 0.000000000000e+00 
9.930000000000e+00 8.906043730319e-03 -3.700398585625e-02 2.205255531361e-03 1.077576383257e+05 1.146781803564e+05 1.000000000000e+05 8.777515161445e+03 5.282589572840e+02 1.800000000000e+06 0.000000000000e+00 -8.752000000000e-01 -8.752000000000e-01 0.000000000000e+00 0.000000000000e+00 0.000000000000e+00 -0.000000000000e+00 2.001149723004e-02 0.000000000000e+00 0.000000000000e+00 0.000000000000e+00 0.000000000000e+00 0.000000000000e+00 0.000000000000e+00 
9.935000000000e+00 8.895027061570e-03 -3.700968377782e-02 2.205064615032e-03 1.073858178535e+05 1.143186204608e+05 1.000000000000e+05 8.780252522743e+03 5.287577418929e+02 1.800000000000e+06 0.000000000000e+00 -8.752000000000e-01 -8.752000000000e-01 0.000000000000e+00 0.000000000000e+00 0.000000000000e+00 -0.000000000000e+00 1.998674965418e-02 0.000000000000e+00 0.000000000000e+00 0.000000000000e+00 0.000000000000e+00 0.000000000000e+00 0.000000000000e+00 
9.940000000000e+00 8.884013912542e-03 -3.700612748016e-02 2.203972167681e-03 1.070157929639e+05 1.139580499512e+05 1.000000000000e+05 8.782993035136e+03 5.292572383608e+02 1.800000000000e+06 0.000000000000e+00 -8.752000000000e-01 -8.752000000000e-01 0.000000000000e+00 0.000000000000e+00 0.000000000000e+00 -0.000000000000e+00 1.996200933566e-02 0.000000000000e+00 0.000000000000e+00 0.000000000000e+00 0.000000000000e+00 0.000000000000e+00 0.000000000000e+00 
9.945000000000e+00 8.873008744443e-03 -3.699342675920e-02 2.201998050370e-03 1.066476651580e+05 1.135966120293e+05 1.000000000000e+05 8.785735597690e+03 5.297572457060e+02 1.800000000000e+06 0.000000000000e+00 -8.752000000000e-01 -8.752000000000e-01 0.000000000000e+00 0.000000000000e+00 0.000000000000e+00 -0.000000000000e+00 1.993728633236e-02 0.000000000000e+00 0.000000000000e+00 0.000000000000e+00 0.000000000000e+00 0.000000000000e+00 0.000000000000e+00 
9.950000000000e+00 8.862015915293e-03 -3.697169223983e-02 2.199167649167e-03 1.062815164256e+05 1.132344483162e+05 1.000000000000e+05 8.788479129801e+03 5.302575662333e+02 1.800000000000e+06 0.000000000000e+00 -8.752000000000e-01 -8.752000000000e-01 0.000000000000e+00 0.000000000000e+00 0.000000000000e+00 -0.000000000000e+00 1.991259048634e-02 0.000000000000e+00 0.000000000000e+00 0.000000000000e+00 0.000000000000e+00 0.000000000000e+00 0.000000000000e+00 
9.955000000000e+00 8.851039658002e-03 -3.694110384584e-02 2.195502084862e-03 1.059174392789e+05 1.128716980877e+05 1.000000000000e+05 8.791222574313e+03 5.307580065681e+02 1.800000000000e+06 0.000000000000e+00 -8.752000000000e-01 -8.752000000000e-01 0.000000000000e+00 0.000000000000e+00 0.000000000000e+00 -0.000000000000e+00 1.988793131127e-02 0.000000000000e+00 0.000000000000e+00 0.000000000000e+00 0.000000000000e+00 0.000000000000e+00 0.000000000000e+00 
9.960000000000e+00 8.840084077060e-03 -3.690184118703e-02 2.191027853267e-03 1.055555060976e+05 1.125084981123e+05 1.000000000000e+05 8.793964901075e+03 5.312583778508e+02 1.800000000000e+06 0.000000000000e+00 -8.752000000000e-01 -8.752000000000e-01 0.000000000000e+00 0.000000000000e+00 0.000000000000e+00 -0.000000000000e+00 1.986331804005e-02 0.000000000000e+00 0.000000000000e+00 0.000000000000e+00 0.000000000000e+00 0.000000000000e+00 0.000000000000e+00 
9.965000000000e+00 8.829153141102e-03 -3.685409776252e-02 2.185772036896e-03 1.051957838591e+05 1.121449823475e+05 1.000000000000e+05 8.796705107797e+03 5.317584961243e+02 1.800000000000e+06 0.000000000000e+00 -8.752000000000e-01 -8.752000000000e-01 0.000000000000e+00 0.000000000000e+00 0.000000000000e+00 -0.000000000000e+00 1.983875960880e-02 0.000000000000e+00 0.000000000000e+00 0.000000000000e+00 0.000000000000e+00 0.000000000000e+00 0.000000000000e+00 
9.970000000000e+00 8.818250676716e-03 -3.679806912283e-02 2.179765531508e-03 1.048383235492e+05 1.117812816709e+05 1.000000000000e+05 8.799442222708e+03 5.322581826686e+02 1.800000000000e+06 0.000000000000e+00 -8.752000000000e-01 -8.752000000000e-01 0.000000000000e+00 0.000000000000e+00 0.000000000000e+00 -0.000000000000e+00 1.981426463905e-02 0.000000000000e+00 0.000000000000e+00 0.000000000000e+00 0.000000000000e+00 0.000000000000e+00 0.000000000000e+00 
9.975000000000e+00 8.807380359216e-03 -3.673397936084e-02 2.173039557522e-03 1.044831707756e+05 1.114175235040e+05 1.000000000000e+05 8.802175306247e+03 5.327572644795e+02 1.800000000000e+06 0.000000000000e+00 -8.752000000000e-01 -8.752000000000e-01 0.000000000000e+00 0.000000000000e+00 0.000000000000e+00 -0.000000000000e+00 1.978984142612e-02 0.000000000000e+00 0.000000000000e+00 0.000000000000e+00 0.000000000000e+00 0.000000000000e+00 0.000000000000e+00 
9.980000000000e+00 8.796545702517e-03 -3.666208787720e-02 2.165623928753e-03 1.041303708511e+05 1.110538313985e+05 1.000000000000e+05 8.804903453458e+03 5.332555747943e+02 1.800000000000e+06 0.000000000000e+00 -8.752000000000e-01 -8.752000000000e-01 0.000000000000e+00 0.000000000000e+00 0.000000000000e+00 -0.000000000000e+00 1.976549789576e-02 0.000000000000e+00 0.000000000000e+00 0.000000000000e+00 0.000000000000e+00 0.000000000000e+00 0.000000000000e+00 
9.985000000000e+00 8.785750051159e-03 -3.658265726175e-02 2.157554675935e-03 1.037799440443e+05 1.106903246862e+05 1.000000000000e+05 8.807625798320e+03 5.337529535239e+02 1.800000000000e+06 0.000000000000e+00 -8.752000000000e-01 -8.752000000000e-01 0.000000000000e+00 0.000000000000e+00 0.000000000000e+00 -0.000000000000e+00 1.974124158644e-02 0.000000000000e+00 0.000000000000e+00 0.000000000000e+00 0.000000000000e+00 0.000000000000e+00 0.000000000000e+00 
9.990000000000e+00 8.774996571883e-03 -3.649597789752e-02 2.148867945891e-03 1.034319045787e+05 1.103271181086e+05 1.000000000000e+05 8.810341514634e+03 5.342492477108e+02 1.800000000000e+06 0.000000000000e+00 -8.752000000000e-01 -8.752000000000e-01 0.000000000000e+00 0.000000000000e+00 0.000000000000e+00 -0.000000000000e+00 1.971707963158e-02 0.000000000000e+00 0.000000000000e+00 0.000000000000e+00 0.000000000000e+00 0.000000000000e+00 0.000000000000e+00 
9.995000000000e+00 8.764288248115e-03 -3.640233306235e-02 2.139603373265e-03 1.030862494947e+05 1.099643215376e+05 1.000000000000e+05 8.813049818658e+03 5.347443118575e+02 1.800000000000e+06 0.000000000000e+00 -8.752000000000e-01 -8.752000000000e-01 0.000000000000e+00 0.000000000000e+00 0.000000000000e+00 -0.000000000000e+00 1.969301875738e-02 0.000000000000e+00 0.000000000000e+00 0.000000000000e+00 0.000000000000e+00 0.000000000000e+00 0.000000000000e+00 
1.000000000000e+01 8.753627882849e-03 -3.630203114575e-02 2.129794514823e-03 1.027429893508e+05 1.096020399781e+05 1.000000000000e+05 8.815749966242e+03 5.352380078681e+02 1.800000000000e+06 0.000000000000e+00 -8.752000000000e-01 -8.752000000000e-01 0.000000000000e+00 0.000000000000e+00 0.000000000000e+00 -0.000000000000e+00 1.966906530444e-02 0.000000000000e+00 0.000000000000e+00 0.000000000000e+00 0.000000000000e+00 0.000000000000e+00 0.000000000000e+00 
