9.000000000000e+00 2.381739498327e-03 9.547161238408e-03 5.398225854040e-04 9.995506653013e+04 1.069160740560e+05 1.000000000000e+05 7.900024712656e+03 5.617019950081e+02 1.800000000000e+06 7.871169151273e+04 1.846847040000e+06 7.387370656000e+06 0.000000000000e+00 0.000000000000e+00 0.000000000000e+00 5.988031287676e-04 6.236424565288e-03 1.065535242264e-02 0.000000000000e+00 0.000000000000e+00 0.000000000000e+00 0.000000000000e+00 0.000000000000e+00 
9.005000000000e+00 2.379053165552e-03 9.520554872249e-03 5.355593591769e-04 9.962772288135e+04 1.065454564732e+05 1.000000000000e+05 7.902272345829e+03 5.621808673892e+02 1.800000000000e+06 7.844532005656e+04 1.846847040000e+06 7.387370656000e+06 0.000000000000e+00 0.000000000000e+00 0.000000000000e+00 5.967766945963e-04 6.229391319607e-03 1.061929030383e-02 0.000000000000e+00 0.000000000000e+00 0.000000000000e+00 0.000000000000e+00 0.000000000000e+00 
9.010000000000e+00 2.376388351240e-03 9.494306218045e-03 5.312250092724e-04 9.930347582494e+04 1.061767684081e+05 1.000000000000e+05 7.904505000040e+03 5.626566597933e+02 1.800000000000e+06 7.818154231144e+04 1.846847040000e+06 7.387370656000e+06 0.000000000000e+00 0.000000000000e+00 0.000000000000e+00 5.947699922114e-04 6.222414587642e-03 1.058357938358e-02 0.000000000000e+00 0.000000000000e+00 0.000000000000e+00 0.000000000000e+00 0.000000000000e+00 
9.015000000000e+00 2.373745373913e-03 9.468384846594e-03 5.268320368561e-04 9.898223405871e+04 1.058100753955e+05 1.000000000000e+05 7.906722353364e+03 5.631292990762e+02 1.800000000000e+06 7.792029813176e+04 1.846847040000e+06 7.387370656000e+06 0.000000000000e+00 0.000000000000e+00 0.000000000000e+00 5.927825640523e-04 6.215495196873e-03 1.054821152738e-02 0.000000000000e+00 0.000000000000e+00 0.000000000000e+00 0.000000000000e+00 0.000000000000e+00 
9.020000000000e+00 2.371124489949e-03 9.442757976554e-03 5.223930280928e-04 9.866389553002e+04 1.054454347677e+05 1.000000000000e+05 7.908924135200e+03 5.635987229290e+02 1.800000000000e+06 7.766152317756e+04 1.846847040000e+06 7.387370656000e+06 0.000000000000e+00 0.000000000000e+00 0.000000000000e+00 5.908139206494e-04 6.208633811940e-03 1.051317803390e-02 0.000000000000e+00 0.000000000000e+00 0.000000000000e+00 0.000000000000e+00 0.000000000000e+00 
9.025000000000e+00 2.368525896495e-03 9.417400578505e-03 5.179189625319e-04 9.834836973378e+04 1.050828959330e+05 1.000000000000e+05 7.911110122204e+03 5.640648794495e+02 1.800000000000e+06 7.740514914439e+04 1.846847040000e+06 7.387370656000e+06 0.000000000000e+00 0.000000000000e+00 0.000000000000e+00 5.888635423734e-04 6.201830942147e-03 1.047846965957e-02 0.000000000000e+00 0.000000000000e+00 0.000000000000e+00 0.000000000000e+00 0.000000000000e+00 
9.030000000000e+00 2.365949745029e-03 9.392308375947e-03 5.134173503901e-04 9.803560400217e+04 1.047225021563e+05 1.000000000000e+05 7.913280124967e+03 5.645277247905e+02 1.800000000000e+06 7.715111125031e+04 1.846847040000e+06 7.387370656000e+06 0.000000000000e+00 0.000000000000e+00 0.000000000000e+00 5.869309363923e-04 6.195086977664e-03 1.044407761971e-02 0.000000000000e+00 0.000000000000e+00 0.000000000000e+00 0.000000000000e+00 0.000000000000e+00 
9.035000000000e+00 2.363396167495e-03 9.367516140065e-03 5.088891045630e-04 9.772562838273e+04 1.043642941360e+05 1.000000000000e+05 7.915433962434e+03 5.649872185213e+02 1.800000000000e+06 7.689936203203e+04 1.846847040000e+06 7.387370656000e+06 0.000000000000e+00 0.000000000000e+00 0.000000000000e+00 5.850157416267e-04 6.188402258665e-03 1.040999544129e-02 0.000000000000e+00 0.000000000000e+00 0.000000000000e+00 0.000000000000e+00 0.000000000000e+00 
9.040000000000e+00 2.360869541854e-03 9.365603819166e-03 5.007178884112e-04 9.746635300137e+04 1.040089107410e+05 1.000000000000e+05 7.917563550776e+03 5.654425543589e+02 1.800000000000e+06 7.665125864298e+04 1.846847040000e+06 7.387370656000e+06 0.000000000000e+00 0.000000000000e+00 0.000000000000e+00 5.831282826894e-04 6.181788454395e-03 1.037638885478e-02 0.000000000000e+00 0.000000000000e+00 0.000000000000e+00 0.000000000000e+00 0.000000000000e+00 
9.045000000000e+00 2.358483098697e-03 9.623369137423e-03 4.533670964326e-04 9.773951949305e+04 1.036723683691e+05 1.000000000000e+05 7.919530380062e+03 5.658732608653e+02 1.800000000000e+06 7.647092431788e+04 1.846847040000e+06 7.387370656000e+06 0.000000000000e+00 0.000000000000e+00 0.000000000000e+00 5.817563802945e-04 6.175543308598e-03 1.035173526645e-02 0.000000000000e+00 0.000000000000e+00 0.000000000000e+00 0.000000000000e+00 0.000000000000e+00 
9.050000000000e+00 2.356494639007e-03 1.020449869902e-02 3.525782189760e-04 9.877155083569e+04 1.033912983070e+05 1.000000000000e+05 7.921097896943e+03 5.662326104092e+02 1.800000000000e+06 7.651629703266e+04 1.846847040000e+06 7.387370656000e+06 0.000000000000e+00 0.000000000000e+00 0.000000000000e+00 5.821015554908e-04 6.170345198841e-03 1.035738065772e-02 0.000000000000e+00 0.000000000000e+00 0.000000000000e+00 0.000000000000e+00 0.000000000000e+00 
9.055000000000e+00 2.355144416796e-03 1.100805987264e-02 2.072660987194e-04 1.004820110312e+05 1.032001045763e+05 1.000000000000e+05 7.922071393101e+03 5.664768639710e+02 1.800000000000e+06 7.690019987637e+04 1.846847040000e+06 7.387370656000e+06 0.000000000000e+00 0.000000000000e+00 0.000000000000e+00 5.850221155695e-04 6.166826870622e-03 1.040871725208e-02 0.000000000000e+00 0.000000000000e+00 0.000000000000e+00 0.000000000000e+00 0.000000000000e+00 
9.060000000000e+00 2.354619293123e-03 1.192140440566e-02 3.089314162594e-05 1.027204029256e+05 1.031256720042e+05 1.000000000000e+05 7.922307029624e+03 5.665719117421e+02 1.800000000000e+06 7.766878425019e+04 1.846847040000e+06 7.387370656000e+06 0.000000000000e+00 0.000000000000e+00 0.000000000000e+00 5.908691596226e-04 6.165476966363e-03 1.051210551575e-02 0.000000000000e+00 0.000000000000e+00 0.000000000000e+00 0.000000000000e+00 0.000000000000e+00 
9.065000000000e+00 2.355019572402e-03 1.283152601344e-02 -1.589492807532e-04 1.052670436996e+05 1.031824125320e+05 1.000000000000e+05 7.921740251663e+03 5.664994581800e+02 1.800000000000e+06 7.880439400212e+04 1.846847040000e+06 7.387370656000e+06 0.000000000000e+00 0.000000000000e+00 0.000000000000e+00 5.995083675908e-04 6.166536813792e-03 1.066525132121e-02 0.000000000000e+00 0.000000000000e+00 0.000000000000e+00 0.000000000000e+00 0.000000000000e+00 
9.070000000000e+00 2.356377575742e-03 1.367426744003e-02 -3.506809934228e-04 1.079699638096e+05 1.033747328170e+05 1.000000000000e+05 7.920358288485e+03 5.662537791694e+02 1.800000000000e+06 8.024495425808e+04 1.846847040000e+06 7.387370656000e+06 0.000000000000e+00 0.000000000000e+00 0.000000000000e+00 6.104675017661e-04 6.170103589577e-03 1.085980200895e-02 0.000000000000e+00 0.000000000000e+00 0.000000000000e+00 0.000000000000e+00 0.000000000000e+00 
9.075000000000e+00 2.358671361310e-03 1.440852542101e-02 -5.340573319601e-04 1.106868887209e+05 1.036989486497e+05 1.000000000000e+05 7.918194065142e+03 5.658392607278e+02 1.800000000000e+06 8.191018656095e+04 1.846847040000e+06 7.387370656000e+06 0.000000000000e+00 0.000000000000e+00 0.000000000000e+00 6.231358397718e-04 6.176126197325e-03 1.108490905640e-02 0.000000000000e+00 0.000000000000e+00 0.000000000000e+00 0.000000000000e+00 0.000000000000e+00 
9.080000000000e+00 2.361839431639e-03 1.502012099920e-02 -7.027487788896e-04 1.133221531708e+05 1.041454436022e+05 1.000000000000e+05 7.915310336468e+03 5.652676841702e+02 1.800000000000e+06 8.371621143241e+04 1.846847040000e+06 7.387370656000e+06 0.000000000000e+00 0.000000000000e+00 0.000000000000e+00 6.368752642827e-04 6.184442570478e-03 1.132921244964e-02 0.000000000000e+00 0.000000000000e+00 0.000000000000e+00 0.000000000000e+00 0.000000000000e+00 
9.085000000000e+00 2.365797905803e-03 1.551417379273e-02 -8.536488830376e-04 1.158204735208e+05 1.047012297173e+05 1.000000000000e+05 7.911785523221e+03 5.645550272963e+02 1.800000000000e+06 8.558720219755e+04 1.846847040000e+06 7.387370656000e+06 0.000000000000e+00 0.000000000000e+00 0.000000000000e+00 6.511089200780e-04 6.194832026183e-03 1.158242645871e-02 0.000000000000e+00 0.000000000000e+00 0.000000000000e+00 0.000000000000e+00 0.000000000000e+00 
9.090000000000e+00 2.370456981868e-03 1.591182221663e-02 -9.867696432034e-04 1.181677426653e+05 1.053524035184e+05 1.000000000000e+05 7.907699505363e+03 5.637183968871e+02 1.800000000000e+06 8.746375666725e+04 1.846847040000e+06 7.387370656000e+06 0.000000000000e+00 0.000000000000e+00 0.000000000000e+00 6.653849020340e-04 6.207060098887e-03 1.183647754059e-02 0.000000000000e+00 0.000000000000e+00 0.000000000000e+00 0.000000000000e+00 0.000000000000e+00 
9.095000000000e+00 2.375732321959e-03 1.623726213401e-02 -1.103593308097e-03 1.203706802076e+05 1.060858448307e+05 1.000000000000e+05 7.903125695252e+03 5.627739070505e+02 1.800000000000e+06 8.930607075725e+04 1.846847040000e+06 7.387370656000e+06 0.000000000000e+00 0.000000000000e+00 0.000000000000e+00 6.794003985893e-04 6.220905711257e-03 1.208594642997e-02 0.000000000000e+00 0.000000000000e+00 0.000000000000e+00 0.000000000000e+00 0.000000000000e+00 
9.100000000000e+00 2.381545308465e-03 1.650328762731e-02 -1.204874629350e-03 1.224280661693e+05 1.068893180054e+05 1.000000000000e+05 7.898133252915e+03 5.617365861683e+02 1.800000000000e+06 9.108882828210e+04 1.846847040000e+06 7.387370656000e+06 0.000000000000e+00 0.000000000000e+00 0.000000000000e+00 6.929628155975e-04 6.236161232295e-03 1.232738884770e-02 0.000000000000e+00 0.000000000000e+00 0.000000000000e+00 0.000000000000e+00 0.000000000000e+00 
9.105000000000e+00 2.387819816599e-03 1.671806360813e-02 -1.291254729956e-03 1.243382357542e+05 1.077510755918e+05 1.000000000000e+05 7.892788922362e+03 5.606209167717e+02 1.800000000000e+06 9.279418766486e+04 1.846847040000e+06 7.387370656000e+06 0.000000000000e+00 0.000000000000e+00 0.000000000000e+00 7.059364223698e-04 6.252625866524e-03 1.255837878715e-02 0.000000000000e+00 0.000000000000e+00 0.000000000000e+00 0.000000000000e+00 0.000000000000e+00 
9.110000000000e+00 2.394486777144e-03 1.689601785743e-02 -1.364616868660e-03 1.261169155493e+05 1.086605225093e+05 1.000000000000e+05 7.887151527525e+03 5.594399967508e+02 1.800000000000e+06 9.441209239805e+04 1.846847040000e+06 7.387370656000e+06 0.000000000000e+00 0.000000000000e+00 0.000000000000e+00 7.182447135227e-04 6.270117650116e-03 1.277753994429e-02 0.000000000000e+00 0.000000000000e+00 0.000000000000e+00 0.000000000000e+00 0.000000000000e+00 
9.115000000000e+00 2.401486250820e-03 1.704685885441e-02 -1.426545366698e-03 1.277773727568e+05 1.096085046740e+05 1.000000000000e+05 7.881272058464e+03 5.582051673748e+02 1.800000000000e+06 9.594004109998e+04 1.846847040000e+06 7.387370656000e+06 0.000000000000e+00 0.000000000000e+00 0.000000000000e+00 7.298686596701e-04 6.288478859604e-03 1.298452457336e-02 0.000000000000e+00 0.000000000000e+00 0.000000000000e+00 0.000000000000e+00 0.000000000000e+00 
9.120000000000e+00 2.408763191899e-03 1.717175571979e-02 -1.477593413281e-03 1.293205416941e+05 1.105867266511e+05 1.000000000000e+05 7.875198063557e+03 5.569267663696e+02 1.800000000000e+06 9.737828338014e+04 1.846847040000e+06 7.387370656000e+06 0.000000000000e+00 0.000000000000e+00 0.000000000000e+00 7.408101597286e-04 6.307564790540e-03 1.317936584460e-02 0.000000000000e+00 0.000000000000e+00 0.000000000000e+00 0.000000000000e+00 0.000000000000e+00 
9.125000000000e+00 2.416263218048e-03 1.726848936209e-02 -1.517814103586e-03 1.307414140029e+05 1.115871856512e+05 1.000000000000e+05 7.868976504121e+03 5.556148684386e+02 1.800000000000e+06 9.872600478989e+04 1.846847040000e+06 7.387370656000e+06 0.000000000000e+00 0.000000000000e+00 0.000000000000e+00 7.510630177393e-04 6.327232574538e-03 1.336195599602e-02 0.000000000000e+00 0.000000000000e+00 0.000000000000e+00 0.000000000000e+00 0.000000000000e+00 
9.130000000000e+00 2.423935505836e-03 1.734354072506e-02 -1.548473707024e-03 1.320510006448e+05 1.126025644708e+05 1.000000000000e+05 7.862649365279e+03 5.542787730651e+02 1.800000000000e+06 9.998307016996e+04 1.846847040000e+06 7.387370656000e+06 0.000000000000e+00 0.000000000000e+00 0.000000000000e+00 7.606262054715e-04 6.347348792670e-03 1.353227138036e-02 0.000000000000e+00 0.000000000000e+00 0.000000000000e+00 0.000000000000e+00 0.000000000000e+00 
9.135000000000e+00 2.431737205448e-03 1.740498919052e-02 -1.571194464973e-03 1.332657113574e+05 1.136267994464e+05 1.000000000000e+05 7.856251096871e+03 5.529262468520e+02 1.800000000000e+06 1.011532819414e+05 1.846847040000e+06 7.387370656000e+06 0.000000000000e+00 0.000000000000e+00 0.000000000000e+00 7.695286500336e-04 6.367801124017e-03 1.369082050700e-02 0.000000000000e+00 0.000000000000e+00 0.000000000000e+00 0.000000000000e+00 0.000000000000e+00 
9.140000000000e+00 2.439632479664e-03 1.745716158512e-02 -1.587199157736e-03 1.343976506532e+05 1.146549184201e+05 1.000000000000e+05 7.849810380308e+03 5.515637157713e+02 1.800000000000e+06 1.022429449870e+05 1.846847040000e+06 7.387370656000e+06 0.000000000000e+00 0.000000000000e+00 0.000000000000e+00 7.778183161360e-04 6.388495719648e-03 1.383845464720e-02 0.000000000000e+00 0.000000000000e+00 0.000000000000e+00 0.000000000000e+00 0.000000000000e+00 
9.145000000000e+00 2.447590050650e-03 1.750091756811e-02 -1.597215054110e-03 1.354531971050e+05 1.156826896292e+05 1.000000000000e+05 7.843352321076e+03 5.501967112097e+02 1.800000000000e+06 1.032585986567e+05 1.846847040000e+06 7.387370656000e+06 0.000000000000e+00 0.000000000000e+00 0.000000000000e+00 7.855449522105e-04 6.409351029035e-03 1.397606002816e-02 0.000000000000e+00 0.000000000000e+00 0.000000000000e+00 0.000000000000e+00 0.000000000000e+00 
9.150000000000e+00 2.455581769780e-03 1.753667195151e-02 -1.601847338419e-03 1.364375451268e+05 1.167064148488e+05 1.000000000000e+05 7.836899239555e+03 5.488301314207e+02 1.800000000000e+06 1.042059615538e+05 1.846847040000e+06 7.387370656000e+06 0.000000000000e+00 0.000000000000e+00 0.000000000000e+00 7.927520628187e-04 6.430293998604e-03 1.410441203310e-02 0.000000000000e+00 0.000000000000e+00 0.000000000000e+00 0.000000000000e+00 0.000000000000e+00 
9.155000000000e+00 2.463582488473e-03 1.756519474818e-02 -1.601690256207e-03 1.373560598919e+05 1.177228950987e+05 1.000000000000e+05 7.830470700179e+03 5.474682762212e+02 1.800000000000e+06 1.050901694955e+05 1.846847040000e+06 7.387370656000e+06 0.000000000000e+00 0.000000000000e+00 0.000000000000e+00 7.994787189453e-04 6.451258644779e-03 1.422420664607e-02 0.000000000000e+00 0.000000000000e+00 0.000000000000e+00 0.000000000000e+00 0.000000000000e+00 
9.160000000000e+00 2.471570153805e-03 1.758787852349e-02 -1.597387218289e-03 1.382150000402e+05 1.187294247323e+05 1.000000000000e+05 7.824083421185e+03 5.461148436588e+02 1.800000000000e+06 1.059160975435e+05 1.846847040000e+06 7.387370656000e+06 0.000000000000e+00 0.000000000000e+00 0.000000000000e+00 8.057620078673e-04 6.472187095238e-03 1.433610388970e-02 0.000000000000e+00 0.000000000000e+00 0.000000000000e+00 0.000000000000e+00 0.000000000000e+00 
9.165000000000e+00 2.479525979253e-03 1.760628864176e-02 -1.589583015429e-03 1.390209212827e+05 1.197237940560e+05 1.000000000000e+05 7.817751249912e+03 5.447729147580e+02 1.800000000000e+06 1.066886577371e+05 1.846847040000e+06 7.387370656000e+06 0.000000000000e+00 0.000000000000e+00 0.000000000000e+00 8.116392981676e-04 6.493030076063e-03 1.444076859010e-02 0.000000000000e+00 0.000000000000e+00 0.000000000000e+00 0.000000000000e+00 0.000000000000e+00 
9.170000000000e+00 2.487433182913e-03 1.761862363502e-02 -1.578371492872e-03 1.397738437143e+05 1.207041141593e+05 1.000000000000e+05 7.811486837691e+03 5.434451790634e+02 1.800000000000e+06 1.074122506853e+05 1.846847040000e+06 7.387370656000e+06 0.000000000000e+00 0.000000000000e+00 0.000000000000e+00 8.171440677007e-04 6.513743575113e-03 1.453879914692e-02 0.000000000000e+00 0.000000000000e+00 0.000000000000e+00 0.000000000000e+00 0.000000000000e+00 
9.175000000000e+00 2.495272564539e-03 1.761798102473e-02 -1.562955200562e-03 1.404628146098e+05 1.216682623751e+05 1.000000000000e+05 7.805305534705e+03 5.421346816468e+02 1.800000000000e+06 1.080882302441e+05 1.846847040000e+06 7.387370656000e+06 0.000000000000e+00 0.000000000000e+00 0.000000000000e+00 8.222866159938e-04 6.534277202808e-03 1.463038558250e-02 0.000000000000e+00 0.000000000000e+00 0.000000000000e+00 0.000000000000e+00 0.000000000000e+00 
9.180000000000e+00 2.503020510964e-03 1.759869737263e-02 -1.542511649189e-03 1.410763090348e+05 1.226136486605e+05 1.000000000000e+05 7.799225950592e+03 5.408451474090e+02 1.800000000000e+06 1.087142691888e+05 1.846847040000e+06 7.387370656000e+06 0.000000000000e+00 0.000000000000e+00 0.000000000000e+00 8.270492385676e-04 6.554568964005e-03 1.471521774355e-02 0.000000000000e+00 0.000000000000e+00 0.000000000000e+00 0.000000000000e+00 0.000000000000e+00 
9.185000000000e+00 2.510650939193e-03 1.755991141266e-02 -1.516812730483e-03 1.416098283772e+05 1.235374670170e+05 1.000000000000e+05 7.793267694160e+03 5.395806465027e+02 1.800000000000e+06 1.092865558124e+05 1.846847040000e+06 7.387370656000e+06 0.000000000000e+00 0.000000000000e+00 0.000000000000e+00 8.314029376707e-04 6.574550383141e-03 1.479277979824e-02 0.000000000000e+00 0.000000000000e+00 0.000000000000e+00 0.000000000000e+00 0.000000000000e+00 
9.190000000000e+00 2.518138784039e-03 1.750539734160e-02 -1.486355774363e-03 1.420676635712e+05 1.244371191795e+05 1.000000000000e+05 7.787448500046e+03 5.383450149110e+02 1.800000000000e+06 1.098024618408e+05 1.846847040000e+06 7.387370656000e+06 0.000000000000e+00 0.000000000000e+00 0.000000000000e+00 8.353277185768e-04 6.594155685660e-03 1.486271211753e-02 0.000000000000e+00 0.000000000000e+00 0.000000000000e+00 0.000000000000e+00 0.000000000000e+00 
9.195000000000e+00 2.525462694258e-03 1.744008452871e-02 -1.451938008649e-03 1.424579559273e+05 1.253105243390e+05 1.000000000000e+05 7.781782646014e+03 5.371414200005e+02 1.800000000000e+06 1.102620624549e+05 1.846847040000e+06 7.387370656000e+06 0.000000000000e+00 0.000000000000e+00 0.000000000000e+00 8.388241532285e-04 6.613328881986e-03 1.492502047358e-02 0.000000000000e+00 0.000000000000e+00 0.000000000000e+00 0.000000000000e+00 0.000000000000e+00 
9.200000000000e+00 2.532604110301e-03 1.736514881493e-02 -1.413905131214e-03 1.427836717798e+05 1.261559882375e+05 1.000000000000e+05 7.776282562092e+03 5.359725277591e+02 1.800000000000e+06 1.106669833397e+05 1.846847040000e+06 7.387370656000e+06 0.000000000000e+00 0.000000000000e+00 0.000000000000e+00 8.419046091063e-04 6.632021365581e-03 1.497992429064e-02 0.000000000000e+00 0.000000000000e+00 0.000000000000e+00 0.000000000000e+00 0.000000000000e+00 
9.205000000000e+00 2.539545014453e-03 1.727936955119e-02 -1.372240072023e-03 1.430435059859e+05 1.269719226195e+05 1.000000000000e+05 7.770960515637e+03 5.348408817123e+02 1.800000000000e+06 1.110184743208e+05 1.846847040000e+06 7.387370656000e+06 0.000000000000e+00 0.000000000000e+00 0.000000000000e+00 8.445785943191e-04 6.650186020540e-03 1.502759424862e-02 0.000000000000e+00 0.000000000000e+00 0.000000000000e+00 0.000000000000e+00 0.000000000000e+00 
9.210000000000e+00 2.546266670685e-03 1.718120103226e-02 -1.326774341891e-03 1.432342936475e+05 1.277566915658e+05 1.000000000000e+05 7.765829367463e+03 5.337491125004e+02 1.800000000000e+06 1.113167406514e+05 1.846847040000e+06 7.387370656000e+06 0.000000000000e+00 0.000000000000e+00 0.000000000000e+00 8.468476703428e-04 6.667774053570e-03 1.506805964590e-02 0.000000000000e+00 0.000000000000e+00 0.000000000000e+00 0.000000000000e+00 0.000000000000e+00 
9.215000000000e+00 2.552749433075e-03 1.707067715150e-02 -1.277605484234e-03 1.433558680659e+05 1.285085871481e+05 1.000000000000e+05 7.760902272474e+03 5.326999704390e+02 1.800000000000e+06 1.115615576165e+05 1.846847040000e+06 7.387370656000e+06 0.000000000000e+00 0.000000000000e+00 0.000000000000e+00 8.487101276457e-04 6.684735949987e-03 1.510129016462e-02 0.000000000000e+00 0.000000000000e+00 0.000000000000e+00 0.000000000000e+00 0.000000000000e+00 
9.220000000000e+00 2.558975800580e-03 1.694933741779e-02 -1.225103852030e-03 1.434113984180e+05 1.292261783453e+05 1.000000000000e+05 7.756190347790e+03 5.316958352418e+02 1.800000000000e+06 1.117530189327e+05 1.846847040000e+06 7.387370656000e+06 0.000000000000e+00 0.000000000000e+00 0.000000000000e+00 8.501666791816e-04 6.701026052607e-03 1.512729735821e-02 0.000000000000e+00 0.000000000000e+00 0.000000000000e+00 0.000000000000e+00 0.000000000000e+00 
9.225000000000e+00 2.564929580983e-03 1.681714341590e-02 -1.169360359709e-03 1.434008643892e+05 1.299082024527e+05 1.000000000000e+05 7.751703949967e+03 5.307388602635e+02 1.800000000000e+06 1.118916759421e+05 1.846847040000e+06 7.387370656000e+06 0.000000000000e+00 0.000000000000e+00 0.000000000000e+00 8.512215193136e-04 6.716601902747e-03 1.514615604641e-02 0.000000000000e+00 0.000000000000e+00 0.000000000000e+00 0.000000000000e+00 0.000000000000e+00 
9.230000000000e+00 2.570595943664e-03 1.667827778480e-02 -1.111182395540e-03 1.433325674494e+05 1.305535616768e+05 1.000000000000e+05 7.747451595111e+03 5.298309713482e+02 1.800000000000e+06 1.119781589537e+05 1.846847040000e+06 7.387370656000e+06 0.000000000000e+00 0.000000000000e+00 0.000000000000e+00 8.518794431479e-04 6.731424599824e-03 1.515794836991e-02 0.000000000000e+00 0.000000000000e+00 0.000000000000e+00 0.000000000000e+00 0.000000000000e+00 
9.235000000000e+00 2.575967320841e-03 1.654031166427e-02 -1.051987655926e-03 1.432224044229e+05 1.311619808483e+05 1.000000000000e+05 7.743435636064e+03 5.289729325178e+02 1.800000000000e+06 1.120168808384e+05 1.846847040000e+06 7.387370656000e+06 0.000000000000e+00 0.000000000000e+00 0.000000000000e+00 8.521740218220e-04 6.745474242080e-03 1.516326576726e-02 0.000000000000e+00 0.000000000000e+00 0.000000000000e+00 0.000000000000e+00 0.000000000000e+00 
9.240000000000e+00 2.581042560324e-03 1.640789191859e-02 -9.929288626683e-04 1.430836772665e+05 1.317338872404e+05 1.000000000000e+05 7.739653924375e+03 5.281645001903e+02 1.800000000000e+06 1.120145636043e+05 1.846847040000e+06 7.387370656000e+06 0.000000000000e+00 0.000000000000e+00 0.000000000000e+00 8.521563933480e-04 6.758748331998e-03 1.516301560753e-02 0.000000000000e+00 0.000000000000e+00 0.000000000000e+00 0.000000000000e+00 0.000000000000e+00 
9.245000000000e+00 2.585823384333e-03 1.628051744670e-02 -9.343600287466e-04 1.429207019199e+05 1.322699957305e+05 1.000000000000e+05 7.736103106915e+03 5.274049996885e+02 1.800000000000e+06 1.119778101914e+05 1.846847040000e+06 7.387370656000e+06 0.000000000000e+00 0.000000000000e+00 0.000000000000e+00 8.518767899213e-04 6.771251446705e-03 1.515809376637e-02 0.000000000000e+00 0.000000000000e+00 0.000000000000e+00 0.000000000000e+00 0.000000000000e+00 
9.250000000000e+00 2.590315054591e-03 1.616191696005e-02 -8.772664055762e-04 1.427452774479e+05 1.327713764030e+05 1.000000000000e+05 7.732776619880e+03 5.266932252101e+02 1.800000000000e+06 1.119130390979e+05 1.846847040000e+06 7.387370656000e+06 0.000000000000e+00 0.000000000000e+00 0.000000000000e+00 8.513840405894e-04 6.782997319188e-03 1.514936733606e-02 0.000000000000e+00 0.000000000000e+00 0.000000000000e+00 0.000000000000e+00 0.000000000000e+00 
9.255000000000e+00 2.594527786016e-03 1.605517986733e-02 -8.225739157151e-04 1.425689225257e+05 1.332396047690e+05 1.000000000000e+05 7.729664385566e+03 5.260272219150e+02 1.800000000000e+06 1.118276479790e+05 1.846847040000e+06 7.387370656000e+06 0.000000000000e+00 0.000000000000e+00 0.000000000000e+00 8.507344233830e-04 6.794012362465e-03 1.513783670227e-02 0.000000000000e+00 0.000000000000e+00 0.000000000000e+00 0.000000000000e+00 0.000000000000e+00 
9.260000000000e+00 2.598476178592e-03 1.596176599344e-02 -7.709307043929e-04 1.424003699660e+05 1.336766910173e+05 1.000000000000e+05 7.726753494454e+03 5.254043818710e+02 1.800000000000e+06 1.117293666233e+05 1.846847040000e+06 7.387370656000e+06 0.000000000000e+00 0.000000000000e+00 0.000000000000e+00 8.499867430549e-04 6.804332872253e-03 1.512454858198e-02 0.000000000000e+00 0.000000000000e+00 0.000000000000e+00 0.000000000000e+00 0.000000000000e+00 
9.265000000000e+00 2.602175649306e-03 1.587997758649e-02 -7.224177039161e-04 1.422419726005e+05 1.340846824797e+05 1.000000000000e+05 7.724031195682e+03 5.248220090870e+02 1.800000000000e+06 1.116246980306e+05 1.846847040000e+06 7.387370656000e+06 0.000000000000e+00 0.000000000000e+00 0.000000000000e+00 8.491904715030e-04 6.813999876677e-03 1.511038625664e-02 0.000000000000e+00 0.000000000000e+00 0.000000000000e+00 0.000000000000e+00 0.000000000000e+00 
9.270000000000e+00 2.605641866411e-03 1.580811842854e-02 -6.770258091977e-04 1.420950963042e+05 1.344656050360e+05 1.000000000000e+05 7.721484801717e+03 5.242774057882e+02 1.800000000000e+06 1.115185526532e+05 1.846847040000e+06 7.387370656000e+06 0.000000000000e+00 0.000000000000e+00 0.000000000000e+00 8.483829652367e-04 6.823055301227e-03 1.509601706070e-02 0.000000000000e+00 0.000000000000e+00 0.000000000000e+00 0.000000000000e+00 0.000000000000e+00 
9.275000000000e+00 2.608889880825e-03 1.574435126568e-02 -6.345758067726e-04 1.419591388721e+05 1.348213724959e+05 1.000000000000e+05 7.719102406756e+03 5.237680052598e+02 1.800000000000e+06 1.114142394505e+05 1.846847040000e+06 7.387370656000e+06 0.000000000000e+00 0.000000000000e+00 0.000000000000e+00 8.475893973313e-04 6.831539244962e-03 1.508189154930e-02 0.000000000000e+00 0.000000000000e+00 0.000000000000e+00 0.000000000000e+00 0.000000000000e+00 
9.280000000000e+00 2.611933589052e-03 1.568689495058e-02 -5.948545597852e-04 1.418330195194e+05 1.351537335132e+05 1.000000000000e+05 7.716873125765e+03 5.232914517155e+02 1.800000000000e+06 1.113137080304e+05 1.846847040000e+06 7.387370656000e+06 0.000000000000e+00 0.000000000000e+00 0.000000000000e+00 8.468245995266e-04 6.839488880626e-03 1.506827551646e-02 0.000000000000e+00 0.000000000000e+00 0.000000000000e+00 0.000000000000e+00 0.000000000000e+00 
9.285000000000e+00 2.614785915027e-03 1.563382967333e-02 -5.576107180848e-04 1.417151509643e+05 1.354642970620e+05 1.000000000000e+05 7.714786945368e+03 5.228455675284e+02 1.800000000000e+06 1.112179330815e+05 1.846847040000e+06 7.387370656000e+06 0.000000000000e+00 0.000000000000e+00 0.000000000000e+00 8.460959868144e-04 6.846938032703e-03 1.505530246157e-02 0.000000000000e+00 0.000000000000e+00 0.000000000000e+00 0.000000000000e+00 0.000000000000e+00 
9.290000000000e+00 2.617458455395e-03 1.558391721255e-02 -5.225759280395e-04 1.416036404661e+05 1.357544987264e+05 1.000000000000e+05 7.712834950240e+03 5.224284049172e+02 1.800000000000e+06 1.111270660574e+05 1.846847040000e+06 7.387370656000e+06 0.000000000000e+00 0.000000000000e+00 0.000000000000e+00 8.454047113849e-04 6.853916758864e-03 1.504299404284e-02 0.000000000000e+00 0.000000000000e+00 0.000000000000e+00 0.000000000000e+00 0.000000000000e+00 
9.295000000000e+00 2.619961516508e-03 1.553620674206e-02 -4.894961006642e-04 1.414966420527e+05 1.360256093700e+05 1.000000000000e+05 7.711009248079e+03 5.220382365896e+02 1.800000000000e+06 1.110407218153e+05 1.846847040000e+06 7.387370656000e+06 0.000000000000e+00 0.000000000000e+00 0.000000000000e+00 8.447478432459e-04 6.860452157023e-03 1.503129882700e-02 0.000000000000e+00 0.000000000000e+00 0.000000000000e+00 0.000000000000e+00 0.000000000000e+00 
9.300000000000e+00 2.622304156894e-03 1.548983421286e-02 -4.581247443487e-04 1.413922830196e+05 1.362787437504e+05 1.000000000000e+05 7.709302932389e+03 5.216735460261e+02 1.800000000000e+06 1.109581709145e+05 1.846847040000e+06 7.387370656000e+06 0.000000000000e+00 0.000000000000e+00 0.000000000000e+00 8.441198331404e-04 6.866568087462e-03 1.502011858271e-02 0.000000000000e+00 0.000000000000e+00 0.000000000000e+00 0.000000000000e+00 0.000000000000e+00 
9.305000000000e+00 2.624494313371e-03 1.544432788122e-02 -4.282715459899e-04 1.412892160788e+05 1.365148775704e+05 1.000000000000e+05 7.707709927373e+03 5.213330052016e+02 1.800000000000e+06 1.108784621018e+05 1.846847040000e+06 7.387370656000e+06 0.000000000000e+00 0.000000000000e+00 0.000000000000e+00 8.435134443624e-04 6.872285332728e-03 1.500932465720e-02 0.000000000000e+00 0.000000000000e+00 0.000000000000e+00 0.000000000000e+00 0.000000000000e+00 
9.310000000000e+00 2.626539384502e-03 1.540001906055e-02 -3.998756472154e-04 1.411874909199e+05 1.367349130763e+05 1.000000000000e+05 7.706224470672e+03 5.210153817841e+02 1.800000000000e+06 1.108008109646e+05 1.846847040000e+06 7.387370656000e+06 0.000000000000e+00 0.000000000000e+00 0.000000000000e+00 8.429227094538e-04 6.877623251258e-03 1.499881029689e-02 0.000000000000e+00 0.000000000000e+00 0.000000000000e+00 0.000000000000e+00 0.000000000000e+00 
9.315000000000e+00 2.628446558912e-03 1.535702222270e-02 -3.728945540978e-04 1.410873438025e+05 1.369397162145e+05 1.000000000000e+05 7.704840980642e+03 5.207194867327e+02 1.800000000000e+06 1.107247696653e+05 1.846847040000e+06 7.387370656000e+06 0.000000000000e+00 0.000000000000e+00 0.000000000000e+00 8.423442214670e-04 6.882600669041e-03 1.498851440441e-02 0.000000000000e+00 0.000000000000e+00 0.000000000000e+00 0.000000000000e+00 0.000000000000e+00 
9.320000000000e+00 2.630222604938e-03 1.531521464198e-02 -3.472025100322e-04 1.409880450216e+05 1.371300955240e+05 1.000000000000e+05 7.703554313092e+03 5.204442057910e+02 1.800000000000e+06 1.106500029123e+05 1.846847040000e+06 7.387370656000e+06 0.000000000000e+00 0.000000000000e+00 0.000000000000e+00 8.417754296552e-04 6.887235243594e-03 1.497839171033e-02 0.000000000000e+00 0.000000000000e+00 0.000000000000e+00 0.000000000000e+00 0.000000000000e+00 
9.325000000000e+00 2.631873511297e-03 1.527405833631e-02 -3.226349779585e-04 1.408883593297e+05 1.373067651947e+05 1.000000000000e+05 7.702359975360e+03 5.201885539614e+02 1.800000000000e+06 1.105760217211e+05 1.846847040000e+06 7.387370656000e+06 0.000000000000e+00 0.000000000000e+00 0.000000000000e+00 8.412126140440e-04 6.891542526293e-03 1.496837634015e-02 0.000000000000e+00 0.000000000000e+00 0.000000000000e+00 0.000000000000e+00 0.000000000000e+00 
9.330000000000e+00 2.633404479815e-03 1.523314584887e-02 -2.990448987690e-04 1.407871703404e+05 1.374703459046e+05 1.000000000000e+05 7.701254067915e+03 5.199516753753e+02 1.800000000000e+06 1.105021926942e+05 1.846847040000e+06 7.387370656000e+06 0.000000000000e+00 0.000000000000e+00 0.000000000000e+00 8.406509560307e-04 6.895536045530e-03 1.495838270506e-02 0.000000000000e+00 0.000000000000e+00 0.000000000000e+00 0.000000000000e+00 0.000000000000e+00 
9.335000000000e+00 2.634819927854e-03 1.519197493732e-02 -2.762689382053e-04 1.406831049592e+05 1.376213664946e+05 1.000000000000e+05 7.700233313132e+03 5.197328418155e+02 1.800000000000e+06 1.104277791822e+05 1.846847040000e+06 7.387370656000e+06 0.000000000000e+00 0.000000000000e+00 0.000000000000e+00 8.400848515173e-04 6.899227298059e-03 1.494831130670e-02 0.000000000000e+00 0.000000000000e+00 0.000000000000e+00 0.000000000000e+00 0.000000000000e+00 
9.340000000000e+00 2.636123573447e-03 1.515036415234e-02 -2.541945956975e-04 1.405752853276e+05 1.377602742598e+05 1.000000000000e+05 7.699294918944e+03 5.195314386118e+02 1.800000000000e+06 1.103519817469e+05 1.846847040000e+06 7.387370656000e+06 0.000000000000e+00 0.000000000000e+00 0.000000000000e+00 8.395082187387e-04 6.902625967909e-03 1.493805385783e-02 0.000000000000e+00 0.000000000000e+00 0.000000000000e+00 0.000000000000e+00 0.000000000000e+00 
9.345000000000e+00 2.637318757431e-03 1.510850244263e-02 -2.327781371385e-04 1.404635582098e+05 1.378874702144e+05 1.000000000000e+05 7.698436319872e+03 5.193469141418e+02 1.800000000000e+06 1.102741265423e+05 1.846847040000e+06 7.387370656000e+06 0.000000000000e+00 0.000000000000e+00 0.000000000000e+00 8.389159313767e-04 6.905740767021e-03 1.492751878016e-02 0.000000000000e+00 0.000000000000e+00 0.000000000000e+00 0.000000000000e+00 0.000000000000e+00 
9.350000000000e+00 2.638409025962e-03 1.506732279681e-02 -2.121143479350e-04 1.403493246289e+05 1.380033716605e+05 1.000000000000e+05 7.697654673827e+03 5.191786894493e+02 1.800000000000e+06 1.101939365717e+05 1.846847040000e+06 7.387370656000e+06 0.000000000000e+00 0.000000000000e+00 0.000000000000e+00 8.383058821657e-04 6.908580965178e-03 1.491666763723e-02 0.000000000000e+00 0.000000000000e+00 0.000000000000e+00 0.000000000000e+00 0.000000000000e+00 
9.355000000000e+00 2.639398297149e-03 1.502711851226e-02 -1.922226532718e-04 1.402331888448e+05 1.381084301739e+05 1.000000000000e+05 7.696946960354e+03 5.190261323258e+02 1.800000000000e+06 1.101115783325e+05 1.846847040000e+06 7.387370656000e+06 0.000000000000e+00 0.000000000000e+00 0.000000000000e+00 8.376793377434e-04 6.911156812435e-03 1.490552266463e-02 0.000000000000e+00 0.000000000000e+00 0.000000000000e+00 0.000000000000e+00 0.000000000000e+00 
9.360000000000e+00 2.640289777284e-03 1.498636980939e-02 -1.728247193373e-04 1.401123904855e+05 1.382030169014e+05 1.000000000000e+05 7.696311007258e+03 5.188887241359e+02 1.800000000000e+06 1.100269466915e+05 1.846847040000e+06 7.387370656000e+06 0.000000000000e+00 0.000000000000e+00 0.000000000000e+00 8.370354983028e-04 6.913476824347e-03 1.489407096311e-02 0.000000000000e+00 0.000000000000e+00 0.000000000000e+00 0.000000000000e+00 0.000000000000e+00 
9.365000000000e+00 2.641084360011e-03 1.494216705782e-02 -1.533201391150e-04 1.399803755663e+05 1.382872536342e+05 1.000000000000e+05 7.695746690189e+03 5.187663058379e+02 1.800000000000e+06 1.099386063740e+05 1.846847040000e+06 7.387370656000e+06 0.000000000000e+00 0.000000000000e+00 0.000000000000e+00 8.363634449207e-04 6.915548692558e-03 1.488212092403e-02 0.000000000000e+00 0.000000000000e+00 0.000000000000e+00 0.000000000000e+00 0.000000000000e+00 
9.370000000000e+00 2.641779988514e-03 1.489232944553e-02 -1.332536088239e-04 1.398318914935e+05 1.383609464359e+05 1.000000000000e+05 7.695255914033e+03 5.186591752676e+02 1.800000000000e+06 1.098440250636e+05 1.846847040000e+06 7.387370656000e+06 0.000000000000e+00 0.000000000000e+00 0.000000000000e+00 8.356439128726e-04 6.917370013652e-03 1.486933065181e-02 0.000000000000e+00 0.000000000000e+00 0.000000000000e+00 0.000000000000e+00 0.000000000000e+00 
9.375000000000e+00 2.642372759966e-03 1.483559376992e-02 -1.122564858691e-04 1.396624509554e+05 1.384237035488e+05 1.000000000000e+05 7.694841858766e+03 5.185679163352e+02 1.800000000000e+06 1.097404325628e+05 1.846847040000e+06 7.387370656000e+06 0.000000000000e+00 0.000000000000e+00 0.000000000000e+00 8.348558277433e-04 6.918930876533e-03 1.485532559415e-02 0.000000000000e+00 0.000000000000e+00 0.000000000000e+00 0.000000000000e+00 0.000000000000e+00 
9.380000000000e+00 2.642855514507e-03 1.476740941211e-02 -8.940878264908e-05 1.394611396614e+05 1.384747863851e+05 1.000000000000e+05 7.694510675614e+03 5.184936159611e+02 1.800000000000e+06 1.096240770340e+05 1.846847040000e+06 7.387370656000e+06 0.000000000000e+00 0.000000000000e+00 0.000000000000e+00 8.339706472402e-04 6.920212962582e-03 1.483960102278e-02 0.000000000000e+00 0.000000000000e+00 0.000000000000e+00 0.000000000000e+00 0.000000000000e+00 
9.385000000000e+00 2.643213566624e-03 1.467670032282e-02 -6.260691555758e-05 1.392031943801e+05 1.385126583132e+05 1.000000000000e+05 7.694275276348e+03 5.184385206835e+02 1.800000000000e+06 1.094880779097e+05 1.846847040000e+06 7.387370656000e+06 0.000000000000e+00 0.000000000000e+00 0.000000000000e+00 8.329360271021e-04 6.921178612355e-03 1.482123372580e-02 0.000000000000e+00 0.000000000000e+00 0.000000000000e+00 0.000000000000e+00 0.000000000000e+00 
9.390000000000e+00 2.643416530458e-03 1.454159801560e-02 -2.817446495220e-05 1.388448407375e+05 1.385341203742e+05 1.000000000000e+05 7.694161742089e+03 5.184072942486e+02 1.800000000000e+06 1.093180470648e+05 1.846847040000e+06 7.387370656000e+06 0.000000000000e+00 0.000000000000e+00 0.000000000000e+00 8.316425089477e-04 6.921747538739e-03 1.479829233494e-02 0.000000000000e+00 0.000000000000e+00 0.000000000000e+00 0.000000000000e+00 0.000000000000e+00 
9.395000000000e+00 2.643427167129e-03 1.434767695572e-02 1.717564021501e-05 1.383458256598e+05 1.385352450140e+05 1.000000000000e+05 7.694200803628e+03 5.184056578655e+02 1.800000000000e+06 1.090915805847e+05 1.846847040000e+06 7.387370656000e+06 0.000000000000e+00 0.000000000000e+00 0.000000000000e+00 8.299196538769e-04 6.921790029265e-03 1.476775274331e-02 0.000000000000e+00 0.000000000000e+00 0.000000000000e+00 0.000000000000e+00 0.000000000000e+00 
9.400000000000e+00 2.643162915603e-03 1.407040317816e-02 8.022451575427e-05 1.376224231409e+05 1.385073016481e+05 1.000000000000e+05 7.694460151096e+03 5.184463139775e+02 1.800000000000e+06 1.087810763447e+05 1.846847040000e+06 7.387370656000e+06 0.000000000000e+00 0.000000000000e+00 0.000000000000e+00 8.275574773465e-04 6.921107867631e-03 1.472589156964e-02 0.000000000000e+00 0.000000000000e+00 0.000000000000e+00 0.000000000000e+00 0.000000000000e+00 
9.405000000000e+00 2.642524098086e-03 1.369660663079e-02 1.635886560765e-04 1.366346785252e+05 1.384397200231e+05 1.000000000000e+05 7.695015872229e+03 5.185446219632e+02 1.800000000000e+06 1.083511159036e+05 1.846847040000e+06 7.387370656000e+06 0.000000000000e+00 0.000000000000e+00 0.000000000000e+00 8.242865317922e-04 6.919441631954e-03 1.466792086423e-02 0.000000000000e+00 0.000000000000e+00 0.000000000000e+00 0.000000000000e+00 0.000000000000e+00 
9.410000000000e+00 2.641411339550e-03 1.324504486604e-02 2.656707944987e-04 1.353886280091e+05 1.383218990765e+05 1.000000000000e+05 7.695939725120e+03 5.187159443027e+02 1.800000000000e+06 1.077711830380e+05 1.846847040000e+06 7.387370656000e+06 0.000000000000e+00 0.000000000000e+00 0.000000000000e+00 8.198746635204e-04 6.916530723109e-03 1.458968704210e-02 0.000000000000e+00 0.000000000000e+00 0.000000000000e+00 0.000000000000e+00 0.000000000000e+00 
9.415000000000e+00 2.639752607967e-03 1.276830162268e-02 3.783963523835e-04 1.339642202976e+05 1.381460326468e+05 1.000000000000e+05 7.697277034023e+03 5.189715129050e+02 1.800000000000e+06 1.070322254817e+05 1.846847040000e+06 7.387370656000e+06 0.000000000000e+00 0.000000000000e+00 0.000000000000e+00 8.142530069631e-04 6.912186180755e-03 1.448991663886e-02 0.000000000000e+00 0.000000000000e+00 0.000000000000e+00 0.000000000000e+00 0.000000000000e+00 
9.420000000000e+00 2.637531270516e-03 1.233880573918e-02 4.888701124832e-04 1.325005415517e+05 1.379100711579e+05 1.000000000000e+05 7.699027762207e+03 5.193141164788e+02 1.800000000000e+06 1.061574621984e+05 1.846847040000e+06 7.387370656000e+06 0.000000000000e+00 0.000000000000e+00 0.000000000000e+00 8.075982015472e-04 6.906364330786e-03 1.437169427374e-02 0.000000000000e+00 0.000000000000e+00 0.000000000000e+00 0.000000000000e+00 0.000000000000e+00 
9.425000000000e+00 2.634815211930e-03 1.206624451116e-02 5.761516376641e-04 1.312356711254e+05 1.376208636770e+05 1.000000000000e+05 7.701121479437e+03 5.197335706422e+02 1.800000000000e+06 1.052093423739e+05 1.846847040000e+06 7.387370656000e+06 0.000000000000e+00 0.000000000000e+00 0.000000000000e+00 8.003853325765e-04 6.899243210074e-03 1.424339135327e-02 0.000000000000e+00 0.000000000000e+00 0.000000000000e+00 0.000000000000e+00 0.000000000000e+00 
9.430000000000e+00 2.631793638700e-03 1.205748843746e-02 6.177232966609e-04 1.304405212785e+05 1.372982242754e+05 1.000000000000e+05 7.703396325510e+03 5.202009175074e+02 1.800000000000e+06 1.043038573097e+05 1.846847040000e+06 7.387370656000e+06 0.000000000000e+00 0.000000000000e+00 0.000000000000e+00 7.934968096760e-04 6.891320420457e-03 1.412063695287e-02 0.000000000000e+00 0.000000000000e+00 0.000000000000e+00 0.000000000000e+00 0.000000000000e+00 
9.435000000000e+00 2.628712381194e-03 1.229512067465e-02 6.098474670920e-04 1.301860553885e+05 1.369682314448e+05 1.000000000000e+05 7.705667234797e+03 5.206782686629e+02 1.800000000000e+06 1.035641652822e+05 1.846847040000e+06 7.387370656000e+06 0.000000000000e+00 0.000000000000e+00 0.000000000000e+00 7.878695655926e-04 6.883241961290e-03 1.402014419050e-02 0.000000000000e+00 0.000000000000e+00 0.000000000000e+00 0.000000000000e+00 0.000000000000e+00 
9.440000000000e+00 2.625779810370e-03 1.265236088042e-02 5.685648566130e-04 1.303195758188e+05 1.366532394630e+05 1.000000000000e+05 7.707796446875e+03 5.211333121400e+02 1.800000000000e+06 1.030634150824e+05 1.846847040000e+06 7.387370656000e+06 0.000000000000e+00 0.000000000000e+00 0.000000000000e+00 7.840600834104e-04 6.875554903165e-03 1.395194311596e-02 0.000000000000e+00 0.000000000000e+00 0.000000000000e+00 0.000000000000e+00 0.000000000000e+00 
9.445000000000e+00 2.623092260732e-03 1.298588381017e-02 5.167520215006e-04 1.305984407572e+05 1.363637721541e+05 1.000000000000e+05 7.709735746269e+03 5.215509603484e+02 1.800000000000e+06 1.027907834091e+05 1.846847040000e+06 7.387370656000e+06 0.000000000000e+00 0.000000000000e+00 0.000000000000e+00 7.819860243236e-04 6.868511701698e-03 1.391469612036e-02 0.000000000000e+00 0.000000000000e+00 0.000000000000e+00 0.000000000000e+00 0.000000000000e+00 
9.450000000000e+00 2.620658945614e-03 1.323757991401e-02 4.671245032315e-04 1.308821265458e+05 1.361010308322e+05 1.000000000000e+05 7.711490852822e+03 5.219296166524e+02 1.800000000000e+06 1.026856752691e+05 1.846847040000e+06 7.387370656000e+06 0.000000000000e+00 0.000000000000e+00 0.000000000000e+00 7.811864088934e-04 6.862136538391e-03 1.390023977909e-02 0.000000000000e+00 0.000000000000e+00 0.000000000000e+00 0.000000000000e+00 0.000000000000e+00 
9.455000000000e+00 2.618455747405e-03 1.340817843144e-02 4.238540533163e-04 1.311211494130e+05 1.358625966674e+05 1.000000000000e+05 7.713083437363e+03 5.222728880504e+02 1.800000000000e+06 1.026853161499e+05 1.846847040000e+06 7.387370656000e+06 0.000000000000e+00 0.000000000000e+00 0.000000000000e+00 7.811836768762e-04 6.856366065902e-03 1.390006049487e-02 0.000000000000e+00 0.000000000000e+00 0.000000000000e+00 0.000000000000e+00 0.000000000000e+00 
9.460000000000e+00 2.616442614132e-03 1.350249262654e-02 3.897198409019e-04 1.312796445586e+05 1.356442816260e+05 1.000000000000e+05 7.714545722690e+03 5.225868995620e+02 1.800000000000e+06 1.027374757445e+05 1.846847040000e+06 7.387370656000e+06 0.000000000000e+00 0.000000000000e+00 0.000000000000e+00 7.815804836000e-04 6.851094852154e-03 1.390707068045e-02 0.000000000000e+00 0.000000000000e+00 0.000000000000e+00 0.000000000000e+00 0.000000000000e+00 
9.465000000000e+00 2.614572082993e-03 1.353745277970e-02 3.646314479042e-04 1.313530002782e+05 1.354410449544e+05 1.000000000000e+05 7.715912608712e+03 5.228789708002e+02 1.800000000000e+06 1.028009984320e+05 1.846847040000e+06 7.387370656000e+06 0.000000000000e+00 0.000000000000e+00 0.000000000000e+00 7.820637356216e-04 6.846198084434e-03 1.391567480200e-02 0.000000000000e+00 0.000000000000e+00 0.000000000000e+00 0.000000000000e+00 0.000000000000e+00 
9.470000000000e+00 2.612805107745e-03 1.353591466439e-02 3.466878800030e-04 1.313579023807e+05 1.352487173276e+05 1.000000000000e+05 7.717210966432e+03 5.231551410495e+02 1.800000000000e+06 1.028518180505e+05 1.846847040000e+06 7.387370656000e+06 0.000000000000e+00 0.000000000000e+00 0.000000000000e+00 7.824503484103e-04 6.841573174466e-03 1.392258834017e-02 0.000000000000e+00 0.000000000000e+00 0.000000000000e+00 0.000000000000e+00 0.000000000000e+00 
9.475000000000e+00 2.611109636974e-03 1.351055081992e-02 3.346621301902e-04 1.313043482074e+05 1.350638591266e+05 1.000000000000e+05 7.718463256031e+03 5.234203812098e+02 1.800000000000e+06 1.028774017697e+05 1.846847040000e+06 7.387370656000e+06 0.000000000000e+00 0.000000000000e+00 0.000000000000e+00 7.826449778328e-04 6.837135876374e-03 1.392610038426e-02 0.000000000000e+00 0.000000000000e+00 0.000000000000e+00 0.000000000000e+00 0.000000000000e+00 
9.480000000000e+00 2.609462171073e-03 1.347570028938e-02 3.265329537532e-04 1.312122759952e+05 1.348839401511e+05 1.000000000000e+05 7.719684794328e+03 5.236783423861e+02 1.800000000000e+06 1.028734555550e+05 1.846847040000e+06 7.387370656000e+06 0.000000000000e+00 0.000000000000e+00 0.000000000000e+00 7.826149568073e-04 6.832824528902e-03 1.392561585052e-02 0.000000000000e+00 0.000000000000e+00 0.000000000000e+00 0.000000000000e+00 0.000000000000e+00 
9.485000000000e+00 2.607846329386e-03 1.343717476938e-02 3.212444652206e-04 1.310916359536e+05 1.347071920163e+05 1.000000000000e+05 7.720886642456e+03 5.239315732685e+02 1.800000000000e+06 1.028411083919e+05 1.846847040000e+06 7.387370656000e+06 0.000000000000e+00 0.000000000000e+00 0.000000000000e+00 7.823688741467e-04 6.828596166245e-03 1.392128265117e-02 0.000000000000e+00 0.000000000000e+00 0.000000000000e+00 0.000000000000e+00 0.000000000000e+00 
9.490000000000e+00 2.606250495509e-03 1.339794698111e-02 3.180338508241e-04 1.309496477760e+05 1.345323569548e+05 1.000000000000e+05 7.722076641306e+03 5.241818841542e+02 1.800000000000e+06 1.027836167673e+05 1.846847040000e+06 7.387370656000e+06 0.000000000000e+00 0.000000000000e+00 0.000000000000e+00 7.819315037384e-04 6.824420257714e-03 1.391353979694e-02 0.000000000000e+00 0.000000000000e+00 0.000000000000e+00 0.000000000000e+00 0.000000000000e+00 
9.495000000000e+00 2.604666603635e-03 1.336095551167e-02 3.161045273195e-04 1.307943353581e+05 1.343585589817e+05 1.000000000000e+05 7.723259962599e+03 5.244305340701e+02 1.800000000000e+06 1.027049217421e+05 1.846847040000e+06 7.387370656000e+06 0.000000000000e+00 0.000000000000e+00 0.000000000000e+00 7.813328273992e-04 6.820275615637e-03 1.390291923390e-02 0.000000000000e+00 0.000000000000e+00 0.000000000000e+00 0.000000000000e+00 0.000000000000e+00 
9.500000000000e+00 2.603090127972e-03 1.332777732424e-02 3.148591509104e-04 1.306318989070e+05 1.341853059037e+05 1.000000000000e+05 7.724439351678e+03 5.246782299493e+02 1.800000000000e+06 1.026096004252e+05 1.846847040000e+06 7.387370656000e+06 0.000000000000e+00 0.000000000000e+00 0.000000000000e+00 7.806076657145e-04 6.816150359377e-03 1.389004030081e-02 0.000000000000e+00 0.000000000000e+00 0.000000000000e+00 0.000000000000e+00 0.000000000000e+00 
9.505000000000e+00 2.601518806762e-03 1.329859905220e-02 3.139415155355e-04 1.304660904945e+05 1.340123518271e+05 1.000000000000e+05 7.725616119011e+03 5.249253249691e+02 1.800000000000e+06 1.025019951831e+05 1.846847040000e+06 7.387370656000e+06 0.000000000000e+00 0.000000000000e+00 0.000000000000e+00 7.797890534553e-04 6.812038554253e-03 1.387549174054e-02 0.000000000000e+00 0.000000000000e+00 0.000000000000e+00 0.000000000000e+00 0.000000000000e+00 
9.510000000000e+00 2.599951596141e-03 1.327288597713e-02 3.131615554547e-04 1.302989337605e+05 1.338395836818e+05 1.000000000000e+05 7.726790840525e+03 5.251719817515e+02 1.800000000000e+06 1.023856971115e+05 1.846847040000e+06 7.387370656000e+06 0.000000000000e+00 0.000000000000e+00 0.000000000000e+00 7.789043100603e-04 6.807937462883e-03 1.385976107701e-02 0.000000000000e+00 0.000000000000e+00 0.000000000000e+00 0.000000000000e+00 0.000000000000e+00 
9.515000000000e+00 2.598388162257e-03 1.324999089372e-02 3.124101765696e-04 1.301316230260e+05 1.336669661413e+05 1.000000000000e+05 7.727963646253e+03 5.254182515858e+02 1.800000000000e+06 1.022634989895e+05 1.846847040000e+06 7.387370656000e+06 0.000000000000e+00 0.000000000000e+00 0.000000000000e+00 7.779746817374e-04 6.803846212661e-03 1.384322765738e-02 0.000000000000e+00 0.000000000000e+00 0.000000000000e+00 0.000000000000e+00 0.000000000000e+00 
9.520000000000e+00 2.596828490712e-03 1.322916493035e-02 3.116498157421e-04 1.299645826512e+05 1.334944990059e+05 1.000000000000e+05 7.729134502161e+03 5.256641355549e+02 1.800000000000e+06 1.021374483443e+05 1.846847040000e+06 7.387370656000e+06 0.000000000000e+00 0.000000000000e+00 0.000000000000e+00 7.770157451520e-04 6.799764768560e-03 1.382616984691e-02 0.000000000000e+00 0.000000000000e+00 0.000000000000e+00 0.000000000000e+00 0.000000000000e+00 
9.525000000000e+00 2.595272666029e-03 1.320977972033e-02 3.108704662642e-04 1.297979372857e+05 1.333221930315e+05 1.000000000000e+05 7.730303328880e+03 5.259096191346e+02 1.800000000000e+06 1.020089616472e+05 1.846847040000e+06 7.387370656000e+06 0.000000000000e+00 0.000000000000e+00 0.000000000000e+00 7.760382761794e-04 6.795693354198e-03 1.380878032263e-02 0.000000000000e+00 0.000000000000e+00 0.000000000000e+00 0.000000000000e+00 0.000000000000e+00 
9.530000000000e+00 2.593720761089e-03 1.319133094890e-02 3.100790202843e-04 1.296316189784e+05 1.331500577410e+05 1.000000000000e+05 7.731470073462e+03 5.261546895943e+02 1.800000000000e+06 1.018789715489e+05 1.846847040000e+06 7.387370656000e+06 0.000000000000e+00 0.000000000000e+00 0.000000000000e+00 7.750493700066e-04 6.791632161873e-03 1.379118603124e-02 0.000000000000e+00 0.000000000000e+00 0.000000000000e+00 0.000000000000e+00 0.000000000000e+00 
9.535000000000e+00 2.592172804406e-03 1.317345455206e-02 3.092861662614e-04 1.294655114094e+05 1.329780977757e+05 1.000000000000e+05 7.732634720258e+03 5.263993411805e+02 1.800000000000e+06 1.017480676186e+05 1.846847040000e+06 7.387370656000e+06 0.000000000000e+00 0.000000000000e+00 0.000000000000e+00 7.740535118121e-04 6.787581266976e-03 1.377346726369e-02 0.000000000000e+00 0.000000000000e+00 0.000000000000e+00 0.000000000000e+00 0.000000000000e+00 
9.540000000000e+00 2.590628790390e-03 1.315593240720e-02 3.084974028592e-04 1.292995529710e+05 1.328063140007e+05 1.000000000000e+05 7.733797273797e+03 5.266435735211e+02 1.800000000000e+06 1.016166157466e+05 1.846847040000e+06 7.387370656000e+06 0.000000000000e+00 0.000000000000e+00 0.000000000000e+00 7.730534851231e-04 6.783540655243e-03 1.375567384089e-02 0.000000000000e+00 0.000000000000e+00 0.000000000000e+00 0.000000000000e+00 0.000000000000e+00 
9.545000000000e+00 2.589088680328e-03 1.313862680559e-02 3.077158515381e-04 1.291337051160e+05 1.326347035851e+05 1.000000000000e+05 7.734957761100e+03 5.268873914926e+02 1.800000000000e+06 1.014848351746e+05 1.846847040000e+06 7.387370656000e+06 0.000000000000e+00 0.000000000000e+00 0.000000000000e+00 7.720509578327e-04 6.779510225528e-03 1.373783562711e-02 0.000000000000e+00 0.000000000000e+00 0.000000000000e+00 0.000000000000e+00 0.000000000000e+00 
9.550000000000e+00 2.587552432305e-03 1.312142796402e-02 3.069480731230e-04 1.289678896160e+05 1.324632633159e+05 1.000000000000e+05 7.736116215354e+03 5.271308004996e+02 1.800000000000e+06 1.013528684266e+05 1.846847040000e+06 7.387370656000e+06 0.000000000000e+00 0.000000000000e+00 0.000000000000e+00 7.710470141990e-04 6.775489867915e-03 1.371997204624e-02 0.000000000000e+00 0.000000000000e+00 0.000000000000e+00 0.000000000000e+00 0.000000000000e+00 
9.555000000000e+00 2.586019922135e-03 1.310418831352e-02 3.062108253725e-04 1.288019023613e+05 1.322919807508e+05 1.000000000000e+05 7.737272742850e+03 5.273738190203e+02 1.800000000000e+06 1.012207609488e+05 1.846847040000e+06 7.387370656000e+06 0.000000000000e+00 0.000000000000e+00 0.000000000000e+00 7.700419999559e-04 6.771479256323e-03 1.370208940019e-02 0.000000000000e+00 0.000000000000e+00 0.000000000000e+00 0.000000000000e+00 0.000000000000e+00 
9.560000000000e+00 2.584490951907e-03 1.308678793577e-02 3.055218104075e-04 1.286355193024e+05 1.321208351068e+05 1.000000000000e+05 7.738427506951e+03 5.276164773033e+02 1.800000000000e+06 1.010884935362e+05 1.846847040000e+06 7.387370656000e+06 0.000000000000e+00 0.000000000000e+00 0.000000000000e+00 7.690357690014e-04 6.767477870843e-03 1.368418519361e-02 0.000000000000e+00 0.000000000000e+00 0.000000000000e+00 0.000000000000e+00 0.000000000000e+00 
9.565000000000e+00 2.582965228045e-03 1.306913040754e-02 3.048979838721e-04 1.284685131415e+05 1.319497947356e+05 1.000000000000e+05 7.739580743102e+03 5.278588209030e+02 1.800000000000e+06 1.009559878969e+05 1.846847040000e+06 7.387370656000e+06 0.000000000000e+00 0.000000000000e+00 0.000000000000e+00 7.680277257247e-04 6.763484940448e-03 1.366624890096e-02 0.000000000000e+00 0.000000000000e+00 0.000000000000e+00 0.000000000000e+00 0.000000000000e+00 
9.570000000000e+00 2.581442360236e-03 1.305109144021e-02 3.043631042650e-04 1.283005668948e+05 1.317788169230e+05 1.000000000000e+05 7.740732767950e+03 5.281009109121e+02 1.800000000000e+06 1.008231255805e+05 1.846847040000e+06 7.387370656000e+06 0.000000000000e+00 0.000000000000e+00 0.000000000000e+00 7.670169690102e-04 6.759499439901e-03 1.364826457360e-02 0.000000000000e+00 0.000000000000e+00 0.000000000000e+00 0.000000000000e+00 0.000000000000e+00 
9.575000000000e+00 2.579921824707e-03 1.303254014437e-02 3.039441106762e-04 1.281313106913e+05 1.316078436743e+05 1.000000000000e+05 7.741884003597e+03 5.283428298699e+02 1.800000000000e+06 1.006897344787e+05 1.846847040000e+06 7.387370656000e+06 0.000000000000e+00 0.000000000000e+00 0.000000000000e+00 7.660021895332e-04 6.755519993451e-03 1.363020899560e-02 0.000000000000e+00 0.000000000000e+00 0.000000000000e+00 0.000000000000e+00 0.000000000000e+00 
9.580000000000e+00 2.578402958740e-03 1.301334819306e-02 3.036695188015e-04 1.279603392294e+05 1.314368009834e+05 1.000000000000e+05 7.743034980443e+03 5.285846827243e+02 1.800000000000e+06 1.005555985659e+05 1.846847040000e+06 7.387370656000e+06 0.000000000000e+00 0.000000000000e+00 0.000000000000e+00 7.649817438703e-04 6.751544860566e-03 1.361205299421e-02 0.000000000000e+00 0.000000000000e+00 0.000000000000e+00 0.000000000000e+00 0.000000000000e+00 
9.585000000000e+00 2.576884962010e-03 1.299340773214e-02 3.035659814336e-04 1.277872511379e+05 1.312655988647e+05 1.000000000000e+05 7.744186332896e+03 5.288265967096e+02 1.800000000000e+06 1.004204678414e+05 1.846847040000e+06 7.387370656000e+06 0.000000000000e+00 0.000000000000e+00 0.000000000000e+00 7.639537301265e-04 6.747571939827e-03 1.359376277229e-02 0.000000000000e+00 0.000000000000e+00 0.000000000000e+00 0.000000000000e+00 0.000000000000e+00 
9.590000000000e+00 2.575366906920e-03 1.297262965017e-02 3.036576724902e-04 1.276116571941e+05 1.310941324044e+05 1.000000000000e+05 7.745338791242e+03 5.290687197879e+02 1.800000000000e+06 1.002840713263e+05 1.846847040000e+06 7.387370656000e+06 0.000000000000e+00 0.000000000000e+00 0.000000000000e+00 7.629160868187e-04 6.743598798482e-03 1.357530167309e-02 0.000000000000e+00 0.000000000000e+00 0.000000000000e+00 0.000000000000e+00 0.000000000000e+00 
9.595000000000e+00 2.573847756086e-03 1.295094385018e-02 3.039655276744e-04 1.274331910537e+05 1.309222836283e+05 1.000000000000e+05 7.746493167907e+03 5.293112179430e+02 1.800000000000e+06 1.001461306314e+05 1.846847040000e+06 7.387370656000e+06 0.000000000000e+00 0.000000000000e+00 0.000000000000e+00 7.618666960848e-04 6.739622714326e-03 1.355663201782e-02 0.000000000000e+00 0.000000000000e+00 0.000000000000e+00 0.000000000000e+00 0.000000000000e+00 
9.600000000000e+00 2.572326378789e-03 1.292830371707e-02 3.045059941304e-04 1.272515255609e+05 1.307499232697e+05 1.000000000000e+05 7.747650343912e+03 5.295542726253e+02 1.800000000000e+06 1.000063684891e+05 1.846847040000e+06 7.387370656000e+06 0.000000000000e+00 0.000000000000e+00 0.000000000000e+00 7.608034485995e-04 6.735640717700e-03 1.353771626058e-02 0.000000000000e+00 0.000000000000e+00 0.000000000000e+00 0.000000000000e+00 0.000000000000e+00 
9.605000000000e+00 2.570801576750e-03 1.290468324240e-02 3.052909939694e-04 1.270663762660e+05 1.305769136108e+05 1.000000000000e+05 7.748811249483e+03 5.297980766951e+02 1.800000000000e+06 9.986452102765e+04 1.846847040000e+06 7.387370656000e+06 0.000000000000e+00 0.000000000000e+00 0.000000000000e+00 7.597243369439e-04 6.731649662137e-03 1.351851865394e-02 0.000000000000e+00 0.000000000000e+00 0.000000000000e+00 0.000000000000e+00 0.000000000000e+00 
9.610000000000e+00 2.569272101656e-03 1.288006723562e-02 3.063290362348e-04 1.268774907953e+05 1.304031104104e+05 1.000000000000e+05 7.749976852087e+03 5.300428316658e+02 1.800000000000e+06 9.972034204530e+04 1.846847040000e+06 7.387370656000e+06 0.000000000000e+00 0.000000000000e+00 0.000000000000e+00 7.586274881267e-04 6.727646270464e-03 1.349900583809e-02 0.000000000000e+00 0.000000000000e+00 0.000000000000e+00 0.000000000000e+00 0.000000000000e+00 
9.615000000000e+00 2.567736673658e-03 1.285445099557e-02 3.076253506275e-04 1.266846495505e+05 1.302283649571e+05 1.000000000000e+05 7.751148142636e+03 5.302887447811e+02 1.800000000000e+06 9.957360665749e+04 1.846847040000e+06 7.387370656000e+06 0.000000000000e+00 0.000000000000e+00 0.000000000000e+00 7.575111913272e-04 6.723627183304e-03 1.347914733455e-02 0.000000000000e+00 0.000000000000e+00 0.000000000000e+00 0.000000000000e+00 0.000000000000e+00 
9.620000000000e+00 2.566193988655e-03 1.282782433390e-02 3.091843039375e-04 1.264876387950e+05 1.300525248613e+05 1.000000000000e+05 7.752326132636e+03 5.305360278763e+02 1.800000000000e+06 9.942410809910e+04 1.846847040000e+06 7.387370656000e+06 0.000000000000e+00 0.000000000000e+00 0.000000000000e+00 7.563738735693e-04 6.719588978151e-03 1.345891512802e-02 0.000000000000e+00 0.000000000000e+00 0.000000000000e+00 0.000000000000e+00 0.000000000000e+00 
9.625000000000e+00 2.564642729695e-03 1.280018726543e-02 3.110073967542e-04 1.262862750800e+05 1.298754353216e+05 1.000000000000e+05 7.753511843449e+03 5.307848955753e+02 1.800000000000e+06 9.927165685461e+04 1.846847040000e+06 7.387370656000e+06 0.000000000000e+00 0.000000000000e+00 0.000000000000e+00 7.552140931043e-04 6.715528199294e-03 1.343828353331e-02 0.000000000000e+00 0.000000000000e+00 0.000000000000e+00 0.000000000000e+00 0.000000000000e+00 
9.630000000000e+00 2.563081574307e-03 1.277153464470e-02 3.130956321168e-04 1.260803788336e+05 1.296969399368e+05 1.000000000000e+05 7.754706303304e+03 5.310355641328e+02 1.800000000000e+06 9.911607946971e+04 1.846847040000e+06 7.387370656000e+06 0.000000000000e+00 0.000000000000e+00 0.000000000000e+00 7.540305303698e-04 6.711441377036e-03 1.341722904828e-02 0.000000000000e+00 0.000000000000e+00 0.000000000000e+00 0.000000000000e+00 0.000000000000e+00 
9.635000000000e+00 2.561509192539e-03 1.274184973502e-02 3.154509119512e-04 1.258697579620e+05 1.295168804563e+05 1.000000000000e+05 7.755910550379e+03 5.312882517678e+02 1.800000000000e+06 9.895721182728e+04 1.846847040000e+06 7.387370656000e+06 0.000000000000e+00 0.000000000000e+00 0.000000000000e+00 7.528219368366e-04 6.707325022442e-03 1.339572944765e-02 0.000000000000e+00 0.000000000000e+00 0.000000000000e+00 0.000000000000e+00 0.000000000000e+00 
9.640000000000e+00 2.559924245396e-03 1.271111484971e-02 3.180747298838e-04 1.256542226903e+05 1.293350965728e+05 1.000000000000e+05 7.757125632681e+03 5.315431789359e+02 1.800000000000e+06 9.879489393221e+04 1.846847040000e+06 7.387370656000e+06 0.000000000000e+00 0.000000000000e+00 0.000000000000e+00 7.515870953340e-04 6.703175623204e-03 1.337376306676e-02 0.000000000000e+00 0.000000000000e+00 0.000000000000e+00 0.000000000000e+00 0.000000000000e+00 
9.645000000000e+00 2.558325389112e-03 1.267931547006e-02 3.209676709921e-04 1.254335918196e+05 1.291514263828e+05 1.000000000000e+05 7.758352604334e+03 5.318005676634e+02 1.800000000000e+06 9.862897033305e+04 1.846847040000e+06 7.387370656000e+06 0.000000000000e+00 0.000000000000e+00 0.000000000000e+00 7.503248232572e-04 6.698989654518e-03 1.335130885415e-02 0.000000000000e+00 0.000000000000e+00 0.000000000000e+00 0.000000000000e+00 0.000000000000e+00 
9.650000000000e+00 2.556711274306e-03 1.264642458019e-02 3.241319460024e-04 1.252076632352e+05 1.289657062582e+05 1.000000000000e+05 7.759592529045e+03 5.320606417068e+02 1.800000000000e+06 9.845928861408e+04 1.846847040000e+06 7.387370656000e+06 0.000000000000e+00 0.000000000000e+00 0.000000000000e+00 7.490339610960e-04 6.694763573106e-03 1.332834618062e-02 0.000000000000e+00 0.000000000000e+00 0.000000000000e+00 0.000000000000e+00 0.000000000000e+00 
9.655000000000e+00 2.555080538882e-03 1.261241479072e-02 3.275698889533e-04 1.249762303548e+05 1.287777699934e+05 1.000000000000e+05 7.760846484050e+03 5.323236277231e+02 1.800000000000e+06 9.828569235837e+04 1.846847040000e+06 7.387370656000e+06 0.000000000000e+00 0.000000000000e+00 0.000000000000e+00 7.477133189009e-04 6.690493811271e-03 1.330485387781e-02 0.000000000000e+00 0.000000000000e+00 0.000000000000e+00 0.000000000000e+00 0.000000000000e+00 
9.660000000000e+00 2.553431808995e-03 1.257725962497e-02 3.312834844083e-04 1.247390876516e+05 1.285874488746e+05 1.000000000000e+05 7.762115558994e+03 5.325897551451e+02 1.800000000000e+06 9.810802123366e+04 1.846847040000e+06 7.387370656000e+06 0.000000000000e+00 0.000000000000e+00 0.000000000000e+00 7.463616769361e-04 6.686176802388e-03 1.328081024843e-02 0.000000000000e+00 0.000000000000e+00 0.000000000000e+00 0.000000000000e+00 0.000000000000e+00 
9.665000000000e+00 2.551763711613e-03 1.254094992231e-02 3.352716008735e-04 1.244960642469e+05 1.283945730878e+05 1.000000000000e+05 7.763400843440e+03 5.328592541852e+02 1.800000000000e+06 9.792612041195e+04 1.846847040000e+06 7.387370656000e+06 0.000000000000e+00 0.000000000000e+00 0.000000000000e+00 7.449778573400e-04 6.681808953695e-03 1.325619431648e-02 0.000000000000e+00 0.000000000000e+00 0.000000000000e+00 0.000000000000e+00 0.000000000000e+00 
9.670000000000e+00 2.550074869387e-03 1.250345841185e-02 3.395357395412e-04 1.242469565033e+05 1.281989710887e+05 1.000000000000e+05 7.764703437118e+03 5.331323566913e+02 1.800000000000e+06 9.773983719269e+04 1.846847040000e+06 7.387370656000e+06 0.000000000000e+00 0.000000000000e+00 0.000000000000e+00 7.435606984352e-04 6.677386638035e-03 1.323098541642e-02 0.000000000000e+00 0.000000000000e+00 0.000000000000e+00 0.000000000000e+00 0.000000000000e+00 
9.675000000000e+00 2.548363900990e-03 1.246476437607e-02 3.440762785821e-04 1.239915715963e+05 1.280004695981e+05 1.000000000000e+05 7.766024445757e+03 5.334092961235e+02 1.800000000000e+06 9.754901754498e+04 1.846847040000e+06 7.387370656000e+06 0.000000000000e+00 0.000000000000e+00 0.000000000000e+00 7.421090284243e-04 6.672906222593e-03 1.320516269729e-02 0.000000000000e+00 0.000000000000e+00 0.000000000000e+00 0.000000000000e+00 0.000000000000e+00 
9.680000000000e+00 2.546629428072e-03 1.242485750910e-02 3.488918669303e-04 1.237297353971e+05 1.277988943650e+05 1.000000000000e+05 7.767364975210e+03 5.336903064617e+02 1.800000000000e+06 9.735351013616e+04 1.846847040000e+06 7.387370656000e+06 0.000000000000e+00 0.000000000000e+00 0.000000000000e+00 7.406216960364e-04 6.668364086164e-03 1.317870566434e-02 0.000000000000e+00 0.000000000000e+00 0.000000000000e+00 0.000000000000e+00 0.000000000000e+00 
9.685000000000e+00 2.544870081777e-03 1.238372635281e-02 3.539808381498e-04 1.234612767725e+05 1.275940708842e+05 1.000000000000e+05 7.768726128081e+03 5.339756211781e+02 1.800000000000e+06 9.715316977372e+04 1.846847040000e+06 7.387370656000e+06 0.000000000000e+00 0.000000000000e+00 0.000000000000e+00 7.390975967121e-04 6.663756635129e-03 1.315159465664e-02 0.000000000000e+00 0.000000000000e+00 0.000000000000e+00 0.000000000000e+00 0.000000000000e+00 
9.690000000000e+00 2.543084508006e-03 1.234137653705e-02 3.593384826526e-04 1.231860600473e+05 1.273858249724e+05 1.000000000000e+05 7.770108996826e+03 5.342654724102e+02 1.800000000000e+06 9.694785740836e+04 1.846847040000e+06 7.387370656000e+06 0.000000000000e+00 0.000000000000e+00 0.000000000000e+00 7.375356726270e-04 6.659080316644e-03 1.312381083139e-02 0.000000000000e+00 0.000000000000e+00 0.000000000000e+00 0.000000000000e+00 0.000000000000e+00 
9.695000000000e+00 2.541271382907e-03 1.229782034925e-02 3.649583963406e-04 1.229039712073e+05 1.271739845456e+05 1.000000000000e+05 7.771514653342e+03 5.345600884668e+02 1.800000000000e+06 9.673744840154e+04 1.846847040000e+06 7.387370656000e+06 0.000000000000e+00 0.000000000000e+00 0.000000000000e+00 7.359349755872e-04 6.654331658749e-03 1.309533729318e-02 0.000000000000e+00 0.000000000000e+00 0.000000000000e+00 0.000000000000e+00 0.000000000000e+00 
9.700000000000e+00 2.539429415206e-03 1.225307008462e-02 3.708334596127e-04 1.226149067851e+05 1.269583798723e+05 1.000000000000e+05 7.772944148273e+03 5.348596934622e+02 1.800000000000e+06 9.652182994954e+04 1.846847040000e+06 7.387370656000e+06 0.000000000000e+00 0.000000000000e+00 0.000000000000e+00 7.342946474326e-04 6.649507277342e-03 1.306615875195e-02 0.000000000000e+00 0.000000000000e+00 0.000000000000e+00 0.000000000000e+00 0.000000000000e+00 
9.705000000000e+00 2.537557389656e-03 1.220717709043e-02 3.769499431484e-04 1.223188482063e+05 1.267388486550e+05 1.000000000000e+05 7.774398471036e+03 5.351645002506e+02 1.800000000000e+06 9.630090952116e+04 1.846847040000e+06 7.387370656000e+06 0.000000000000e+00 0.000000000000e+00 0.000000000000e+00 7.326139842277e-04 6.644603935931e-03 1.303626263146e-02 0.000000000000e+00 0.000000000000e+00 0.000000000000e+00 0.000000000000e+00 0.000000000000e+00 
9.710000000000e+00 2.535654080296e-03 1.216013779160e-02 3.833007448541e-04 1.220156964429e+05 1.265152258591e+05 1.000000000000e+05 7.775878631258e+03 5.354747245465e+02 1.800000000000e+06 9.607461465823e+04 1.846847040000e+06 7.387370656000e+06 0.000000000000e+00 0.000000000000e+00 0.000000000000e+00 7.308924347432e-04 6.639618543715e-03 1.300563912448e-02 0.000000000000e+00 0.000000000000e+00 0.000000000000e+00 0.000000000000e+00 0.000000000000e+00 
9.715000000000e+00 2.533718372741e-03 1.211199096687e-02 3.898728619294e-04 1.217054334778e+05 1.262873580554e+05 1.000000000000e+05 7.777385550573e+03 5.357905650094e+02 1.800000000000e+06 9.584287512817e+04 1.846847040000e+06 7.387370656000e+06 0.000000000000e+00 0.000000000000e+00 0.000000000000e+00 7.291294646813e-04 6.634548121418e-03 1.297427868973e-02 0.000000000000e+00 0.000000000000e+00 0.000000000000e+00 0.000000000000e+00 0.000000000000e+00 
9.720000000000e+00 2.531749201843e-03 1.206278114195e-02 3.966514917957e-04 1.213880670160e+05 1.260550961320e+05 1.000000000000e+05 7.778920115184e+03 5.361122133757e+02 1.800000000000e+06 9.560564375503e+04 1.846847040000e+06 7.387370656000e+06 0.000000000000e+00 0.000000000000e+00 0.000000000000e+00 7.273247151486e-04 6.629389880412e-03 1.294217490527e-02 0.000000000000e+00 0.000000000000e+00 0.000000000000e+00 0.000000000000e+00 0.000000000000e+00 
9.725000000000e+00 2.529745619046e-03 1.201262091193e-02 4.036098763562e-04 1.210637584313e+05 1.258183032660e+05 1.000000000000e+05 7.780483112427e+03 5.364398434327e+02 1.800000000000e+06 9.536291462706e+04 1.846847040000e+06 7.387370656000e+06 0.000000000000e+00 0.000000000000e+00 0.000000000000e+00 7.254781411711e-04 6.624141337666e-03 1.290932688275e-02 0.000000000000e+00 0.000000000000e+00 0.000000000000e+00 0.000000000000e+00 0.000000000000e+00 
9.730000000000e+00 2.527706773530e-03 1.196154861164e-02 4.107311911174e-04 1.207325632961e+05 1.255768527743e+05 1.000000000000e+05 7.782075268994e+03 5.367736140401e+02 1.800000000000e+06 9.511470864148e+04 1.846847040000e+06 7.387370656000e+06 0.000000000000e+00 0.000000000000e+00 0.000000000000e+00 7.235899017255e-04 6.618800266499e-03 1.287573743485e-02 0.000000000000e+00 0.000000000000e+00 0.000000000000e+00 0.000000000000e+00 0.000000000000e+00 
9.735000000000e+00 2.525631909631e-03 1.190962261879e-02 4.179952621454e-04 1.203945873560e+05 1.253306278766e+05 1.000000000000e+05 7.783697238216e+03 5.371136694969e+02 1.800000000000e+06 9.486106083944e+04 1.846847040000e+06 7.387370656000e+06 0.000000000000e+00 0.000000000000e+00 0.000000000000e+00 7.216602633891e-04 6.613364690077e-03 1.284141127385e-02 0.000000000000e+00 0.000000000000e+00 0.000000000000e+00 0.000000000000e+00 0.000000000000e+00 
9.740000000000e+00 2.523520377848e-03 1.185691093384e-02 4.253800490800e-04 1.200499707164e+05 1.250795230775e+05 1.000000000000e+05 7.785349592846e+03 5.374601376778e+02 1.800000000000e+06 9.460202599696e+04 1.846847040000e+06 7.387370656000e+06 0.000000000000e+00 0.000000000000e+00 0.000000000000e+00 7.196896428732e-04 6.607832912451e-03 1.280635577906e-02 0.000000000000e+00 0.000000000000e+00 0.000000000000e+00 0.000000000000e+00 0.000000000000e+00 
9.745000000000e+00 2.521371645696e-03 1.180349137447e-02 4.328615174963e-04 1.196988909894e+05 1.248234455526e+05 1.000000000000e+05 7.787032816130e+03 5.378131281770e+02 1.800000000000e+06 9.433768209920e+04 1.846847040000e+06 7.387370656000e+06 0.000000000000e+00 0.000000000000e+00 0.000000000000e+00 7.176786334538e-04 6.602203546449e-03 1.277058146602e-02 0.000000000000e+00 0.000000000000e+00 0.000000000000e+00 0.000000000000e+00 0.000000000000e+00 
9.750000000000e+00 2.519185303605e-03 1.174944446018e-02 4.404146435512e-04 1.193415524642e+05 1.245623159675e+05 1.000000000000e+05 7.788747297898e+03 5.381727312490e+02 1.800000000000e+06 9.406813075052e+04 1.846847040000e+06 7.387370656000e+06 0.000000000000e+00 0.000000000000e+00 0.000000000000e+00 7.156280080911e-04 6.596475521807e-03 1.273410204945e-02 0.000000000000e+00 0.000000000000e+00 0.000000000000e+00 0.000000000000e+00 0.000000000000e+00 
9.755000000000e+00 2.516961064761e-03 1.169484493147e-02 4.480148913483e-04 1.189781688581e+05 1.242960685872e+05 1.000000000000e+05 7.790493335879e+03 5.385390177339e+02 1.800000000000e+06 9.379349335305e+04 1.846847040000e+06 7.387370656000e+06 0.000000000000e+00 0.000000000000e+00 0.000000000000e+00 7.135386903580e-04 6.590648091349e-03 1.269693393336e-02 0.000000000000e+00 0.000000000000e+00 0.000000000000e+00 0.000000000000e+00 0.000000000000e+00 
9.760000000000e+00 2.514698770750e-03 1.163977749821e-02 4.556360915604e-04 1.186089894316e+05 1.240246520922e+05 1.000000000000e+05 7.792271128482e+03 5.389120380199e+02 1.800000000000e+06 9.351391133931e+04 1.846847040000e+06 7.387370656000e+06 0.000000000000e+00 0.000000000000e+00 0.000000000000e+00 7.114117562093e-04 6.584720845619e-03 1.265909622725e-02 0.000000000000e+00 0.000000000000e+00 0.000000000000e+00 0.000000000000e+00 0.000000000000e+00 
9.765000000000e+00 2.512398394530e-03 1.158432781427e-02 4.632517639370e-04 1.182342840148e+05 1.237480300916e+05 1.000000000000e+05 7.794080773393e+03 5.392918214315e+02 1.800000000000e+06 9.322954614826e+04 1.846847040000e+06 7.387370656000e+06 0.000000000000e+00 0.000000000000e+00 0.000000000000e+00 7.092484338002e-04 6.578693720479e-03 1.262061075111e-02 0.000000000000e+00 0.000000000000e+00 0.000000000000e+00 0.000000000000e+00 0.000000000000e+00 
9.770000000000e+00 2.510060040004e-03 1.152857710781e-02 4.708359834793e-04 1.178543329431e+05 1.234661812405e+05 1.000000000000e+05 7.795922268302e+03 5.396783761701e+02 1.800000000000e+06 9.294057704775e+04 1.846847040000e+06 7.387370656000e+06 0.000000000000e+00 0.000000000000e+00 0.000000000000e+00 7.070500869196e-04 6.572566995793e-03 1.258150174540e-02 0.000000000000e+00 0.000000000000e+00 0.000000000000e+00 0.000000000000e+00 0.000000000000e+00 
9.775000000000e+00 2.507683942032e-03 1.147261088598e-02 4.783623389766e-04 1.174694397420e+05 1.231790994219e+05 1.000000000000e+05 7.797795509144e+03 5.400716891732e+02 1.800000000000e+06 9.264719930128e+04 1.846847040000e+06 7.387370656000e+06 0.000000000000e+00 0.000000000000e+00 0.000000000000e+00 7.048182010444e-04 6.566341295378e-03 1.254179561410e-02 0.000000000000e+00 0.000000000000e+00 0.000000000000e+00 0.000000000000e+00 0.000000000000e+00 
9.780000000000e+00 2.505270465989e-03 1.141651225773e-02 4.858049394316e-04 1.170799193935e+05 1.228867938816e+05 1.000000000000e+05 7.799700290933e+03 5.404717260431e+02 1.800000000000e+06 9.234962352191e+04 1.846847040000e+06 7.387370656000e+06 0.000000000000e+00 0.000000000000e+00 0.000000000000e+00 7.025543784241e-04 6.560017585730e-03 1.250152084336e-02 0.000000000000e+00 0.000000000000e+00 0.000000000000e+00 0.000000000000e+00 0.000000000000e+00 
9.785000000000e+00 2.502820105942e-03 1.136036448468e-02 4.931381690285e-04 1.166861013169e+05 1.225892892087e+05 1.000000000000e+05 7.801636308263e+03 5.408784311952e+02 1.800000000000e+06 9.204807395825e+04 1.846847040000e+06 7.387370656000e+06 0.000000000000e+00 0.000000000000e+00 0.000000000000e+00 7.002603250411e-04 6.553597171157e-03 1.246070776635e-02 0.000000000000e+00 0.000000000000e+00 0.000000000000e+00 0.000000000000e+00 0.000000000000e+00 
9.790000000000e+00 2.500333482196e-03 1.130424869406e-02 5.003370725230e-04 1.162883247405e+05 1.222866252424e+05 1.000000000000e+05 7.803603156997e+03 5.412917281089e+02 1.800000000000e+06 9.174278724794e+04 1.846847040000e+06 7.387370656000e+06 0.000000000000e+00 0.000000000000e+00 0.000000000000e+00 6.979378411281e-04 6.547081686079e-03 1.241938839687e-02 0.000000000000e+00 0.000000000000e+00 0.000000000000e+00 0.000000000000e+00 0.000000000000e+00 
9.795000000000e+00 2.497811335618e-03 1.124824144294e-02 5.073779337544e-04 1.158869313118e+05 1.219788565950e+05 1.000000000000e+05 7.805600338679e+03 5.417115201081e+02 1.800000000000e+06 9.143400946931e+04 1.846847040000e+06 7.387370656000e+06 0.000000000000e+00 0.000000000000e+00 0.000000000000e+00 6.955887987382e-04 6.540473080869e-03 1.237759603131e-02 0.000000000000e+00 0.000000000000e+00 0.000000000000e+00 0.000000000000e+00 0.000000000000e+00 
9.800000000000e+00 2.495254527071e-03 1.119242581431e-02 5.142365955397e-04 1.154822854385e+05 1.216660527974e+05 1.000000000000e+05 7.807627258434e+03 5.421376902925e+02 1.800000000000e+06 9.112199657824e+04 1.846847040000e+06 7.387370656000e+06 0.000000000000e+00 0.000000000000e+00 0.000000000000e+00 6.932151450688e-04 6.533773621673e-03 1.233536529828e-02 0.000000000000e+00 0.000000000000e+00 0.000000000000e+00 0.000000000000e+00 0.000000000000e+00 
9.805000000000e+00 2.492664033778e-03 1.113687699371e-02 5.208906328324e-04 1.150747480225e+05 1.213482980773e+05 1.000000000000e+05 7.809683229520e+03 5.425701019753e+02 1.800000000000e+06 9.080701419521e+04 1.846847040000e+06 7.387370656000e+06 0.000000000000e+00 0.000000000000e+00 0.000000000000e+00 6.908189008408e-04 6.526985880600e-03 1.229273214217e-02 0.000000000000e+00 0.000000000000e+00 0.000000000000e+00 0.000000000000e+00 0.000000000000e+00 
9.810000000000e+00 2.490040941651e-03 1.108166859126e-02 5.273185011879e-04 1.146646859186e+05 1.210256906421e+05 1.000000000000e+05 7.811767477743e+03 5.430085997937e+02 1.800000000000e+06 9.048933368310e+04 1.846847040000e+06 7.387370656000e+06 0.000000000000e+00 0.000000000000e+00 0.000000000000e+00 6.884021304609e-04 6.520112715061e-03 1.224973328632e-02 0.000000000000e+00 0.000000000000e+00 0.000000000000e+00 0.000000000000e+00 0.000000000000e+00 
9.815000000000e+00 2.487386441107e-03 1.102687070040e-02 5.334999794333e-04 1.142524662784e+05 1.206983423867e+05 1.000000000000e+05 7.813879144552e+03 5.434530102415e+02 1.800000000000e+06 9.016923210946e+04 1.846847040000e+06 7.387370656000e+06 0.000000000000e+00 0.000000000000e+00 0.000000000000e+00 6.859669417343e-04 6.513157256527e-03 1.220640622888e-02 0.000000000000e+00 0.000000000000e+00 0.000000000000e+00 0.000000000000e+00 0.000000000000e+00 
9.820000000000e+00 2.484701818401e-03 1.097254784274e-02 5.394164563336e-04 1.138384521463e+05 1.203663780435e+05 1.000000000000e+05 7.816017293541e+03 5.439031429554e+02 1.800000000000e+06 8.984698911127e+04 1.846847040000e+06 7.387370656000e+06 0.000000000000e+00 0.000000000000e+00 0.000000000000e+00 6.835154620135e-04 6.506122887700e-03 1.216278882033e-02 0.000000000000e+00 0.000000000000e+00 0.000000000000e+00 0.000000000000e+00 0.000000000000e+00 
9.825000000000e+00 2.481988449636e-03 1.091876306974e-02 5.450504349448e-04 1.134230078232e+05 1.200299346557e+05 1.000000000000e+05 7.818180913985e+03 5.443587915595e+02 1.800000000000e+06 8.952288603667e+04 1.846847040000e+06 7.387370656000e+06 0.000000000000e+00 0.000000000000e+00 0.000000000000e+00 6.810498316683e-04 6.499013226652e-03 1.211891914301e-02 0.000000000000e+00 0.000000000000e+00 0.000000000000e+00 0.000000000000e+00 0.000000000000e+00 
9.830000000000e+00 2.479247793462e-03 1.086557251217e-02 5.503863539272e-04 1.130064881122e+05 1.196891608806e+05 1.000000000000e+05 7.820368926910e+03 5.448197347353e+02 1.800000000000e+06 8.919720485537e+04 1.846847040000e+06 7.387370656000e+06 0.000000000000e+00 0.000000000000e+00 0.000000000000e+00 6.785721957975e-04 6.491832107811e-03 1.207483536832e-02 0.000000000000e+00 0.000000000000e+00 0.000000000000e+00 0.000000000000e+00 0.000000000000e+00 
9.835000000000e+00 2.476481381319e-03 1.081302851640e-02 5.554101620245e-04 1.125892422881e+05 1.193442159749e+05 1.000000000000e+05 7.822580191775e+03 5.452857377156e+02 1.800000000000e+06 8.887022514703e+04 1.846847040000e+06 7.387370656000e+06 0.000000000000e+00 0.000000000000e+00 0.000000000000e+00 6.760846813173e-04 6.484583555881e-03 1.203057534619e-02 0.000000000000e+00 0.000000000000e+00 0.000000000000e+00 0.000000000000e+00 0.000000000000e+00 
9.840000000000e+00 2.473690808297e-03 1.076117700411e-02 5.601097648234e-04 1.121716075409e+05 1.189952688416e+05 1.000000000000e+05 7.824813513689e+03 5.457565536854e+02 1.800000000000e+06 8.854222243479e+04 1.846847040000e+06 7.387370656000e+06 0.000000000000e+00 0.000000000000e+00 0.000000000000e+00 6.735893842838e-04 6.477271762388e-03 1.198617638107e-02 0.000000000000e+00 0.000000000000e+00 0.000000000000e+00 0.000000000000e+00 0.000000000000e+00 
9.845000000000e+00 2.470877732801e-03 1.071007533303e-02 5.644723296545e-04 1.117539418177e+05 1.186424981654e+05 1.000000000000e+05 7.827067640119e+03 5.462319237088e+02 1.800000000000e+06 8.821347150968e+04 1.846847040000e+06 7.387370656000e+06 0.000000000000e+00 0.000000000000e+00 0.000000000000e+00 6.710883951835e-04 6.469901084871e-03 1.194167566672e-02 0.000000000000e+00 0.000000000000e+00 0.000000000000e+00 0.000000000000e+00 0.000000000000e+00 
9.850000000000e+00 2.468043868348e-03 1.065976492652e-02 5.684881916027e-04 1.113365752755e+05 1.182860915584e+05 1.000000000000e+05 7.829341271295e+03 5.467115779854e+02 1.800000000000e+06 8.788424587223e+04 1.846847040000e+06 7.387370656000e+06 0.000000000000e+00 0.000000000000e+00 0.000000000000e+00 6.685837946853e-04 6.462476025575e-03 1.189711023456e-02 0.000000000000e+00 0.000000000000e+00 0.000000000000e+00 0.000000000000e+00 0.000000000000e+00 
9.855000000000e+00 2.465190968878e-03 1.061027557398e-02 5.721503797943e-04 1.109198139994e+05 1.179262438704e+05 1.000000000000e+05 7.831633070984e+03 5.471952382232e+02 1.800000000000e+06 8.755481122876e+04 1.846847040000e+06 7.387370656000e+06 0.000000000000e+00 0.000000000000e+00 0.000000000000e+00 6.660776041633e-04 6.455001191966e-03 1.185251606934e-02 0.000000000000e+00 0.000000000000e+00 0.000000000000e+00 0.000000000000e+00 0.000000000000e+00 
9.860000000000e+00 2.462320818939e-03 1.056163619487e-02 5.754531771054e-04 1.105039562290e+05 1.175631560836e+05 1.000000000000e+05 7.833941672363e+03 5.476826192057e+02 1.800000000000e+06 8.722542344313e+04 1.846847040000e+06 7.387370656000e+06 0.000000000000e+00 0.000000000000e+00 0.000000000000e+00 6.635717701148e-04 6.447481270815e-03 1.180792782115e-02 0.000000000000e+00 0.000000000000e+00 0.000000000000e+00 0.000000000000e+00 0.000000000000e+00 
9.865000000000e+00 2.459435227874e-03 1.051387400940e-02 5.783921295133e-04 1.100892914457e+05 1.171970346941e+05 1.000000000000e+05 7.836265682349e+03 5.481734296950e+02 1.800000000000e+06 8.689633001709e+04 1.846847040000e+06 7.387370656000e+06 0.000000000000e+00 0.000000000000e+00 0.000000000000e+00 6.610681754215e-04 6.439921012994e-03 1.176337900698e-02 0.000000000000e+00 0.000000000000e+00 0.000000000000e+00 0.000000000000e+00 0.000000000000e+00 
9.870000000000e+00 2.456536023081e-03 1.046701172024e-02 5.809643884233e-04 1.096760952154e+05 1.168280909600e+05 1.000000000000e+05 7.838603687126e+03 5.486673735054e+02 1.800000000000e+06 8.656777038524e+04 1.846847040000e+06 7.387370656000e+06 0.000000000000e+00 0.000000000000e+00 0.000000000000e+00 6.585686415942e-04 6.432325215916e-03 1.171890205318e-02 0.000000000000e+00 0.000000000000e+00 0.000000000000e+00 0.000000000000e+00 0.000000000000e+00 
9.875000000000e+00 2.453625040991e-03 1.042106642578e-02 5.831688252392e-04 1.092646264686e+05 1.164565398410e+05 1.000000000000e+05 7.840954259299e+03 5.491641509790e+02 1.800000000000e+06 8.623997423651e+04 1.846847040000e+06 7.387370656000e+06 0.000000000000e+00 0.000000000000e+00 0.000000000000e+00 6.560749160030e-04 6.424698699927e-03 1.167452806928e-02 0.000000000000e+00 0.000000000000e+00 0.000000000000e+00 0.000000000000e+00 0.000000000000e+00 
9.880000000000e+00 2.450704118637e-03 1.037604920635e-02 5.850061190279e-04 1.088551251445e+05 1.160825989887e+05 1.000000000000e+05 7.843315964630e+03 5.496634603792e+02 1.800000000000e+06 8.591316041685e+04 1.846847040000e+06 7.387370656000e+06 0.000000000000e+00 0.000000000000e+00 0.000000000000e+00 6.535886635292e-04 6.417046286655e-03 1.163028669964e-02 0.000000000000e+00 0.000000000000e+00 0.000000000000e+00 0.000000000000e+00 0.000000000000e+00 
9.885000000000e+00 2.447775082322e-03 1.033196287928e-02 5.864791172654e-04 1.084478060298e+05 1.157064873441e+05 1.000000000000e+05 7.845687371493e+03 5.501649997964e+02 1.800000000000e+06 8.558753398198e+04 1.846847040000e+06 7.387370656000e+06 0.000000000000e+00 0.000000000000e+00 0.000000000000e+00 6.511114441446e-04 6.409372771088e-03 1.158620572597e-02 0.000000000000e+00 0.000000000000e+00 0.000000000000e+00 0.000000000000e+00 0.000000000000e+00 
9.890000000000e+00 2.444839744740e-03 1.028881620965e-02 5.875906322644e-04 1.080428854348e+05 1.153284247922e+05 1.000000000000e+05 7.848067050663e+03 5.506684676272e+02 1.800000000000e+06 8.526328857240e+04 1.846847040000e+06 7.387370656000e+06 0.000000000000e+00 0.000000000000e+00 0.000000000000e+00 6.486447309790e-04 6.401682911859e-03 1.154231137624e-02 0.000000000000e+00 0.000000000000e+00 0.000000000000e+00 0.000000000000e+00 0.000000000000e+00 
9.895000000000e+00 2.441899900520e-03 1.024661234555e-02 5.883449699919e-04 1.076405615796e+05 1.149486316035e+05 1.000000000000e+05 7.850453580657e+03 5.511735633322e+02 1.800000000000e+06 8.494060821830e+04 1.846847040000e+06 7.387370656000e+06 0.000000000000e+00 0.000000000000e+00 0.000000000000e+00 6.461899240512e-04 6.393981418520e-03 1.149862858006e-02 0.000000000000e+00 0.000000000000e+00 0.000000000000e+00 0.000000000000e+00 0.000000000000e+00 
9.900000000000e+00 2.438957317860e-03 1.020534854100e-02 5.887479612553e-04 1.072410128697e+05 1.145673273535e+05 1.000000000000e+05 7.852845554596e+03 5.516799888779e+02 1.800000000000e+06 8.461966509456e+04 1.846847040000e+06 7.387370656000e+06 0.000000000000e+00 0.000000000000e+00 0.000000000000e+00 6.437483331901e-04 6.386272930040e-03 1.145518066503e-02 0.000000000000e+00 0.000000000000e+00 0.000000000000e+00 0.000000000000e+00 0.000000000000e+00 
9.905000000000e+00 2.436013731795e-03 1.016501642332e-02 5.888069557945e-04 1.068443968236e+05 1.141847300290e+05 1.000000000000e+05 7.855241585781e+03 5.521874499158e+02 1.800000000000e+06 8.430061874442e+04 1.846847040000e+06 7.387370656000e+06 0.000000000000e+00 0.000000000000e+00 0.000000000000e+00 6.413211721291e-04 6.378561997296e-03 1.141198925084e-02 0.000000000000e+00 0.000000000000e+00 0.000000000000e+00 0.000000000000e+00 0.000000000000e+00 
9.910000000000e+00 2.433070836243e-03 1.012560316054e-02 5.885306050817e-04 1.064508514546e+05 1.138010549569e+05 1.000000000000e+05 7.857640314081e+03 5.526956571858e+02 1.800000000000e+06 8.398361437080e+04 1.846847040000e+06 7.387370656000e+06 0.000000000000e+00 0.000000000000e+00 0.000000000000e+00 6.389095455066e-04 6.370853062442e-03 1.136907401712e-02 0.000000000000e+00 0.000000000000e+00 0.000000000000e+00 0.000000000000e+00 0.000000000000e+00 
9.915000000000e+00 2.430130279612e-03 1.008709475888e-02 5.879283551385e-04 1.060605007690e+05 1.134165141732e+05 1.000000000000e+05 7.860040409153e+03 5.532043273236e+02 1.800000000000e+06 8.366878362496e+04 1.846847040000e+06 7.387370656000e+06 0.000000000000e+00 0.000000000000e+00 0.000000000000e+00 6.365144548660e-04 6.363150447487e-03 1.132645280710e-02 0.000000000000e+00 0.000000000000e+00 0.000000000000e+00 0.000000000000e+00 0.000000000000e+00 
9.920000000000e+00 2.427193660713e-03 1.004947489796e-02 5.870105019595e-04 1.056734533097e+05 1.130313158193e+05 1.000000000000e+05 7.862440574094e+03 5.537131836227e+02 1.800000000000e+06 8.335624535698e+04 1.846847040000e+06 7.387370656000e+06 0.000000000000e+00 0.000000000000e+00 0.000000000000e+00 6.341368043655e-04 6.355458344011e-03 1.128414173094e-02 0.000000000000e+00 0.000000000000e+00 0.000000000000e+00 0.000000000000e+00 0.000000000000e+00 
9.925000000000e+00 2.424262523550e-03 1.001272384790e-02 5.857883907810e-04 1.052897987215e+05 1.126456633753e+05 1.000000000000e+05 7.864839550227e+03 5.542219570038e+02 1.800000000000e+06 8.304610489341e+04 1.846847040000e+06 7.387370656000e+06 0.000000000000e+00 0.000000000000e+00 0.000000000000e+00 6.317773952819e-04 6.347780806599e-03 1.124215506839e-02 0.000000000000e+00 0.000000000000e+00 0.000000000000e+00 0.000000000000e+00 0.000000000000e+00 
9.930000000000e+00 2.421338355774e-03 9.976822231898e-03 5.842735185654e-04 1.049096185739e+05 1.122597553603e+05 1.000000000000e+05 7.867236117670e+03 5.547303863586e+02 1.800000000000e+06 8.273845613489e+04 1.846847040000e+06 7.387370656000e+06 0.000000000000e+00 0.000000000000e+00 0.000000000000e+00 6.294369419690e-04 6.340121736529e-03 1.120050554923e-02 0.000000000000e+00 0.000000000000e+00 0.000000000000e+00 0.000000000000e+00 0.000000000000e+00 
9.935000000000e+00 2.418422584331e-03 9.941747165833e-03 5.824782376598e-04 1.045329767386e+05 1.118737846547e+05 1.000000000000e+05 7.869629100062e+03 5.552382193872e+02 1.800000000000e+06 8.243338107249e+04 1.846847040000e+06 7.387370656000e+06 0.000000000000e+00 0.000000000000e+00 0.000000000000e+00 6.271160681780e-04 6.332484871064e-03 1.115920429257e-02 0.000000000000e+00 0.000000000000e+00 0.000000000000e+00 0.000000000000e+00 0.000000000000e+00 
9.940000000000e+00 2.415516573043e-03 9.907474255470e-03 5.804153916705e-04 1.041599234079e+05 1.114879380643e+05 1.000000000000e+05 7.872017366522e+03 5.557452131086e+02 1.800000000000e+06 8.213095000230e+04 1.846847040000e+06 7.387370656000e+06 0.000000000000e+00 0.000000000000e+00 0.000000000000e+00 6.248153086900e-04 6.324873781410e-03 1.111826083370e-02 0.000000000000e+00 0.000000000000e+00 0.000000000000e+00 0.000000000000e+00 0.000000000000e+00 
9.945000000000e+00 2.412621620102e-03 9.873977357543e-03 5.780982764412e-04 1.037904950338e+05 1.111023958634e+05 1.000000000000e+05 7.874399834082e+03 5.562511343939e+02 1.800000000000e+06 8.183122174147e+04 1.846847040000e+06 7.387370656000e+06 0.000000000000e+00 0.000000000000e+00 0.000000000000e+00 6.225351109593e-04 6.317291866348e-03 1.107768315360e-02 0.000000000000e+00 0.000000000000e+00 0.000000000000e+00 0.000000000000e+00 0.000000000000e+00 
9.950000000000e+00 2.409738956033e-03 9.841228752762e-03 5.755405954549e-04 1.034247144040e+05 1.107173313932e+05 1.000000000000e+05 7.876775469737e+03 5.567557604210e+02 1.800000000000e+06 8.153424391936e+04 1.846847040000e+06 7.387370656000e+06 0.000000000000e+00 0.000000000000e+00 0.000000000000e+00 6.202758373288e-04 6.309742347685e-03 1.103747771826e-02 0.000000000000e+00 0.000000000000e+00 0.000000000000e+00 0.000000000000e+00 0.000000000000e+00 
9.955000000000e+00 2.406869742592e-03 9.809200128955e-03 5.727562211430e-04 1.030625933138e+05 1.103329107768e+05 1.000000000000e+05 7.879143291529e+03 5.572588789735e+02 1.800000000000e+06 8.124005366804e+04 1.846847040000e+06 7.387370656000e+06 0.000000000000e+00 0.000000000000e+00 0.000000000000e+00 6.180377702823e-04 6.302228266259e-03 1.099764957136e-02 0.000000000000e+00 0.000000000000e+00 0.000000000000e+00 0.000000000000e+00 0.000000000000e+00 
9.960000000000e+00 2.404015071779e-03 9.777861944915e-03 5.697592408052e-04 1.027041316672e+05 1.099492926454e+05 1.000000000000e+05 7.881502369876e+03 5.577602887200e+02 1.800000000000e+06 8.094867816129e+04 1.846847040000e+06 7.387370656000e+06 0.000000000000e+00 0.000000000000e+00 0.000000000000e+00 6.158211165460e-04 6.294752479175e-03 1.095820240827e-02 0.000000000000e+00 0.000000000000e+00 0.000000000000e+00 0.000000000000e+00 0.000000000000e+00 
9.965000000000e+00 2.401175962232e-03 9.747179980054e-03 5.665644403377e-04 1.023493106298e+05 1.095666275068e+05 1.000000000000e+05 7.883851831589e+03 5.582597999592e+02 1.800000000000e+06 8.066013320328e+04 1.846847040000e+06 7.387370656000e+06 0.000000000000e+00 0.000000000000e+00 0.000000000000e+00 6.136259963506e-04 6.287317650919e-03 1.091913838793e-02 0.000000000000e+00 0.000000000000e+00 0.000000000000e+00 0.000000000000e+00 0.000000000000e+00 
9.970000000000e+00 2.398353361744e-03 9.717124863888e-03 5.631859442220e-04 1.019981100955e+05 1.091850579325e+05 1.000000000000e+05 7.886190856687e+03 5.587572342911e+02 1.800000000000e+06 8.037442563627e+04 1.846847040000e+06 7.387370656000e+06 0.000000000000e+00 0.000000000000e+00 0.000000000000e+00 6.114524617492e-04 6.279926259978e-03 1.088045844997e-02 0.000000000000e+00 0.000000000000e+00 0.000000000000e+00 0.000000000000e+00 0.000000000000e+00 
9.975000000000e+00 2.395548145196e-03 9.687662915091e-03 5.596383662230e-04 1.016504936066e+05 1.088047181282e+05 1.000000000000e+05 7.888518681934e+03 5.592524250936e+02 1.800000000000e+06 8.009155281207e+04 1.846847040000e+06 7.387370656000e+06 0.000000000000e+00 0.000000000000e+00 0.000000000000e+00 6.093004925954e-04 6.272580593453e-03 1.084216225226e-02 0.000000000000e+00 0.000000000000e+00 0.000000000000e+00 0.000000000000e+00 0.000000000000e+00 
9.980000000000e+00 2.392761116063e-03 9.658762425717e-03 5.559359569383e-04 1.013064192723e+05 1.084257339837e+05 1.000000000000e+05 7.890834599072e+03 5.597452173726e+02 1.800000000000e+06 7.981150378203e+04 1.846847040000e+06 7.387370656000e+06 0.000000000000e+00 0.000000000000e+00 0.000000000000e+00 6.071700055970e-04 6.265282751015e-03 1.080424832604e-02 0.000000000000e+00 0.000000000000e+00 0.000000000000e+00 0.000000000000e+00 0.000000000000e+00 
9.985000000000e+00 2.389993005423e-03 9.630388467005e-03 5.520932818875e-04 1.009658308219e+05 1.080482227867e+05 1.000000000000e+05 7.893137956918e+03 5.602354680496e+02 1.800000000000e+06 7.953425900214e+04 1.846847040000e+06 7.387370656000e+06 0.000000000000e+00 0.000000000000e+00 0.000000000000e+00 6.050608520718e-04 6.258034642352e-03 1.076671404085e-02 0.000000000000e+00 0.000000000000e+00 0.000000000000e+00 0.000000000000e+00 0.000000000000e+00 
9.990000000000e+00 2.387244472774e-03 9.602508038370e-03 5.481244745511e-04 1.006286671372e+05 1.076722931807e+05 1.000000000000e+05 7.895428160288e+03 5.607230459308e+02 1.800000000000e+06 7.925979073347e+04 1.846847040000e+06 7.387370656000e+06 0.000000000000e+00 0.000000000000e+00 0.000000000000e+00 6.029728209944e-04 6.250837989319e-03 1.072955565422e-02 0.000000000000e+00 0.000000000000e+00 0.000000000000e+00 0.000000000000e+00 0.000000000000e+00 
9.995000000000e+00 2.384516107546e-03 9.575087724977e-03 5.440435177120e-04 1.002948587496e+05 1.072980452202e+05 1.000000000000e+05 7.897704669528e+03 5.612078315519e+02 1.800000000000e+06 7.898806420715e+04 1.846847040000e+06 7.387370656000e+06 0.000000000000e+00 0.000000000000e+00 0.000000000000e+00 6.009056478591e-04 6.243694329356e-03 1.069276847147e-02 0.000000000000e+00 0.000000000000e+00 0.000000000000e+00 0.000000000000e+00 0.000000000000e+00 
1.000000000000e+01 2.381808428842e-03 9.548090763315e-03 5.398646932920e-04 9.996432188439e+04 1.069255701881e+05 1.000000000000e+05 7.899967001722e+03 5.616897173318e+02 1.800000000000e+06 7.871903725387e+04 1.846847040000e+06 7.387370656000e+06 0.000000000000e+00 0.000000000000e+00 0.000000000000e+00 5.988590118607e-04 6.236605015704e-03 1.065634679848e-02 0.000000000000e+00 0.000000000000e+00 0.000000000000e+00 0.000000000000e+00 0.000000000000e+00 
