9.000000000000e+00 8.757693681933e-04 7.033158410752e-03 1.853090780247e-04 9.172293963521e+04 9.853886445434e+04 1.000000000000e+05 1.452706491312e+04 5.824887919516e+02 1.800000000000e+06 7.347469584264e+04 2.491326816000e+06 9.965289760000e+06 0.000000000000e+00 0.000000000000e+00 0.000000000000e+00 4.143634861924e-04 4.249907619800e-04 7.373144241339e-03 0.000000000000e+00 0.000000000000e+00 0.000000000000e+00 0.000000000000e+00 0.000000000000e+00 
9.005000000000e+00 8.748549792821e-04 7.011060745567e-03 1.836512968683e-04 9.140441558355e+04 9.816995797936e+04 1.000000000000e+05 1.453086881206e+04 5.829446311298e+02 1.800000000000e+06 7.321292785196e+04 2.491326816000e+06 9.965289760000e+06 0.000000000000e+00 0.000000000000e+00 0.000000000000e+00 4.128872351383e-04 4.245470296778e-04 7.346875215021e-03 0.000000000000e+00 0.000000000000e+00 0.000000000000e+00 0.000000000000e+00 0.000000000000e+00 
9.010000000000e+00 8.739489439595e-04 6.989212674079e-03 1.819599874640e-04 9.108980785841e+04 9.780347070590e+04 1.000000000000e+05 1.453464278158e+04 5.833969724540e+02 1.800000000000e+06 7.295447174041e+04 2.491326816000e+06 9.965289760000e+06 0.000000000000e+00 0.000000000000e+00 0.000000000000e+00 4.114296615589e-04 4.241073508876e-04 7.320938554885e-03 0.000000000000e+00 0.000000000000e+00 0.000000000000e+00 0.000000000000e+00 0.000000000000e+00 
9.015000000000e+00 8.730514205787e-04 6.967598458119e-03 1.802398395558e-04 9.077903674737e+04 9.743948992267e+04 1.000000000000e+05 1.453838604455e+04 5.838457200472e+02 1.800000000000e+06 7.269924532239e+04 2.491326816000e+06 9.965289760000e+06 0.000000000000e+00 0.000000000000e+00 0.000000000000e+00 4.099903019654e-04 4.236718023348e-04 7.295326015517e-03 0.000000000000e+00 0.000000000000e+00 0.000000000000e+00 0.000000000000e+00 0.000000000000e+00 
9.020000000000e+00 8.721625434728e-04 6.946200237307e-03 1.784965172268e-04 9.047197578789e+04 9.707809371668e+04 1.000000000000e+05 1.454209792345e+04 5.842907896906e+02 1.800000000000e+06 7.244716185250e+04 2.491326816000e+06 9.965289760000e+06 0.000000000000e+00 0.000000000000e+00 0.000000000000e+00 4.085686671536e-04 4.232404490719e-04 7.270028894040e-03 0.000000000000e+00 0.000000000000e+00 0.000000000000e+00 0.000000000000e+00 0.000000000000e+00 
9.025000000000e+00 8.712823878377e-04 6.925013366179e-03 1.767395879492e-04 9.016832808561e+04 9.671933650478e+04 1.000000000000e+05 1.454577799347e+04 5.847321265414e+02 1.800000000000e+06 7.219812699108e+04 2.491326816000e+06 9.965289760000e+06 0.000000000000e+00 0.000000000000e+00 0.000000000000e+00 4.071642250913e-04 4.228133337066e-04 7.245037725527e-03 0.000000000000e+00 0.000000000000e+00 0.000000000000e+00 0.000000000000e+00 0.000000000000e+00 
9.030000000000e+00 8.704110192213e-04 6.904017780534e-03 1.749707298569e-04 8.986808352522e+04 9.636326896779e+04 1.000000000000e+05 1.454942585499e+04 5.851696804835e+02 1.800000000000e+06 7.195204498814e+04 2.491326816000e+06 9.965289760000e+06 0.000000000000e+00 0.000000000000e+00 0.000000000000e+00 4.057764357924e-04 4.223904785282e-04 7.220342901588e-03 0.000000000000e+00 0.000000000000e+00 0.000000000000e+00 0.000000000000e+00 0.000000000000e+00 
9.035000000000e+00 8.695484819851e-04 6.883192621347e-03 1.731938684311e-04 8.957113922479e+04 9.600993326064e+04 1.000000000000e+05 1.455304120092e+04 5.856034119743e+02 1.800000000000e+06 7.170881615794e+04 2.491326816000e+06 9.965289760000e+06 0.000000000000e+00 0.000000000000e+00 0.000000000000e+00 4.044047370754e-04 4.219719090158e-04 7.195934421413e-03 0.000000000000e+00 0.000000000000e+00 0.000000000000e+00 0.000000000000e+00 0.000000000000e+00 
9.040000000000e+00 8.686948038119e-04 6.862524004348e-03 1.714142325235e-04 8.927733586958e+04 9.565936475153e+04 1.000000000000e+05 1.455662379663e+04 5.860332898522e+02 1.800000000000e+06 7.146833555590e+04 2.491326816000e+06 9.965289760000e+06 0.000000000000e+00 0.000000000000e+00 0.000000000000e+00 4.030485371009e-04 4.215576386031e-04 7.171801754371e-03 0.000000000000e+00 0.000000000000e+00 0.000000000000e+00 0.000000000000e+00 0.000000000000e+00 
9.045000000000e+00 8.678499908593e-04 6.842006136685e-03 1.696355847895e-04 8.898655850670e+04 9.531158993444e+04 1.000000000000e+05 1.456017349563e+04 5.864592938451e+02 1.800000000000e+06 7.123050006770e+04 2.491326816000e+06 9.965289760000e+06 0.000000000000e+00 0.000000000000e+00 0.000000000000e+00 4.017072543518e-04 4.211476702785e-04 7.147934551708e-03 0.000000000000e+00 0.000000000000e+00 0.000000000000e+00 0.000000000000e+00 0.000000000000e+00 
9.050000000000e+00 8.670141423563e-04 6.822624679320e-03 1.677802571657e-04 8.870177131828e+04 9.496667366271e+04 1.000000000000e+05 1.456368960955e+04 5.868813567427e+02 1.800000000000e+06 7.099540580220e+04 2.491326816000e+06 9.965289760000e+06 0.000000000000e+00 0.000000000000e+00 0.000000000000e+00 4.003814308377e-04 4.207420521953e-04 7.124342191510e-03 0.000000000000e+00 0.000000000000e+00 0.000000000000e+00 0.000000000000e+00 0.000000000000e+00 
9.055000000000e+00 8.661894459488e-04 6.815170776865e-03 1.649820147513e-04 8.845632969514e+04 9.462554594041e+04 1.000000000000e+05 1.456716117881e+04 5.872983544746e+02 1.800000000000e+06 7.076716878254e+04 2.491326816000e+06 9.965289760000e+06 0.000000000000e+00 0.000000000000e+00 0.000000000000e+00 3.990942790359e-04 4.203418459680e-04 7.101434881237e-03 0.000000000000e+00 0.000000000000e+00 0.000000000000e+00 0.000000000000e+00 0.000000000000e+00 
9.060000000000e+00 8.653867775392e-04 6.850798060323e-03 1.586929227197e-04 8.835044715466e+04 9.429275159763e+04 1.000000000000e+05 1.457053738467e+04 5.877047552749e+02 1.800000000000e+06 7.056693714416e+04 2.491326816000e+06 9.965289760000e+06 0.000000000000e+00 0.000000000000e+00 0.000000000000e+00 3.979650647020e-04 4.199523294222e-04 7.081326925638e-03 0.000000000000e+00 0.000000000000e+00 0.000000000000e+00 0.000000000000e+00 0.000000000000e+00 
9.065000000000e+00 8.646325219053e-04 6.964406452134e-03 1.455942661581e-04 8.852037123863e+04 9.397932786676e+04 1.000000000000e+05 1.457370018175e+04 5.880871318167e+02 1.800000000000e+06 7.044356211589e+04 2.491326816000e+06 9.965289760000e+06 0.000000000000e+00 0.000000000000e+00 0.000000000000e+00 3.972692862950e-04 4.195863064846e-04 7.068912352086e-03 0.000000000000e+00 0.000000000000e+00 0.000000000000e+00 0.000000000000e+00 0.000000000000e+00 
9.070000000000e+00 8.639683252604e-04 7.176403304100e-03 1.230548979182e-04 8.908358255027e+04 9.370276265251e+04 1.000000000000e+05 1.457646774094e+04 5.884242442901e+02 1.800000000000e+06 7.046496109109e+04 2.491326816000e+06 9.965289760000e+06 0.000000000000e+00 0.000000000000e+00 0.000000000000e+00 3.973899666717e-04 4.192639871062e-04 7.071002923088e-03 0.000000000000e+00 0.000000000000e+00 0.000000000000e+00 0.000000000000e+00 0.000000000000e+00 
9.075000000000e+00 8.634458251155e-04 7.490846405423e-03 8.956418217743e-05 9.011975333930e+04 9.348482599857e+04 1.000000000000e+05 1.457861743742e+04 5.886896973793e+02 1.800000000000e+06 7.070282614082e+04 2.491326816000e+06 9.965289760000e+06 0.000000000000e+00 0.000000000000e+00 0.000000000000e+00 3.987314161342e-04 4.190104297852e-04 7.094793777807e-03 0.000000000000e+00 0.000000000000e+00 0.000000000000e+00 0.000000000000e+00 0.000000000000e+00 
9.080000000000e+00 8.631211999368e-04 7.897742784323e-03 4.481062539054e-05 9.166469983225e+04 9.334925815471e+04 1.000000000000e+05 1.457990929796e+04 5.888547361118e+02 1.800000000000e+06 7.122035244447e+04 2.491326816000e+06 9.965289760000e+06 0.000000000000e+00 0.000000000000e+00 0.000000000000e+00 4.016500264247e-04 4.188528966410e-04 7.146630999380e-03 0.000000000000e+00 0.000000000000e+00 0.000000000000e+00 0.000000000000e+00 0.000000000000e+00 
9.085000000000e+00 8.630381914725e-04 8.369475243688e-03 -8.111853843562e-06 9.361956386756e+04 9.331457231033e+04 1.000000000000e+05 1.458016258914e+04 5.888969515774e+02 1.800000000000e+06 7.206007825148e+04 2.491326816000e+06 9.965289760000e+06 0.000000000000e+00 0.000000000000e+00 0.000000000000e+00 4.063856937023e-04 4.188126145396e-04 7.230791316732e-03 0.000000000000e+00 0.000000000000e+00 0.000000000000e+00 0.000000000000e+00 0.000000000000e+00 
9.090000000000e+00 8.632417329357e-04 8.877589053511e-03 -7.086237856244e-05 9.606296876975e+04 9.339960917902e+04 1.000000000000e+05 1.457918362344e+04 5.887934471178e+02 1.800000000000e+06 7.323539621197e+04 2.491326816000e+06 9.965289760000e+06 0.000000000000e+00 0.000000000000e+00 0.000000000000e+00 4.130139463532e-04 4.189113885373e-04 7.348628163683e-03 0.000000000000e+00 0.000000000000e+00 0.000000000000e+00 0.000000000000e+00 0.000000000000e+00 
9.095000000000e+00 8.637734757639e-04 9.388522924976e-03 -1.386883878473e-04 9.882931339858e+04 9.362152863849e+04 1.000000000000e+05 1.457680618076e+04 5.885232097727e+02 1.800000000000e+06 7.473182692995e+04 2.491326816000e+06 9.965289760000e+06 0.000000000000e+00 0.000000000000e+00 0.000000000000e+00 4.214531272446e-04 4.191694311203e-04 7.498696639534e-03 0.000000000000e+00 0.000000000000e+00 0.000000000000e+00 0.000000000000e+00 0.000000000000e+00 
9.100000000000e+00 8.646510713582e-04 9.874584548115e-03 -2.086864725726e-04 1.018113477046e+05 9.398704408670e+04 1.000000000000e+05 1.457296445174e+04 5.880777223317e+02 1.800000000000e+06 7.651126838328e+04 2.491326816000e+06 9.965289760000e+06 0.000000000000e+00 0.000000000000e+00 0.000000000000e+00 4.314883584983e-04 4.195953081082e-04 7.677179719469e-03 0.000000000000e+00 0.000000000000e+00 0.000000000000e+00 0.000000000000e+00 0.000000000000e+00 
9.105000000000e+00 8.658782902988e-04 1.031617556107e-02 -2.782312488441e-04 1.049062124011e+05 9.449662895420e+04 1.000000000000e+05 1.456765316699e+04 5.874558329317e+02 1.800000000000e+06 7.851931113334e+04 2.491326816000e+06 9.965289760000e+06 0.000000000000e+00 0.000000000000e+00 0.000000000000e+00 4.428127959089e-04 4.201908492768e-04 7.878621264330e-03 0.000000000000e+00 0.000000000000e+00 0.000000000000e+00 0.000000000000e+00 0.000000000000e+00 
9.110000000000e+00 8.674469781083e-04 1.070197136577e-02 -3.451705381680e-04 1.080243853079e+05 9.514538853559e+04 1.000000000000e+05 1.456091865014e+04 5.866627236887e+02 1.800000000000e+06 8.069363623114e+04 2.491326816000e+06 9.965289760000e+06 0.000000000000e+00 0.000000000000e+00 0.000000000000e+00 4.550749892709e-04 4.209520974457e-04 8.096768947891e-03 0.000000000000e+00 0.000000000000e+00 0.000000000000e+00 0.000000000000e+00 0.000000000000e+00 
9.115000000000e+00 8.693395873539e-04 1.102761806018e-02 -4.078709468546e-04 1.110930315685e+05 9.592422866215e+04 1.000000000000e+05 1.455284743447e+04 5.857085475516e+02 1.800000000000e+06 8.297115046194e+04 2.491326816000e+06 9.965289760000e+06 0.000000000000e+00 0.000000000000e+00 0.000000000000e+00 4.679191218761e-04 4.218705372485e-04 8.325290817826e-03 0.000000000000e+00 0.000000000000e+00 0.000000000000e+00 0.000000000000e+00 0.000000000000e+00 
9.120000000000e+00 8.715316724710e-04 1.129361978412e-02 -4.651665109702e-04 1.140554475801e+05 9.682103833840e+04 1.000000000000e+05 1.454355507693e+04 5.846070634873e+02 1.800000000000e+06 8.529295881068e+04 2.491326816000e+06 9.965289760000e+06 0.000000000000e+00 0.000000000000e+00 0.000000000000e+00 4.810130529312e-04 4.229343058144e-04 8.558274994729e-03 0.000000000000e+00 0.000000000000e+00 0.000000000000e+00 0.000000000000e+00 0.000000000000e+00 
9.125000000000e+00 8.739940960809e-04 1.150375350945e-02 -5.163116124705e-04 1.168703045745e+05 9.782175700173e+04 1.000000000000e+05 1.453317616610e+04 5.833744143629e+02 1.800000000000e+06 8.760729526011e+04 2.491326816000e+06 9.965289760000e+06 0.000000000000e+00 0.000000000000e+00 0.000000000000e+00 4.940648459112e-04 4.241292622168e-04 8.790524301617e-03 0.000000000000e+00 0.000000000000e+00 0.000000000000e+00 0.000000000000e+00 0.000000000000e+00 
9.130000000000e+00 8.766949386814e-04 1.166371256592e-02 -5.609061040747e-04 1.195095447372e+05 9.891130352207e+04 1.000000000000e+05 1.452185571218e+04 5.820280649886e+02 1.800000000000e+06 8.987106257338e+04 2.491326816000e+06 9.965289760000e+06 0.000000000000e+00 0.000000000000e+00 0.000000000000e+00 5.068314522251e-04 4.254399202542e-04 9.017711191104e-03 0.000000000000e+00 0.000000000000e+00 0.000000000000e+00 0.000000000000e+00 0.000000000000e+00 
9.135000000000e+00 8.796009876486e-04 1.177971004277e-02 -5.987956335755e-04 1.219550836559e+05 1.000743044073e+05 1.000000000000e+05 1.450974248901e+04 5.805859707781e+02 1.800000000000e+06 9.205002785596e+04 2.491326816000e+06 9.965289760000e+06 0.000000000000e+00 0.000000000000e+00 0.000000000000e+00 5.191198140948e-04 4.268501591572e-04 9.236397755224e-03 0.000000000000e+00 0.000000000000e+00 0.000000000000e+00 0.000000000000e+00 0.000000000000e+00 
9.140000000000e+00 8.826786842431e-04 1.185751987737e-02 -6.299825688318e-04 1.241956655438e+05 1.012955698640e+05 1.000000000000e+05 1.449698477719e+04 5.790660392229e+02 1.800000000000e+06 9.411799421402e+04 2.491326816000e+06 9.965289760000e+06 0.000000000000e+00 0.000000000000e+00 0.000000000000e+00 5.307821930898e-04 4.283436944784e-04 9.443952842607e-03 0.000000000000e+00 0.000000000000e+00 0.000000000000e+00 0.000000000000e+00 0.000000000000e+00 
9.145000000000e+00 8.858948714992e-04 1.190276059560e-02 -6.546174050279e-04 1.262265739825e+05 1.025604579648e+05 1.000000000000e+05 1.448372694509e+04 5.774857120421e+02 1.800000000000e+06 9.605578168743e+04 2.491326816000e+06 9.965289760000e+06 0.000000000000e+00 0.000000000000e+00 0.000000000000e+00 5.417104230575e-04 4.299044340460e-04 9.638449688365e-03 0.000000000000e+00 0.000000000000e+00 0.000000000000e+00 0.000000000000e+00 0.000000000000e+00 
9.150000000000e+00 8.892174905364e-04 1.192096479278e-02 -6.729834055177e-04 1.280490419919e+05 1.038551864583e+05 1.000000000000e+05 1.447010641524e+04 5.758615946627e+02 1.800000000000e+06 9.785054307300e+04 2.491326816000e+06 9.965289760000e+06 0.000000000000e+00 0.000000000000e+00 0.000000000000e+00 5.518320516819e-04 4.315168271644e-04 9.818597218387e-03 0.000000000000e+00 0.000000000000e+00 0.000000000000e+00 0.000000000000e+00 0.000000000000e+00 
9.155000000000e+00 8.926162096597e-04 1.191732295169e-02 -6.854637554466e-04 1.296690043450e+05 1.051670873395e+05 1.000000000000e+05 1.445625109413e+04 5.742091400818e+02 1.800000000000e+06 9.949502558847e+04 2.491326816000e+06 9.965289760000e+06 0.000000000000e+00 0.000000000000e+00 0.000000000000e+00 5.611061766072e-04 4.331661475029e-04 9.983666007769e-03 0.000000000000e+00 0.000000000000e+00 0.000000000000e+00 0.000000000000e+00 0.000000000000e+00 
9.160000000000e+00 8.960627720501e-04 1.189652171257e-02 -6.925072096570e-04 1.310957320996e+05 1.064847258984e+05 1.000000000000e+05 1.444227808688e+04 5.725424884239e+02 1.800000000000e+06 1.009866996141e+05 2.491326816000e+06 9.965289760000e+06 0.000000000000e+00 0.000000000000e+00 0.000000000000e+00 5.695185319418e-04 4.348386850802e-04 1.013340086879e-02 0.000000000000e+00 0.000000000000e+00 0.000000000000e+00 0.000000000000e+00 0.000000000000e+00 
9.165000000000e+00 8.995312933113e-04 1.186270967081e-02 -6.946061752326e-04 1.323409417417e+05 1.077979812801e+05 1.000000000000e+05 1.442829269200e+04 5.708743444905e+02 1.800000000000e+06 1.023269045306e+05 2.491326816000e+06 9.965289760000e+06 0.000000000000e+00 0.000000000000e+00 0.000000000000e+00 5.770766711766e-04 4.365218787932e-04 1.026793512219e-02 0.000000000000e+00 0.000000000000e+00 0.000000000000e+00 0.000000000000e+00 0.000000000000e+00 
9.170000000000e+00 9.029983799081e-04 1.181926355344e-02 -6.922606779433e-04 1.334173929383e+05 1.090980448475e+05 1.000000000000e+05 1.441438821840e+04 5.692159518874e+02 1.800000000000e+06 1.035199827213e+05 2.491326816000e+06 9.965289760000e+06 0.000000000000e+00 0.000000000000e+00 0.000000000000e+00 5.838050833559e-04 4.382043762961e-04 1.038770372410e-02 0.000000000000e+00 0.000000000000e+00 0.000000000000e+00 0.000000000000e+00 0.000000000000e+00 
9.175000000000e+00 9.064431288942e-04 1.176913741895e-02 -6.859734544347e-04 1.343386008680e+05 1.103773663201e+05 1.000000000000e+05 1.440064626493e+04 5.675771297515e+02 1.800000000000e+06 1.045724583828e+05 2.491326816000e+06 9.965289760000e+06 0.000000000000e+00 0.000000000000e+00 0.000000000000e+00 5.897405619484e-04 4.398760338692e-04 1.049336077289e-02 0.000000000000e+00 0.000000000000e+00 0.000000000000e+00 0.000000000000e+00 0.000000000000e+00 
9.180000000000e+00 9.098471228348e-04 1.171490337579e-02 -6.762622065988e-04 1.351191722886e+05 1.116295950515e+05 1.000000000000e+05 1.438713700815e+04 5.659663143500e+02 1.800000000000e+06 1.054925287208e+05 2.491326816000e+06 9.965289760000e+06 0.000000000000e+00 0.000000000000e+00 0.000000000000e+00 5.949293354221e-04 4.415279139534e-04 1.058572839304e-02 0.000000000000e+00 0.000000000000e+00 0.000000000000e+00 0.000000000000e+00 0.000000000000e+00 
9.185000000000e+00 9.131945389214e-04 1.165820781973e-02 -6.635927954223e-04 1.357724548607e+05 1.128495619181e+05 1.000000000000e+05 1.437391918446e+04 5.643905480645e+02 1.800000000000e+06 1.062893988036e+05 2.491326816000e+06 9.965289760000e+06 0.000000000000e+00 0.000000000000e+00 0.000000000000e+00 5.994233161289e-04 4.431523381022e-04 1.066573012529e-02 0.000000000000e+00 0.000000000000e+00 0.000000000000e+00 0.000000000000e+00 0.000000000000e+00 
9.190000000000e+00 9.164716737002e-04 1.159977055762e-02 -6.483486064614e-04 1.363093332290e+05 1.140330498198e+05 1.000000000000e+05 1.436104231309e+04 5.628557427467e+02 1.800000000000e+06 1.069723998510e+05 2.491326816000e+06 9.965289760000e+06 0.000000000000e+00 0.000000000000e+00 0.000000000000e+00 6.032751278560e-04 4.447426563428e-04 1.073430242697e-02 0.000000000000e+00 0.000000000000e+00 0.000000000000e+00 0.000000000000e+00 0.000000000000e+00 
9.195000000000e+00 9.196665024337e-04 1.153947571139e-02 -6.308263738801e-04 1.367379906515e+05 1.151765878860e+05 1.000000000000e+05 1.434854867899e+04 5.613669191344e+02 1.800000000000e+06 1.075502302177e+05 2.491326816000e+06 9.965289760000e+06 0.000000000000e+00 0.000000000000e+00 0.000000000000e+00 6.065338253220e-04 4.462930333439e-04 1.079231845769e-02 0.000000000000e+00 0.000000000000e+00 0.000000000000e+00 0.000000000000e+00 0.000000000000e+00 
9.200000000000e+00 9.227682800065e-04 1.147674849439e-02 -6.112522463882e-04 1.370643852342e+05 1.162772709111e+05 1.000000000000e+05 1.433647506509e+04 5.599284197110e+02 1.800000000000e+06 1.080304665106e+05 2.491326816000e+06 9.965289760000e+06 0.000000000000e+00 0.000000000000e+00 0.000000000000e+00 6.092421371049e-04 4.477982547450e-04 1.084053890350e-02 0.000000000000e+00 0.000000000000e+00 0.000000000000e+00 0.000000000000e+00 0.000000000000e+00 
9.205000000000e+00 9.257673048103e-04 1.141119280402e-02 -5.898295905468e-04 1.372938394376e+05 1.173326452059e+05 1.000000000000e+05 1.432485375127e+04 5.585440399916e+02 1.800000000000e+06 1.084195434466e+05 2.491326816000e+06 9.965289760000e+06 0.000000000000e+00 0.000000000000e+00 0.000000000000e+00 6.114363520490e-04 4.492536125750e-04 1.087960978086e-02 0.000000000000e+00 0.000000000000e+00 0.000000000000e+00 0.000000000000e+00 0.000000000000e+00 
9.210000000000e+00 9.286549079719e-04 1.134285776963e-02 -5.667697259464e-04 1.374320809988e+05 1.183406787068e+05 1.000000000000e+05 1.431371264336e+04 5.572170523847e+02 1.800000000000e+06 1.087231599137e+05 2.491326816000e+06 9.965289760000e+06 0.000000000000e+00 0.000000000000e+00 0.000000000000e+00 6.131486092594e-04 4.506549000250e-04 1.091010312341e-02 0.000000000000e+00 0.000000000000e+00 0.000000000000e+00 0.000000000000e+00 0.000000000000e+00 
9.215000000000e+00 9.314235507135e-04 1.127232140991e-02 -5.423113345734e-04 1.374859125133e+05 1.192997703478e+05 1.000000000000e+05 1.430307499745e+04 5.559501794380e+02 1.800000000000e+06 1.089467687356e+05 2.491326816000e+06 9.965289760000e+06 0.000000000000e+00 0.000000000000e+00 0.000000000000e+00 6.144096601551e-04 4.519984586950e-04 1.093256612032e-02 0.000000000000e+00 0.000000000000e+00 0.000000000000e+00 0.000000000000e+00 0.000000000000e+00 
9.220000000000e+00 9.340667957829e-04 1.119951838808e-02 -5.166297416712e-04 1.374601517383e+05 1.202087167628e+05 1.000000000000e+05 1.429295981228e+04 5.547456241694e+02 1.800000000000e+06 1.090956981039e+05 2.491326816000e+06 9.965289760000e+06 0.000000000000e+00 0.000000000000e+00 0.000000000000e+00 6.152495532847e-04 4.532811647304e-04 1.094753362374e-02 0.000000000000e+00 0.000000000000e+00 0.000000000000e+00 0.000000000000e+00 0.000000000000e+00 
9.225000000000e+00 9.365786740672e-04 1.112413688790e-02 -4.898610892665e-04 1.373582832750e+05 1.210664758018e+05 1.000000000000e+05 1.428338432490e+04 5.536053726252e+02 1.800000000000e+06 1.091741808486e+05 2.491326816000e+06 9.965289760000e+06 0.000000000000e+00 0.000000000000e+00 0.000000000000e+00 6.156921598627e-04 4.545001214542e-04 1.095543060152e-02 0.000000000000e+00 0.000000000000e+00 0.000000000000e+00 0.000000000000e+00 0.000000000000e+00 
9.230000000000e+00 9.389545016910e-04 1.104700968909e-02 -4.622299368050e-04 1.371869715061e+05 1.218724310573e+05 1.000000000000e+05 1.427436074840e+04 5.525308338978e+02 1.800000000000e+06 1.091869678114e+05 2.491326816000e+06 9.965289760000e+06 0.000000000000e+00 0.000000000000e+00 0.000000000000e+00 6.157642724508e-04 4.556530558863e-04 1.095673371154e-02 0.000000000000e+00 0.000000000000e+00 0.000000000000e+00 0.000000000000e+00 0.000000000000e+00 
9.235000000000e+00 9.411901961211e-04 1.096807880138e-02 -4.338756180158e-04 1.369500624803e+05 1.226261428508e+05 1.000000000000e+05 1.426589927136e+04 5.515231623096e+02 1.800000000000e+06 1.091379814729e+05 2.491326816000e+06 9.965289760000e+06 0.000000000000e+00 0.000000000000e+00 0.000000000000e+00 6.154880120355e-04 4.567379868656e-04 1.095183670463e-02 0.000000000000e+00 0.000000000000e+00 0.000000000000e+00 0.000000000000e+00 0.000000000000e+00 
9.240000000000e+00 9.432830636277e-04 1.088949116471e-02 -4.051226872143e-04 1.366577881248e+05 1.233276014360e+05 1.000000000000e+05 1.425800467940e+04 5.505829119131e+02 1.800000000000e+06 1.090321505848e+05 2.491326816000e+06 9.965289760000e+06 0.000000000000e+00 0.000000000000e+00 0.000000000000e+00 6.148911745091e-04 4.577536071866e-04 1.094123373465e-02 0.000000000000e+00 0.000000000000e+00 0.000000000000e+00 0.000000000000e+00 0.000000000000e+00 
9.245000000000e+00 9.452314510909e-04 1.081068032958e-02 -3.760840167030e-04 1.363135498793e+05 1.239770956022e+05 1.000000000000e+05 1.425067842412e+04 5.497102041892e+02 1.800000000000e+06 1.088745137974e+05 2.491326816000e+06 9.965289760000e+06 0.000000000000e+00 0.000000000000e+00 0.000000000000e+00 6.140021755409e-04 4.586991146296e-04 1.092543072654e-02 0.000000000000e+00 0.000000000000e+00 0.000000000000e+00 0.000000000000e+00 0.000000000000e+00 
9.250000000000e+00 9.470342719876e-04 1.073188818552e-02 -3.469141150967e-04 1.359221789795e+05 1.245750458786e+05 1.000000000000e+05 1.424392004505e+04 5.489049472661e+02 1.800000000000e+06 1.086692894232e+05 2.491326816000e+06 9.965289760000e+06 0.000000000000e+00 0.000000000000e+00 0.000000000000e+00 6.128448044737e-04 4.595739819330e-04 1.090485104253e-02 0.000000000000e+00 0.000000000000e+00 0.000000000000e+00 0.000000000000e+00 0.000000000000e+00 
9.255000000000e+00 9.486915261243e-04 1.065461979534e-02 -3.178695811885e-04 1.354920615836e+05 1.251221713364e+05 1.000000000000e+05 1.423772514253e+04 5.481666082948e+02 1.800000000000e+06 1.084211638602e+05 2.491326816000e+06 9.965289760000e+06 0.000000000000e+00 0.000000000000e+00 0.000000000000e+00 6.114454904364e-04 4.603782090076e-04 1.087996468425e-02 0.000000000000e+00 0.000000000000e+00 0.000000000000e+00 0.000000000000e+00 0.000000000000e+00 
9.260000000000e+00 9.502045857514e-04 1.058049954984e-02 -2.892340515213e-04 1.350327587409e+05 1.256195766383e+05 1.000000000000e+05 1.423208446968e+04 5.474940918574e+02 1.800000000000e+06 1.081357372418e+05 2.491326816000e+06 9.965289760000e+06 0.000000000000e+00 0.000000000000e+00 0.000000000000e+00 6.098358156044e-04 4.611124617808e-04 1.085133333910e-02 0.000000000000e+00 0.000000000000e+00 0.000000000000e+00 0.000000000000e+00 0.000000000000e+00 
9.265000000000e+00 9.515762675518e-04 1.051113552686e-02 -2.613048423432e-04 1.345546078639e+05 1.260687690734e+05 1.000000000000e+05 1.422698372362e+04 5.468857132567e+02 1.800000000000e+06 1.078194222393e+05 2.491326816000e+06 9.965289760000e+06 0.000000000000e+00 0.000000000000e+00 0.000000000000e+00 6.080519444955e-04 4.617781071310e-04 1.081960025954e-02 0.000000000000e+00 0.000000000000e+00 0.000000000000e+00 0.000000000000e+00 0.000000000000e+00 
9.270000000000e+00 9.528109352428e-04 1.044818783316e-02 -2.343962551208e-04 1.340688828910e+05 1.264716875734e+05 1.000000000000e+05 1.422240318291e+04 5.463391567469e+02 1.800000000000e+06 1.074794428281e+05 2.491326816000e+06 9.965289760000e+06 0.000000000000e+00 0.000000000000e+00 0.000000000000e+00 6.061346170066e-04 4.623772626769e-04 1.078549012024e-02 0.000000000000e+00 0.000000000000e+00 0.000000000000e+00 0.000000000000e+00 0.000000000000e+00 
9.275000000000e+00 9.539144842030e-04 1.039309605650e-02 -2.088089245495e-04 1.335868192671e+05 1.268306952313e+05 1.000000000000e+05 1.421831783114e+04 5.458514844612e+02 1.800000000000e+06 1.071236525468e+05 2.491326816000e+06 9.965289760000e+06 0.000000000000e+00 0.000000000000e+00 0.000000000000e+00 6.041281234836e-04 4.629127893173e-04 1.074979084900e-02 0.000000000000e+00 0.000000000000e+00 0.000000000000e+00 0.000000000000e+00 0.000000000000e+00 
9.280000000000e+00 9.548942742355e-04 1.034697686308e-02 -1.848171899491e-04 1.331192148341e+05 1.271485574421e+05 1.000000000000e+05 1.421469763016e+04 5.454191663550e+02 1.800000000000e+06 1.067602369512e+05 2.491326816000e+06 9.965289760000e+06 0.000000000000e+00 0.000000000000e+00 0.000000000000e+00 6.020786266957e-04 4.633882586017e-04 1.071332381690e-02 0.000000000000e+00 0.000000000000e+00 0.000000000000e+00 0.000000000000e+00 0.000000000000e+00 
9.285000000000e+00 9.557588588279e-04 1.031020488166e-02 -1.626291225552e-04 1.326750844874e+05 1.274283565745e+05 1.000000000000e+05 1.421150858345e+04 5.450381979885e+02 1.800000000000e+06 1.063972974396e+05 2.491326816000e+06 9.965289760000e+06 0.000000000000e+00 0.000000000000e+00 0.000000000000e+00 6.000318148026e-04 4.638078213464e-04 1.067690208145e-02 0.000000000000e+00 0.000000000000e+00 0.000000000000e+00 0.000000000000e+00 0.000000000000e+00 
9.290000000000e+00 9.565176560164e-04 1.028273924130e-02 -1.423907698219e-04 1.322617249532e+05 1.276733904267e+05 1.000000000000e+05 1.420871392937e+04 5.447042419877e+02 1.800000000000e+06 1.060423858347e+05 2.491326816000e+06 9.965289760000e+06 0.000000000000e+00 0.000000000000e+00 0.000000000000e+00 5.980302766103e-04 4.641760479117e-04 1.064128368890e-02 0.000000000000e+00 0.000000000000e+00 0.000000000000e+00 0.000000000000e+00 0.000000000000e+00 
9.295000000000e+00 9.571806219007e-04 1.026399903344e-02 -1.241723511517e-04 1.318841897604e+05 1.278870735026e+05 1.000000000000e+05 1.420627534298e+04 5.444127668220e+02 1.800000000000e+06 1.057021192432e+05 2.491326816000e+06 9.965289760000e+06 0.000000000000e+00 0.000000000000e+00 0.000000000000e+00 5.961113295567e-04 4.644977697667e-04 1.060713300803e-02 0.000000000000e+00 0.000000000000e+00 0.000000000000e+00 0.000000000000e+00 0.000000000000e+00 
9.300000000000e+00 9.577578762163e-04 1.025307781864e-02 -1.079782243289e-04 1.315455083133e+05 1.280728239984e+05 1.000000000000e+05 1.420415427085e+04 5.441592057518e+02 1.800000000000e+06 1.053818805993e+05 2.491326816000e+06 9.965289760000e+06 0.000000000000e+00 0.000000000000e+00 0.000000000000e+00 5.943053309152e-04 4.647779022962e-04 1.057499061615e-02 0.000000000000e+00 0.000000000000e+00 0.000000000000e+00 0.000000000000e+00 0.000000000000e+00 
9.305000000000e+00 9.582594251828e-04 1.024881641017e-02 -9.375146843249e-05 1.312467538022e+05 1.282339825975e+05 1.000000000000e+05 1.420231291003e+04 5.439390726365e+02 1.800000000000e+06 1.050857123741e+05 2.491326816000e+06 9.965289760000e+06 0.000000000000e+00 0.000000000000e+00 0.000000000000e+00 5.926350783621e-04 4.650212924915e-04 1.054526259712e-02 0.000000000000e+00 0.000000000000e+00 0.000000000000e+00 0.000000000000e+00 0.000000000000e+00 
9.310000000000e+00 9.586948386720e-04 1.024995405852e-02 -8.138969871788e-05 1.309874515502e+05 1.283737163948e+05 1.000000000000e+05 1.420071533954e+04 5.437480979126e+02 1.800000000000e+06 1.048162956060e+05 2.491326816000e+06 9.965289760000e+06 0.000000000000e+00 0.000000000000e+00 0.000000000000e+00 5.911156917219e-04 4.652325886585e-04 1.051821840865e-02 0.000000000000e+00 0.000000000000e+00 0.000000000000e+00 0.000000000000e+00 0.000000000000e+00 
9.315000000000e+00 9.590730846037e-04 1.025524110545e-02 -7.075585465860e-05 1.307658703594e+05 1.284949727726e+05 1.000000000000e+05 1.419932807892e+04 5.435822959750e+02 1.800000000000e+06 1.045750284663e+05 2.491326816000e+06 9.965289760000e+06 0.000000000000e+00 0.000000000000e+00 0.000000000000e+00 5.897550560368e-04 4.654161427227e-04 1.049399873374e-02 0.000000000000e+00 0.000000000000e+00 0.000000000000e+00 0.000000000000e+00 0.000000000000e+00 
9.320000000000e+00 9.594023838615e-04 1.026350264551e-02 -6.169043752600e-05 1.305793641533e+05 1.286004389354e+05 1.000000000000e+05 1.419812057327e+04 5.434380242422e+02 1.800000000000e+06 1.043621849177e+05 2.491326816000e+06 9.965289760000e+06 0.000000000000e+00 0.000000000000e+00 0.000000000000e+00 5.885547163309e-04 4.655759440901e-04 1.047263138867e-02 0.000000000000e+00 0.000000000000e+00 0.000000000000e+00 0.000000000000e+00 0.000000000000e+00 
9.325000000000e+00 9.596901337607e-04 1.027372296058e-02 -5.402548068832e-05 1.304247893953e+05 1.286925224554e+05 1.000000000000e+05 1.419706542640e+04 5.433120128908e+02 1.800000000000e+06 1.041771139508e+05 2.491326816000e+06 9.965289760000e+06 0.000000000000e+00 0.000000000000e+00 0.000000000000e+00 5.875110012100e-04 4.657155825079e-04 1.045405129961e-02 0.000000000000e+00 0.000000000000e+00 0.000000000000e+00 0.000000000000e+00 0.000000000000e+00 
9.330000000000e+00 9.599428929457e-04 1.028507857321e-02 -4.759422099487e-05 1.302988035865e+05 1.287733505253e+05 1.000000000000e+05 1.419613841841e+04 5.432013683985e+02 1.800000000000e+06 1.040184761077e+05 2.491326816000e+06 9.965289760000e+06 0.000000000000e+00 0.000000000000e+00 0.000000000000e+00 5.866163567486e-04 4.658382407358e-04 1.043812423518e-02 0.000000000000e+00 0.000000000000e+00 0.000000000000e+00 0.000000000000e+00 0.000000000000e+00 
9.335000000000e+00 9.601663949199e-04 1.029688788175e-02 -4.223340494751e-05 1.301979372307e+05 1.288447774966e+05 1.000000000000e+05 1.419531843391e+04 5.431035652067e+02 1.800000000000e+06 1.038844427686e+05 2.491326816000e+06 9.965289760000e+06 0.000000000000e+00 0.000000000000e+00 0.000000000000e+00 5.858604703710e-04 4.659467011111e-04 1.042466682425e-02 0.000000000000e+00 0.000000000000e+00 0.000000000000e+00 0.000000000000e+00 0.000000000000e+00 
9.340000000000e+00 9.603655689017e-04 1.030855740974e-02 -3.778308425869e-05 1.301185887599e+05 1.289083940305e+05 1.000000000000e+05 1.419458737115e+04 5.430164347224e+02 1.800000000000e+06 1.037728419166e+05 2.491326816000e+06 9.965289760000e+06 0.000000000000e+00 0.000000000000e+00 0.000000000000e+00 5.852310929026e-04 4.660433556704e-04 1.041346120244e-02 0.000000000000e+00 0.000000000000e+00 0.000000000000e+00 0.000000000000e+00 0.000000000000e+00 
9.345000000000e+00 9.605445461988e-04 1.031953284737e-02 -3.408508865445e-05 1.300569736054e+05 1.289655310461e+05 1.000000000000e+05 1.419393011035e+04 5.429381610910e+02 1.800000000000e+06 1.036812247139e+05 2.491326816000e+06 9.965289760000e+06 0.000000000000e+00 0.000000000000e+00 0.000000000000e+00 5.847144140228e-04 4.661302092425e-04 1.040426170886e-02 0.000000000000e+00 0.000000000000e+00 0.000000000000e+00 0.000000000000e+00 0.000000000000e+00 
9.350000000000e+00 9.607066895260e-04 1.032933998790e-02 -3.098987175921e-05 1.300093496005e+05 1.290172705491e+05 1.000000000000e+05 1.419333438565e+04 5.428672672665e+02 1.800000000000e+06 1.036069441074e+05 2.491326816000e+06 9.965289760000e+06 0.000000000000e+00 0.000000000000e+00 0.000000000000e+00 5.842955055714e-04 4.662088936755e-04 1.039680276417e-02 0.000000000000e+00 0.000000000000e+00 0.000000000000e+00 0.000000000000e+00 0.000000000000e+00 
9.355000000000e+00 9.608546381824e-04 1.033758152208e-02 -2.835617788312e-05 1.299720180975e+05 1.290644611660e+05 1.000000000000e+05 1.419279061208e+04 5.428025944163e+02 1.800000000000e+06 1.035472488049e+05 2.491326816000e+06 9.965289760000e+06 0.000000000000e+00 0.000000000000e+00 0.000000000000e+00 5.839588515253e-04 4.662806897608e-04 1.039080830539e-02 0.000000000000e+00 0.000000000000e+00 0.000000000000e+00 0.000000000000e+00 0.000000000000e+00 
9.360000000000e+00 9.609903386565e-04 1.034387127696e-02 -2.604894591408e-05 1.299412647214e+05 1.291077287549e+05 1.000000000000e+05 1.419229177090e+04 5.427432879030e+02 1.800000000000e+06 1.034993162940e+05 2.491326816000e+06 9.965289760000e+06 0.000000000000e+00 0.000000000000e+00 0.000000000000e+00 5.836885342128e-04 4.663465420845e-04 1.038599511581e-02 0.000000000000e+00 0.000000000000e+00 0.000000000000e+00 0.000000000000e+00 0.000000000000e+00 
9.365000000000e+00 9.611151134333e-04 1.034804137355e-02 -2.395687350970e-05 1.299139417994e+05 1.291474989931e+05 1.000000000000e+05 1.419183312254e+04 5.426887667234e+02 1.800000000000e+06 1.034603355546e+05 2.491326816000e+06 9.965289760000e+06 0.000000000000e+00 0.000000000000e+00 0.000000000000e+00 5.834687007736e-04 4.664070924182e-04 1.038208107463e-02 0.000000000000e+00 0.000000000000e+00 0.000000000000e+00 0.000000000000e+00 0.000000000000e+00 
9.370000000000e+00 9.612297922858e-04 1.035001472941e-02 -2.198511272182e-05 1.298872748702e+05 1.291840396964e+05 1.000000000000e+05 1.419141172974e+04 5.426386657839e+02 1.800000000000e+06 1.034276986978e+05 2.491326816000e+06 9.965289760000e+06 0.000000000000e+00 0.000000000000e+00 0.000000000000e+00 5.832846439140e-04 4.664627434317e-04 1.037880442803e-02 0.000000000000e+00 0.000000000000e+00 0.000000000000e+00 0.000000000000e+00 0.000000000000e+00 
9.375000000000e+00 9.613347094025e-04 1.034952711820e-02 -2.003237127028e-05 1.298581284125e+05 1.292174602413e+05 1.000000000000e+05 1.419102650349e+04 5.425928369008e+02 1.800000000000e+06 1.033988765097e+05 2.491326816000e+06 9.965289760000e+06 0.000000000000e+00 0.000000000000e+00 0.000000000000e+00 5.831221000313e-04 4.665136572990e-04 1.037591136911e-02 0.000000000000e+00 0.000000000000e+00 0.000000000000e+00 0.000000000000e+00 0.000000000000e+00 
9.380000000000e+00 9.614296666304e-04 1.034612177897e-02 -1.798437792333e-05 1.298227848968e+05 1.292477001296e+05 1.000000000000e+05 1.419067834820e+04 5.425513646499e+02 1.800000000000e+06 1.033712840612e+05 2.491326816000e+06 9.965289760000e+06 0.000000000000e+00 0.000000000000e+00 0.000000000000e+00 5.829664913143e-04 4.665597378610e-04 1.037314255470e-02 0.000000000000e+00 0.000000000000e+00 0.000000000000e+00 0.000000000000e+00 0.000000000000e+00 
9.385000000000e+00 9.615138509813e-04 1.033913121606e-02 -1.570964610645e-05 1.297767828554e+05 1.292745029464e+05 1.000000000000e+05 1.419037047267e+04 5.425146022227e+02 1.800000000000e+06 1.033420908142e+05 2.491326816000e+06 9.965289760000e+06 0.000000000000e+00 0.000000000000e+00 0.000000000000e+00 5.828018548306e-04 4.666005905932e-04 1.037021404216e-02 0.000000000000e+00 0.000000000000e+00 0.000000000000e+00 0.000000000000e+00 0.000000000000e+00 
9.390000000000e+00 9.615857323864e-04 1.032764765790e-02 -1.305288493566e-05 1.297146732582e+05 1.292973839900e+05 1.000000000000e+05 1.419010877814e+04 5.424832159376e+02 1.800000000000e+06 1.033080754005e+05 2.491326816000e+06 9.965289760000e+06 0.000000000000e+00 0.000000000000e+00 0.000000000000e+00 5.826100235441e-04 4.666354729884e-04 1.036680272356e-02 0.000000000000e+00 0.000000000000e+00 0.000000000000e+00 0.000000000000e+00 0.000000000000e+00 
9.395000000000e+00 9.616428859761e-04 1.031023356260e-02 -9.804492191780e-06 1.296289868779e+05 1.293155738158e+05 1.000000000000e+05 1.418990256501e+04 5.424582627526e+02 1.800000000000e+06 1.032653729443e+05 2.491326816000e+06 9.965289760000e+06 0.000000000000e+00 0.000000000000e+00 0.000000000000e+00 5.823692013345e-04 4.666632083129e-04 1.036252104353e-02 0.000000000000e+00 0.000000000000e+00 0.000000000000e+00 0.000000000000e+00 0.000000000000e+00 
9.400000000000e+00 9.616815253405e-04 1.028410669778e-02 -5.620328804385e-06 1.295075198338e+05 1.293278697035e+05 1.000000000000e+05 1.418976639021e+04 5.424413940338e+02 1.800000000000e+06 1.032087638522e+05 2.491326816000e+06 9.965289760000e+06 0.000000000000e+00 0.000000000000e+00 0.000000000000e+00 5.820499520948e-04 4.666819591091e-04 1.035684583051e-02 0.000000000000e+00 0.000000000000e+00 0.000000000000e+00 0.000000000000e+00 0.000000000000e+00 
9.405000000000e+00 9.616955968862e-04 1.024448245064e-02 6.075560974792e-08 1.293304052926e+05 1.293323472633e+05 1.000000000000e+05 1.418972355359e+04 5.424352510802e+02 1.800000000000e+06 1.031303621162e+05 2.491326816000e+06 9.965289760000e+06 0.000000000000e+00 0.000000000000e+00 0.000000000000e+00 5.816078023689e-04 4.666887877070e-04 1.034898681066e-02 0.000000000000e+00 0.000000000000e+00 0.000000000000e+00 0.000000000000e+00 0.000000000000e+00 
9.410000000000e+00 9.616772030970e-04 1.018482334062e-02 7.674605875346e-06 1.290811789283e+05 1.293264943340e+05 1.000000000000e+05 1.418980398056e+04 5.424432809407e+02 1.800000000000e+06 1.030181206522e+05 2.491326816000e+06 9.965289760000e+06 0.000000000000e+00 0.000000000000e+00 0.000000000000e+00 5.809748121426e-04 4.666798616235e-04 1.033773656514e-02 0.000000000000e+00 0.000000000000e+00 0.000000000000e+00 0.000000000000e+00 0.000000000000e+00 
9.415000000000e+00 9.616153939947e-04 1.009722005448e-02 1.843417054063e-05 1.287175275256e+05 1.293068245018e+05 1.000000000000e+05 1.419005017167e+04 5.424702654572e+02 1.800000000000e+06 1.028549596010e+05 2.491326816000e+06 9.965289760000e+06 0.000000000000e+00 0.000000000000e+00 0.000000000000e+00 5.800546588680e-04 4.666498670857e-04 1.032138286795e-02 0.000000000000e+00 0.000000000000e+00 0.000000000000e+00 0.000000000000e+00 0.000000000000e+00 
9.420000000000e+00 9.614911456767e-04 9.972725368709e-03 3.395830405268e-05 1.281814972073e+05 1.292672745656e+05 1.000000000000e+05 1.419053520837e+04 5.425245169475e+02 1.800000000000e+06 1.026182072119e+05 2.491326816000e+06 9.965289760000e+06 0.000000000000e+00 0.000000000000e+00 0.000000000000e+00 5.787194842999e-04 4.665895722303e-04 1.029765222604e-02 0.000000000000e+00 0.000000000000e+00 0.000000000000e+00 0.000000000000e+00 0.000000000000e+00 
9.425000000000e+00 9.612737819196e-04 9.806619455610e-03 5.537043177553e-05 1.274270475774e+05 1.291980533891e+05 1.000000000000e+05 1.419137460502e+04 5.426194498019e+02 1.800000000000e+06 1.022817115548e+05 2.491326816000e+06 9.965289760000e+06 0.000000000000e+00 0.000000000000e+00 0.000000000000e+00 5.768218035815e-04 4.664840905908e-04 1.026392087481e-02 0.000000000000e+00 0.000000000000e+00 0.000000000000e+00 0.000000000000e+00 0.000000000000e+00 
9.430000000000e+00 9.609336259617e-04 9.601881083282e-03 8.240770158264e-05 1.264524639855e+05 1.290896480174e+05 1.000000000000e+05 1.419267816463e+04 5.427680721806e+02 1.800000000000e+06 1.018204855893e+05 2.491326816000e+06 9.965289760000e+06 0.000000000000e+00 0.000000000000e+00 0.000000000000e+00 5.742207013001e-04 4.663190207161e-04 1.021767996213e-02 0.000000000000e+00 0.000000000000e+00 0.000000000000e+00 0.000000000000e+00 0.000000000000e+00 
9.435000000000e+00 9.604449267021e-04 9.371622302603e-03 1.140986254988e-04 1.252795979860e+05 1.289337316959e+05 1.000000000000e+05 1.419454038453e+04 5.429817259892e+02 1.800000000000e+06 1.012182949572e+05 2.491326816000e+06 9.965289760000e+06 0.000000000000e+00 0.000000000000e+00 0.000000000000e+00 5.708246231430e-04 4.660818661885e-04 1.015729624911e-02 0.000000000000e+00 0.000000000000e+00 0.000000000000e+00 0.000000000000e+00 0.000000000000e+00 
9.440000000000e+00 9.597903579770e-04 9.141914245401e-03 1.481736857668e-04 1.239742986845e+05 1.287245789340e+05 1.000000000000e+05 1.419702293796e+04 5.432681351812e+02 1.800000000000e+06 1.004767337628e+05 2.491326816000e+06 9.965289760000e+06 0.000000000000e+00 0.000000000000e+00 0.000000000000e+00 5.666425591245e-04 4.657642190185e-04 1.008292275594e-02 0.000000000000e+00 0.000000000000e+00 0.000000000000e+00 0.000000000000e+00 0.000000000000e+00 
9.445000000000e+00 9.589670845210e-04 8.946796080926e-03 1.811137645576e-04 1.226472235514e+05 1.284610040251e+05 1.000000000000e+05 1.420013224195e+04 5.436287512470e+02 1.800000000000e+06 9.962267923419e+04 2.491326816000e+06 9.965289760000e+06 0.000000000000e+00 0.000000000000e+00 0.000000000000e+00 5.618260844484e-04 4.653647033168e-04 9.997248098847e-03 0.000000000000e+00 0.000000000000e+00 0.000000000000e+00 0.000000000000e+00 0.000000000000e+00 
9.450000000000e+00 9.579912069629e-04 8.816960017879e-03 2.090872349293e-04 1.214258334897e+05 1.281478249648e+05 1.000000000000e+05 1.420380422833e+04 5.440567752406e+02 1.800000000000e+06 9.870830502811e+04 2.491326816000e+06 9.965289760000e+06 0.000000000000e+00 0.000000000000e+00 0.000000000000e+00 5.566694345382e-04 4.648911323491e-04 9.905500978299e-03 0.000000000000e+00 0.000000000000e+00 0.000000000000e+00 0.000000000000e+00 0.000000000000e+00 
9.455000000000e+00 9.568961804759e-04 8.767678290980e-03 2.291235644617e-04 1.204166485944e+05 1.277954402455e+05 1.000000000000e+05 1.420791163635e+04 5.445377877205e+02 1.800000000000e+06 9.780082509651e+04 2.491326816000e+06 9.965289760000e+06 0.000000000000e+00 0.000000000000e+00 0.000000000000e+00 5.515516651648e-04 4.643597369904e-04 9.814423987464e-03 0.000000000000e+00 0.000000000000e+00 0.000000000000e+00 0.000000000000e+00 0.000000000000e+00 
9.460000000000e+00 9.557259451171e-04 8.794755640160e-03 2.401055988065e-04 1.196710487128e+05 1.274177167435e+05 1.000000000000e+05 1.421229063844e+04 5.450526921417e+02 1.800000000000e+06 9.696581641474e+04 2.491326816000e+06 9.965289760000e+06 0.000000000000e+00 0.000000000000e+00 0.000000000000e+00 5.468426003036e-04 4.637918490903e-04 9.730600660153e-03 0.000000000000e+00 0.000000000000e+00 0.000000000000e+00 0.000000000000e+00 0.000000000000e+00 
9.465000000000e+00 9.545253253003e-04 8.882400785358e-03 2.423404944544e-04 1.191954306017e+05 1.270289609218e+05 1.000000000000e+05 1.421677554186e+04 5.455818865587e+02 1.800000000000e+06 9.625382523364e+04 2.491326816000e+06 9.965289760000e+06 0.000000000000e+00 0.000000000000e+00 0.000000000000e+00 5.428272975581e-04 4.632092162791e-04 9.659109114861e-03 0.000000000000e+00 0.000000000000e+00 0.000000000000e+00 0.000000000000e+00 0.000000000000e+00 
9.470000000000e+00 9.533344153336e-04 9.008807210849e-03 2.371835029533e-04 1.189609144875e+05 1.266421183955e+05 1.000000000000e+05 1.422121905556e+04 5.461077254097e+02 1.800000000000e+06 9.569514768938e+04 2.491326816000e+06 9.965289760000e+06 0.000000000000e+00 0.000000000000e+00 0.000000000000e+00 5.396766132001e-04 4.626312953920e-04 9.602996389410e-03 0.000000000000e+00 0.000000000000e+00 0.000000000000e+00 0.000000000000e+00 0.000000000000e+00 
9.475000000000e+00 9.521840124211e-04 9.145558349532e-03 2.268666624119e-04 1.189068538854e+05 1.262672650668e+05 1.000000000000e+05 1.422550924852e+04 5.466165553955e+02 1.800000000000e+06 9.529573561797e+04 2.491326816000e+06 9.965289760000e+06 0.000000000000e+00 0.000000000000e+00 0.000000000000e+00 5.374241128469e-04 4.620730316011e-04 9.562867579393e-03 0.000000000000e+00 0.000000000000e+00 0.000000000000e+00 0.000000000000e+00 0.000000000000e+00 
9.480000000000e+00 9.510945923476e-04 9.276582206990e-03 2.132502021538e-04 1.189806872091e+05 1.259112197221e+05 1.000000000000e+05 1.422957164823e+04 5.470992090223e+02 1.800000000000e+06 9.504230770250e+04 2.491326816000e+06 9.965289760000e+06 0.000000000000e+00 0.000000000000e+00 0.000000000000e+00 5.359948959805e-04 4.615443613354e-04 9.537393911822e-03 0.000000000000e+00 0.000000000000e+00 0.000000000000e+00 0.000000000000e+00 0.000000000000e+00 
9.485000000000e+00 9.500779203165e-04 9.390310034456e-03 1.980527058382e-04 1.191310582692e+05 1.255780136523e+05 1.000000000000e+05 1.423336389808e+04 5.475503336891e+02 1.800000000000e+06 9.491187326392e+04 2.491326816000e+06 9.965289760000e+06 0.000000000000e+00 0.000000000000e+00 0.000000000000e+00 5.352593057468e-04 4.610509939823e-04 9.524270767815e-03 0.000000000000e+00 0.000000000000e+00 0.000000000000e+00 0.000000000000e+00 0.000000000000e+00 
9.490000000000e+00 9.491381388350e-04 9.480967192248e-03 1.825990417002e-04 1.193164587197e+05 1.252692009804e+05 1.000000000000e+05 1.423687151371e+04 5.479679436340e+02 1.800000000000e+06 9.487618977393e+04 2.491326816000e+06 9.965289760000e+06 0.000000000000e+00 0.000000000000e+00 0.000000000000e+00 5.350580672776e-04 4.605949398108e-04 9.520664794649e-03 0.000000000000e+00 0.000000000000e+00 0.000000000000e+00 0.000000000000e+00 0.000000000000e+00 
9.495000000000e+00 9.482740220940e-04 9.547694189383e-03 1.677734806965e-04 1.195076598607e+05 1.249845654813e+05 1.000000000000e+05 1.424009951445e+04 5.483524435701e+02 1.800000000000e+06 9.490701040471e+04 2.491326816000e+06 9.965289760000e+06 0.000000000000e+00 0.000000000000e+00 0.000000000000e+00 5.352318814578e-04 4.601756039695e-04 9.523740869813e-03 0.000000000000e+00 0.000000000000e+00 0.000000000000e+00 0.000000000000e+00 0.000000000000e+00 
9.500000000000e+00 9.474808686662e-04 9.592405559237e-03 1.541333296494e-04 1.196847772710e+05 1.247227244332e+05 1.000000000000e+05 1.424306559071e+04 5.487058011144e+02 1.800000000000e+06 9.497929349805e+04 2.491326816000e+06 9.965289760000e+06 0.000000000000e+00 0.000000000000e+00 0.000000000000e+00 5.356395248540e-04 4.597907049690e-04 9.530984834078e-03 0.000000000000e+00 0.000000000000e+00 0.000000000000e+00 0.000000000000e+00 0.000000000000e+00 
9.505000000000e+00 9.467517369775e-04 9.617722563834e-03 1.420261253699e-04 1.198339479681e+05 1.244815271280e+05 1.000000000000e+05 1.424579569057e+04 5.490310033080e+02 1.800000000000e+06 9.507215003478e+04 2.491326816000e+06 9.965289760000e+06 0.000000000000e+00 0.000000000000e+00 0.000000000000e+00 5.361631930071e-04 4.594368742275e-04 9.540299176315e-03 0.000000000000e+00 0.000000000000e+00 0.000000000000e+00 0.000000000000e+00 0.000000000000e+00 
9.510000000000e+00 9.460787544798e-04 9.628002908086e-03 1.315071650080e-04 1.199505296296e+05 1.242584850745e+05 1.000000000000e+05 1.424831895833e+04 5.493314748015e+02 1.800000000000e+06 9.516954744825e+04 2.491326816000e+06 9.965289760000e+06 0.000000000000e+00 0.000000000000e+00 0.000000000000e+00 5.367124696163e-04 4.591102913822e-04 9.550073395862e-03 0.000000000000e+00 0.000000000000e+00 0.000000000000e+00 0.000000000000e+00 0.000000000000e+00 
9.515000000000e+00 9.454540425856e-04 9.627141983543e-03 1.225331548566e-04 1.200331193662e+05 1.240510802370e+05 1.000000000000e+05 1.425066455167e+04 5.496106635838e+02 1.800000000000e+06 9.526028591233e+04 2.491326816000e+06 9.965289760000e+06 0.000000000000e+00 0.000000000000e+00 0.000000000000e+00 5.372241928140e-04 4.588071331387e-04 9.559182211749e-03 0.000000000000e+00 0.000000000000e+00 0.000000000000e+00 0.000000000000e+00 0.000000000000e+00 
9.520000000000e+00 9.448704327713e-04 9.619306884498e-03 1.149083111739e-04 1.200855791919e+05 1.238570067961e+05 1.000000000000e+05 1.425285882307e+04 5.498717179214e+02 1.800000000000e+06 9.533766667081e+04 2.491326816000e+06 9.965289760000e+06 0.000000000000e+00 0.000000000000e+00 0.000000000000e+00 5.376605846967e-04 4.585239207796e-04 9.566952083708e-03 0.000000000000e+00 0.000000000000e+00 0.000000000000e+00 0.000000000000e+00 0.000000000000e+00 
9.525000000000e+00 9.443215876455e-04 9.606875951891e-03 1.084889652008e-04 1.201103744482e+05 1.236742162057e+05 1.000000000000e+05 1.425492517420e+04 5.501174286013e+02 1.800000000000e+06 9.539827621269e+04 2.491326816000e+06 9.965289760000e+06 0.000000000000e+00 0.000000000000e+00 0.000000000000e+00 5.380023946325e-04 4.582575789165e-04 9.573039723194e-03 0.000000000000e+00 0.000000000000e+00 0.000000000000e+00 0.000000000000e+00 0.000000000000e+00 
9.530000000000e+00 9.438018354428e-04 9.591315270366e-03 1.031490516915e-04 1.201096401636e+05 1.235008661816e+05 1.000000000000e+05 1.425688460233e+04 5.503502999442e+02 1.800000000000e+06 9.544055925494e+04 2.491326816000e+06 9.965289760000e+06 0.000000000000e+00 0.000000000000e+00 0.000000000000e+00 5.382408515406e-04 4.580053551734e-04 9.577288617757e-03 0.000000000000e+00 0.000000000000e+00 0.000000000000e+00 0.000000000000e+00 0.000000000000e+00 
9.535000000000e+00 9.433061475572e-04 9.573799018436e-03 9.875780184402e-05 1.200859016900e+05 1.233353163838e+05 1.000000000000e+05 1.425875573068e+04 5.505725574916e+02 1.800000000000e+06 9.546413112021e+04 2.491326816000e+06 9.965289760000e+06 0.000000000000e+00 0.000000000000e+00 0.000000000000e+00 5.383737860177e-04 4.577648092848e-04 9.579659836913e-03 0.000000000000e+00 0.000000000000e+00 0.000000000000e+00 0.000000000000e+00 0.000000000000e+00 
9.540000000000e+00 9.428301409458e-04 9.555244506259e-03 9.518535159542e-05 1.200418889473e+05 1.231761318708e+05 1.000000000000e+05 1.426055479389e+04 5.507861449429e+02 1.800000000000e+06 9.546953309702e+04 2.491326816000e+06 9.965289760000e+06 0.000000000000e+00 0.000000000000e+00 0.000000000000e+00 5.384042506820e-04 4.575338142615e-04 9.580207465840e-03 0.000000000000e+00 0.000000000000e+00 0.000000000000e+00 0.000000000000e+00 0.000000000000e+00 
9.545000000000e+00 9.423700108621e-04 9.536050790165e-03 9.233136496323e-05 1.199795683918e+05 1.230220628275e+05 1.000000000000e+05 1.426229592845e+04 5.509927526768e+02 1.800000000000e+06 9.545779588512e+04 2.491326816000e+06 9.965289760000e+06 0.000000000000e+00 0.000000000000e+00 0.000000000000e+00 5.383380582059e-04 4.573105237482e-04 9.579034857719e-03 0.000000000000e+00 0.000000000000e+00 0.000000000000e+00 0.000000000000e+00 0.000000000000e+00 
9.550000000000e+00 9.419223702693e-04 9.516345362551e-03 9.011915371964e-05 1.199002774929e+05 1.228719925180e+05 1.000000000000e+05 1.426399176275e+04 5.511938885698e+02 1.800000000000e+06 9.543002514469e+04 2.491326816000e+06 9.965289760000e+06 0.000000000000e+00 0.000000000000e+00 0.000000000000e+00 5.381814440045e-04 4.570932940946e-04 9.576252963691e-03 0.000000000000e+00 0.000000000000e+00 0.000000000000e+00 0.000000000000e+00 0.000000000000e+00 
9.555000000000e+00 9.414842179462e-04 9.496249941913e-03 8.847161439443e-05 1.198055042951e+05 1.227249278516e+05 1.000000000000e+05 1.426565349120e+04 5.513908913863e+02 1.800000000000e+06 9.538733446681e+04 2.491326816000e+06 9.965289760000e+06 0.000000000000e+00 0.000000000000e+00 0.000000000000e+00 5.379406882189e-04 4.568806688773e-04 9.571973535211e-03 0.000000000000e+00 0.000000000000e+00 0.000000000000e+00 0.000000000000e+00 0.000000000000e+00 
9.560000000000e+00 9.410529102610e-04 9.475861733898e-03 8.732310959583e-05 1.196964850041e+05 1.225799909534e+05 1.000000000000e+05 1.426729099542e+04 5.515849426900e+02 1.800000000000e+06 9.533081097089e+04 2.491326816000e+06 9.965289760000e+06 0.000000000000e+00 0.000000000000e+00 0.000000000000e+00 5.376219217027e-04 4.566713652031e-04 9.566305668805e-03 0.000000000000e+00 0.000000000000e+00 0.000000000000e+00 0.000000000000e+00 0.000000000000e+00 
9.565000000000e+00 9.406261094462e-04 9.455166095222e-03 8.662025630337e-05 1.195741587150e+05 1.224364026415e+05 1.000000000000e+05 1.426891303745e+04 5.517770894737e+02 1.800000000000e+06 9.526148724129e+04 2.491326816000e+06 9.965289760000e+06 0.000000000000e+00 0.000000000000e+00 0.000000000000e+00 5.372309677567e-04 4.564642486074e-04 9.559353018783e-03 0.000000000000e+00 0.000000000000e+00 0.000000000000e+00 0.000000000000e+00 0.000000000000e+00 
9.570000000000e+00 9.402017197783e-04 9.434137065566e-03 8.631609539304e-05 1.194393369073e+05 1.222934616254e+05 1.000000000000e+05 1.427052748910e+04 5.519682723926e+02 1.800000000000e+06 9.518025464967e+04 2.491326816000e+06 9.965289760000e+06 0.000000000000e+00 0.000000000000e+00 0.000000000000e+00 5.367728533070e-04 4.562583020840e-04 9.551205067937e-03 0.000000000000e+00 0.000000000000e+00 0.000000000000e+00 0.000000000000e+00 0.000000000000e+00 
9.575000000000e+00 9.397778806296e-04 9.412827237100e-03 8.636319773498e-05 1.192929283993e+05 1.221505426853e+05 1.000000000000e+05 1.427214134394e+04 5.521593285053e+02 1.800000000000e+06 9.508794478321e+04 2.491326816000e+06 9.965289760000e+06 0.000000000000e+00 0.000000000000e+00 0.000000000000e+00 5.362522681227e-04 4.560526227133e-04 9.541945276201e-03 0.000000000000e+00 0.000000000000e+00 0.000000000000e+00 0.000000000000e+00 0.000000000000e+00 
9.580000000000e+00 9.393529653092e-04 9.391315737851e-03 8.671357617479e-05 1.191359419807e+05 1.220070967501e+05 1.000000000000e+05 1.427376071897e+04 5.523509914477e+02 1.800000000000e+06 9.498535736075e+04 2.491326816000e+06 9.965289760000e+06 0.000000000000e+00 0.000000000000e+00 0.000000000000e+00 5.356737222502e-04 4.558464210997e-04 9.531653898240e-03 0.000000000000e+00 0.000000000000e+00 0.000000000000e+00 0.000000000000e+00 0.000000000000e+00 
9.585000000000e+00 9.389255915384e-04 9.369722478128e-03 8.731922660584e-05 1.189694723212e+05 1.218626548787e+05 1.000000000000e+05 1.427539081313e+04 5.525438863752e+02 1.800000000000e+06 9.487330996021e+04 2.491326816000e+06 9.965289760000e+06 0.000000000000e+00 0.000000000000e+00 0.000000000000e+00 5.350418264530e-04 4.556390264553e-04 9.520412969277e-03 0.000000000000e+00 0.000000000000e+00 0.000000000000e+00 0.000000000000e+00 0.000000000000e+00 
9.590000000000e+00 9.384945920253e-04 9.348101325243e-03 8.813961933222e-05 1.187944418089e+05 1.217168187419e+05 1.000000000000e+05 1.427703602962e+04 5.527385429258e+02 1.800000000000e+06 9.475260349791e+04 2.491326816000e+06 9.965289760000e+06 0.000000000000e+00 0.000000000000e+00 0.000000000000e+00 5.343610975306e-04 4.554298723202e-04 9.508302870121e-03 0.000000000000e+00 0.000000000000e+00 0.000000000000e+00 0.000000000000e+00 0.000000000000e+00 
9.595000000000e+00 9.380589948078e-04 9.326616385539e-03 8.913717323030e-05 1.186117434568e+05 1.215692543403e+05 1.000000000000e+05 1.427870004124e+04 5.529354038240e+02 1.800000000000e+06 9.462405526609e+04 2.491326816000e+06 9.965289760000e+06 0.000000000000e+00 0.000000000000e+00 0.000000000000e+00 5.336361446353e-04 4.552184870236e-04 9.495405597916e-03 0.000000000000e+00 0.000000000000e+00 0.000000000000e+00 0.000000000000e+00 0.000000000000e+00 
9.600000000000e+00 9.376179811510e-04 9.305329103958e-03 9.026771596241e-05 1.184225431994e+05 1.214196780582e+05 1.000000000000e+05 1.428038593332e+04 5.531348436714e+02 1.800000000000e+06 9.448849263741e+04 2.491326816000e+06 9.965289760000e+06 0.000000000000e+00 0.000000000000e+00 0.000000000000e+00 5.328716337684e-04 4.550044732524e-04 9.481804188066e-03 0.000000000000e+00 0.000000000000e+00 0.000000000000e+00 0.000000000000e+00 0.000000000000e+00 
9.605000000000e+00 9.371710207365e-04 9.284304815864e-03 9.148894536624e-05 1.182280464687e+05 1.212679028614e+05 1.000000000000e+05 1.428209569975e+04 5.533371075531e+02 1.800000000000e+06 9.434673437232e+04 2.491326816000e+06 9.965289760000e+06 0.000000000000e+00 0.000000000000e+00 0.000000000000e+00 5.320721823621e-04 4.547875736551e-04 9.467580801511e-03 0.000000000000e+00 0.000000000000e+00 0.000000000000e+00 0.000000000000e+00 0.000000000000e+00 
9.610000000000e+00 9.367177618784e-04 9.263614225102e-03 9.276900289971e-05 1.180291757616e+05 1.211138015002e+05 1.000000000000e+05 1.428383067407e+04 5.535423603601e+02 1.800000000000e+06 9.419958495715e+04 2.491326816000e+06 9.965289760000e+06 0.000000000000e+00 0.000000000000e+00 0.000000000000e+00 5.312423273492e-04 4.545676175669e-04 9.452816172847e-03 0.000000000000e+00 0.000000000000e+00 0.000000000000e+00 0.000000000000e+00 0.000000000000e+00 
9.615000000000e+00 9.362579970909e-04 9.243298836245e-03 9.408033414513e-05 1.178267622918e+05 1.209572951257e+05 1.000000000000e+05 1.428559164910e+04 5.537507021422e+02 1.800000000000e+06 9.404782135248e+04 2.491326816000e+06 9.965289760000e+06 0.000000000000e+00 0.000000000000e+00 0.000000000000e+00 5.303864504302e-04 4.543445042996e-04 9.437588281336e-03 0.000000000000e+00 0.000000000000e+00 0.000000000000e+00 0.000000000000e+00 0.000000000000e+00 
9.620000000000e+00 9.357916415656e-04 9.223375477886e-03 9.539972269160e-05 1.176215373265e+05 1.207983462352e+05 1.000000000000e+05 1.428737895782e+04 5.539621776596e+02 1.800000000000e+06 9.389217154335e+04 2.491326816000e+06 9.965289760000e+06 0.000000000000e+00 0.000000000000e+00 0.000000000000e+00 5.295086571056e-04 4.541181926976e-04 9.421970196663e-03 0.000000000000e+00 0.000000000000e+00 0.000000000000e+00 0.000000000000e+00 0.000000000000e+00 
9.625000000000e+00 9.353187138289e-04 9.203846864730e-03 9.670769371060e-05 1.174141452107e+05 1.206369523200e+05 1.000000000000e+05 1.428919254504e+04 5.541767849757e+02 1.800000000000e+06 9.373330352259e+04 2.491326816000e+06 9.965289760000e+06 0.000000000000e+00 0.000000000000e+00 0.000000000000e+00 5.286127145478e-04 4.538886917514e-04 9.406028970287e-03 0.000000000000e+00 0.000000000000e+00 0.000000000000e+00 0.000000000000e+00 0.000000000000e+00 
9.630000000000e+00 9.348393109138e-04 9.184665805162e-03 9.799170506252e-05 1.172050281922e+05 1.204731375981e+05 1.000000000000e+05 1.429103206679e+04 5.543944865712e+02 1.800000000000e+06 9.357180827227e+04 2.491326816000e+06 9.965289760000e+06 0.000000000000e+00 0.000000000000e+00 0.000000000000e+00 5.277019556238e-04 4.536560485488e-04 9.389823936935e-03 0.000000000000e+00 0.000000000000e+00 0.000000000000e+00 0.000000000000e+00 0.000000000000e+00 
9.635000000000e+00 9.343535770907e-04 9.165768897307e-03 9.924371949482e-05 1.169944959600e+05 1.203069424858e+05 1.000000000000e+05 1.429289700522e+04 5.546152234289e+02 1.800000000000e+06 9.340817235338e+04 2.491326816000e+06 9.965289760000e+06 0.000000000000e+00 0.000000000000e+00 0.000000000000e+00 5.267791243138e-04 4.534203331010e-04 9.373403954109e-03 0.000000000000e+00 0.000000000000e+00 0.000000000000e+00 0.000000000000e+00 0.000000000000e+00 
9.640000000000e+00 9.338616857860e-04 9.147082759118e-03 1.004597108974e-04 1.167827354225e+05 1.201384175115e+05 1.000000000000e+05 1.429478673656e+04 5.548389231755e+02 1.800000000000e+06 9.324278270329e+04 2.491326816000e+06 9.965289760000e+06 0.000000000000e+00 0.000000000000e+00 0.000000000000e+00 5.258464027665e-04 4.531816295677e-04 9.356807881922e-03 0.000000000000e+00 0.000000000000e+00 0.000000000000e+00 0.000000000000e+00 0.000000000000e+00 
9.645000000000e+00 9.333638181590e-04 9.128517261552e-03 1.016399655550e-04 1.165697927437e+05 1.199676160376e+05 1.000000000000e+05 1.429670061356e+04 5.550655097795e+02 1.800000000000e+06 9.307592278275e+04 2.491326816000e+06 9.965289760000e+06 0.000000000000e+00 0.000000000000e+00 0.000000000000e+00 5.249053895702e-04 4.529400258617e-04 9.340064198202e-03 0.000000000000e+00 0.000000000000e+00 0.000000000000e+00 0.000000000000e+00 0.000000000000e+00 
9.650000000000e+00 9.328601428891e-04 9.109969897047e-03 1.027886520798e-04 1.163555801296e+05 1.197945873401e+05 1.000000000000e+05 1.429863804227e+04 5.552949127400e+02 1.800000000000e+06 9.290777003874e+04 2.491326816000e+06 9.965289760000e+06 0.000000000000e+00 0.000000000000e+00 0.000000000000e+00 5.239570854443e-04 4.526956038389e-04 9.323190742711e-03 0.000000000000e+00 0.000000000000e+00 0.000000000000e+00 0.000000000000e+00 0.000000000000e+00 
9.655000000000e+00 9.323507986134e-04 9.091330899027e-03 1.039131747446e-04 1.161398907790e+05 1.196193705435e+05 1.000000000000e+05 1.430059854872e+04 5.555270751086e+02 1.800000000000e+06 9.273839737383e+04 2.491326816000e+06 9.965289760000e+06 0.000000000000e+00 0.000000000000e+00 0.000000000000e+00 5.230019015256e-04 4.524484307768e-04 9.306194863212e-03 0.000000000000e+00 0.000000000000e+00 0.000000000000e+00 0.000000000000e+00 0.000000000000e+00 
9.660000000000e+00 9.318358791471e-04 9.072485721064e-03 1.050237358247e-04 1.159224078330e+05 1.194419894636e+05 1.000000000000e+05 1.430258183536e+04 5.557619602808e+02 1.800000000000e+06 9.256777785745e+04 2.491326816000e+06 9.965289760000e+06 0.000000000000e+00 0.000000000000e+00 0.000000000000e+00 5.220396859382e-04 4.521985522019e-04 9.289073887723e-03 0.000000000000e+00 0.000000000000e+00 0.000000000000e+00 0.000000000000e+00 0.000000000000e+00 
9.665000000000e+00 9.313154220977e-04 9.053323179190e-03 1.061323078087e-04 1.157027343158e+05 1.192624485745e+05 1.000000000000e+05 1.430458782379e+04 5.559995572705e+02 1.800000000000e+06 9.239579261283e+04 2.491326816000e+06 9.965289760000e+06 0.000000000000e+00 0.000000000000e+00 0.000000000000e+00 5.210697682718e-04 4.519459863642e-04 9.271815913986e-03 0.000000000000e+00 0.000000000000e+00 0.000000000000e+00 0.000000000000e+00 0.000000000000e+00 
9.670000000000e+00 9.307894007317e-04 9.033732126492e-03 1.072525161544e-04 1.154803937723e+05 1.190807300635e+05 1.000000000000e+05 1.430661668670e+04 5.562398845263e+02 1.800000000000e+06 9.222224140358e+04 2.491326816000e+06 9.965289760000e+06 0.000000000000e+00 0.000000000000e+00 0.000000000000e+00 5.200910192851e-04 4.516907202905e-04 9.254400873045e-03 0.000000000000e+00 0.000000000000e+00 0.000000000000e+00 0.000000000000e+00 0.000000000000e+00 
9.675000000000e+00 9.302577179878e-04 9.013608918179e-03 1.083986977079e-04 1.152548593346e+05 1.188967915990e+05 1.000000000000e+05 1.430866887019e+04 5.564829927868e+02 1.800000000000e+06 9.204685246664e+04 2.491326816000e+06 9.965289760000e+06 0.000000000000e+00 0.000000000000e+00 0.000000000000e+00 5.191019063597e-04 4.514327068794e-04 9.236801514237e-03 0.000000000000e+00 0.000000000000e+00 0.000000000000e+00 0.000000000000e+00 0.000000000000e+00 
9.680000000000e+00 9.297202041422e-04 8.992858601660e-03 1.095854524111e-04 1.150255676164e+05 1.187105653398e+05 1.000000000000e+05 1.431074510311e+04 5.567289662822e+02 1.800000000000e+06 9.186929547110e+04 2.491326816000e+06 9.965289760000e+06 0.000000000000e+00 0.000000000000e+00 0.000000000000e+00 5.181005665811e-04 4.511718637677e-04 9.218984705624e-03 0.000000000000e+00 0.000000000000e+00 0.000000000000e+00 0.000000000000e+00 0.000000000000e+00 
9.685000000000e+00 9.291766178450e-04 8.971398509178e-03 1.108269245097e-04 1.147919429577e+05 1.185219581022e+05 1.000000000000e+05 1.431284639283e+04 5.569779224017e+02 1.800000000000e+06 9.168919608550e+04 2.491326816000e+06 9.965289760000e+06 0.000000000000e+00 0.000000000000e+00 0.000000000000e+00 5.170848888920e-04 4.509080738338e-04 9.200912895276e-03 0.000000000000e+00 0.000000000000e+00 0.000000000000e+00 0.000000000000e+00 0.000000000000e+00 
9.690000000000e+00 9.286266488728e-04 8.949156455642e-03 1.121365745085e-04 1.145534058635e+05 1.183308521183e+05 1.000000000000e+05 1.431497401533e+04 5.572300105763e+02 1.800000000000e+06 9.150614898939e+04 2.491326816000e+06 9.965289760000e+06 0.000000000000e+00 0.000000000000e+00 0.000000000000e+00 5.160525874716e-04 4.506411865337e-04 9.182545417832e-03 0.000000000000e+00 0.000000000000e+00 0.000000000000e+00 0.000000000000e+00 0.000000000000e+00 
9.695000000000e+00 9.280699226735e-04 8.926072584057e-03 1.135267534751e-04 1.143093887784e+05 1.181371064195e+05 1.000000000000e+05 1.431712949801e+04 5.574854103389e+02 1.800000000000e+06 9.131972993795e+04 2.491326816000e+06 9.965289760000e+06 0.000000000000e+00 0.000000000000e+00 0.000000000000e+00 5.150012697742e-04 4.503710201057e-04 9.163839705017e-03 0.000000000000e+00 0.000000000000e+00 0.000000000000e+00 0.000000000000e+00 0.000000000000e+00 
9.700000000000e+00 9.275060068843e-04 8.902099445159e-03 1.150083930257e-04 1.140593487402e+05 1.179405589141e+05 1.000000000000e+05 1.431931459493e+04 5.577443284732e+02 1.800000000000e+06 9.112950790434e+04 2.491326816000e+06 9.965289760000e+06 0.000000000000e+00 0.000000000000e+00 0.000000000000e+00 5.139285050068e-04 4.500973647342e-04 9.144752504446e-03 0.000000000000e+00 0.000000000000e+00 0.000000000000e+00 0.000000000000e+00 0.000000000000e+00 
9.705000000000e+00 9.269344190784e-04 8.877202816187e-03 1.165907255371e-04 1.138027795194e+05 1.177410289066e+05 1.000000000000e+05 1.432153125740e+04 5.580069955890e+02 1.800000000000e+06 9.093505597437e+04 2.491326816000e+06 9.965289760000e+06 0.000000000000e+00 0.000000000000e+00 0.000000000000e+00 5.128318855697e-04 4.498199863085e-04 9.125240972981e-03 0.000000000000e+00 0.000000000000e+00 0.000000000000e+00 0.000000000000e+00 0.000000000000e+00 
9.710000000000e+00 9.263546362149e-04 8.851360951472e-03 1.182809998417e-04 1.135392245919e+05 1.175383202285e+05 1.000000000000e+05 1.432378159776e+04 5.582736619011e+02 1.800000000000e+06 9.073596155584e+04 2.491326816000e+06 9.965289760000e+06 0.000000000000e+00 0.000000000000e+00 0.000000000000e+00 5.117090846326e-04 4.495386310089e-04 9.105263701717e-03 0.000000000000e+00 0.000000000000e+00 0.000000000000e+00 0.000000000000e+00 0.000000000000e+00 
9.715000000000e+00 9.257661053077e-04 8.824565937500e-03 1.200845353737e-04 1.132682791788e+05 1.173322248199e+05 1.000000000000e+05 1.432606784890e+04 5.585445924301e+02 1.800000000000e+06 9.053183614994e+04 2.491326816000e+06 9.965289760000e+06 0.000000000000e+00 0.000000000000e+00 0.000000000000e+00 5.105579112411e-04 4.492530304839e-04 9.084781696466e-03 0.000000000000e+00 0.000000000000e+00 0.000000000000e+00 0.000000000000e+00 0.000000000000e+00 
9.720000000000e+00 9.251682513179e-04 8.796820326513e-03 1.220046475213e-04 1.129895956870e+05 1.171225253637e+05 1.000000000000e+05 1.432839233423e+04 5.588200634629e+02 1.800000000000e+06 9.032232310390e+04 2.491326816000e+06 9.965289760000e+06 0.000000000000e+00 0.000000000000e+00 0.000000000000e+00 5.093763540374e-04 4.489629056805e-04 9.063759156814e-03 0.000000000000e+00 0.000000000000e+00 0.000000000000e+00 0.000000000000e+00 0.000000000000e+00 
9.725000000000e+00 9.245604883836e-04 8.768137030330e-03 1.240425519437e-04 1.127028911087e+05 1.169089991128e+05 1.000000000000e+05 1.433075742448e+04 5.591003574578e+02 1.800000000000e+06 9.010710347130e+04 2.491326816000e+06 9.965289760000e+06 0.000000000000e+00 0.000000000000e+00 0.000000000000e+00 5.081626143105e-04 4.486679722934e-04 9.042164064457e-03 0.000000000000e+00 0.000000000000e+00 0.000000000000e+00 0.000000000000e+00 0.000000000000e+00 
9.730000000000e+00 9.239422295581e-04 8.738536818781e-03 1.261975986377e-04 1.124079427655e+05 1.166914212248e+05 1.000000000000e+05 1.433316550072e+04 5.593857586157e+02 1.800000000000e+06 8.988589986235e+04 2.491326816000e+06 9.965289760000e+06 0.000000000000e+00 0.000000000000e+00 0.000000000000e+00 5.069151277097e-04 4.483679454908e-04 9.019968570314e-03 0.000000000000e+00 0.000000000000e+00 0.000000000000e+00 0.000000000000e+00 0.000000000000e+00 
9.735000000000e+00 9.233128963709e-04 8.708049452751e-03 1.284671811516e-04 1.121045950327e+05 1.164695680638e+05 1.000000000000e+05 1.433561891732e+04 5.596765485105e+02 1.800000000000e+06 8.965847968726e+04 2.491326816000e+06 9.965289760000e+06 0.000000000000e+00 0.000000000000e+00 0.000000000000e+00 5.056325825355e-04 4.480625445543e-04 8.997149319811e-03 0.000000000000e+00 0.000000000000e+00 0.000000000000e+00 0.000000000000e+00 0.000000000000e+00 
9.740000000000e+00 9.226719264574e-04 8.676711312232e-03 1.308472667481e-04 1.117927443228e+05 1.162432198503e+05 1.000000000000e+05 1.433811997336e+04 5.599730025904e+02 1.800000000000e+06 8.942465797328e+04 2.491326816000e+06 9.965289760000e+06 0.000000000000e+00 0.000000000000e+00 0.000000000000e+00 5.043139356266e-04 4.477514965812e-04 8.973687736578e-03 0.000000000000e+00 0.000000000000e+00 0.000000000000e+00 0.000000000000e+00 0.000000000000e+00 
9.745000000000e+00 9.220187784149e-04 8.644565759589e-03 1.333314783695e-04 1.114723723178e+05 1.160121623557e+05 1.000000000000e+05 1.434067089219e+04 5.602753879447e+02 1.800000000000e+06 8.918429817592e+04 2.491326816000e+06 9.965289760000e+06 0.000000000000e+00 0.000000000000e+00 0.000000000000e+00 5.029584169350e-04 4.474345388414e-04 8.949570103035e-03 0.000000000000e+00 0.000000000000e+00 0.000000000000e+00 0.000000000000e+00 0.000000000000e+00 
9.750000000000e+00 9.213529525309e-04 8.611662222195e-03 1.359121101820e-04 1.111435192868e+05 1.157761942446e+05 1.000000000000e+05 1.434327374230e+04 5.605839536983e+02 1.800000000000e+06 8.893731365008e+04 2.491326816000e+06 9.965289760000e+06 0.000000000000e+00 0.000000000000e+00 0.000000000000e+00 5.015655378222e-04 4.471114288357e-04 8.924787708551e-03 0.000000000000e+00 0.000000000000e+00 0.000000000000e+00 0.000000000000e+00 0.000000000000e+00 
9.755000000000e+00 9.206739929588e-04 8.578056222129e-03 1.385800801982e-04 1.108062868448e+05 1.155351279069e+05 1.000000000000e+05 1.434593042834e+04 5.608989299563e+02 1.800000000000e+06 8.868366821027e+04 2.491326816000e+06 9.965289760000e+06 0.000000000000e+00 0.000000000000e+00 0.000000000000e+00 5.001350942185e-04 4.467819453525e-04 8.899336906085e-03 0.000000000000e+00 0.000000000000e+00 0.000000000000e+00 0.000000000000e+00 0.000000000000e+00 
9.760000000000e+00 9.199814908640e-04 8.543803604814e-03 1.413253441967e-04 1.104608253562e+05 1.152887906492e+05 1.000000000000e+05 1.434864267914e+04 5.612205262877e+02 1.800000000000e+06 8.842337348001e+04 2.491326816000e+06 9.965289760000e+06 0.000000000000e+00 0.000000000000e+00 0.000000000000e+00 4.986671516754e-04 4.464458899936e-04 8.873218847606e-03 0.000000000000e+00 0.000000000000e+00 0.000000000000e+00 0.000000000000e+00 0.000000000000e+00 
9.765000000000e+00 9.192750891596e-04 8.508960024933e-03 1.441372306314e-04 1.101073245700e+05 1.150370264727e+05 1.000000000000e+05 1.435141202917e+04 5.615489294558e+02 1.800000000000e+06 8.815648626786e+04 2.491326816000e+06 9.965289760000e+06 0.000000000000e+00 0.000000000000e+00 0.000000000000e+00 4.971620305670e-04 4.461030894729e-04 8.846439220559e-03 0.000000000000e+00 0.000000000000e+00 0.000000000000e+00 0.000000000000e+00 0.000000000000e+00 
9.770000000000e+00 9.185544870006e-04 8.473585899729e-03 1.470038150767e-04 1.097460370282e+05 1.147796977933e+05 1.000000000000e+05 1.435423979924e+04 5.618843012396e+02 1.800000000000e+06 8.788310455537e+04 2.491326816000e+06 9.965289760000e+06 0.000000000000e+00 0.000000000000e+00 0.000000000000e+00 4.956202834642e-04 4.457533977973e-04 8.819007844036e-03 0.000000000000e+00 0.000000000000e+00 0.000000000000e+00 0.000000000000e+00 0.000000000000e+00 
9.775000000000e+00 9.178194455353e-04 8.437743502839e-03 1.499126364153e-04 1.093772561398e+05 1.145166876414e+05 1.000000000000e+05 1.435712707434e+04 5.622267756489e+02 1.800000000000e+06 8.760336798548e+04 2.491326816000e+06 9.965289760000e+06 0.000000000000e+00 0.000000000000e+00 0.000000000000e+00 4.940426978888e-04 4.453966990578e-04 8.790938718515e-03 0.000000000000e+00 0.000000000000e+00 0.000000000000e+00 0.000000000000e+00 0.000000000000e+00 
9.780000000000e+00 9.170697882340e-04 8.401497596937e-03 1.528508815305e-04 1.090013103943e+05 1.142478999519e+05 1.000000000000e+05 1.436007470172e+04 5.625764586429e+02 1.800000000000e+06 8.731745549974e+04 2.491326816000e+06 9.965289760000e+06 0.000000000000e+00 0.000000000000e+00 0.000000000000e+00 4.924302829890e-04 4.450329075882e-04 8.762249788112e-03 0.000000000000e+00 0.000000000000e+00 0.000000000000e+00 0.000000000000e+00 0.000000000000e+00 
9.785000000000e+00 9.163054046509e-04 8.364913061135e-03 1.558051554354e-04 1.086185730680e+05 1.139732611051e+05 1.000000000000e+05 1.436308327463e+04 5.629334262331e+02 1.800000000000e+06 8.702558341373e+04 2.491326816000e+06 9.965289760000e+06 0.000000000000e+00 0.000000000000e+00 0.000000000000e+00 4.907842586851e-04 4.446619697921e-04 8.732962748610e-03 0.000000000000e+00 0.000000000000e+00 0.000000000000e+00 0.000000000000e+00 0.000000000000e+00 
9.790000000000e+00 9.155262516645e-04 8.328054016291e-03 1.587618897454e-04 1.082294491412e+05 1.136927205897e+05 1.000000000000e+05 1.436615312695e+04 5.632977237437e+02 1.800000000000e+06 8.672800157427e+04 2.491326816000e+06 9.965289760000e+06 0.000000000000e+00 0.000000000000e+00 0.000000000000e+00 4.891060339982e-04 4.442838647433e-04 8.703102661758e-03 0.000000000000e+00 0.000000000000e+00 0.000000000000e+00 0.000000000000e+00 0.000000000000e+00 
9.795000000000e+00 9.147323539731e-04 8.290983286387e-03 1.617077456968e-04 1.078343620522e+05 1.134062514196e+05 1.000000000000e+05 1.436928433062e+04 5.636693654054e+02 1.800000000000e+06 8.642498974908e+04 2.491326816000e+06 9.965289760000e+06 0.000000000000e+00 0.000000000000e+00 0.000000000000e+00 4.873971866895e-04 4.438986044276e-04 8.672697592906e-03 0.000000000000e+00 0.000000000000e+00 0.000000000000e+00 0.000000000000e+00 0.000000000000e+00 
9.800000000000e+00 9.139238051637e-04 8.253763405534e-03 1.646292021228e-04 1.074337686994e+05 1.131138507759e+05 1.000000000000e+05 1.437247668926e+04 5.640483336657e+02 1.800000000000e+06 8.611685448590e+04 2.491326816000e+06 9.965289760000e+06 0.000000000000e+00 0.000000000000e+00 0.000000000000e+00 4.856594455474e-04 4.435062342606e-04 8.641778295709e-03 0.000000000000e+00 0.000000000000e+00 0.000000000000e+00 0.000000000000e+00 0.000000000000e+00 
9.805000000000e+00 9.131007658240e-04 8.216456264917e-03 1.675126554273e-04 1.070281557903e+05 1.128155395992e+05 1.000000000000e+05 1.437572974434e+04 5.644345798733e+02 1.800000000000e+06 8.580392645194e+04 2.491326816000e+06 9.965289760000e+06 0.000000000000e+00 0.000000000000e+00 0.000000000000e+00 4.838946753828e-04 4.431068321717e-04 8.610377945091e-03 0.000000000000e+00 0.000000000000e+00 0.000000000000e+00 0.000000000000e+00 0.000000000000e+00 
9.810000000000e+00 9.122634618411e-04 8.179119301605e-03 1.703446935372e-04 1.066180302203e+05 1.125113622576e+05 1.000000000000e+05 1.437904278074e+04 5.648280248686e+02 1.800000000000e+06 8.548655621558e+04 2.491326816000e+06 9.965289760000e+06 0.000000000000e+00 0.000000000000e+00 0.000000000000e+00 4.821048532400e-04 4.427005077789e-04 8.578531715160e-03 0.000000000000e+00 0.000000000000e+00 0.000000000000e+00 0.000000000000e+00 0.000000000000e+00 
9.815000000000e+00 9.114121842221e-04 8.141814717819e-03 1.731127197135e-04 1.062038978256e+05 1.122013867768e+05 1.000000000000e+05 1.438241482697e+04 5.652285588527e+02 1.800000000000e+06 8.516511100306e+04 2.491326816000e+06 9.965289760000e+06 0.000000000000e+00 0.000000000000e+00 0.000000000000e+00 4.802920501062e-04 4.422874023012e-04 8.546276448977e-03 0.000000000000e+00 0.000000000000e+00 0.000000000000e+00 0.000000000000e+00 0.000000000000e+00 
9.820000000000e+00 9.105472843809e-04 8.104594083593e-03 1.758051014494e-04 1.057862567341e+05 1.118857034295e+05 1.000000000000e+05 1.438584467241e+04 5.656360433827e+02 1.800000000000e+06 8.483997216730e+04 2.491326816000e+06 9.965289760000e+06 0.000000000000e+00 0.000000000000e+00 0.000000000000e+00 4.784584166364e-04 4.418676862718e-04 8.513650412395e-03 0.000000000000e+00 0.000000000000e+00 0.000000000000e+00 0.000000000000e+00 0.000000000000e+00 
9.825000000000e+00 9.096691706949e-04 8.067509531525e-03 1.784106422950e-04 1.053656146444e+05 1.115644237799e+05 1.000000000000e+05 1.438933087837e+04 5.660503127757e+02 1.800000000000e+06 8.451153137458e+04 2.491326816000e+06 9.965289760000e+06 0.000000000000e+00 0.000000000000e+00 0.000000000000e+00 4.766061616482e-04 4.414415578667e-04 8.480692905788e-03 0.000000000000e+00 0.000000000000e+00 0.000000000000e+00 0.000000000000e+00 0.000000000000e+00 
9.830000000000e+00 9.087783080383e-04 8.030611494686e-03 1.809178773050e-04 1.049425134993e+05 1.112376808177e+05 1.000000000000e+05 1.439287177710e+04 5.664711741085e+02 1.800000000000e+06 8.418018926177e+04 2.491326816000e+06 9.965289760000e+06 0.000000000000e+00 0.000000000000e+00 0.000000000000e+00 4.747375445493e-04 4.410092426789e-04 8.447444130612e-03 0.000000000000e+00 0.000000000000e+00 0.000000000000e+00 0.000000000000e+00 0.000000000000e+00 
9.835000000000e+00 9.078752129104e-04 7.993947397884e-03 1.833170462733e-04 1.045174593940e+05 1.109056274797e+05 1.000000000000e+05 1.439646549291e+04 5.668984092963e+02 1.800000000000e+06 8.384635119687e+04 2.491326816000e+06 9.965289760000e+06 0.000000000000e+00 0.000000000000e+00 0.000000000000e+00 4.728548514288e-04 4.405709913536e-04 8.413944763319e-03 0.000000000000e+00 0.000000000000e+00 0.000000000000e+00 0.000000000000e+00 0.000000000000e+00 
9.840000000000e+00 9.069604496686e-04 7.957559726326e-03 1.855989655021e-04 1.040909604956e+05 1.105684355644e+05 1.000000000000e+05 1.440010995355e+04 5.673317766598e+02 1.800000000000e+06 8.351042391112e+04 2.491326816000e+06 9.965289760000e+06 0.000000000000e+00 0.000000000000e+00 0.000000000000e+00 4.709603760637e-04 4.401270777604e-04 8.380235618851e-03 0.000000000000e+00 0.000000000000e+00 0.000000000000e+00 0.000000000000e+00 0.000000000000e+00 
9.845000000000e+00 9.060346264756e-04 7.921489430660e-03 1.877551752044e-04 1.036635205826e+05 1.102262945294e+05 1.000000000000e+05 1.440380290507e+04 5.677710126351e+02 1.800000000000e+06 8.317281289933e+04 2.491326816000e+06 9.965289760000e+06 0.000000000000e+00 0.000000000000e+00 0.000000000000e+00 4.690564052583e-04 4.396777970269e-04 8.346357388419e-03 0.000000000000e+00 0.000000000000e+00 0.000000000000e+00 0.000000000000e+00 0.000000000000e+00 
9.850000000000e+00 9.050983913398e-04 7.885773365468e-03 1.897781545813e-04 1.032356301693e+05 1.098794103083e+05 1.000000000000e+05 1.440754192647e+04 5.682158334528e+02 1.800000000000e+06 8.283392085763e+04 2.491326816000e+06 9.965289760000e+06 0.000000000000e+00 0.000000000000e+00 0.000000000000e+00 4.671452100334e-04 4.392234636165e-04 8.312350483390e-03 0.000000000000e+00 0.000000000000e+00 0.000000000000e+00 0.000000000000e+00 0.000000000000e+00 
9.855000000000e+00 9.041524270942e-04 7.850444194532e-03 1.916613546746e-04 1.028077635036e+05 1.095280037172e+05 1.000000000000e+05 1.441132444843e+04 5.686659373331e+02 1.800000000000e+06 8.249414403592e+04 2.491326816000e+06 9.965289760000e+06 0.000000000000e+00 0.000000000000e+00 0.000000000000e+00 4.652290250563e-04 4.387644088925e-04 8.278254669187e-03 0.000000000000e+00 0.000000000000e+00 0.000000000000e+00 0.000000000000e+00 0.000000000000e+00 
9.860000000000e+00 9.031974466669e-04 7.815530863525e-03 1.933991965741e-04 1.023803768343e+05 1.091723089439e+05 1.000000000000e+05 1.441514777086e+04 5.691210065610e+02 1.800000000000e+06 8.215386990013e+04 2.491326816000e+06 9.965289760000e+06 0.000000000000e+00 0.000000000000e+00 0.000000000000e+00 4.633100354566e-04 4.383009788226e-04 8.244108830498e-03 0.000000000000e+00 0.000000000000e+00 0.000000000000e+00 0.000000000000e+00 0.000000000000e+00 
9.865000000000e+00 9.022341882286e-04 7.781059160093e-03 1.949870153709e-04 1.019539084934e+05 1.088125719679e+05 1.000000000000e+05 1.441900908109e+04 5.695807096387e+02 1.800000000000e+06 8.181347483619e+04 2.491326816000e+06 9.965289760000e+06 0.000000000000e+00 0.000000000000e+00 0.000000000000e+00 4.613903638777e-04 4.378335316240e-04 8.209950740666e-03 0.000000000000e+00 0.000000000000e+00 0.000000000000e+00 0.000000000000e+00 0.000000000000e+00 
9.870000000000e+00 9.012634110147e-04 7.747052636279e-03 1.964210032119e-04 1.015287792400e+05 1.084490492044e+05 1.000000000000e+05 1.442290546942e+04 5.700447031353e+02 1.800000000000e+06 8.147332348059e+04 2.491326816000e+06 9.965289760000e+06 0.000000000000e+00 0.000000000000e+00 0.000000000000e+00 4.594720667017e-04 4.373624357362e-04 8.175816994225e-03 0.000000000000e+00 0.000000000000e+00 0.000000000000e+00 0.000000000000e+00 0.000000000000e+00 
9.875000000000e+00 9.002858905210e-04 7.713530091441e-03 1.976983706897e-04 1.011053846332e+05 1.080820058874e+05 1.000000000000e+05 1.442683394777e+04 5.705126338561e+02 1.800000000000e+06 8.113376670082e+04 2.491326816000e+06 9.965289760000e+06 0.000000000000e+00 0.000000000000e+00 0.000000000000e+00 4.575571226600e-04 4.368880674895e-04 8.141742804888e-03 0.000000000000e+00 0.000000000000e+00 0.000000000000e+00 0.000000000000e+00 0.000000000000e+00 
9.880000000000e+00 8.993024134579e-04 7.680506241737e-03 1.988173080512e-04 1.006840942826e+05 1.077117143317e+05 1.000000000000e+05 1.443079146906e+04 5.709841411492e+02 1.800000000000e+06 8.079513910055e+04 2.491326816000e+06 9.965289760000e+06 0.000000000000e+00 0.000000000000e+00 0.000000000000e+00 4.556474187631e-04 4.364108086566e-04 8.107761754937e-03 0.000000000000e+00 0.000000000000e+00 0.000000000000e+00 0.000000000000e+00 0.000000000000e+00 
9.885000000000e+00 8.983137732546e-04 7.647993511675e-03 1.997768291659e-04 1.002652554279e+05 1.073384523680e+05 1.000000000000e+05 1.443477494444e+04 5.714588589741e+02 1.800000000000e+06 8.045775786807e+04 2.491326816000e+06 9.965289760000e+06 0.000000000000e+00 0.000000000000e+00 0.000000000000e+00 4.537447438073e-04 4.359310442702e-04 8.073905679149e-03 0.000000000000e+00 0.000000000000e+00 0.000000000000e+00 0.000000000000e+00 0.000000000000e+00 
9.890000000000e+00 8.973207659911e-04 7.616001076971e-03 2.005768168728e-04 9.984918955334e+04 1.069625019082e+05 1.000000000000e+05 1.443878125924e+04 5.719364177863e+02 1.800000000000e+06 8.012192246389e+04 2.491326816000e+06 9.965289760000e+06 0.000000000000e+00 0.000000000000e+00 0.000000000000e+00 4.518507866120e-04 4.354491606498e-04 8.040204633699e-03 0.000000000000e+00 0.000000000000e+00 0.000000000000e+00 0.000000000000e+00 0.000000000000e+00 
9.895000000000e+00 8.963241859347e-04 7.584534768682e-03 2.012179394298e-04 9.943619336999e+04 1.065841473308e+05 1.000000000000e+05 1.444280729049e+04 5.724164466354e+02 1.800000000000e+06 7.978791308246e+04 2.491326816000e+06 9.965289760000e+06 0.000000000000e+00 0.000000000000e+00 0.000000000000e+00 4.499671273451e-04 4.349655432350e-04 8.006686741805e-03 0.000000000000e+00 0.000000000000e+00 0.000000000000e+00 0.000000000000e+00 0.000000000000e+00 
9.900000000000e+00 8.953248213106e-04 7.553596901076e-03 2.017018476575e-04 9.902652988896e+04 1.062036739204e+05 1.000000000000e+05 1.444684992418e+04 5.728985751737e+02 1.800000000000e+06 7.945598961452e+04 2.491326816000e+06 9.965289760000e+06 0.000000000000e+00 0.000000000000e+00 0.000000000000e+00 4.480952316706e-04 4.344805745335e-04 7.973378089530e-03 0.000000000000e+00 0.000000000000e+00 0.000000000000e+00 0.000000000000e+00 0.000000000000e+00 
9.905000000000e+00 8.943234508124e-04 7.523188224445e-03 2.020308383520e-04 9.862043870059e+04 1.058213665582e+05 1.000000000000e+05 1.445090606871e+04 5.733824353325e+02 1.800000000000e+06 7.912639178667e+04 2.491326816000e+06 9.965289760000e+06 0.000000000000e+00 0.000000000000e+00 0.000000000000e+00 4.462364515366e-04 4.339946324273e-04 7.940302739348e-03 0.000000000000e+00 0.000000000000e+00 0.000000000000e+00 0.000000000000e+00 0.000000000000e+00 
9.910000000000e+00 8.933208398218e-04 7.493306317107e-03 2.022078663179e-04 9.821813377980e+04 1.054375082709e+05 1.000000000000e+05 1.445497267036e+04 5.738676631581e+02 1.800000000000e+06 7.879933833477e+04 2.491326816000e+06 9.965289760000e+06 0.000000000000e+00 0.000000000000e+00 0.000000000000e+00 4.443920205124e-04 4.335080883387e-04 7.907482647638e-03 0.000000000000e+00 0.000000000000e+00 0.000000000000e+00 0.000000000000e+00 0.000000000000e+00 
9.915000000000e+00 8.923177374388e-04 7.463947170721e-03 2.022364398720e-04 9.781980574356e+04 1.050523790611e+05 1.000000000000e+05 1.445904672537e+04 5.743539002776e+02 1.800000000000e+06 7.847502755164e+04 2.491326816000e+06 9.965289760000e+06 0.000000000000e+00 0.000000000000e+00 0.000000000000e+00 4.425630568786e-04 4.330213057886e-04 7.874937719175e-03 0.000000000000e+00 0.000000000000e+00 0.000000000000e+00 0.000000000000e+00 0.000000000000e+00 
9.920000000000e+00 8.913148735880e-04 7.435105334099e-03 2.021206182959e-04 9.742562049848e+04 1.046662547400e+05 1.000000000000e+05 1.446312529201e+04 5.748407953470e+02 1.800000000000e+06 7.815363746159e+04 2.491326816000e+06 9.965289760000e+06 0.000000000000e+00 0.000000000000e+00 0.000000000000e+00 4.407505646101e-04 4.325346389927e-04 7.842685824612e-03 0.000000000000e+00 0.000000000000e+00 0.000000000000e+00 0.000000000000e+00 0.000000000000e+00 
9.925000000000e+00 8.903129564039e-04 7.406772998531e-03 2.018649950680e-04 9.703571848784e+04 1.042794058435e+05 1.000000000000e+05 1.446720550172e+04 5.753280053806e+02 1.800000000000e+06 7.783532609688e+04 2.491326816000e+06 9.965289760000e+06 0.000000000000e+00 0.000000000000e+00 0.000000000000e+00 4.389554349364e-04 4.320484315924e-04 7.810742828493e-03 0.000000000000e+00 0.000000000000e+00 0.000000000000e+00 0.000000000000e+00 0.000000000000e+00 
9.930000000000e+00 8.893126700425e-04 7.378940841035e-03 2.014746150478e-04 9.665021646904e+04 1.038920966889e+05 1.000000000000e+05 1.447128456839e+04 5.758151968893e+02 1.800000000000e+06 7.752023213912e+04 2.491326816000e+06 9.965289760000e+06 0.000000000000e+00 0.000000000000e+00 0.000000000000e+00 4.371784499579e-04 4.315630155929e-04 7.779122653413e-03 0.000000000000e+00 0.000000000000e+00 0.000000000000e+00 0.000000000000e+00 0.000000000000e+00 
9.935000000000e+00 8.883146716951e-04 7.351595850614e-03 2.009550596997e-04 9.626920293513e+04 1.035045841018e+05 1.000000000000e+05 1.447535980138e+04 5.763020474237e+02 1.800000000000e+06 7.720847346216e+04 2.491326816000e+06 9.965289760000e+06 0.000000000000e+00 0.000000000000e+00 0.000000000000e+00 4.354202744288e-04 4.310787099141e-04 7.747837134367e-03 0.000000000000e+00 0.000000000000e+00 0.000000000000e+00 0.000000000000e+00 0.000000000000e+00 
9.940000000000e+00 8.873195901185e-04 7.324725770369e-03 2.003122060344e-04 9.589274586319e+04 1.031171167083e+05 1.000000000000e+05 1.447942861188e+04 5.767882463921e+02 1.800000000000e+06 7.690014864786e+04 2.491326816000e+06 9.965289760000e+06 0.000000000000e+00 0.000000000000e+00 0.000000000000e+00 4.336814643056e-04 4.305958196771e-04 7.716896169608e-03 0.000000000000e+00 0.000000000000e+00 0.000000000000e+00 0.000000000000e+00 0.000000000000e+00 
9.945000000000e+00 8.863280365482e-04 7.298310758855e-03 1.995501482852e-04 9.552097190837e+04 1.027299390550e+05 1.000000000000e+05 1.448348846525e+04 5.772734898252e+02 1.800000000000e+06 7.659533815672e+04 2.491326816000e+06 9.965289760000e+06 0.000000000000e+00 0.000000000000e+00 0.000000000000e+00 4.319624733483e-04 4.301146383910e-04 7.686307838637e-03 0.000000000000e+00 0.000000000000e+00 0.000000000000e+00 0.000000000000e+00 0.000000000000e+00 
9.950000000000e+00 8.853405814403e-04 7.272344136247e-03 1.986777611299e-04 9.515381990131e+04 1.023432823960e+05 1.000000000000e+05 1.448753698883e+04 5.777574918550e+02 1.800000000000e+06 7.629410509548e+04 2.491326816000e+06 9.965289760000e+06 0.000000000000e+00 0.000000000000e+00 0.000000000000e+00 4.302636574502e-04 4.296354505295e-04 7.656078479812e-03 0.000000000000e+00 0.000000000000e+00 0.000000000000e+00 0.000000000000e+00 0.000000000000e+00 
9.955000000000e+00 8.843577524985e-04 7.246814434868e-03 1.977026732141e-04 9.479125678437e+04 1.019573636934e+05 1.000000000000e+05 1.449157197041e+04 5.782399858466e+02 1.800000000000e+06 7.599649542451e+04 2.491326816000e+06 9.965289760000e+06 0.000000000000e+00 0.000000000000e+00 0.000000000000e+00 4.285852758064e-04 4.291585070809e-04 7.626212710026e-03 0.000000000000e+00 0.000000000000e+00 0.000000000000e+00 0.000000000000e+00 0.000000000000e+00 
9.960000000000e+00 8.833800408073e-04 7.221703664232e-03 1.966304620870e-04 9.443330944590e+04 1.015723877970e+05 1.000000000000e+05 1.449559133287e+04 5.787207215522e+02 1.800000000000e+06 7.570254049512e+04 2.491326816000e+06 9.965289760000e+06 0.000000000000e+00 0.000000000000e+00 0.000000000000e+00 4.269275052239e-04 4.286840465287e-04 7.596713680019e-03 0.000000000000e+00 0.000000000000e+00 0.000000000000e+00 0.000000000000e+00 0.000000000000e+00 
9.965000000000e+00 8.824079125539e-04 7.196993734205e-03 1.954671175548e-04 9.407998030092e+04 1.011885518722e+05 1.000000000000e+05 1.449959309135e+04 5.791994594843e+02 1.800000000000e+06 7.541225631235e+04 2.491326816000e+06 9.965289760000e+06 0.000000000000e+00 0.000000000000e+00 0.000000000000e+00 4.252904359638e-04 4.282122952416e-04 7.567583000389e-03 0.000000000000e+00 0.000000000000e+00 0.000000000000e+00 0.000000000000e+00 0.000000000000e+00 
9.970000000000e+00 8.814418052282e-04 7.172668411479e-03 1.942190789795e-04 9.373124409318e+04 1.008060437470e+05 1.000000000000e+05 1.450357536983e+04 5.796759728973e+02 1.800000000000e+06 7.512564559048e+04 2.491326816000e+06 9.965289760000e+06 0.000000000000e+00 0.000000000000e+00 0.000000000000e+00 4.236740833333e-04 4.277434656306e-04 7.538820947495e-03 0.000000000000e+00 0.000000000000e+00 0.000000000000e+00 0.000000000000e+00 0.000000000000e+00 
9.975000000000e+00 8.804821241124e-04 7.148711047984e-03 1.928930043804e-04 9.338705456921e+04 1.004250403488e+05 1.000000000000e+05 1.450753641613e+04 5.801500496442e+02 1.800000000000e+06 7.484269840813e+04 2.491326816000e+06 9.965289760000e+06 0.000000000000e+00 0.000000000000e+00 0.000000000000e+00 4.220783913806e-04 4.272777544459e-04 7.510426529578e-03 0.000000000000e+00 0.000000000000e+00 0.000000000000e+00 0.000000000000e+00 0.000000000000e+00 
9.980000000000e+00 8.795292413111e-04 7.125104651830e-03 1.914955512275e-04 9.304735183464e+04 1.000457071292e+05 1.000000000000e+05 1.451147460654e+04 5.806214927925e+02 1.800000000000e+06 7.456339316067e+04 2.491326816000e+06 9.965289760000e+06 0.000000000000e+00 0.000000000000e+00 0.000000000000e+00 4.205032382653e-04 4.268153423073e-04 7.482397582363e-03 0.000000000000e+00 0.000000000000e+00 0.000000000000e+00 0.000000000000e+00 0.000000000000e+00 
9.985000000000e+00 8.785834975722e-04 7.101831869376e-03 1.900332248134e-04 9.271206846326e+04 9.966819859748e+04 1.000000000000e+05 1.451538843901e+04 5.810901198605e+02 1.800000000000e+06 7.428769668469e+04 2.491326816000e+06 9.965289760000e+06 0.000000000000e+00 0.000000000000e+00 0.000000000000e+00 4.189484369612e-04 4.263563945892e-04 7.454730781256e-03 0.000000000000e+00 0.000000000000e+00 0.000000000000e+00 0.000000000000e+00 0.000000000000e+00 
9.990000000000e+00 8.776451958535e-04 7.078877845407e-03 1.885129748178e-04 9.238110483903e+04 9.929265555783e+04 1.000000000000e+05 1.451927656193e+04 5.815557661440e+02 1.800000000000e+06 7.401556606439e+04 2.491326816000e+06 9.965289760000e+06 0.000000000000e+00 0.000000000000e+00 0.000000000000e+00 4.174137454428e-04 4.259010583003e-04 7.427421822659e-03 0.000000000000e+00 0.000000000000e+00 0.000000000000e+00 0.000000000000e+00 0.000000000000e+00 
9.995000000000e+00 8.767146096752e-04 7.056225433563e-03 1.869408234327e-04 9.205438265526e+04 9.891920824758e+04 1.000000000000e+05 1.452313773807e+04 5.820182807173e+02 1.800000000000e+06 7.374694941339e+04 2.491326816000e+06 9.965289760000e+06 0.000000000000e+00 0.000000000000e+00 0.000000000000e+00 4.158988710948e-04 4.254494661380e-04 7.400465502505e-03 0.000000000000e+00 0.000000000000e+00 0.000000000000e+00 0.000000000000e+00 0.000000000000e+00 
1.000000000000e+01 8.757919820047e-04 7.033857895814e-03 1.853228030298e-04 9.173181007976e+04 9.854797571492e+04 1.000000000000e+05 1.452697085184e+04 5.824775271114e+02 1.800000000000e+06 7.348178677110e+04 2.491326816000e+06 9.965289760000e+06 0.000000000000e+00 0.000000000000e+00 0.000000000000e+00 4.144034757671e-04 4.250017359495e-04 7.373855806512e-03 0.000000000000e+00 0.000000000000e+00 0.000000000000e+00 0.000000000000e+00 0.000000000000e+00 
