9.000000000000e+00 1.266414094378e-03 5.860383477071e-02 2.307740319686e-04 8.939673413493e+04 9.522571645433e+04 1.000000000000e+05 7.817767352495e+03 5.832022251669e+02 1.800000000000e+06 6.161644727667e+04 2.504060976000e+05 1.001622640000e+06 0.000000000000e+00 0.000000000000e+00 0.000000000000e+00 3.457224916957e-03 3.420084269250e-03 6.151954351156e-02 0.000000000000e+00 0.000000000000e+00 0.000000000000e+00 0.000000000000e+00 0.000000000000e+00 
9.005000000000e+00 1.265261845651e-03 5.838373407409e-02 2.302109382026e-04 8.908080508307e+04 9.490350944242e+04 1.000000000000e+05 7.819565469082e+03 5.835986611088e+02 1.800000000000e+06 6.138335948689e+04 2.504060976000e+05 1.001622640000e+06 0.000000000000e+00 0.000000000000e+00 0.000000000000e+00 3.444146640778e-03 3.416973232540e-03 6.128682005697e-02 0.000000000000e+00 0.000000000000e+00 0.000000000000e+00 0.000000000000e+00 0.000000000000e+00 
9.010000000000e+00 1.264112583920e-03 5.816512160176e-02 2.295912390216e-04 8.876645693875e+04 9.458140825221e+04 1.000000000000e+05 7.821360841293e+03 5.839945798736e+02 1.800000000000e+06 6.115135093405e+04 2.504060976000e+05 1.001622640000e+06 0.000000000000e+00 0.000000000000e+00 0.000000000000e+00 3.431128919288e-03 3.413870279461e-03 6.105517371197e-02 0.000000000000e+00 0.000000000000e+00 0.000000000000e+00 0.000000000000e+00 0.000000000000e+00 
9.015000000000e+00 1.262966579780e-03 5.794792148923e-02 2.289188181886e-04 8.845367858839e+04 9.425949248297e+04 1.000000000000e+05 7.823153042178e+03 5.843898852484e+02 1.800000000000e+06 6.092044765953e+04 2.504060976000e+05 1.001622640000e+06 0.000000000000e+00 0.000000000000e+00 0.000000000000e+00 3.418173213639e-03 3.410776141667e-03 6.082463058498e-02 0.000000000000e+00 0.000000000000e+00 0.000000000000e+00 0.000000000000e+00 0.000000000000e+00 
9.020000000000e+00 1.261824085215e-03 5.773207100524e-02 2.281974788395e-04 8.814245574520e+04 9.393783718813e+04 1.000000000000e+05 7.824941671873e+03 5.847844869664e+02 1.800000000000e+06 6.069066782955e+04 2.504060976000e+05 1.001622640000e+06 0.000000000000e+00 0.000000000000e+00 0.000000000000e+00 3.405280543115e-03 3.407691500067e-03 6.059520889695e-02 0.000000000000e+00 0.000000000000e+00 0.000000000000e+00 0.000000000000e+00 0.000000000000e+00 
9.025000000000e+00 1.260685332237e-03 5.751749622337e-02 2.274312217904e-04 8.783276342705e+04 9.361651242920e+04 1.000000000000e+05 7.826726360565e+03 5.851783012228e+02 1.800000000000e+06 6.046202257763e+04 2.504060976000e+05 1.001622640000e+06 0.000000000000e+00 0.000000000000e+00 0.000000000000e+00 3.392451532404e-03 3.404616981049e-03 6.036691985304e-02 0.000000000000e+00 0.000000000000e+00 0.000000000000e+00 0.000000000000e+00 0.000000000000e+00 
9.030000000000e+00 1.259550533135e-03 5.730412567254e-02 2.266240217230e-04 8.752457162994e+04 9.329558328400e+04 1.000000000000e+05 7.828506767759e+03 5.855712506323e+02 1.800000000000e+06 6.023451632116e+04 2.504060976000e+05 1.001622640000e+06 0.000000000000e+00 0.000000000000e+00 0.000000000000e+00 3.379686429361e-03 3.401553157783e-03 6.013976794278e-02 0.000000000000e+00 0.000000000000e+00 0.000000000000e+00 0.000000000000e+00 0.000000000000e+00 
9.035000000000e+00 1.258419880488e-03 5.709188931946e-02 2.257798140890e-04 8.721784560525e+04 9.297510978630e+04 1.000000000000e+05 7.830282582412e+03 5.859632642699e+02 1.800000000000e+06 6.000814745415e+04 2.504060976000e+05 1.001622640000e+06 0.000000000000e+00 0.000000000000e+00 0.000000000000e+00 3.366985143875e-03 3.398500550204e-03 5.991375163374e-02 0.000000000000e+00 0.000000000000e+00 0.000000000000e+00 0.000000000000e+00 0.000000000000e+00 
9.040000000000e+00 1.257293547489e-03 5.688071988744e-02 2.249024599754e-04 8.691254679562e+04 9.265514695572e+04 1.000000000000e+05 7.832053522507e+03 5.863542776021e+02 1.800000000000e+06 5.978290904898e+04 2.504060976000e+05 1.001622640000e+06 0.000000000000e+00 0.000000000000e+00 0.000000000000e+00 3.354347287248e-03 3.395459625845e-03 5.968886407159e-02 0.000000000000e+00 0.000000000000e+00 0.000000000000e+00 0.000000000000e+00 0.000000000000e+00 
9.045000000000e+00 1.256171688418e-03 5.667055318261e-02 2.239956999032e-04 8.660863410333e+04 9.233574486817e+04 1.000000000000e+05 7.833819334396e+03 5.867442323689e+02 1.800000000000e+06 5.955878954138e+04 2.504060976000e+05 1.001622640000e+06 0.000000000000e+00 0.000000000000e+00 0.000000000000e+00 3.341772210620e-03 3.392430801092e-03 5.946509376438e-02 0.000000000000e+00 0.000000000000e+00 0.000000000000e+00 0.000000000000e+00 0.000000000000e+00 
9.050000000000e+00 1.255054439318e-03 5.646132900144e-02 2.230631457971e-04 8.630606425674e+04 9.201694879011e+04 1.000000000000e+05 7.835579791865e+03 5.871330763882e+02 1.800000000000e+06 5.933577344952e+04 2.504060976000e+05 1.001622640000e+06 0.000000000000e+00 0.000000000000e+00 0.000000000000e+00 3.329259045324e-03 3.389414442969e-03 5.924242530020e-02 0.000000000000e+00 0.000000000000e+00 0.000000000000e+00 0.000000000000e+00 0.000000000000e+00 
9.055000000000e+00 1.253941918546e-03 5.625298945961e-02 2.221082893149e-04 8.600479172106e+04 9.169879927526e+04 1.000000000000e+05 7.837334695464e+03 5.875207634082e+02 1.800000000000e+06 5.911384191864e+04 2.504060976000e+05 1.001622640000e+06 0.000000000000e+00 0.000000000000e+00 0.000000000000e+00 3.316806733445e-03 3.386410870795e-03 5.902083989382e-02 0.000000000000e+00 0.000000000000e+00 0.000000000000e+00 0.000000000000e+00 0.000000000000e+00 
9.060000000000e+00 1.252834230607e-03 5.604551471108e-02 2.211328804262e-04 8.570481141393e+04 9.138133320914e+04 1.000000000000e+05 7.839083862763e+03 5.879072518067e+02 1.800000000000e+06 5.889297403852e+04 2.504060976000e+05 1.001622640000e+06 0.000000000000e+00 0.000000000000e+00 0.000000000000e+00 3.304414101732e-03 3.383420366171e-03 5.880031666556e-02 0.000000000000e+00 0.000000000000e+00 0.000000000000e+00 0.000000000000e+00 0.000000000000e+00 
9.065000000000e+00 1.251731503461e-03 5.583929526523e-02 2.201240952844e-04 8.540649977733e+04 9.106459449159e+04 1.000000000000e+05 7.840827039031e+03 5.882924915815e+02 1.800000000000e+06 5.867316083944e+04 2.504060976000e+05 1.001622640000e+06 0.000000000000e+00 0.000000000000e+00 0.000000000000e+00 3.292080646908e-03 3.380443274609e-03 5.858084623638e-02 0.000000000000e+00 0.000000000000e+00 0.000000000000e+00 0.000000000000e+00 0.000000000000e+00 
9.070000000000e+00 1.250634092412e-03 5.563691514399e-02 2.190028228574e-04 8.511200844470e+04 9.074869286408e+04 1.000000000000e+05 7.842563451180e+03 5.886763529388e+02 1.800000000000e+06 5.845449782633e+04 2.504060976000e+05 1.001622640000e+06 0.000000000000e+00 0.000000000000e+00 0.000000000000e+00 3.279811727638e-03 3.377480558254e-03 5.836252129728e-02 0.000000000000e+00 0.000000000000e+00 0.000000000000e+00 0.000000000000e+00 0.000000000000e+00 
9.075000000000e+00 1.249543189250e-03 5.544730647757e-02 2.175257601069e-04 8.482797928958e+04 9.043398054167e+04 1.000000000000e+05 7.844290606079e+03 5.890584123328e+02 1.800000000000e+06 5.823751904696e+04 2.504060976000e+05 1.001622640000e+06 0.000000000000e+00 0.000000000000e+00 0.000000000000e+00 3.267637308702e-03 3.374535443520e-03 5.814586601488e-02 0.000000000000e+00 0.000000000000e+00 0.000000000000e+00 0.000000000000e+00 0.000000000000e+00 
9.080000000000e+00 1.248461936103e-03 5.529067510110e-02 2.151861493854e-04 8.456846560916e+04 9.012137719331e+04 1.000000000000e+05 7.846002275843e+03 5.894375598424e+02 1.800000000000e+06 5.802389705493e+04 2.504060976000e+05 1.001622640000e+06 0.000000000000e+00 0.000000000000e+00 0.000000000000e+00 3.255651235076e-03 3.371616436551e-03 5.793253025908e-02 0.000000000000e+00 0.000000000000e+00 0.000000000000e+00 0.000000000000e+00 0.000000000000e+00 
9.085000000000e+00 1.247396945938e-03 5.520202981461e-02 2.111593463217e-04 8.435683785034e+04 8.981281694186e+04 1.000000000000e+05 7.847685930020e+03 5.898114608761e+02 1.800000000000e+06 5.781745813547e+04 2.504060976000e+05 1.001622640000e+06 0.000000000000e+00 0.000000000000e+00 0.000000000000e+00 3.244068195032e-03 3.368741432975e-03 5.772630045478e-02 0.000000000000e+00 0.000000000000e+00 0.000000000000e+00 0.000000000000e+00 0.000000000000e+00 
9.090000000000e+00 1.246359738421e-03 5.522928566010e-02 2.043493538135e-04 8.422506260700e+04 8.951167603465e+04 1.000000000000e+05 7.849320527551e+03 5.901760440067e+02 1.800000000000e+06 5.762518523091e+04 2.504060976000e+05 1.001622640000e+06 0.000000000000e+00 0.000000000000e+00 0.000000000000e+00 3.233279993084e-03 3.365941797634e-03 5.753410408612e-02 0.000000000000e+00 0.000000000000e+00 0.000000000000e+00 0.000000000000e+00 0.000000000000e+00 
9.095000000000e+00 1.245367823876e-03 5.542901607190e-02 1.934819520378e-04 8.421165213831e+04 8.922310214373e+04 1.000000000000e+05 7.850874970880e+03 5.905251098874e+02 1.800000000000e+06 5.745786057843e+04 2.504060976000e+05 1.001622640000e+06 0.000000000000e+00 0.000000000000e+00 0.000000000000e+00 3.223891607623e-03 3.363265039166e-03 5.736665649517e-02 0.000000000000e+00 0.000000000000e+00 0.000000000000e+00 0.000000000000e+00 0.000000000000e+00 
9.100000000000e+00 1.244446103749e-03 5.587035615809e-02 1.768912925106e-04 8.436761694041e+04 8.895443717646e+04 1.000000000000e+05 7.852305325058e+03 5.908498278132e+02 1.800000000000e+06 5.733047388404e+04 2.504060976000e+05 1.001622640000e+06 0.000000000000e+00 0.000000000000e+00 0.000000000000e+00 3.216744093065e-03 3.360778586983e-03 5.723886498504e-02 0.000000000000e+00 0.000000000000e+00 0.000000000000e+00 0.000000000000e+00 0.000000000000e+00 
9.105000000000e+00 1.243625687920e-03 5.660395526475e-02 1.538612720265e-04 8.472128772257e+04 8.871488433692e+04 1.000000000000e+05 7.853559869919e+03 5.911391442677e+02 1.800000000000e+06 5.726239470053e+04 2.504060976000e+05 1.001622640000e+06 0.000000000000e+00 0.000000000000e+00 0.000000000000e+00 3.212924251773e-03 3.358567216391e-03 5.717002996751e-02 0.000000000000e+00 0.000000000000e+00 0.000000000000e+00 0.000000000000e+00 0.000000000000e+00 
9.110000000000e+00 1.242942352973e-03 5.766968612064e-02 1.228994035895e-04 8.532247108124e+04 8.851505776783e+04 1.000000000000e+05 7.854577461829e+03 5.913803267770e+02 1.800000000000e+06 5.727444676135e+04 2.504060976000e+05 1.001622640000e+06 0.000000000000e+00 0.000000000000e+00 0.000000000000e+00 3.213600478443e-03 3.356729149897e-03 5.718092687316e-02 0.000000000000e+00 0.000000000000e+00 0.000000000000e+00 0.000000000000e+00 0.000000000000e+00 
9.115000000000e+00 1.242438306252e-03 5.911209491999e-02 8.316504493605e-05 8.620577245204e+04 8.836748518299e+04 1.000000000000e+05 7.855288165694e+03 5.915583504374e+02 1.800000000000e+06 5.738926451985e+04 2.504060976000e+05 1.001622640000e+06 0.000000000000e+00 0.000000000000e+00 0.000000000000e+00 3.220042765091e-03 3.355376796269e-03 5.729413130897e-02 0.000000000000e+00 0.000000000000e+00 0.000000000000e+00 0.000000000000e+00 0.000000000000e+00 
9.120000000000e+00 1.242158450282e-03 6.094500475215e-02 3.426999731797e-05 8.739440332860e+04 8.828548595503e+04 1.000000000000e+05 7.855618845256e+03 5.916572367509e+02 1.800000000000e+06 5.763009482135e+04 2.504060976000e+05 1.001622640000e+06 0.000000000000e+00 0.000000000000e+00 0.000000000000e+00 3.233555464312e-03 3.354631537152e-03 5.753286111688e-02 0.000000000000e+00 0.000000000000e+00 0.000000000000e+00 0.000000000000e+00 0.000000000000e+00 
9.125000000000e+00 1.242148215202e-03 6.315813845644e-02 -2.367943692114e-05 8.889820244542e+04 8.828248615449e+04 1.000000000000e+05 7.855496881118e+03 5.916608538875e+02 1.800000000000e+06 5.801834220618e+04 2.504060976000e+05 1.001622640000e+06 0.000000000000e+00 0.000000000000e+00 0.000000000000e+00 3.255339559178e-03 3.354616015821e-03 5.791852071564e-02 0.000000000000e+00 0.000000000000e+00 0.000000000000e+00 0.000000000000e+00 0.000000000000e+00 
9.130000000000e+00 1.242439401473e-03 6.572058703958e-02 -8.810892852820e-05 9.065802228825e+04 8.836780599834e+04 1.000000000000e+05 7.854877695767e+03 5.915579635062e+02 1.800000000000e+06 5.857197752641e+04 2.504060976000e+05 1.001622640000e+06 0.000000000000e+00 0.000000000000e+00 0.000000000000e+00 3.286403372634e-03 3.355433261150e-03 5.846910315221e-02 0.000000000000e+00 0.000000000000e+00 0.000000000000e+00 0.000000000000e+00 0.000000000000e+00 
9.135000000000e+00 1.243059276678e-03 6.858004077947e-02 -1.613252569556e-04 9.273946177451e+04 8.854926893718e+04 1.000000000000e+05 7.853712823311e+03 5.913390452912e+02 1.800000000000e+06 5.930383269454e+04 2.504060976000e+05 1.001622640000e+06 0.000000000000e+00 0.000000000000e+00 0.000000000000e+00 3.327466887891e-03 3.357181147993e-03 5.919749693049e-02 0.000000000000e+00 0.000000000000e+00 0.000000000000e+00 0.000000000000e+00 0.000000000000e+00 
9.140000000000e+00 1.244068123132e-03 7.166778064109e-02 -2.421329376156e-04 9.512552794777e+04 8.884411955162e+04 1.000000000000e+05 7.851910156163e+03 5.909830875308e+02 1.800000000000e+06 6.022011431145e+04 2.504060976000e+05 1.001622640000e+06 0.000000000000e+00 0.000000000000e+00 0.000000000000e+00 3.378878349879e-03 3.359946668024e-03 6.010997927003e-02 0.000000000000e+00 0.000000000000e+00 0.000000000000e+00 0.000000000000e+00 0.000000000000e+00 
9.145000000000e+00 1.245495082224e-03 7.490988267421e-02 -3.274186547745e-04 9.773945288888e+04 8.926015686654e+04 1.000000000000e+05 7.849432868163e+03 5.904803041602e+02 1.800000000000e+06 6.132083588168e+04 2.504060976000e+05 1.001622640000e+06 0.000000000000e+00 0.000000000000e+00 0.000000000000e+00 3.440638516318e-03 3.363797085814e-03 6.120664181688e-02 0.000000000000e+00 0.000000000000e+00 0.000000000000e+00 0.000000000000e+00 0.000000000000e+00 
9.150000000000e+00 1.247357517915e-03 7.822849914254e-02 -4.154522688459e-04 1.005364319308e+05 8.980138086332e+04 1.000000000000e+05 7.846260642135e+03 5.898253121293e+02 1.800000000000e+06 6.259968762749e+04 2.504060976000e+05 1.001622640000e+06 0.000000000000e+00 0.000000000000e+00 0.000000000000e+00 3.512393353154e-03 3.368779886308e-03 6.248126246234e-02 0.000000000000e+00 0.000000000000e+00 0.000000000000e+00 0.000000000000e+00 0.000000000000e+00 
9.155000000000e+00 1.249664206306e-03 8.154757190365e-02 -5.045301102604e-04 1.034696190115e+05 9.046892618792e+04 1.000000000000e+05 7.842387792343e+03 5.890160060164e+02 1.800000000000e+06 6.404450481756e+04 2.504060976000e+05 1.001622640000e+06 0.000000000000e+00 0.000000000000e+00 0.000000000000e+00 3.593460311908e-03 3.374919818779e-03 6.392176396783e-02 0.000000000000e+00 0.000000000000e+00 0.000000000000e+00 0.000000000000e+00 0.000000000000e+00 
9.160000000000e+00 1.252416109838e-03 8.479873260635e-02 -5.929766781658e-04 1.064907611181e+05 9.126131713079e+04 1.000000000000e+05 7.837821926689e+03 5.880532663796e+02 1.800000000000e+06 6.563820092709e+04 2.504060976000e+05 1.001622640000e+06 0.000000000000e+00 0.000000000000e+00 0.000000000000e+00 3.682880688178e-03 3.382219910884e-03 6.551114283501e-02 0.000000000000e+00 0.000000000000e+00 0.000000000000e+00 0.000000000000e+00 0.000000000000e+00 
9.165000000000e+00 1.255605058523e-03 8.792252778562e-02 -6.791434347593e-04 1.095502115124e+05 9.217415082345e+04 1.000000000000e+05 7.832585845222e+03 5.869413791466e+02 1.800000000000e+06 6.735975410068e+04 2.504060976000e+05 1.001622640000e+06 0.000000000000e+00 0.000000000000e+00 0.000000000000e+00 3.779474970884e-03 3.390661029009e-03 6.722845348680e-02 0.000000000000e+00 0.000000000000e+00 0.000000000000e+00 0.000000000000e+00 0.000000000000e+00 
9.170000000000e+00 1.259214853982e-03 9.086988330120e-02 -7.615264700172e-04 1.126006432114e+05 9.320051278971e+04 1.000000000000e+05 7.826715228739e+03 5.856875833081e+02 1.800000000000e+06 6.918533466314e+04 2.504060976000e+05 1.001622640000e+06 0.000000000000e+00 0.000000000000e+00 0.000000000000e+00 3.881906105547e-03 3.400217544141e-03 6.904993340625e-02 0.000000000000e+00 0.000000000000e+00 0.000000000000e+00 0.000000000000e+00 0.000000000000e+00 
9.175000000000e+00 1.263222645705e-03 9.360297516714e-02 -8.390675227151e-04 1.156053532797e+05 9.433148526315e+04 1.000000000000e+05 7.820255437265e+03 5.843015131200e+02 1.800000000000e+06 7.108950525230e+04 2.504060976000e+05 1.001622640000e+06 0.000000000000e+00 0.000000000000e+00 0.000000000000e+00 3.988746832300e-03 3.410850075181e-03 7.095019704402e-02 0.000000000000e+00 0.000000000000e+00 0.000000000000e+00 0.000000000000e+00 0.000000000000e+00 
9.180000000000e+00 1.267601164600e-03 9.609660228674e-02 -9.108146658559e-04 1.185303077600e+05 9.555689721190e+04 1.000000000000e+05 7.813258479404e+03 5.827943434783e+02 1.800000000000e+06 7.304658510713e+04 2.504060976000e+05 1.001622640000e+06 0.000000000000e+00 0.000000000000e+00 0.000000000000e+00 4.098556234459e-03 3.422486368634e-03 7.290360292344e-02 0.000000000000e+00 0.000000000000e+00 0.000000000000e+00 0.000000000000e+00 0.000000000000e+00 
9.185000000000e+00 1.272318419516e-03 9.833449518796e-02 -9.759811388198e-04 1.213456740586e+05 9.686535318032e+04 1.000000000000e+05 7.805783032171e+03 5.811788157015e+02 1.800000000000e+06 7.503142640275e+04 2.504060976000e+05 1.001622640000e+06 0.000000000000e+00 0.000000000000e+00 0.000000000000e+00 4.209923297746e-03 3.435042170640e-03 7.488503287690e-02 0.000000000000e+00 0.000000000000e+00 0.000000000000e+00 0.000000000000e+00 0.000000000000e+00 
9.190000000000e+00 1.277339376000e-03 1.003080560917e-01 -1.033985991918e-03 1.240272880665e+05 9.824481291291e+04 1.000000000000e+05 7.797891426305e+03 5.794685829802e+02 1.800000000000e+06 7.702010332617e+04 2.504060976000e+05 1.001622640000e+06 0.000000000000e+00 0.000000000000e+00 0.000000000000e+00 4.321505573507e-03 3.448424657859e-03 7.687058074221e-02 0.000000000000e+00 0.000000000000e+00 0.000000000000e+00 0.000000000000e+00 0.000000000000e+00 
9.195000000000e+00 1.282627028412e-03 1.020167413011e-01 -1.084500778684e-03 1.265579927432e+05 9.968297930472e+04 1.000000000000e+05 7.789647629082e+03 5.776777791353e+02 1.800000000000e+06 7.899042787502e+04 2.504060976000e+05 1.001622640000e+06 0.000000000000e+00 0.000000000000e+00 0.000000000000e+00 4.432058119554e-03 3.462534876356e-03 7.883807107263e-02 0.000000000000e+00 0.000000000000e+00 0.000000000000e+00 0.000000000000e+00 0.000000000000e+00 
9.200000000000e+00 1.288143437335e-03 1.034649959539e-01 -1.127287619508e-03 1.289237123279e+05 1.011676532935e+05 1.000000000000e+05 7.781115826593e+03 5.758206149347e+02 1.800000000000e+06 8.092226001692e+04 2.504060976000e+05 1.001622640000e+06 0.000000000000e+00 0.000000000000e+00 0.000000000000e+00 4.540450902837e-03 3.477270107798e-03 8.076736882596e-02 0.000000000000e+00 0.000000000000e+00 0.000000000000e+00 0.000000000000e+00 0.000000000000e+00 
9.205000000000e+00 1.293849747344e-03 1.046613686102e-01 -1.162211326363e-03 1.311136421857e+05 1.026867921390e+05 1.000000000000e+05 7.772360219913e+03 5.739113326209e+02 1.800000000000e+06 8.279776912497e+04 2.504060976000e+05 1.001622640000e+06 0.000000000000e+00 0.000000000000e+00 0.000000000000e+00 4.645683468279e-03 3.492525167862e-03 8.264064261157e-02 0.000000000000e+00 0.000000000000e+00 0.000000000000e+00 0.000000000000e+00 0.000000000000e+00 
9.210000000000e+00 1.299706709127e-03 1.056170438146e-01 -1.189244554520e-03 1.331203519920e+05 1.042286894658e+05 1.000000000000e+05 7.763444104448e+03 5.719639999279e+02 1.800000000000e+06 8.460151187648e+04 2.504060976000e+05 1.001622640000e+06 0.000000000000e+00 0.000000000000e+00 0.000000000000e+00 4.746889309575e-03 3.508193905842e-03 8.444244434910e-02 0.000000000000e+00 0.000000000000e+00 0.000000000000e+00 0.000000000000e+00 0.000000000000e+00 
9.215000000000e+00 1.305675185479e-03 1.063441840699e-01 -1.208424591753e-03 1.349386883524e+05 1.057821317616e+05 1.000000000000e+05 7.754429135963e+03 5.699923226975e+02 1.800000000000e+06 8.632038332531e+04 2.504060976000e+05 1.001622640000e+06 0.000000000000e+00 0.000000000000e+00 0.000000000000e+00 4.843333123923e-03 3.524170332007e-03 8.615966214371e-02 0.000000000000e+00 0.000000000000e+00 0.000000000000e+00 0.000000000000e+00 0.000000000000e+00 
9.220000000000e+00 1.311716415200e-03 1.068556535460e-01 -1.219873240889e-03 1.365661619122e+05 1.073364740528e+05 1.000000000000e+05 7.745374866128e+03 5.680095498692e+02 1.800000000000e+06 8.794345072450e+04 2.504060976000e+05 1.001622640000e+06 0.000000000000e+00 0.000000000000e+00 0.000000000000e+00 4.934401488011e-03 3.540349599223e-03 8.778135454516e-02 0.000000000000e+00 0.000000000000e+00 0.000000000000e+00 0.000000000000e+00 0.000000000000e+00 
9.225000000000e+00 1.317792442346e-03 1.071651887057e-01 -1.223775513598e-03 1.380023654166e+05 1.088817436531e+05 1.000000000000e+05 7.736338164488e+03 5.660283344211e+02 1.800000000000e+06 8.946184932034e+04 2.504060976000e+05 1.001622640000e+06 0.000000000000e+00 0.000000000000e+00 0.000000000000e+00 5.019597011145e-03 3.556629006171e-03 8.929864616257e-02 0.000000000000e+00 0.000000000000e+00 0.000000000000e+00 0.000000000000e+00 0.000000000000e+00 
9.230000000000e+00 1.323866385213e-03 1.072866966621e-01 -1.220370194457e-03 1.392486556542e+05 1.104086884112e+05 1.000000000000e+05 7.727372892986e+03 5.640606571939e+02 1.800000000000e+06 9.086863563764e+04 2.504060976000e+05 1.001622640000e+06 0.000000000000e+00 0.000000000000e+00 0.000000000000e+00 5.098530103265e-03 3.572908754372e-03 9.070458180385e-02 0.000000000000e+00 0.000000000000e+00 0.000000000000e+00 0.000000000000e+00 0.000000000000e+00 
9.235000000000e+00 1.329902667937e-03 1.072339159873e-01 -1.209940942210e-03 1.403078531493e+05 1.119088046187e+05 1.000000000000e+05 7.718529665739e+03 5.621177708992e+02 1.800000000000e+06 9.215861697379e+04 2.504060976000e+05 1.001622640000e+06 0.000000000000e+00 0.000000000000e+00 0.000000000000e+00 5.170909408059e-03 3.589092589806e-03 9.199395642433e-02 0.000000000000e+00 0.000000000000e+00 0.000000000000e+00 0.000000000000e+00 0.000000000000e+00 
9.240000000000e+00 1.335866601054e-03 1.070211636397e-01 -1.192674513226e-03 1.411807210872e+05 1.133741969978e+05 1.000000000000e+05 7.709856872606e+03 5.602103584053e+02 1.800000000000e+06 9.332822669212e+04 2.504060976000e+05 1.001622640000e+06 0.000000000000e+00 0.000000000000e+00 0.000000000000e+00 5.236534805823e-03 3.605086666533e-03 9.316318920158e-02 0.000000000000e+00 0.000000000000e+00 0.000000000000e+00 0.000000000000e+00 0.000000000000e+00 
9.245000000000e+00 1.341724456776e-03 1.066620455042e-01 -1.169049399554e-03 1.418749802819e+05 1.147975614865e+05 1.000000000000e+05 7.701399816910e+03 5.583485322613e+02 1.800000000000e+06 9.437540040644e+04 2.504060976000e+05 1.001622640000e+06 0.000000000000e+00 0.000000000000e+00 0.000000000000e+00 5.295290466325e-03 3.620800090067e-03 9.421020206291e-02 0.000000000000e+00 0.000000000000e+00 0.000000000000e+00 0.000000000000e+00 0.000000000000e+00 
9.250000000000e+00 1.347445765015e-03 1.061699185111e-01 -1.139520155923e-03 1.423982368658e+05 1.161726947834e+05 1.000000000000e+05 7.693198213832e+03 5.565411382012e+02 1.800000000000e+06 9.529930639951e+04 2.504060976000e+05 1.001622640000e+06 0.000000000000e+00 0.000000000000e+00 0.000000000000e+00 5.347129722909e-03 3.636150718646e-03 9.513414989721e-02 0.000000000000e+00 0.000000000000e+00 0.000000000000e+00 0.000000000000e+00 0.000000000000e+00 
9.255000000000e+00 1.353002288462e-03 1.055585312952e-01 -1.104520197039e-03 1.427577839340e+05 1.174941821010e+05 1.000000000000e+05 7.685287852161e+03 5.547961255813e+02 1.800000000000e+06 9.610029913906e+04 2.504060976000e+05 1.001622640000e+06 0.000000000000e+00 0.000000000000e+00 0.000000000000e+00 5.392072464334e-03 3.651062347281e-03 9.593537209641e-02 0.000000000000e+00 0.000000000000e+00 0.000000000000e+00 0.000000000000e+00 0.000000000000e+00 
9.260000000000e+00 1.358368254464e-03 1.048415436028e-01 -1.064538293480e-03 1.429623586432e+05 1.187573965740e+05 1.000000000000e+05 7.677700257012e+03 5.531205143567e+02 1.800000000000e+06 9.677983761196e+04 2.504060976000e+05 1.001622640000e+06 0.000000000000e+00 0.000000000000e+00 0.000000000000e+00 5.430200552602e-03 3.665465723817e-03 9.661531236917e-02 0.000000000000e+00 0.000000000000e+00 0.000000000000e+00 0.000000000000e+00 0.000000000000e+00 
9.265000000000e+00 1.363520089594e-03 1.040316417805e-01 -1.020015043219e-03 1.430196760222e+05 1.199583822459e+05 1.000000000000e+05 7.670463451234e+03 5.515205174088e+02 1.800000000000e+06 9.734034197554e+04 2.504060976000e+05 1.001622640000e+06 0.000000000000e+00 0.000000000000e+00 0.000000000000e+00 5.461649779837e-03 3.679297121820e-03 9.717637607318e-02 0.000000000000e+00 0.000000000000e+00 0.000000000000e+00 0.000000000000e+00 0.000000000000e+00 
9.270000000000e+00 1.368436186368e-03 1.031362515488e-01 -9.712353394319e-04 1.429339733185e+05 1.210937510245e+05 1.000000000000e+05 7.663602655699e+03 5.500016485928e+02 1.800000000000e+06 9.778490870486e+04 2.504060976000e+05 1.001622640000e+06 0.000000000000e+00 0.000000000000e+00 0.000000000000e+00 5.486593885539e-03 3.692498166666e-03 9.762165025286e-02 0.000000000000e+00 0.000000000000e+00 0.000000000000e+00 0.000000000000e+00 0.000000000000e+00 
9.275000000000e+00 1.373097870251e-03 1.021754878588e-01 -9.193480606872e-04 1.427290990543e+05 1.221608592518e+05 1.000000000000e+05 7.657136903151e+03 5.485684585900e+02 1.800000000000e+06 9.811699336708e+04 2.504060976000e+05 1.001622640000e+06 0.000000000000e+00 0.000000000000e+00 0.000000000000e+00 5.505226757435e-03 3.705017935958e-03 9.795456780417e-02 0.000000000000e+00 0.000000000000e+00 0.000000000000e+00 0.000000000000e+00 0.000000000000e+00 
9.280000000000e+00 1.377490988254e-03 1.011735315059e-01 -8.645911247922e-04 1.424088395236e+05 1.231581173338e+05 1.000000000000e+05 7.651080722284e+03 5.472240869308e+02 1.800000000000e+06 9.834248379570e+04 2.504060976000e+05 1.001622640000e+06 0.000000000000e+00 0.000000000000e+00 0.000000000000e+00 5.517878754796e-03 3.716818032219e-03 9.818098696839e-02 0.000000000000e+00 0.000000000000e+00 0.000000000000e+00 0.000000000000e+00 0.000000000000e+00 
9.285000000000e+00 1.381602587161e-03 1.001331730173e-01 -8.075348292771e-04 1.419843074539e+05 1.240841867701e+05 1.000000000000e+05 7.645446313114e+03 5.459713154910e+02 1.800000000000e+06 9.846718410122e+04 2.504060976000e+05 1.001622640000e+06 0.000000000000e+00 0.000000000000e+00 0.000000000000e+00 5.524875539298e-03 3.727862777362e-03 9.830670660033e-02 0.000000000000e+00 0.000000000000e+00 0.000000000000e+00 0.000000000000e+00 0.000000000000e+00 
9.290000000000e+00 1.385423014020e-03 9.906891308261e-02 -7.488092725941e-04 1.414682034550e+05 1.249384254799e+05 1.000000000000e+05 7.640241274244e+03 5.448119499207e+02 1.800000000000e+06 9.849726567363e+04 2.504060976000e+05 1.001622640000e+06 0.000000000000e+00 0.000000000000e+00 0.000000000000e+00 5.526563380229e-03 3.738128258537e-03 9.833787953079e-02 0.000000000000e+00 0.000000000000e+00 0.000000000000e+00 0.000000000000e+00 0.000000000000e+00 
9.295000000000e+00 1.388946006593e-03 9.799501180800e-02 -6.890586403001e-04 1.408738345203e+05 1.257208722906e+05 1.000000000000e+05 7.635468682909e+03 5.437468197541e+02 1.800000000000e+06 9.843951315806e+04 2.504060976000e+05 1.001622640000e+06 0.000000000000e+00 0.000000000000e+00 0.000000000000e+00 5.523322955883e-03 3.747618177375e-03 9.828127235890e-02 0.000000000000e+00 0.000000000000e+00 0.000000000000e+00 0.000000000000e+00 0.000000000000e+00 
9.300000000000e+00 1.392168273342e-03 9.692718121566e-02 -6.289056588048e-04 1.402142854484e+05 1.264321248216e+05 1.000000000000e+05 7.631127841074e+03 5.427759278995e+02 1.800000000000e+06 9.830136243184e+04 2.504060976000e+05 1.001622640000e+06 0.000000000000e+00 0.000000000000e+00 0.000000000000e+00 5.515571484416e-03 3.756327075519e-03 9.814430046719e-02 0.000000000000e+00 0.000000000000e+00 0.000000000000e+00 0.000000000000e+00 0.000000000000e+00 
9.305000000000e+00 1.395089475220e-03 9.587867176323e-02 -5.689308637480e-04 1.395020175980e+05 1.270733147769e+05 1.000000000000e+05 7.627214406372e+03 5.418984725618e+02 1.800000000000e+06 9.809079473134e+04 2.504060976000e+05 1.001622640000e+06 0.000000000000e+00 0.000000000000e+00 0.000000000000e+00 5.503756783422e-03 3.764253119393e-03 9.793492704336e-02 0.000000000000e+00 0.000000000000e+00 0.000000000000e+00 0.000000000000e+00 0.000000000000e+00 
9.310000000000e+00 1.397712118008e-03 9.486140359346e-02 -5.097022874387e-04 1.387495563635e+05 1.276460693240e+05 1.000000000000e+05 7.623720524755e+03 5.411128917234e+02 1.800000000000e+06 9.781610756652e+04 2.504060976000e+05 1.001622640000e+06 0.000000000000e+00 0.000000000000e+00 0.000000000000e+00 5.488344416228e-03 3.771402019312e-03 9.766143291547e-02 0.000000000000e+00 0.000000000000e+00 0.000000000000e+00 0.000000000000e+00 0.000000000000e+00 
9.315000000000e+00 1.400041793102e-03 9.388542639954e-02 -4.518382792125e-04 1.379709584205e+05 1.281525538377e+05 1.000000000000e+05 7.620634399302e+03 5.404167992340e+02 1.800000000000e+06 9.748579813851e+04 2.504060976000e+05 1.001622640000e+06 0.000000000000e+00 0.000000000000e+00 0.000000000000e+00 5.469811150594e-03 3.777787031687e-03 9.733230064885e-02 0.000000000000e+00 0.000000000000e+00 0.000000000000e+00 0.000000000000e+00 0.000000000000e+00 
9.320000000000e+00 1.402088138726e-03 9.296003552887e-02 -3.958265618630e-04 1.371781254833e+05 1.285956738587e+05 1.000000000000e+05 7.617939361253e+03 5.398067036158e+02 1.800000000000e+06 9.710831879060e+04 2.504060976000e+05 1.001622640000e+06 0.000000000000e+00 0.000000000000e+00 0.000000000000e+00 5.448631237358e-03 3.783429243507e-03 9.695596907281e-02 0.000000000000e+00 0.000000000000e+00 0.000000000000e+00 0.000000000000e+00 0.000000000000e+00 
9.325000000000e+00 1.403859037926e-03 9.209593445836e-02 -3.416918841600e-04 1.363724909114e+05 1.289778206459e+05 1.000000000000e+05 7.615622509799e+03 5.392797370107e+02 1.800000000000e+06 9.669207892322e+04 2.504060976000e+05 1.001622640000e+06 0.000000000000e+00 0.000000000000e+00 0.000000000000e+00 5.425276517887e-03 3.788352344747e-03 9.654083583742e-02 0.000000000000e+00 0.000000000000e+00 0.000000000000e+00 0.000000000000e+00 0.000000000000e+00 
9.330000000000e+00 1.405364908871e-03 9.129672194391e-02 -2.901141380130e-04 1.355701816181e+05 1.293018113966e+05 1.000000000000e+05 7.613666491474e+03 5.388323680812e+02 1.800000000000e+06 9.624542402865e+04 2.504060976000e+05 1.001622640000e+06 0.000000000000e+00 0.000000000000e+00 0.000000000000e+00 5.400215247739e-03 3.792586698182e-03 9.609523374560e-02 0.000000000000e+00 0.000000000000e+00 0.000000000000e+00 0.000000000000e+00 0.000000000000e+00 
9.335000000000e+00 1.406619262609e-03 9.056470809630e-02 -2.413890413974e-04 1.347796264066e+05 1.295710131440e+05 1.000000000000e+05 7.612050857893e+03 5.384602337503e+02 1.800000000000e+06 9.577635214521e+04 2.504060976000e+05 1.001622640000e+06 0.000000000000e+00 0.000000000000e+00 0.000000000000e+00 5.373896187245e-03 3.796166803409e-03 9.562715437327e-02 0.000000000000e+00 0.000000000000e+00 0.000000000000e+00 0.000000000000e+00 0.000000000000e+00 
9.340000000000e+00 1.407636990855e-03 8.990111866725e-02 -1.957441032786e-04 1.340081045492e+05 1.297889825404e+05 1.000000000000e+05 7.610753733771e+03 5.381586419745e+02 1.800000000000e+06 9.529231880933e+04 2.504060976000e+05 1.001622640000e+06 0.000000000000e+00 0.000000000000e+00 0.000000000000e+00 5.346737657609e-03 3.799130360395e-03 9.514404843970e-02 0.000000000000e+00 0.000000000000e+00 0.000000000000e+00 0.000000000000e+00 0.000000000000e+00 
9.345000000000e+00 1.408439343596e-03 8.930519382401e-02 -1.546266245423e-04 1.332905584490e+05 1.299605414064e+05 1.000000000000e+05 7.609742357534e+03 5.379210897118e+02 1.800000000000e+06 9.480010759165e+04 2.504060976000e+05 1.001622640000e+06 0.000000000000e+00 0.000000000000e+00 0.000000000000e+00 5.319120276839e-03 3.801517764531e-03 9.465269854544e-02 0.000000000000e+00 0.000000000000e+00 0.000000000000e+00 0.000000000000e+00 0.000000000000e+00 
9.350000000000e+00 1.409059836068e-03 8.877397293956e-02 -1.173640395008e-04 1.326189101276e+05 1.300930441798e+05 1.000000000000e+05 7.608971820800e+03 5.377375108521e+02 1.800000000000e+06 9.430566584988e+04 2.504060976000e+05 1.001622640000e+06 0.000000000000e+00 0.000000000000e+00 0.000000000000e+00 5.291377744038e-03 3.803371580933e-03 9.415905128040e-02 0.000000000000e+00 0.000000000000e+00 0.000000000000e+00 0.000000000000e+00 0.000000000000e+00 
9.355000000000e+00 1.409513767257e-03 8.830516385665e-02 -8.305103011031e-05 1.319764150361e+05 1.301898845016e+05 1.000000000000e+05 7.608422746256e+03 5.376032825941e+02 1.800000000000e+06 9.381435527219e+04 2.504060976000e+05 1.001622640000e+06 0.000000000000e+00 0.000000000000e+00 0.000000000000e+00 5.263810897096e-03 3.804734152620e-03 9.366846732132e-02 0.000000000000e+00 0.000000000000e+00 0.000000000000e+00 0.000000000000e+00 0.000000000000e+00 
9.360000000000e+00 1.409814965820e-03 8.789482946840e-02 -5.167537546396e-05 1.313653425454e+05 1.302540974193e+05 1.000000000000e+05 7.608076069669e+03 5.375142510971e+02 1.800000000000e+06 9.333082085054e+04 2.504060976000e+05 1.001622640000e+06 0.000000000000e+00 0.000000000000e+00 0.000000000000e+00 5.236680360939e-03 3.805647591266e-03 9.318559376935e-02 0.000000000000e+00 0.000000000000e+00 0.000000000000e+00 0.000000000000e+00 0.000000000000e+00 
9.365000000000e+00 1.409977113226e-03 8.753722906194e-02 -2.318963625505e-05 1.307872432827e+05 1.302886513530e+05 1.000000000000e+05 7.607913102009e+03 5.374663328744e+02 1.800000000000e+06 9.285898625839e+04 2.504060976000e+05 1.001622640000e+06 0.000000000000e+00 0.000000000000e+00 0.000000000000e+00 5.210206288175e-03 3.806152847291e-03 9.271435585827e-02 0.000000000000e+00 0.000000000000e+00 0.000000000000e+00 0.000000000000e+00 0.000000000000e+00 
9.370000000000e+00 1.410011651843e-03 8.722780890105e-02 3.045600342099e-06 1.302305303529e+05 1.302960102915e+05 1.000000000000e+05 7.607919491547e+03 5.374561269309e+02 1.800000000000e+06 9.240200711740e+04 2.504060976000e+05 1.001622640000e+06 0.000000000000e+00 0.000000000000e+00 0.000000000000e+00 5.184565736949e-03 3.806289481853e-03 9.225791676320e-02 0.000000000000e+00 0.000000000000e+00 0.000000000000e+00 0.000000000000e+00 0.000000000000e+00 
9.375000000000e+00 1.409922218156e-03 8.696122916628e-02 2.702041958826e-05 1.296959641021e+05 1.302769542397e+05 1.000000000000e+05 7.608090263321e+03 5.374825547426e+02 1.800000000000e+06 9.196208188108e+04 2.504060976000e+05 1.001622640000e+06 0.000000000000e+00 0.000000000000e+00 0.000000000000e+00 5.159882059849e-03 3.806095654188e-03 9.181847996493e-02 0.000000000000e+00 0.000000000000e+00 0.000000000000e+00 0.000000000000e+00 0.000000000000e+00 
9.380000000000e+00 1.409721167720e-03 8.673179603227e-02 4.827940055590e-05 1.291957837013e+05 1.302341042306e+05 1.000000000000e+05 7.608407697688e+03 5.375419740837e+02 1.800000000000e+06 9.154087389239e+04 2.504060976000e+05 1.001622640000e+06 0.000000000000e+00 0.000000000000e+00 0.000000000000e+00 5.136248585053e-03 3.805607616278e-03 9.139771289599e-02 0.000000000000e+00 0.000000000000e+00 0.000000000000e+00 0.000000000000e+00 0.000000000000e+00 
9.385000000000e+00 1.409421482372e-03 8.653396372707e-02 6.700837683266e-05 1.287286283977e+05 1.301702031616e+05 1.000000000000e+05 7.608854559547e+03 5.376305664883e+02 1.800000000000e+06 9.113946353425e+04 2.504060976000e+05 1.001622640000e+06 0.000000000000e+00 0.000000000000e+00 0.000000000000e+00 5.113725931551e-03 3.804859288387e-03 9.099670138123e-02 0.000000000000e+00 0.000000000000e+00 0.000000000000e+00 0.000000000000e+00 0.000000000000e+00 
9.390000000000e+00 1.409035173499e-03 8.636245665921e-02 8.341353133616e-05 1.282925378056e+05 1.300877804623e+05 1.000000000000e+05 7.609414995092e+03 5.377448053545e+02 1.800000000000e+06 9.075839502415e+04 2.504060976000e+05 1.001622640000e+06 0.000000000000e+00 0.000000000000e+00 0.000000000000e+00 5.092344634731e-03 3.803882002647e-03 9.061599495220e-02 0.000000000000e+00 0.000000000000e+00 0.000000000000e+00 0.000000000000e+00 0.000000000000e+00 
9.395000000000e+00 1.408573231967e-03 8.621268228073e-02 9.769890549989e-05 1.278854153472e+05 1.299891451286e+05 1.000000000000e+05 7.610074543565e+03 5.378814679121e+02 1.800000000000e+06 9.039778850563e+04 2.504060976000e+05 1.001622640000e+06 0.000000000000e+00 0.000000000000e+00 0.000000000000e+00 5.072111435705e-03 3.802702594180e-03 9.025571750327e-02 0.000000000000e+00 0.000000000000e+00 0.000000000000e+00 0.000000000000e+00 0.000000000000e+00 
9.400000000000e+00 1.408045692618e-03 8.608021549090e-02 1.100613141060e-04 1.275051432938e+05 1.298764021963e+05 1.000000000000e+05 7.610820031200e+03 5.380376140796e+02 1.800000000000e+06 9.005744906279e+04 2.504060976000e+05 1.001622640000e+06 0.000000000000e+00 0.000000000000e+00 0.000000000000e+00 5.053015397974e-03 3.801342926076e-03 8.991567983051e-02 0.000000000000e+00 0.000000000000e+00 0.000000000000e+00 0.000000000000e+00 0.000000000000e+00 
9.405000000000e+00 1.407461575246e-03 8.595997502390e-02 1.207031868633e-04 1.271492860595e+05 1.297514419996e+05 1.000000000000e+05 7.611639672833e+03 5.382106025050e+02 1.800000000000e+06 8.973670376281e+04 2.504060976000e+05 1.001622640000e+06 0.000000000000e+00 0.000000000000e+00 0.000000000000e+00 5.035018764087e-03 3.799827274881e-03 8.959521516043e-02 0.000000000000e+00 0.000000000000e+00 0.000000000000e+00 0.000000000000e+00 0.000000000000e+00 
9.410000000000e+00 1.406828835603e-03 8.584767880738e-02 1.298366086997e-04 1.268149851792e+05 1.296159307805e+05 1.000000000000e+05 7.612523144298e+03 5.383981042431e+02 1.800000000000e+06 8.943456145852e+04 2.504060976000e+05 1.001622640000e+06 0.000000000000e+00 0.000000000000e+00 0.000000000000e+00 5.018065921964e-03 3.798177304554e-03 8.929333733368e-02 0.000000000000e+00 0.000000000000e+00 0.000000000000e+00 0.000000000000e+00 0.000000000000e+00 
9.415000000000e+00 1.406154352933e-03 8.573897299199e-02 1.376825480710e-04 1.264989662716e+05 1.294713084511e+05 1.000000000000e+05 7.613461597121e+03 5.385981061210e+02 1.800000000000e+06 8.914977452787e+04 2.504060976000e+05 1.001622640000e+06 0.000000000000e+00 0.000000000000e+00 0.000000000000e+00 5.002086869030e-03 3.796411720637e-03 8.900880391504e-02 0.000000000000e+00 0.000000000000e+00 0.000000000000e+00 0.000000000000e+00 0.000000000000e+00 
9.420000000000e+00 1.405443842606e-03 8.562865113161e-02 1.444852425978e-04 1.261972028161e+05 1.293187697293e+05 1.000000000000e+05 7.614447808353e+03 5.388089367466e+02 1.800000000000e+06 8.888082149320e+04 2.504060976000e+05 1.001622640000e+06 0.000000000000e+00 0.000000000000e+00 0.000000000000e+00 4.986996236998e-03 3.794546077591e-03 8.874009967035e-02 0.000000000000e+00 0.000000000000e+00 0.000000000000e+00 0.000000000000e+00 0.000000000000e+00 
9.425000000000e+00 1.404701686404e-03 8.550985292625e-02 1.505314239065e-04 1.259044561463e+05 1.291592269911e+05 1.000000000000e+05 7.615476454942e+03 5.390293174098e+02 1.800000000000e+06 8.862582785009e+04 2.504060976000e+05 1.001622640000e+06 0.000000000000e+00 0.000000000000e+00 0.000000000000e+00 4.972688849675e-03 3.792592318494e-03 8.848535830183e-02 0.000000000000e+00 0.000000000000e+00 0.000000000000e+00 0.000000000000e+00 0.000000000000e+00 
9.430000000000e+00 1.403930657877e-03 8.537314612445e-02 1.561718720505e-04 1.256137398870e+05 1.289932498606e+05 1.000000000000e+05 7.616544538920e+03 5.392584446817e+02 1.800000000000e+06 8.838242026418e+04 2.504060976000e+05 1.001622640000e+06 0.000000000000e+00 0.000000000000e+00 0.000000000000e+00 4.959031542119e-03 3.790558026267e-03 8.824221771943e-02 0.000000000000e+00 0.000000000000e+00 0.000000000000e+00 0.000000000000e+00 0.000000000000e+00 
9.435000000000e+00 1.403131533208e-03 8.520558815054e-02 1.618444141854e-04 1.253157248931e+05 1.288209792742e+05 1.000000000000e+05 7.617651975350e+03 5.394961077020e+02 1.800000000000e+06 8.814751478126e+04 2.504060976000e+05 1.001622640000e+06 0.000000000000e+00 0.000000000000e+00 0.000000000000e+00 4.945851277359e-03 3.788445376214e-03 8.800760935805e-02 0.000000000000e+00 0.000000000000e+00 0.000000000000e+00 0.000000000000e+00 0.000000000000e+00 
9.440000000000e+00 1.402302657815e-03 8.499055876201e-02 1.680691598996e-04 1.249987320702e+05 1.286420309188e+05 1.000000000000e+05 7.618802187654e+03 5.397428194536e+02 1.800000000000e+06 8.791706970044e+04 2.504060976000e+05 1.001622640000e+06 0.000000000000e+00 0.000000000000e+00 0.000000000000e+00 4.932921280408e-03 3.786249963462e-03 8.777751139878e-02 0.000000000000e+00 0.000000000000e+00 0.000000000000e+00 0.000000000000e+00 0.000000000000e+00 
9.445000000000e+00 1.401439553414e-03 8.470831135872e-02 1.754434455437e-04 1.246487382413e+05 1.284554061864e+05 1.000000000000e+05 7.620002650706e+03 5.399999369166e+02 1.800000000000e+06 8.768588255189e+04 2.504060976000e+05 1.001622640000e+06 0.000000000000e+00 0.000000000000e+00 0.000000000000e+00 4.919949646928e-03 3.783959834624e-03 8.754674522357e-02 0.000000000000e+00 0.000000000000e+00 0.000000000000e+00 0.000000000000e+00 0.000000000000e+00 
9.450000000000e+00 1.400534734872e-03 8.433832663007e-02 1.845683206983e-04 1.242509117298e+05 1.282594472603e+05 1.000000000000e+05 7.621265009093e+03 5.402697196525e+02 1.800000000000e+06 8.744751353758e+04 2.504060976000e+05 1.001622640000e+06 0.000000000000e+00 0.000000000000e+00 0.000000000000e+00 4.906575047578e-03 3.781554876008e-03 8.730889636526e-02 0.000000000000e+00 0.000000000000e+00 0.000000000000e+00 0.000000000000e+00 0.000000000000e+00 
9.455000000000e+00 1.399577904475e-03 8.386285886658e-02 1.959696805400e-04 1.237913523457e+05 1.280518729644e+05 1.000000000000e+05 7.622604668226e+03 5.405552765930e+02 1.800000000000e+06 8.719446926551e+04 2.504060976000e+05 1.001622640000e+06 0.000000000000e+00 0.000000000000e+00 0.000000000000e+00 4.892377037125e-03 3.779007328478e-03 8.705649431699e-02 0.000000000000e+00 0.000000000000e+00 0.000000000000e+00 0.000000000000e+00 0.000000000000e+00 
9.460000000000e+00 1.398556582964e-03 8.327064550368e-02 2.100121862511e-04 1.232590919319e+05 1.278299089572e+05 1.000000000000e+05 7.624039770418e+03 5.408603827780e+02 1.800000000000e+06 8.691868564617e+04 2.504060976000e+05 1.001622640000e+06 0.000000000000e+00 0.000000000000e+00 0.000000000000e+00 4.876903149184e-03 3.776283534903e-03 8.678149116460e-02 0.000000000000e+00 0.000000000000e+00 0.000000000000e+00 0.000000000000e+00 0.000000000000e+00 
9.465000000000e+00 1.397457195116e-03 8.256066676590e-02 2.268038726771e-04 1.226484106804e+05 1.275905171554e+05 1.000000000000e+05 7.625589523594e+03 5.411891599568e+02 1.800000000000e+06 8.661227214758e+04 2.504060976000e+05 1.001622640000e+06 0.000000000000e+00 0.000000000000e+00 0.000000000000e+00 4.859710655474e-03 3.773346884977e-03 8.647600137927e-02 0.000000000000e+00 0.000000000000e+00 0.000000000000e+00 0.000000000000e+00 0.000000000000e+00 
9.470000000000e+00 1.396266538068e-03 8.174462502920e-02 2.461459954067e-04 1.219602725010e+05 1.273307101946e+05 1.000000000000e+05 7.627272088963e+03 5.415456414316e+02 1.800000000000e+06 8.626846851678e+04 2.504060976000e+05 1.001622640000e+06 0.000000000000e+00 0.000000000000e+00 0.000000000000e+00 4.840420246314e-03 3.770161747200e-03 8.613325532072e-02 0.000000000000e+00 0.000000000000e+00 0.000000000000e+00 0.000000000000e+00 0.000000000000e+00 
9.475000000000e+00 1.394973265197e-03 8.084650826842e-02 2.675330428427e-04 1.212026908951e+05 1.270478724557e+05 1.000000000000e+05 7.629102539304e+03 5.419333298311e+02 1.800000000000e+06 8.588260609743e+04 2.504060976000e+05 1.001622640000e+06 0.000000000000e+00 0.000000000000e+00 0.000000000000e+00 4.818769969000e-03 3.766697500427e-03 8.574856062672e-02 0.000000000000e+00 0.000000000000e+00 0.000000000000e+00 0.000000000000e+00 0.000000000000e+00 
9.480000000000e+00 1.393569392621e-03 7.990054734978e-02 2.901937428445e-04 1.203902246980e+05 1.267400905168e+05 1.000000000000e+05 7.631090855367e+03 5.423547447007e+02 1.800000000000e+06 8.545286958906e+04 2.504060976000e+05 1.001622640000e+06 0.000000000000e+00 0.000000000000e+00 0.000000000000e+00 4.794657969199e-03 3.762932615728e-03 8.532006575913e-02 0.000000000000e+00 0.000000000000e+00 0.000000000000e+00 0.000000000000e+00 0.000000000000e+00 
9.485000000000e+00 1.392051314569e-03 7.894708295050e-02 3.131813273631e-04 1.195423007100e+05 1.264063816558e+05 1.000000000000e+05 7.633240684693e+03 5.428111131891e+02 1.800000000000e+06 8.498073801987e+04 2.504060976000e+05 1.001622640000e+06 0.000000000000e+00 0.000000000000e+00 0.000000000000e+00 4.768167233409e-03 3.758857490528e-03 8.484920524231e-02 0.000000000000e+00 0.000000000000e+00 0.000000000000e+00 0.000000000000e+00 0.000000000000e+00 
9.490000000000e+00 1.390420399088e-03 7.802781484896e-02 3.354721597846e-04 1.186812601527e+05 1.260468357556e+05 1.000000000000e+05 7.635548681563e+03 5.433021826276e+02 1.800000000000e+06 8.447100506165e+04 2.504060976000e+05 1.001622640000e+06 0.000000000000e+00 0.000000000000e+00 0.000000000000e+00 4.739566728803e-03 3.754475973990e-03 8.434072516441e-02 0.000000000000e+00 0.000000000000e+00 0.000000000000e+00 0.000000000000e+00 0.000000000000e+00 
9.495000000000e+00 1.388683116859e-03 7.718193451931e-02 3.560487962637e-04 1.178306320689e+05 1.256626593507e+05 1.000000000000e+05 7.638004447537e+03 5.438261698812e+02 1.800000000000e+06 8.393142563010e+04 2.504060976000e+05 1.001622640000e+06 0.000000000000e+00 0.000000000000e+00 0.000000000000e+00 4.709291574394e-03 3.749805713554e-03 8.380233414208e-02 0.000000000000e+00 0.000000000000e+00 0.000000000000e+00 0.000000000000e+00 0.000000000000e+00 
9.500000000000e+00 1.386850734163e-03 7.644267664077e-02 3.739961862347e-04 1.170129997472e+05 1.252561268331e+05 1.000000000000e+05 7.640591095525e+03 5.443798395195e+02 1.800000000000e+06 8.337210889782e+04 2.504060976000e+05 1.001622640000e+06 0.000000000000e+00 0.000000000000e+00 0.000000000000e+00 4.677908983726e-03 3.744877316513e-03 8.324410036924e-02 0.000000000000e+00 0.000000000000e+00 0.000000000000e+00 0.000000000000e+00 0.000000000000e+00 
9.505000000000e+00 1.384938593159e-03 7.583463174581e-02 3.885690405225e-04 1.162483759138e+05 1.248304413495e+05 1.000000000000e+05 7.643286326977e+03 5.449587057891e+02 1.800000000000e+06 8.280469051350e+04 2.504060976000e+05 1.001622640000e+06 0.000000000000e+00 0.000000000000e+00 0.000000000000e+00 4.646071819084e-03 3.739732398341e-03 8.267762716270e-02 0.000000000000e+00 0.000000000000e+00 0.000000000000e+00 0.000000000000e+00 0.000000000000e+00 
9.510000000000e+00 1.382965164790e-03 7.537285607776e-02 3.992229864511e-04 1.155532918485e+05 1.243895436018e+05 1.000000000000e+05 7.646063757876e+03 5.455573045884e+02 1.800000000000e+06 8.224143082763e+04 2.504060976000e+05 1.001622640000e+06 0.000000000000e+00 0.000000000000e+00 0.000000000000e+00 4.614467994022e-03 3.734421016030e-03 8.211515260548e-02 0.000000000000e+00 0.000000000000e+00 0.000000000000e+00 0.000000000000e+00 0.000000000000e+00 
9.515000000000e+00 1.380950962314e-03 7.506273716817e-02 4.056435316726e-04 1.149398735842e+05 1.239378856814e+05 1.000000000000e+05 7.648894448862e+03 5.461695106497e+02 1.800000000000e+06 8.169436307046e+04 2.504060976000e+05 1.001622640000e+06 0.000000000000e+00 0.000000000000e+00 0.000000000000e+00 4.583772678648e-03 3.728998727977e-03 8.156869825718e-02 0.000000000000e+00 0.000000000000e+00 0.000000000000e+00 0.000000000000e+00 0.000000000000e+00 
9.520000000000e+00 1.378917414586e-03 7.490077500680e-02 4.077328833023e-04 1.144158174065e+05 1.234801901620e+05 1.000000000000e+05 7.651748423054e+03 5.467888712980e+02 1.800000000000e+06 8.117452812974e+04 2.504060976000e+05 1.001622640000e+06 0.000000000000e+00 0.000000000000e+00 0.000000000000e+00 4.554605363926e-03 3.723523546825e-03 8.104930347107e-02 0.000000000000e+00 0.000000000000e+00 0.000000000000e+00 0.000000000000e+00 0.000000000000e+00 
9.525000000000e+00 1.376885903052e-03 7.487689825723e-02 4.055736761195e-04 1.139849062526e+05 1.230212393601e+05 1.000000000000e+05 7.654595927218e+03 5.474088953925e+02 1.800000000000e+06 8.069142139366e+04 2.504060976000e+05 1.001622640000e+06 0.000000000000e+00 0.000000000000e+00 0.000000000000e+00 4.527498824693e-03 3.718053334742e-03 8.056647000080e-02 0.000000000000e+00 0.000000000000e+00 0.000000000000e+00 0.000000000000e+00 0.000000000000e+00 
9.530000000000e+00 1.374876820808e-03 7.497516345859e-02 3.994406033951e-04 1.136464625040e+05 1.225656630048e+05 1.000000000000e+05 7.657408782461e+03 5.480233404757e+02 1.800000000000e+06 8.025262177006e+04 2.504060976000e+05 1.001622640000e+06 0.000000000000e+00 0.000000000000e+00 0.000000000000e+00 4.502878304372e-03 3.712643187274e-03 8.012779031136e-02 0.000000000000e+00 0.000000000000e+00 0.000000000000e+00 0.000000000000e+00 0.000000000000e+00 
9.535000000000e+00 1.372908823033e-03 7.517572501438e-02 3.897436983823e-04 1.133963679008e+05 1.221177629902e+05 1.000000000000e+05 7.660161341282e+03 5.486264461143e+02 1.800000000000e+06 7.986354916993e+04 2.504060976000e+05 1.001622640000e+06 0.000000000000e+00 0.000000000000e+00 0.000000000000e+00 4.481047907666e-03 3.707343471558e-03 7.973870313686e-02 0.000000000000e+00 0.000000000000e+00 0.000000000000e+00 0.000000000000e+00 0.000000000000e+00 
9.540000000000e+00 1.370998243379e-03 7.545639916005e-02 3.769747849380e-04 1.132280693856e+05 1.216813708590e+05 1.000000000000e+05 7.662831231054e+03 5.492131201287e+02 1.800000000000e+06 7.952738990837e+04 2.504060976000e+05 1.001622640000e+06 0.000000000000e+00 0.000000000000e+00 0.000000000000e+00 4.462186414891e-03 3.702198330256e-03 7.940241739352e-02 0.000000000000e+00 0.000000000000e+00 0.000000000000e+00 0.000000000000e+00 0.000000000000e+00 
9.545000000000e+00 1.369158747721e-03 7.579474876281e-02 3.617010790653e-04 1.131326018023e+05 1.212597559890e+05 1.000000000000e+05 7.665399870898e+03 5.497790545240e+02 1.800000000000e+06 7.924520022013e+04 2.504060976000e+05 1.001622640000e+06 0.000000000000e+00 0.000000000000e+00 0.000000000000e+00 4.446353090111e-03 3.697244725803e-03 7.912001302271e-02 0.000000000000e+00 0.000000000000e+00 0.000000000000e+00 0.000000000000e+00 0.000000000000e+00 
9.550000000000e+00 1.367401067697e-03 7.616840422608e-02 3.445135873267e-04 1.130996558599e+05 1.208555502333e+05 1.000000000000e+05 7.667852784609e+03 5.503208182003e+02 1.800000000000e+06 7.901607366091e+04 2.504060976000e+05 1.001622640000e+06 0.000000000000e+00 0.000000000000e+00 0.000000000000e+00 4.433497073825e-03 3.692511737411e-03 7.889060826159e-02 0.000000000000e+00 0.000000000000e+00 0.000000000000e+00 0.000000000000e+00 0.000000000000e+00 
9.555000000000e+00 1.365733389155e-03 7.656073710729e-02 3.259021614492e-04 1.131204775498e+05 1.204708230473e+05 1.000000000000e+05 7.670178829040e+03 5.508357478504e+02 1.800000000000e+06 7.883756605449e+04 2.504060976000e+05 1.001622640000e+06 0.000000000000e+00 0.000000000000e+00 0.000000000000e+00 4.423481226238e-03 3.688021719928e-03 7.871177807842e-02 0.000000000000e+00 0.000000000000e+00 0.000000000000e+00 0.000000000000e+00 0.000000000000e+00 
9.560000000000e+00 1.364160736544e-03 7.695084252213e-02 3.065294654569e-04 1.131815511516e+05 1.201069264369e+05 1.000000000000e+05 7.672371686412e+03 5.513221477585e+02 1.800000000000e+06 7.870590177714e+04 2.504060976000e+05 1.001622640000e+06 0.000000000000e+00 0.000000000000e+00 0.000000000000e+00 4.416093701633e-03 3.683788629775e-03 7.857977116464e-02 0.000000000000e+00 0.000000000000e+00 0.000000000000e+00 0.000000000000e+00 0.000000000000e+00 
9.565000000000e+00 1.362684983047e-03 7.731804780423e-02 2.870946943438e-04 1.132676561009e+05 1.197644840334e+05 1.000000000000e+05 7.674429601856e+03 5.517792965276e+02 1.800000000000e+06 7.861599146619e+04 2.504060976000e+05 1.001622640000e+06 0.000000000000e+00 0.000000000000e+00 0.000000000000e+00 4.411048941978e-03 3.679817353217e-03 7.848952278798e-02 0.000000000000e+00 0.000000000000e+00 0.000000000000e+00 0.000000000000e+00 0.000000000000e+00 
9.570000000000e+00 1.361305021448e-03 7.764585904942e-02 2.680245404562e-04 1.133689157498e+05 1.194434193440e+05 1.000000000000e+05 7.676354515774e+03 5.522074025917e+02 1.800000000000e+06 7.856146932805e+04 2.504060976000e+05 1.001622640000e+06 0.000000000000e+00 0.000000000000e+00 0.000000000000e+00 4.407989770234e-03 3.676104679226e-03 7.843468830061e-02 0.000000000000e+00 0.000000000000e+00 0.000000000000e+00 0.000000000000e+00 0.000000000000e+00 
9.575000000000e+00 1.360017984640e-03 7.792825703952e-02 2.496956406849e-04 1.134760987636e+05 1.191432315171e+05 1.000000000000e+05 7.678150819236e+03 5.526072316267e+02 1.800000000000e+06 7.853573787789e+04 2.504060976000e+05 1.001622640000e+06 0.000000000000e+00 0.000000000000e+00 0.000000000000e+00 4.406546009443e-03 3.672642671473e-03 7.840867967859e-02 0.000000000000e+00 0.000000000000e+00 0.000000000000e+00 0.000000000000e+00 0.000000000000e+00 
9.580000000000e+00 1.358819136751e-03 7.815846138873e-02 2.324595317543e-04 1.135800425405e+05 1.188629655295e+05 1.000000000000e+05 7.679825574057e+03 5.529801436097e+02 1.800000000000e+06 7.853223910704e+04 2.504060976000e+05 1.001622640000e+06 0.000000000000e+00 0.000000000000e+00 0.000000000000e+00 4.406349697609e-03 3.669418366054e-03 7.840494934334e-02 0.000000000000e+00 0.000000000000e+00 0.000000000000e+00 0.000000000000e+00 0.000000000000e+00 
9.585000000000e+00 1.357702441370e-03 7.833086747880e-02 2.165995517968e-04 1.136727817186e+05 1.186013418352e+05 1.000000000000e+05 7.681387617816e+03 5.533279183896e+02 1.800000000000e+06 7.854450292069e+04 2.504060976000e+05 1.001622640000e+06 0.000000000000e+00 0.000000000000e+00 0.000000000000e+00 4.407037805476e-03 3.666414922344e-03 7.841703560199e-02 0.000000000000e+00 0.000000000000e+00 0.000000000000e+00 0.000000000000e+00 0.000000000000e+00 
9.590000000000e+00 1.356659931961e-03 7.844152267925e-02 2.024060999508e-04 1.137456985477e+05 1.183566070253e+05 1.000000000000e+05 7.682848628525e+03 5.536529530828e+02 1.800000000000e+06 7.856625740828e+04 2.504060976000e+05 1.001622640000e+06 0.000000000000e+00 0.000000000000e+00 0.000000000000e+00 4.408258423669e-03 3.663611474788e-03 7.843867420926e-02 0.000000000000e+00 0.000000000000e+00 0.000000000000e+00 0.000000000000e+00 0.000000000000e+00 
9.595000000000e+00 1.355682912073e-03 7.848916324735e-02 1.900134206642e-04 1.137935366983e+05 1.181268141444e+05 1.000000000000e+05 7.684221062139e+03 5.539578888985e+02 1.800000000000e+06 7.859150332448e+04 2.504060976000e+05 1.001622640000e+06 0.000000000000e+00 0.000000000000e+00 0.000000000000e+00 4.409674941733e-03 3.660984654392e-03 7.846387078686e-02 0.000000000000e+00 0.000000000000e+00 0.000000000000e+00 0.000000000000e+00 0.000000000000e+00 
9.600000000000e+00 1.354762088747e-03 7.847410352765e-02 1.795318317230e-04 1.138114363595e+05 1.179098549469e+05 1.000000000000e+05 7.685518240320e+03 5.542455688202e+02 1.800000000000e+06 7.861471866216e+04 2.504060976000e+05 1.001622640000e+06 0.000000000000e+00 0.000000000000e+00 0.000000000000e+00 4.410977526472e-03 3.658509252602e-03 7.848710558629e-02 0.000000000000e+00 0.000000000000e+00 0.000000000000e+00 0.000000000000e+00 0.000000000000e+00 
9.605000000000e+00 1.353887792702e-03 7.839829004657e-02 1.710182425728e-04 1.137956634077e+05 1.177035129424e+05 1.000000000000e+05 7.686753967897e+03 5.545189679266e+02 1.800000000000e+06 7.863096540952e+04 2.504060976000e+05 1.001622640000e+06 0.000000000000e+00 0.000000000000e+00 0.000000000000e+00 4.411889111970e-03 3.656159009899e-03 7.850344077750e-02 0.000000000000e+00 0.000000000000e+00 0.000000000000e+00 0.000000000000e+00 0.000000000000e+00 
9.610000000000e+00 1.353050054747e-03 7.826283877591e-02 1.645327137458e-04 1.137423384830e+05 1.175054827589e+05 1.000000000000e+05 7.687942540242e+03 5.547811684925e+02 1.800000000000e+06 7.863589330716e+04 2.504060976000e+05 1.001622640000e+06 0.000000000000e+00 0.000000000000e+00 0.000000000000e+00 4.412165610393e-03 3.653906820471e-03 7.850852696988e-02 0.000000000000e+00 0.000000000000e+00 0.000000000000e+00 0.000000000000e+00 0.000000000000e+00 
9.615000000000e+00 1.352239166388e-03 7.807396705067e-02 1.599279902792e-04 1.136523870285e+05 1.173135041015e+05 1.000000000000e+05 7.689097482585e+03 5.550351834452e+02 1.800000000000e+06 7.862575309511e+04 2.504060976000e+05 1.001622640000e+06 0.000000000000e+00 0.000000000000e+00 0.000000000000e+00 4.411596655263e-03 3.651726296735e-03 7.849861001185e-02 0.000000000000e+00 0.000000000000e+00 0.000000000000e+00 0.000000000000e+00 0.000000000000e+00 
9.620000000000e+00 1.351446178581e-03 7.784053465716e-02 1.570600503776e-04 1.135268534496e+05 1.171254818544e+05 1.000000000000e+05 7.690231278503e+03 5.552837986205e+02 1.800000000000e+06 7.859783432275e+04 2.504060976000e+05 1.001622640000e+06 0.000000000000e+00 0.000000000000e+00 0.000000000000e+00 4.410030166448e-03 3.649593109499e-03 7.847097103146e-02 0.000000000000e+00 0.000000000000e+00 0.000000000000e+00 0.000000000000e+00 0.000000000000e+00 
9.625000000000e+00 1.350662563316e-03 7.756805507565e-02 1.558779619309e-04 1.133647553666e+05 1.169394078552e+05 1.000000000000e+05 7.691356043895e+03 5.555296773628e+02 1.800000000000e+06 7.855031368350e+04 2.504060976000e+05 1.001622640000e+06 0.000000000000e+00 0.000000000000e+00 0.000000000000e+00 4.407363840405e-03 3.647484369498e-03 7.842378073216e-02 0.000000000000e+00 0.000000000000e+00 0.000000000000e+00 0.000000000000e+00 0.000000000000e+00 
9.630000000000e+00 1.349879927209e-03 7.725919133121e-02 1.562830744068e-04 1.131662339474e+05 1.167532939388e+05 1.000000000000e+05 7.692483633841e+03 5.557754496049e+02 1.800000000000e+06 7.848187363069e+04 2.504060976000e+05 1.001622640000e+06 0.000000000000e+00 0.000000000000e+00 0.000000000000e+00 4.403523751170e-03 3.645378072270e-03 7.835571975776e-02 0.000000000000e+00 0.000000000000e+00 0.000000000000e+00 0.000000000000e+00 0.000000000000e+00 
9.635000000000e+00 1.349091132926e-03 7.691804124197e-02 1.580824029149e-04 1.129338981732e+05 1.165654395774e+05 1.000000000000e+05 7.693623924722e+03 5.560233589883e+02 1.800000000000e+06 7.839150092689e+04 2.504060976000e+05 1.001622640000e+06 0.000000000000e+00 0.000000000000e+00 0.000000000000e+00 4.398453047206e-03 3.643254564746e-03 7.826577134561e-02 0.000000000000e+00 0.000000000000e+00 0.000000000000e+00 0.000000000000e+00 0.000000000000e+00 
9.640000000000e+00 1.348289723864e-03 7.655087432377e-02 1.611255357827e-04 1.126695463455e+05 1.163742966363e+05 1.000000000000e+05 7.694785932180e+03 5.562754423663e+02 1.800000000000e+06 7.827871730782e+04 2.504060976000e+05 1.001622640000e+06 0.000000000000e+00 0.000000000000e+00 0.000000000000e+00 4.392124893681e-03 3.641096420762e-03 7.815345069018e-02 0.000000000000e+00 0.000000000000e+00 0.000000000000e+00 0.000000000000e+00 0.000000000000e+00 
9.645000000000e+00 1.347470041020e-03 7.616390990264e-02 1.652294825449e-04 1.123759189984e+05 1.161784982021e+05 1.000000000000e+05 7.695977478098e+03 5.565334923327e+02 1.800000000000e+06 7.814360965869e+04 2.504060976000e+05 1.001622640000e+06 0.000000000000e+00 0.000000000000e+00 0.000000000000e+00 4.384544165618e-03 3.638888485976e-03 7.801883791467e-02 0.000000000000e+00 0.000000000000e+00 0.000000000000e+00 0.000000000000e+00 0.000000000000e+00 
9.650000000000e+00 1.346627340000e-03 7.576285994563e-02 1.702088052788e-04 1.120560370847e+05 1.159768876022e+05 1.000000000000e+05 7.697205083327e+03 5.567990195903e+02 1.800000000000e+06 7.798674834599e+04 2.504060976000e+05 1.001622640000e+06 0.000000000000e+00 0.000000000000e+00 0.000000000000e+00 4.375742865596e-03 3.636617944695e-03 7.786249696200e-02 0.000000000000e+00 0.000000000000e+00 0.000000000000e+00 0.000000000000e+00 0.000000000000e+00 
9.655000000000e+00 1.345757808419e-03 7.535308653814e-02 1.758749954077e-04 1.117132223662e+05 1.157685237850e+05 1.000000000000e+05 7.698473937474e+03 5.570732465661e+02 1.800000000000e+06 7.780910808440e+04 2.504060976000e+05 1.001622640000e+06 0.000000000000e+00 0.000000000000e+00 0.000000000000e+00 4.365775683686e-03 3.634274504727e-03 7.768539633106e-02 0.000000000000e+00 0.000000000000e+00 0.000000000000e+00 0.000000000000e+00 0.000000000000e+00 
9.660000000000e+00 1.344858555643e-03 7.493957584962e-02 1.820459002424e-04 1.113508800256e+05 1.155526801602e+05 1.000000000000e+05 7.699787930047e+03 5.573571096841e+02 1.800000000000e+06 7.761200438889e+04 2.504060976000e+05 1.001622640000e+06 0.000000000000e+00 0.000000000000e+00 0.000000000000e+00 4.354716431856e-03 3.631850374446e-03 7.748884555352e-02 0.000000000000e+00 0.000000000000e+00 0.000000000000e+00 0.000000000000e+00 0.000000000000e+00 
9.665000000000e+00 1.343927573403e-03 7.452676990557e-02 1.885480401155e-04 1.109724377332e+05 1.153288365239e+05 1.000000000000e+05 7.701149708202e+03 5.576512707786e+02 1.800000000000e+06 7.739702461612e+04 2.504060976000e+05 1.001622640000e+06 0.000000000000e+00 0.000000000000e+00 0.000000000000e+00 4.342654174781e-03 3.629340152707e-03 7.727442646618e-02 0.000000000000e+00 0.000000000000e+00 0.000000000000e+00 0.000000000000e+00 0.000000000000e+00 
9.670000000000e+00 1.342963687599e-03 7.411858355864e-02 1.952185197080e-04 1.105812919507e+05 1.150966689193e+05 1.000000000000e+05 7.702560746196e+03 5.579561312528e+02 1.800000000000e+06 7.716595875118e+04 2.504060976000e+05 1.001622640000e+06 0.000000000000e+00 0.000000000000e+00 0.000000000000e+00 4.329689346378e-03 3.626740742984e-03 7.704392400272e-02 0.000000000000e+00 0.000000000000e+00 0.000000000000e+00 0.000000000000e+00 0.000000000000e+00 
9.675000000000e+00 1.341966507579e-03 7.371853818102e-02 2.019044540378e-04 1.101808110274e+05 1.148560389412e+05 1.000000000000e+05 7.704021412987e+03 5.582718469989e+02 1.800000000000e+06 7.692074466750e+04 2.504060976000e+05 1.001622640000e+06 0.000000000000e+00 0.000000000000e+00 0.000000000000e+00 4.315930678400e-03 3.624051126102e-03 7.679927133266e-02 0.000000000000e+00 0.000000000000e+00 0.000000000000e+00 0.000000000000e+00 0.000000000000e+00 
9.680000000000e+00 1.340936363805e-03 7.332968045656e-02 2.084664100094e-04 1.097742424234e+05 1.146069802798e+05 1.000000000000e+05 7.705531065267e+03 5.585983469656e+02 1.800000000000e+06 7.666342039163e+04 2.504060976000e+05 1.001622640000e+06 0.000000000000e+00 0.000000000000e+00 0.000000000000e+00 4.301492522070e-03 3.621272213452e-03 7.654250224807e-02 0.000000000000e+00 0.000000000000e+00 0.000000000000e+00 0.000000000000e+00 0.000000000000e+00 
9.685000000000e+00 1.339874234217e-03 7.295454764742e-02 2.147811025131e-04 1.093646336964e+05 1.143496825280e+05 1.000000000000e+05 7.707088155359e+03 5.589353553139e+02 1.800000000000e+06 7.639607438010e+04 2.504060976000e+05 1.001622640000e+06 0.000000000000e+00 0.000000000000e+00 0.000000000000e+00 4.286492058178e-03 3.618406668067e-03 7.627570148829e-02 0.000000000000e+00 0.000000000000e+00 0.000000000000e+00 0.000000000000e+00 0.000000000000e+00 
9.690000000000e+00 1.338781660053e-03 7.259511902794e-02 2.207432048577e-04 1.089547706302e+05 1.140844723793e+05 1.000000000000e+05 7.708690352752e+03 5.592824169592e+02 1.800000000000e+06 7.612079708679e+04 2.504060976000e+05 1.001622640000e+06 0.000000000000e+00 0.000000000000e+00 0.000000000000e+00 4.271046579583e-03 3.615458674206e-03 7.600095638098e-02 0.000000000000e+00 0.000000000000e+00 0.000000000000e+00 0.000000000000e+00 0.000000000000e+00 
9.695000000000e+00 1.337660658647e-03 7.225283402096e-02 2.262648686616e-04 1.085471670661e+05 1.138117939755e+05 1.000000000000e+05 7.710334665457e+03 5.596389241622e+02 1.800000000000e+06 7.583963594288e+04 2.504060976000e+05 1.001622640000e+06 0.000000000000e+00 0.000000000000e+00 0.000000000000e+00 4.255270965192e-03 3.612433700694e-03 7.572031183955e-02 0.000000000000e+00 0.000000000000e+00 0.000000000000e+00 0.000000000000e+00 0.000000000000e+00 
9.700000000000e+00 1.336513635892e-03 7.192864404304e-02 2.312748438121e-04 1.081440634432e+05 1.135321890126e+05 1.000000000000e+05 7.712017561512e+03 5.600041433460e+02 1.800000000000e+06 7.555455581141e+04 2.504060976000e+05 1.001622640000e+06 0.000000000000e+00 0.000000000000e+00 0.000000000000e+00 4.239275461111e-03 3.609338265539e-03 7.543573077370e-02 0.000000000000e+00 0.000000000000e+00 0.000000000000e+00 0.000000000000e+00 0.000000000000e+00 
9.705000000000e+00 1.335343297809e-03 7.162301011235e-02 2.357210025978e-04 1.077473452281e+05 1.132462764299e+05 1.000000000000e+05 7.713735099820e+03 5.603772423441e+02 1.800000000000e+06 7.526740781784e+04 2.504060976000e+05 1.001622640000e+06 0.000000000000e+00 0.000000000000e+00 0.000000000000e+00 4.223163931770e-03 3.606179696781e-03 7.514906293291e-02 0.000000000000e+00 0.000000000000e+00 0.000000000000e+00 0.000000000000e+00 0.000000000000e+00 
9.710000000000e+00 1.334152562900e-03 7.133595123171e-02 2.395667123278e-04 1.073586041222e+05 1.129547320475e+05 1.000000000000e+05 7.715483047243e+03 5.607573175806e+02 1.800000000000e+06 7.497989837321e+04 2.504060976000e+05 1.001622640000e+06 0.000000000000e+00 0.000000000000e+00 0.000000000000e+00 4.207032121843e-03 3.602965895481e-03 7.486201389864e-02 0.000000000000e+00 0.000000000000e+00 0.000000000000e+00 0.000000000000e+00 0.000000000000e+00 
9.715000000000e+00 1.332944484358e-03 7.106711533501e-02 2.427924971922e-04 1.069790780849e+05 1.126582703566e+05 1.000000000000e+05 7.717256993592e+03 5.611434182935e+02 1.800000000000e+06 7.469357121401e+04 2.504060976000e+05 1.001622640000e+06 0.000000000000e+00 0.000000000000e+00 0.000000000000e+00 4.190966648533e-03 3.599705126089e-03 7.457612704682e-02 0.000000000000e+00 0.000000000000e+00 0.000000000000e+00 0.000000000000e+00 0.000000000000e+00 
9.720000000000e+00 1.331722170653e-03 7.081577980001e-02 2.453931478547e-04 1.066096967092e+05 1.123576256405e+05 1.000000000000e+05 7.719052459913e+03 5.615345714793e+02 1.800000000000e+06 7.440978975628e+04 2.504060976000e+05 1.001622640000e+06 0.000000000000e+00 0.000000000000e+00 0.000000000000e+00 4.175044011477e-03 3.596405799951e-03 7.429276592390e-02 0.000000000000e+00 0.000000000000e+00 0.000000000000e+00 0.000000000000e+00 0.000000000000e+00 
9.725000000000e+00 1.330488713014e-03 7.058089881395e-02 2.473777355328e-04 1.062510602679e+05 1.120535345044e+05 1.000000000000e+05 7.720865003858e+03 5.619298048381e+02 1.800000000000e+06 7.412972457926e+04 2.504060976000e+05 1.001622640000e+06 0.000000000000e+00 0.000000000000e+00 0.000000000000e+00 4.159329890473e-03 3.593076281606e-03 7.401310167639e-02 0.000000000000e+00 0.000000000000e+00 0.000000000000e+00 0.000000000000e+00 0.000000000000e+00 
9.730000000000e+00 1.329247120220e-03 7.036115679107e-02 2.487675383774e-04 1.059034692242e+05 1.117467199224e+05 1.000000000000e+05 7.722690310630e+03 5.623281675887e+02 1.800000000000e+06 7.385434593242e+04 2.504060976000e+05 1.001622640000e+06 0.000000000000e+00 0.000000000000e+00 0.000000000000e+00 4.143878725053e-03 3.589724710842e-03 7.373810550778e-02 0.000000000000e+00 0.000000000000e+00 0.000000000000e+00 0.000000000000e+00 0.000000000000e+00 
9.735000000000e+00 1.328000263628e-03 7.015504501442e-02 2.495942549633e-04 1.055669496694e+05 1.114378775564e+05 1.000000000000e+05 7.724524270275e+03 5.627287481843e+02 1.800000000000e+06 7.358442214544e+04 2.504060976000e+05 1.001622640000e+06 0.000000000000e+00 0.000000000000e+00 0.000000000000e+00 4.128733625274e-03 3.586358855120e-03 7.346854700291e-02 0.000000000000e+00 0.000000000000e+00 0.000000000000e+00 0.000000000000e+00 0.000000000000e+00 
9.740000000000e+00 1.326750829418e-03 6.996089514445e-02 2.498993554857e-04 1.052412539091e+05 1.111276636261e+05 1.000000000000e+05 7.726363047536e+03 5.631306898823e+02 1.800000000000e+06 7.332052368682e+04 2.504060976000e+05 1.001622640000e+06 0.000000000000e+00 0.000000000000e+00 0.000000000000e+00 4.113926599439e-03 3.582985981335e-03 7.320499814514e-02 0.000000000000e+00 0.000000000000e+00 0.000000000000e+00 0.000000000000e+00 0.000000000000e+00 
9.745000000000e+00 1.325501279946e-03 6.977694113239e-02 2.497302353274e-04 1.049259387632e+05 1.108166848350e+05 1.000000000000e+05 7.728203131872e+03 5.635332035347e+02 1.800000000000e+06 7.306302914216e+04 2.504060976000e+05 1.001622640000e+06 0.000000000000e+00 0.000000000000e+00 0.000000000000e+00 4.099478889531e-03 3.579612748955e-03 7.294783923961e-02 0.000000000000e+00 0.000000000000e+00 0.000000000000e+00 0.000000000000e+00 0.000000000000e+00 
9.750000000000e+00 1.324253823002e-03 6.960135528347e-02 2.491403334036e-04 1.046203529067e+05 1.105054900972e+05 1.000000000000e+05 7.730041384992e+03 5.639355779500e+02 1.800000000000e+06 7.281213621492e+04 2.504060976000e+05 1.001622640000e+06 0.000000000000e+00 0.000000000000e+00 0.000000000000e+00 4.085401588456e-03 3.576245129245e-03 7.269726985847e-02 0.000000000000e+00 0.000000000000e+00 0.000000000000e+00 0.000000000000e+00 0.000000000000e+00 
9.755000000000e+00 1.323010390088e-03 6.943230177991e-02 2.481866220121e-04 1.043236886335e+05 1.101945643786e+05 1.000000000000e+05 7.731875069670e+03 5.643371874441e+02 1.800000000000e+06 7.256787415421e+04 2.504060976000e+05 1.001622640000e+06 0.000000000000e+00 0.000000000000e+00 0.000000000000e+00 4.071696337344e-03 3.572888345659e-03 7.245332120731e-02 0.000000000000e+00 0.000000000000e+00 0.000000000000e+00 0.000000000000e+00 0.000000000000e+00 
9.760000000000e+00 1.321772624125e-03 6.926798495816e-02 2.469279556143e-04 1.040350162046e+05 1.098843248057e+05 1.000000000000e+05 7.733701866761e+03 5.647374964104e+02 1.800000000000e+06 7.233012045006e+04 2.504060976000e+05 1.001622640000e+06 0.000000000000e+00 0.000000000000e+00 0.000000000000e+00 4.058356262308e-03 3.569546840736e-03 7.221587276332e-02 0.000000000000e+00 0.000000000000e+00 0.000000000000e+00 0.000000000000e+00 0.000000000000e+00 
9.765000000000e+00 1.320541875119e-03 6.910669575969e-02 2.454223634829e-04 1.037533456686e+05 1.095751187140e+05 1.000000000000e+05 7.735519878234e+03 5.651360613543e+02 1.800000000000e+06 7.209861883370e+04 2.504060976000e+05 1.001622640000e+06 0.000000000000e+00 0.000000000000e+00 0.000000000000e+00 4.045366984416e-03 3.566224263800e-03 7.198467022218e-02 0.000000000000e+00 0.000000000000e+00 0.000000000000e+00 0.000000000000e+00 0.000000000000e+00 
9.770000000000e+00 1.319319200879e-03 6.894681805669e-02 2.437283668539e-04 1.034775949919e+05 1.092672229512e+05 1.000000000000e+05 7.737327631622e+03 5.655325312997e+02 1.800000000000e+06 7.187299877889e+04 2.504060976000e+05 1.001622640000e+06 0.000000000000e+00 0.000000000000e+00 0.000000000000e+00 4.032707713885e-03 3.562923475886e-03 7.175934496412e-02 0.000000000000e+00 0.000000000000e+00 0.000000000000e+00 0.000000000000e+00 0.000000000000e+00 
9.775000000000e+00 1.318105375518e-03 6.878686671717e-02 2.419021751495e-04 1.032066580360e+05 1.089608451455e+05 1.000000000000e+05 7.739124063806e+03 5.659266456683e+02 1.800000000000e+06 7.165279487906e+04 2.504060976000e+05 1.001622640000e+06 0.000000000000e+00 0.000000000000e+00 0.000000000000e+00 4.020352337310e-03 3.559646569938e-03 7.153943340086e-02 0.000000000000e+00 0.000000000000e+00 0.000000000000e+00 0.000000000000e+00 0.000000000000e+00 
9.780000000000e+00 1.316900902165e-03 6.862549839728e-02 2.399967688889e-04 1.029394293254e+05 1.086561260752e+05 1.000000000000e+05 7.740908502567e+03 5.663182307610e+02 1.800000000000e+06 7.143746617519e+04 2.504060976000e+05 1.001622640000e+06 0.000000000000e+00 0.000000000000e+00 0.000000000000e+00 4.008270502131e-03 3.556394906187e-03 7.132439627317e-02 0.000000000000e+00 0.000000000000e+00 0.000000000000e+00 0.000000000000e+00 0.000000000000e+00 
9.785000000000e+00 1.315706031304e-03 6.846153721361e-02 2.380613261330e-04 1.026748223446e+05 1.083531435197e+05 1.000000000000e+05 7.742680640355e+03 5.667071943673e+02 1.800000000000e+06 7.122641572360e+04 2.504060976000e+05 1.001622640000e+06 0.000000000000e+00 0.000000000000e+00 0.000000000000e+00 3.996428714552e-03 3.553169162062e-03 7.111363818305e-02 0.000000000000e+00 0.000000000000e+00 0.000000000000e+00 0.000000000000e+00 0.000000000000e+00 
9.790000000000e+00 1.314520781811e-03 6.829397260154e-02 2.361404443505e-04 1.024117936180e+05 1.080519168690e+05 1.000000000000e+05 7.744440503354e+03 5.670935194415e+02 1.800000000000e+06 7.101900924042e+04 2.504060976000e+05 1.001622640000e+06 0.000000000000e+00 0.000000000000e+00 0.000000000000e+00 3.984791385669e-03 3.549969389630e-03 7.090652623355e-02 0.000000000000e+00 0.000000000000e+00 0.000000000000e+00 0.000000000000e+00 0.000000000000e+00 
9.795000000000e+00 1.313344965025e-03 6.812196936773e-02 2.342737373400e-04 1.021493588401e+05 1.077524125906e+05 1.000000000000e+05 7.746188416600e+03 5.674772567267e+02 1.800000000000e+06 7.081459227805e+04 2.504060976000e+05 1.001622640000e+06 0.000000000000e+00 0.000000000000e+00 0.000000000000e+00 3.973321795210e-03 3.546795079196e-03 7.070240718488e-02 0.000000000000e+00 0.000000000000e+00 0.000000000000e+00 0.000000000000e+00 0.000000000000e+00 
9.800000000000e+00 1.312178210662e-03 6.794486468096e-02 2.324954388303e-04 1.018866094788e+05 1.074545502588e+05 1.000000000000e+05 7.747924966083e+03 5.678585167093e+02 1.800000000000e+06 7.061250638503e+04 2.504060976000e+05 1.001622640000e+06 0.000000000000e+00 0.000000000000e+00 0.000000000000e+00 3.961982998257e-03 3.543645229847e-03 7.050062361083e-02 0.000000000000e+00 0.000000000000e+00 0.000000000000e+00 0.000000000000e+00 0.000000000000e+00 
9.805000000000e+00 1.311019993683e-03 6.776216240403e-02 2.308343399503e-04 1.016227217699e+05 1.071582089275e+05 1.000000000000e+05 7.749650959869e+03 5.682374611879e+02 1.800000000000e+06 7.041210336580e+04 2.504060976000e+05 1.001622640000e+06 0.000000000000e+00 0.000000000000e+00 0.000000000000e+00 3.950738625331e-03 3.540518422329e-03 7.030052815640e-02 0.000000000000e+00 0.000000000000e+00 0.000000000000e+00 0.000000000000e+00 0.000000000000e+00 
9.810000000000e+00 1.309869661951e-03 6.757352939440e-02 2.293135993510e-04 1.013569690513e+05 1.068632337989e+05 1.000000000000e+05 7.751367387488e+03 5.686142945177e+02 1.800000000000e+06 7.021275801462e+04 2.504060976000e+05 1.001622640000e+06 0.000000000000e+00 0.000000000000e+00 0.000000000000e+00 3.939553596891e-03 3.537412893234e-03 7.010149627182e-02 0.000000000000e+00 0.000000000000e+00 0.000000000000e+00 0.000000000000e+00 0.000000000000e+00 
9.815000000000e+00 1.308726463176e-03 6.737878122082e-02 2.279511270352e-04 1.010887202220e+05 1.065694428122e+05 1.000000000000e+05 7.753075381359e+03 5.689892550117e+02 1.800000000000e+06 7.001387887869e+04 2.504060976000e+05 1.001622640000e+06 0.000000000000e+00 0.000000000000e+00 0.000000000000e+00 3.928394727228e-03 3.534326608398e-03 6.990293698337e-02 0.000000000000e+00 0.000000000000e+00 0.000000000000e+00 0.000000000000e+00 0.000000000000e+00 
9.820000000000e+00 1.307589570454e-03 6.717786189160e-02 2.267597091357e-04 1.008174440532e+05 1.062766329572e+05 1.000000000000e+05 7.754776179502e+03 5.693626067423e+02 1.800000000000e+06 6.981491661805e+04 2.504060976000e+05 1.001622640000e+06 0.000000000000e+00 0.000000000000e+00 0.000000000000e+00 3.917231193539e-03 3.531257332890e-03 6.970430127356e-02 0.000000000000e+00 0.000000000000e+00 0.000000000000e+00 0.000000000000e+00 0.000000000000e+00 
9.825000000000e+00 1.306458107259e-03 6.697084098199e-02 2.257473773651e-04 1.005427074974e+05 1.059845865379e+05 1.000000000000e+05 7.756471089344e+03 5.697346314551e+02 1.800000000000e+06 6.961537082346e+04 2.504060976000e+05 1.001622640000e+06 0.000000000000e+00 0.000000000000e+00 0.000000000000e+00 3.906034918459e-03 3.528202697601e-03 6.950508889550e-02 0.000000000000e+00 0.000000000000e+00 0.000000000000e+00 0.000000000000e+00 0.000000000000e+00 
9.830000000000e+00 1.305331170327e-03 6.675789038702e-02 2.249177771662e-04 1.002641734590e+05 1.056930769672e+05 1.000000000000e+05 7.758161454481e+03 5.701056211242e+02 1.800000000000e+06 6.941479508174e+04 2.504060976000e+05 1.001622640000e+06 0.000000000000e+00 0.000000000000e+00 0.000000000000e+00 3.894780854282e-03 3.525160262251e-03 6.930485346255e-02 0.000000000000e+00 0.000000000000e+00 0.000000000000e+00 0.000000000000e+00 0.000000000000e+00 
9.835000000000e+00 1.304207849830e-03 6.653926292177e-02 2.242705583707e-04 9.998159729690e+04 1.054018739371e+05 1.000000000000e+05 7.759848625339e+03 5.704758713411e+02 1.800000000000e+06 6.921279979516e+04 2.504060976000e+05 1.001622640000e+06 0.000000000000e+00 0.000000000000e+00 0.000000000000e+00 3.883447141146e-03 3.522127569013e-03 6.910320529213e-02 0.000000000000e+00 0.000000000000e+00 0.000000000000e+00 0.000000000000e+00 0.000000000000e+00 
9.840000000000e+00 1.303087248516e-03 6.631529229013e-02 2.238016046730e-04 9.969482693264e+04 1.051107483802e+05 1.000000000000e+05 7.761533930857e+03 5.708456750056e+02 1.800000000000e+06 6.900905351569e+04 2.504060976000e+05 1.001622640000e+06 0.000000000000e+00 0.000000000000e+00 0.000000000000e+00 3.872015181901e-03 3.519102194448e-03 6.889981273575e-02 0.000000000000e+00 0.000000000000e+00 0.000000000000e+00 0.000000000000e+00 0.000000000000e+00 
9.845000000000e+00 1.301968498647e-03 6.608637429042e-02 2.235038317872e-04 9.940378860960e+04 1.048194769201e+05 1.000000000000e+05 7.763218654600e+03 5.712153166967e+02 1.800000000000e+06 6.880328413387e+04 2.504060976000e+05 1.001622640000e+06 0.000000000000e+00 0.000000000000e+00 0.000000000000e+00 3.860469708811e-03 3.516081794496e-03 6.869440338807e-02 0.000000000000e+00 0.000000000000e+00 0.000000000000e+00 0.000000000000e+00 0.000000000000e+00 
9.850000000000e+00 1.300850776055e-03 6.585294993646e-02 2.233673778065e-04 9.910848653391e+04 1.045278456214e+05 1.000000000000e+05 7.764904013697e+03 5.715850679619e+02 1.800000000000e+06 6.859527787707e+04 2.504060976000e+05 1.001622640000e+06 0.000000000000e+00 0.000000000000e+00 0.000000000000e+00 3.848798727349e-03 3.513064142960e-03 6.848676310530e-02 0.000000000000e+00 0.000000000000e+00 0.000000000000e+00 0.000000000000e+00 0.000000000000e+00 
9.855000000000e+00 1.299733310915e-03 6.561548177366e-02 2.233805629941e-04 9.880898296034e+04 1.042356529252e+05 1.000000000000e+05 7.766591144360e+03 5.719551836618e+02 1.800000000000e+06 6.838487694560e+04 2.504060976000e+05 1.001622640000e+06 0.000000000000e+00 0.000000000000e+00 0.000000000000e+00 3.836993383565e-03 3.510047160796e-03 6.827673366603e-02 0.000000000000e+00 0.000000000000e+00 0.000000000000e+00 0.000000000000e+00 0.000000000000e+00 
9.860000000000e+00 1.298615398048e-03 6.537446227483e-02 2.235295586897e-04 9.850540941421e+04 1.039427124936e+05 1.000000000000e+05 7.768281085113e+03 5.723258984474e+02 1.800000000000e+06 6.817197643216e+04 2.504060976000e+05 1.001622640000e+06 0.000000000000e+00 0.000000000000e+00 0.000000000000e+00 3.825047791237e-03 3.507028943781e-03 6.806420968431e-02 0.000000000000e+00 0.000000000000e+00 0.000000000000e+00 0.000000000000e+00 0.000000000000e+00 
9.865000000000e+00 1.297496403956e-03 6.513038713135e-02 2.237995688073e-04 9.819794030142e+04 1.036488552310e+05 1.000000000000e+05 7.769974768278e+03 5.726974242988e+02 1.800000000000e+06 6.795652160653e+04 2.504060976000e+05 1.001622640000e+06 0.000000000000e+00 0.000000000000e+00 0.000000000000e+00 3.812958879517e-03 3.504007781290e-03 6.784913592497e-02 0.000000000000e+00 0.000000000000e+00 0.000000000000e+00 0.000000000000e+00 0.000000000000e+00 
9.870000000000e+00 1.296375770993e-03 6.488374652603e-02 2.241749936018e-04 9.788679037662e+04 1.033539305719e+05 1.000000000000e+05 7.771673013458e+03 5.730699490008e+02 1.800000000000e+06 6.773850270682e+04 2.504060976000e+05 1.001622640000e+06 0.000000000000e+00 0.000000000000e+00 0.000000000000e+00 3.800726100676e-03 3.500982168193e-03 6.763150210394e-02 0.000000000000e+00 0.000000000000e+00 0.000000000000e+00 0.000000000000e+00 0.000000000000e+00 
9.875000000000e+00 1.295253022120e-03 6.463503116474e-02 2.246394256676e-04 9.757221646155e+04 1.030578079393e+05 1.000000000000e+05 7.773376519709e+03 5.734436344125e+02 1.800000000000e+06 6.751795143591e+04 2.504060976000e+05 1.001622640000e+06 0.000000000000e+00 0.000000000000e+00 0.000000000000e+00 3.788351233527e-03 3.497950816861e-03 6.741133938346e-02 0.000000000000e+00 0.000000000000e+00 0.000000000000e+00 0.000000000000e+00 0.000000000000e+00 
9.880000000000e+00 1.294127770564e-03 6.438470333009e-02 2.251768241439e-04 9.725449171148e+04 1.027603795176e+05 1.000000000000e+05 7.775085852887e+03 5.738186130910e+02 1.800000000000e+06 6.729493571847e+04 2.504060976000e+05 1.001622640000e+06 0.000000000000e+00 0.000000000000e+00 0.000000000000e+00 3.775838089240e-03 3.494912656830e-03 6.718871515942e-02 0.000000000000e+00 0.000000000000e+00 0.000000000000e+00 0.000000000000e+00 0.000000000000e+00 
9.885000000000e+00 1.292999676310e-03 6.413320465098e-02 2.257708031480e-04 9.693391143238e+04 1.024615489615e+05 1.000000000000e+05 7.776801509469e+03 5.741950026393e+02 1.800000000000e+06 6.706955464770e+04 2.504060976000e+05 1.001622640000e+06 0.000000000000e+00 0.000000000000e+00 0.000000000000e+00 3.763192227817e-03 3.491866836257e-03 6.696372800383e-02 0.000000000000e+00 0.000000000000e+00 0.000000000000e+00 0.000000000000e+00 0.000000000000e+00 
9.890000000000e+00 1.291868518168e-03 6.388095472666e-02 2.264057241625e-04 9.661078612050e+04 1.021612506736e+05 1.000000000000e+05 7.778523808971e+03 5.745728815269e+02 1.800000000000e+06 6.684193402407e+04 2.504060976000e+05 1.001622640000e+06 0.000000000000e+00 0.000000000000e+00 0.000000000000e+00 3.750420707770e-03 3.488812718046e-03 6.673650320682e-02 0.000000000000e+00 0.000000000000e+00 0.000000000000e+00 0.000000000000e+00 0.000000000000e+00 
9.895000000000e+00 1.290734136329e-03 6.362834546003e-02 2.270663156321e-04 9.628543538311e+04 1.018594348405e+05 1.000000000000e+05 7.780252979649e+03 5.749523080749e+02 1.800000000000e+06 6.661222195400e+04 2.504060976000e+05 1.001622640000e+06 0.000000000000e+00 0.000000000000e+00 0.000000000000e+00 3.737531839173e-03 3.485749872961e-03 6.650718838387e-02 0.000000000000e+00 0.000000000000e+00 0.000000000000e+00 0.000000000000e+00 0.000000000000e+00 
9.900000000000e+00 1.289596444587e-03 6.337573797087e-02 2.277380598520e-04 9.595818191637e+04 1.015560708679e+05 1.000000000000e+05 7.781989140237e+03 5.753333162374e+02 1.800000000000e+06 6.638058448576e+04 2.504060976000e+05 1.001622640000e+06 0.000000000000e+00 0.000000000000e+00 0.000000000000e+00 3.724534938795e-03 3.482678070567e-03 6.627594911677e-02 0.000000000000e+00 0.000000000000e+00 0.000000000000e+00 0.000000000000e+00 0.000000000000e+00 
9.905000000000e+00 1.288455426083e-03 6.312346106842e-02 2.284075434336e-04 9.562934183766e+04 1.012511464537e+05 1.000000000000e+05 7.783732306644e+03 5.757159168785e+02 1.800000000000e+06 6.614720148243e+04 2.504060976000e+05 1.001622640000e+06 0.000000000000e+00 0.000000000000e+00 0.000000000000e+00 3.711440098537e-03 3.479597268187e-03 6.604296482792e-02 0.000000000000e+00 0.000000000000e+00 0.000000000000e+00 0.000000000000e+00 0.000000000000e+00 
9.910000000000e+00 1.287311128899e-03 6.287181363369e-02 2.290622536969e-04 9.529922855063e+04 1.009446666095e+05 1.000000000000e+05 7.785482397652e+03 5.761000991079e+02 1.800000000000e+06 6.591226295654e+04 2.504060976000e+05 1.001622640000e+06 0.000000000000e+00 0.000000000000e+00 0.000000000000e+00 3.698257979776e-03 3.476507598215e-03 6.580842511729e-02 0.000000000000e+00 0.000000000000e+00 0.000000000000e+00 0.000000000000e+00 0.000000000000e+00 
9.915000000000e+00 1.286163660535e-03 6.262106033699e-02 2.296906511265e-04 9.496814951482e+04 1.006366523704e+05 1.000000000000e+05 7.787239242989e+03 5.764858320013e+02 1.800000000000e+06 6.567596547546e+04 2.504060976000e+05 1.001622640000e+06 0.000000000000e+00 0.000000000000e+00 0.000000000000e+00 3.684999611670e-03 3.473409353346e-03 6.557252617390e-02 0.000000000000e+00 0.000000000000e+00 0.000000000000e+00 0.000000000000e+00 0.000000000000e+00 
9.920000000000e+00 1.285013181972e-03 6.237143041949e-02 2.302825191372e-04 9.463639601269e+04 1.003271393760e+05 1.000000000000e+05 7.789002592718e+03 5.768730664718e+02 1.800000000000e+06 6.543850872767e+04 2.504060976000e+05 1.001622640000e+06 0.000000000000e+00 0.000000000000e+00 0.000000000000e+00 3.671676198499e-03 3.470302970698e-03 6.533546734360e-02 0.000000000000e+00 0.000000000000e+00 0.000000000000e+00 0.000000000000e+00 0.000000000000e+00 
9.925000000000e+00 1.283859904804e-03 6.212311617229e-02 2.308289727745e-04 9.430424211067e+04 1.000161772598e+05 1.000000000000e+05 7.790772121213e+03 5.772617361226e+02 1.800000000000e+06 6.520009228733e+04 2.504060976000e+05 1.001622640000e+06 0.000000000000e+00 0.000000000000e+00 0.000000000000e+00 3.658298938131e-03 3.467189014615e-03 6.509744789766e-02 0.000000000000e+00 0.000000000000e+00 0.000000000000e+00 0.000000000000e+00 0.000000000000e+00 
9.930000000000e+00 1.282704067876e-03 6.187627815729e-02 2.313220501286e-04 9.397194826708e+04 9.970382348981e+04 1.000000000000e+05 7.792547461652e+03 5.776517650205e+02 1.800000000000e+06 6.496091279742e+04 2.504060976000e+05 1.001622640000e+06 0.000000000000e+00 0.000000000000e+00 0.000000000000e+00 3.644878863968e-03 3.464068160436e-03 6.485866421158e-02 0.000000000000e+00 0.000000000000e+00 0.000000000000e+00 0.000000000000e+00 0.000000000000e+00 
9.935000000000e+00 1.281545966260e-03 6.163105067805e-02 2.317553278479e-04 9.363975405983e+04 9.939015131382e+04 1.000000000000e+05 7.794328162642e+03 5.780430578383e+02 1.800000000000e+06 6.472116188182e+04 2.504060976000e+05 1.001622640000e+06 0.000000000000e+00 0.000000000000e+00 0.000000000000e+00 3.631426727795e-03 3.460941178745e-03 6.461930767145e-02 0.000000000000e+00 0.000000000000e+00 0.000000000000e+00 0.000000000000e+00 0.000000000000e+00 
9.940000000000e+00 1.280385910112e-03 6.138753375897e-02 2.321236398583e-04 9.330787365219e+04 9.907523875829e+04 1.000000000000e+05 7.796113750415e+03 5.784355136555e+02 1.800000000000e+06 6.448102436716e+04 2.504060976000e+05 1.001622640000e+06 0.000000000000e+00 0.000000000000e+00 0.000000000000e+00 3.617952900012e-03 3.457808918424e-03 6.437956290640e-02 0.000000000000e+00 0.000000000000e+00 0.000000000000e+00 0.000000000000e+00 0.000000000000e+00 
9.945000000000e+00 1.279224238440e-03 6.114582978168e-02 2.324217539710e-04 9.297653240985e+04 9.875917243283e+04 1.000000000000e+05 7.797903704428e+03 5.788290212546e+02 1.800000000000e+06 6.424067659568e+04 2.504060976000e+05 1.001622640000e+06 0.000000000000e+00 0.000000000000e+00 0.000000000000e+00 3.604467274972e-03 3.454672294834e-03 6.413960606299e-02 0.000000000000e+00 0.000000000000e+00 0.000000000000e+00 0.000000000000e+00 0.000000000000e+00 
9.950000000000e+00 1.278061306589e-03 6.090596581708e-02 2.326477396957e-04 9.264587960800e+04 9.844204421211e+04 1.000000000000e+05 7.799697484158e+03 5.792234632993e+02 1.800000000000e+06 6.400028633130e+04 2.504060976000e+05 1.001622640000e+06 0.000000000000e+00 0.000000000000e+00 0.000000000000e+00 3.590979265706e-03 3.451532266688e-03 6.389960479201e-02 0.000000000000e+00 0.000000000000e+00 0.000000000000e+00 0.000000000000e+00 0.000000000000e+00 
9.955000000000e+00 1.276897482558e-03 6.066797624955e-02 2.327988537482e-04 9.231608954516e+04 9.812395028763e+04 1.000000000000e+05 7.801494525175e+03 5.796187175453e+02 1.800000000000e+06 6.376000792200e+04 2.504060976000e+05 1.001622640000e+06 0.000000000000e+00 0.000000000000e+00 0.000000000000e+00 3.577497532494e-03 3.448389832004e-03 6.365971332990e-02 0.000000000000e+00 0.000000000000e+00 0.000000000000e+00 0.000000000000e+00 0.000000000000e+00 
9.960000000000e+00 1.275733144722e-03 6.043189549297e-02 2.328733999220e-04 9.198731462135e+04 9.780499058991e+04 1.000000000000e+05 7.803294246825e+03 5.800146575840e+02 1.800000000000e+06 6.351998576496e+04 2.504060976000e+05 1.001622640000e+06 0.000000000000e+00 0.000000000000e+00 0.000000000000e+00 3.564030177289e-03 3.445246015416e-03 6.342007596522e-02 0.000000000000e+00 0.000000000000e+00 0.000000000000e+00 0.000000000000e+00 0.000000000000e+00 
9.965000000000e+00 1.274568676875e-03 6.019773712883e-02 2.328708020199e-04 9.165968197537e+04 9.748526746765e+04 1.000000000000e+05 7.805096059975e+03 5.804111545022e+02 1.800000000000e+06 6.328035393620e+04 2.504060976000e+05 1.001622640000e+06 0.000000000000e+00 0.000000000000e+00 0.000000000000e+00 3.550584722936e-03 3.442101854977e-03 6.318082669199e-02 0.000000000000e+00 0.000000000000e+00 0.000000000000e+00 0.000000000000e+00 0.000000000000e+00 
9.970000000000e+00 1.273404462732e-03 5.996548363404e-02 2.327913965672e-04 9.133329695085e+04 9.716488419728e+04 1.000000000000e+05 7.806899375004e+03 5.808080787427e+02 1.800000000000e+06 6.304123474370e+04 2.504060976000e+05 1.001622640000e+06 0.000000000000e+00 0.000000000000e+00 0.000000000000e+00 3.537168031987e-03 3.438958387862e-03 6.294208777590e-02 0.000000000000e+00 0.000000000000e+00 0.000000000000e+00 0.000000000000e+00 0.000000000000e+00 
9.975000000000e+00 1.272240866000e-03 5.973510505086e-02 2.326360486669e-04 9.100824693393e+04 9.684393948631e+04 1.000000000000e+05 7.808703631844e+03 5.812053069084e+02 1.800000000000e+06 6.280273791849e+04 2.504060976000e+05 1.001622640000e+06 0.000000000000e+00 0.000000000000e+00 0.000000000000e+00 3.523786261321e-03 3.435816641725e-03 6.270396892400e-02 0.000000000000e+00 0.000000000000e+00 0.000000000000e+00 0.000000000000e+00 0.000000000000e+00 
9.980000000000e+00 1.271078287086e-03 5.950657338193e-02 2.324062699548e-04 9.068461431913e+04 9.652254311196e+04 1.000000000000e+05 7.810508212326e+03 5.816027024063e+02 1.800000000000e+06 6.256496149277e+04 2.504060976000e+05 1.001622640000e+06 0.000000000000e+00 0.000000000000e+00 0.000000000000e+00 3.510444911406e-03 3.432677627993e-03 6.246656814953e-02 0.000000000000e+00 0.000000000000e+00 0.000000000000e+00 0.000000000000e+00 0.000000000000e+00 
9.985000000000e+00 1.269917079953e-03 5.927984380197e-02 2.321040928243e-04 9.036245603852e+04 9.620079297858e+04 1.000000000000e+05 7.812312568873e+03 5.820001438390e+02 1.800000000000e+06 6.232799222642e+04 2.504060976000e+05 1.001622640000e+06 0.000000000000e+00 0.000000000000e+00 0.000000000000e+00 3.497148850234e-03 3.429542333488e-03 6.222997221546e-02 0.000000000000e+00 0.000000000000e+00 0.000000000000e+00 0.000000000000e+00 0.000000000000e+00 
9.990000000000e+00 1.268757597977e-03 5.905486112563e-02 2.317320821091e-04 9.004181609082e+04 9.587878772483e+04 1.000000000000e+05 7.814116153547e+03 5.823975093806e+02 1.800000000000e+06 6.209190537787e+04 2.504060976000e+05 1.001622640000e+06 0.000000000000e+00 0.000000000000e+00 0.000000000000e+00 3.483902300466e-03 3.426411713225e-03 6.199425640044e-02 0.000000000000e+00 0.000000000000e+00 0.000000000000e+00 0.000000000000e+00 0.000000000000e+00 
9.995000000000e+00 1.267600180874e-03 5.883156684713e-02 2.312930818315e-04 8.972272809741e+04 9.555662308230e+04 1.000000000000e+05 7.815918437843e+03 5.827946812658e+02 1.800000000000e+06 6.185676510255e+04 2.504060976000e+05 1.001622640000e+06 0.000000000000e+00 0.000000000000e+00 0.000000000000e+00 3.470708861786e-03 3.423286685238e-03 6.175948488899e-02 0.000000000000e+00 0.000000000000e+00 0.000000000000e+00 0.000000000000e+00 0.000000000000e+00 
1.000000000000e+01 1.266445153223e-03 5.860989959090e-02 2.307903191119e-04 8.940521216012e+04 9.523439142414e+04 1.000000000000e+05 7.817718915355e+03 5.831915463251e+02 1.800000000000e+06 6.162262534461e+04 2.504060976000e+05 1.001622640000e+06 0.000000000000e+00 0.000000000000e+00 0.000000000000e+00 3.457571560935e-03 3.420168126604e-03 6.152571166214e-02 0.000000000000e+00 0.000000000000e+00 0.000000000000e+00 0.000000000000e+00 0.000000000000e+00 
