9.000000000000e+00 2.818294929403e-03 -6.914828491598e-04 6.289274629323e-04 1.034493349627e+05 1.102172621283e+05 1.000000000000e+05 7.543730463264e+03 5.552476625448e+02 1.800000000000e+06 0.000000000000e+00 -8.752000000000e-01 -8.752000000000e-01 0.000000000000e+00 0.000000000000e+00 0.000000000000e+00 -0.000000000000e+00 7.682129657271e-03 0.000000000000e+00 0.000000000000e+00 0.000000000000e+00 0.000000000000e+00 0.000000000000e+00 0.000000000000e+00 
9.005000000000e+00 2.815162901204e-03 -6.889022300228e-04 6.260663277973e-04 1.031120539746e+05 1.098604385874e+05 1.000000000000e+05 7.545848664306e+03 5.557157391643e+02 1.800000000000e+06 0.000000000000e+00 -8.752000000000e-01 -8.752000000000e-01 0.000000000000e+00 0.000000000000e+00 0.000000000000e+00 -0.000000000000e+00 7.673591042077e-03 0.000000000000e+00 0.000000000000e+00 0.000000000000e+00 0.000000000000e+00 0.000000000000e+00 0.000000000000e+00 
9.010000000000e+00 2.812045428927e-03 -6.854278389318e-04 6.231075337720e-04 1.027766165847e+05 1.095042803704e+05 1.000000000000e+05 7.547959849994e+03 5.561823713835e+02 1.800000000000e+06 0.000000000000e+00 -8.752000000000e-01 -8.752000000000e-01 0.000000000000e+00 0.000000000000e+00 0.000000000000e+00 -0.000000000000e+00 7.665092040689e-03 0.000000000000e+00 0.000000000000e+00 0.000000000000e+00 0.000000000000e+00 0.000000000000e+00 0.000000000000e+00 
9.015000000000e+00 2.808942973961e-03 -6.811100186147e-04 6.200614989860e-04 1.024429802370e+05 1.091488506747e+05 1.000000000000e+05 7.550063683228e+03 5.566474817857e+02 1.800000000000e+06 0.000000000000e+00 -8.752000000000e-01 -8.752000000000e-01 0.000000000000e+00 0.000000000000e+00 0.000000000000e+00 -0.000000000000e+00 7.656633893476e-03 0.000000000000e+00 0.000000000000e+00 0.000000000000e+00 0.000000000000e+00 0.000000000000e+00 0.000000000000e+00 
9.020000000000e+00 2.805855950251e-03 -6.759963757828e-04 6.169365339206e-04 1.021111194007e+05 1.087942078456e+05 1.000000000000e+05 7.552159855358e+03 5.571109996517e+02 1.800000000000e+06 0.000000000000e+00 -8.752000000000e-01 -8.752000000000e-01 0.000000000000e+00 0.000000000000e+00 0.000000000000e+00 -0.000000000000e+00 7.648217724656e-03 0.000000000000e+00 0.000000000000e+00 0.000000000000e+00 0.000000000000e+00 0.000000000000e+00 0.000000000000e+00 
9.025000000000e+00 2.802784724206e-03 -6.701367034510e-04 6.137419265880e-04 1.017809921959e+05 1.084404052881e+05 1.000000000000e+05 7.554248089661e+03 5.575728610316e+02 1.800000000000e+06 0.000000000000e+00 -8.752000000000e-01 -8.752000000000e-01 0.000000000000e+00 0.000000000000e+00 0.000000000000e+00 -0.000000000000e+00 7.639844538673e-03 0.000000000000e+00 0.000000000000e+00 0.000000000000e+00 0.000000000000e+00 0.000000000000e+00 0.000000000000e+00 
9.030000000000e+00 2.799729616639e-03 -6.635730253649e-04 6.104866795099e-04 1.014525541909e+05 1.080874916135e+05 1.000000000000e+05 7.556328138941e+03 5.580330085096e+02 1.800000000000e+06 0.000000000000e+00 -8.752000000000e-01 -8.752000000000e-01 0.000000000000e+00 0.000000000000e+00 0.000000000000e+00 -0.000000000000e+00 7.631515215566e-03 0.000000000000e+00 0.000000000000e+00 0.000000000000e+00 0.000000000000e+00 0.000000000000e+00 0.000000000000e+00 
9.035000000000e+00 2.796690902036e-03 -6.563463555650e-04 6.071801478484e-04 1.011257513224e+05 1.077355104801e+05 1.000000000000e+05 7.558399786920e+03 5.584913913705e+02 1.800000000000e+06 0.000000000000e+00 -8.752000000000e-01 -8.752000000000e-01 0.000000000000e+00 0.000000000000e+00 0.000000000000e+00 -0.000000000000e+00 7.623230508729e-03 0.000000000000e+00 0.000000000000e+00 0.000000000000e+00 0.000000000000e+00 0.000000000000e+00 0.000000000000e+00 
9.040000000000e+00 2.793668813155e-03 -6.485089238923e-04 6.038285968906e-04 1.008005578806e+05 1.073845010522e+05 1.000000000000e+05 7.560462841737e+03 5.589479649599e+02 1.800000000000e+06 0.000000000000e+00 -8.752000000000e-01 -8.752000000000e-01 0.000000000000e+00 0.000000000000e+00 0.000000000000e+00 -0.000000000000e+00 7.614991058295e-03 0.000000000000e+00 0.000000000000e+00 0.000000000000e+00 0.000000000000e+00 0.000000000000e+00 0.000000000000e+00 
9.045000000000e+00 2.790664212666e-03 -6.350793280841e-04 6.001046211164e-04 1.004806677795e+05 1.070345762599e+05 1.000000000000e+05 7.562516331634e+03 5.594025890313e+02 1.800000000000e+06 0.000000000000e+00 -8.752000000000e-01 -8.752000000000e-01 0.000000000000e+00 0.000000000000e+00 0.000000000000e+00 -0.000000000000e+00 7.606799220631e-03 0.000000000000e+00 0.000000000000e+00 0.000000000000e+00 0.000000000000e+00 0.000000000000e+00 0.000000000000e+00 
9.050000000000e+00 2.787683177105e-03 -5.827323942643e-04 5.942738057535e-04 1.001858179069e+05 1.066864598049e+05 1.000000000000e+05 7.564554235280e+03 5.598543318531e+02 1.800000000000e+06 0.000000000000e+00 -8.752000000000e-01 -8.752000000000e-01 0.000000000000e+00 0.000000000000e+00 0.000000000000e+00 -0.000000000000e+00 7.598671489798e-03 0.000000000000e+00 0.000000000000e+00 0.000000000000e+00 0.000000000000e+00 0.000000000000e+00 0.000000000000e+00 
9.055000000000e+00 2.784750275361e-03 -4.082280802192e-04 5.809321131835e-04 9.997830949707e+04 1.063430511046e+05 1.000000000000e+05 7.566553962972e+03 5.602994475451e+02 1.800000000000e+06 0.000000000000e+00 -8.752000000000e-01 -8.752000000000e-01 0.000000000000e+00 0.000000000000e+00 0.000000000000e+00 -0.000000000000e+00 7.590675036116e-03 0.000000000000e+00 0.000000000000e+00 0.000000000000e+00 0.000000000000e+00 0.000000000000e+00 0.000000000000e+00 
9.060000000000e+00 2.781932762569e-03 -1.615855299654e-05 5.497024831159e-04 9.998055830990e+04 1.060122971735e+05 1.000000000000e+05 7.568458245210e+03 5.607276757759e+02 1.800000000000e+06 0.000000000000e+00 -8.752000000000e-01 -8.752000000000e-01 0.000000000000e+00 0.000000000000e+00 0.000000000000e+00 -0.000000000000e+00 7.582992570217e-03 0.000000000000e+00 0.000000000000e+00 0.000000000000e+00 0.000000000000e+00 0.000000000000e+00 0.000000000000e+00 
9.065000000000e+00 2.779348854226e-03 5.988389513166e-04 4.919253079689e-04 1.003029324424e+05 1.057082268100e+05 1.000000000000e+05 7.570176240451e+03 5.611209384100e+02 1.800000000000e+06 0.000000000000e+00 -8.752000000000e-01 -8.752000000000e-01 0.000000000000e+00 0.000000000000e+00 0.000000000000e+00 -0.000000000000e+00 7.575944116998e-03 0.000000000000e+00 0.000000000000e+00 0.000000000000e+00 0.000000000000e+00 0.000000000000e+00 0.000000000000e+00 
9.070000000000e+00 2.777144422296e-03 1.410347256647e-03 4.040901593081e-04 1.010028053370e+05 1.054482514725e+05 1.000000000000e+05 7.571603077546e+03 5.614568548918e+02 1.800000000000e+06 0.000000000000e+00 -8.752000000000e-01 -8.752000000000e-01 0.000000000000e+00 0.000000000000e+00 0.000000000000e+00 -0.000000000000e+00 7.569926049948e-03 0.000000000000e+00 0.000000000000e+00 0.000000000000e+00 0.000000000000e+00 0.000000000000e+00 0.000000000000e+00 
9.075000000000e+00 2.775473747414e-03 2.391440377052e-03 2.847229679332e-04 1.021157772502e+05 1.052508786535e+05 1.000000000000e+05 7.572629959391e+03 5.617116875403e+02 1.800000000000e+06 0.000000000000e+00 -8.752000000000e-01 -8.752000000000e-01 0.000000000000e+00 0.000000000000e+00 0.000000000000e+00 -0.000000000000e+00 7.565358931357e-03 0.000000000000e+00 0.000000000000e+00 0.000000000000e+00 0.000000000000e+00 0.000000000000e+00 0.000000000000e+00 
9.080000000000e+00 2.774493866066e-03 3.440971548141e-03 1.350703990272e-04 1.036469210856e+05 1.051349771887e+05 1.000000000000e+05 7.573149011788e+03 5.618612525134e+02 1.800000000000e+06 0.000000000000e+00 -8.752000000000e-01 -8.752000000000e-01 0.000000000000e+00 0.000000000000e+00 0.000000000000e+00 -0.000000000000e+00 7.562670306262e-03 0.000000000000e+00 0.000000000000e+00 0.000000000000e+00 0.000000000000e+00 0.000000000000e+00 0.000000000000e+00 
9.085000000000e+00 2.774328643368e-03 4.481303313043e-03 -3.595641307639e-05 1.055115876823e+05 1.051154243477e+05 1.000000000000e+05 7.573083584671e+03 5.618864787734e+02 1.800000000000e+06 0.000000000000e+00 -8.752000000000e-01 -8.752000000000e-01 0.000000000000e+00 0.000000000000e+00 0.000000000000e+00 -0.000000000000e+00 7.562205633841e-03 0.000000000000e+00 0.000000000000e+00 0.000000000000e+00 0.000000000000e+00 0.000000000000e+00 0.000000000000e+00 
9.090000000000e+00 2.775064152420e-03 5.426023922654e-03 -2.238140281426e-04 1.076674188943e+05 1.052024437828e+05 1.000000000000e+05 7.572379145130e+03 5.617741973132e+02 1.800000000000e+06 0.000000000000e+00 -8.752000000000e-01 -8.752000000000e-01 0.000000000000e+00 0.000000000000e+00 0.000000000000e+00 -0.000000000000e+00 7.564212092748e-03 0.000000000000e+00 0.000000000000e+00 0.000000000000e+00 0.000000000000e+00 0.000000000000e+00 0.000000000000e+00 
9.095000000000e+00 2.776762396962e-03 6.220095014573e-03 -4.187694116198e-04 1.100110306075e+05 1.054031454287e+05 1.000000000000e+05 7.571004047438e+03 5.615151071448e+02 1.800000000000e+06 0.000000000000e+00 -8.752000000000e-01 -8.752000000000e-01 0.000000000000e+00 0.000000000000e+00 0.000000000000e+00 -0.000000000000e+00 7.568840580792e-03 0.000000000000e+00 0.000000000000e+00 0.000000000000e+00 0.000000000000e+00 0.000000000000e+00 0.000000000000e+00 
9.100000000000e+00 2.779434950414e-03 6.830873165489e-03 -6.130567643754e-04 1.124543484153e+05 1.057183698997e+05 1.000000000000e+05 7.568960268904e+03 5.611078265180e+02 1.800000000000e+06 0.000000000000e+00 -8.752000000000e-01 -8.752000000000e-01 0.000000000000e+00 0.000000000000e+00 0.000000000000e+00 -0.000000000000e+00 7.576121758000e-03 0.000000000000e+00 0.000000000000e+00 0.000000000000e+00 0.000000000000e+00 0.000000000000e+00 0.000000000000e+00 
9.105000000000e+00 2.783059594472e-03 7.248716506709e-03 -8.005717979366e-04 1.149238056809e+05 1.061446792423e+05 1.000000000000e+05 7.566272143979e+03 5.605563372522e+02 1.800000000000e+06 0.000000000000e+00 -8.752000000000e-01 -8.752000000000e-01 0.000000000000e+00 0.000000000000e+00 0.000000000000e+00 -0.000000000000e+00 7.585994411723e-03 0.000000000000e+00 0.000000000000e+00 0.000000000000e+00 0.000000000000e+00 0.000000000000e+00 0.000000000000e+00 
9.110000000000e+00 2.787588515809e-03 7.480230264224e-03 -9.768855278188e-04 1.173618892872e+05 1.066753902295e+05 1.000000000000e+05 7.562980484087e+03 5.598686879078e+02 1.800000000000e+06 0.000000000000e+00 -8.752000000000e-01 -8.752000000000e-01 0.000000000000e+00 0.000000000000e+00 0.000000000000e+00 -0.000000000000e+00 7.598327894809e-03 0.000000000000e+00 0.000000000000e+00 0.000000000000e+00 0.000000000000e+00 0.000000000000e+00 0.000000000000e+00 
9.115000000000e+00 2.792956906217e-03 7.542570965156e-03 -1.139216215298e-03 1.197280542961e+05 1.073016756832e+05 1.000000000000e+05 7.559136422542e+03 5.590556206183e+02 1.800000000000e+06 0.000000000000e+00 -8.752000000000e-01 -8.752000000000e-01 0.000000000000e+00 0.000000000000e+00 0.000000000000e+00 -0.000000000000e+00 7.612945471997e-03 0.000000000000e+00 0.000000000000e+00 0.000000000000e+00 0.000000000000e+00 0.000000000000e+00 0.000000000000e+00 
9.120000000000e+00 2.799090163527e-03 7.460649691954e-03 -1.286093341857e-03 1.219959088903e+05 1.080135020704e+05 1.000000000000e+05 7.554796555527e+03 5.581294100607e+02 1.800000000000e+06 0.000000000000e+00 -8.752000000000e-01 -8.752000000000e-01 0.000000000000e+00 0.000000000000e+00 0.000000000000e+00 -0.000000000000e+00 7.629643849851e-03 0.000000000000e+00 0.000000000000e+00 0.000000000000e+00 0.000000000000e+00 0.000000000000e+00 0.000000000000e+00 
9.125000000000e+00 2.805909609897e-03 7.260306893125e-03 -1.417135551982e-03 1.241513447934e+05 1.088003807392e+05 1.000000000000e+05 7.550019026909e+03 5.571029364818e+02 1.800000000000e+06 0.000000000000e+00 -8.752000000000e-01 -8.752000000000e-01 0.000000000000e+00 0.000000000000e+00 0.000000000000e+00 -0.000000000000e+00 7.648208452658e-03 0.000000000000e+00 0.000000000000e+00 0.000000000000e+00 0.000000000000e+00 0.000000000000e+00 0.000000000000e+00 
9.130000000000e+00 2.813337838813e-03 6.963080547905e-03 -1.532789012238e-03 1.261901041371e+05 1.096520532678e+05 1.000000000000e+05 7.544859978549e+03 5.559888311268e+02 1.800000000000e+06 0.000000000000e+00 -8.752000000000e-01 -8.752000000000e-01 0.000000000000e+00 0.000000000000e+00 0.000000000000e+00 -0.000000000000e+00 7.668426423121e-03 0.000000000000e+00 0.000000000000e+00 0.000000000000e+00 0.000000000000e+00 0.000000000000e+00 0.000000000000e+00 
9.135000000000e+00 2.821299849954e-03 6.587629124276e-03 -1.633706018341e-03 1.281109997831e+05 1.105586681307e+05 1.000000000000e+05 7.539373302933e+03 5.547992719359e+02 1.800000000000e+06 0.000000000000e+00 -8.752000000000e-01 -8.752000000000e-01 0.000000000000e+00 0.000000000000e+00 0.000000000000e+00 -0.000000000000e+00 7.690093905619e-03 0.000000000000e+00 0.000000000000e+00 0.000000000000e+00 0.000000000000e+00 0.000000000000e+00 0.000000000000e+00 
9.140000000000e+00 2.829724695366e-03 6.154738060189e-03 -1.720848759291e-03 1.299170755903e+05 1.115109999833e+05 1.000000000000e+05 7.533609340690e+03 5.535457139925e+02 1.800000000000e+06 0.000000000000e+00 -8.752000000000e-01 -8.752000000000e-01 0.000000000000e+00 0.000000000000e+00 0.000000000000e+00 -0.000000000000e+00 7.713018618475e-03 0.000000000000e+00 0.000000000000e+00 0.000000000000e+00 0.000000000000e+00 0.000000000000e+00 0.000000000000e+00 
9.145000000000e+00 2.838547240425e-03 5.682288870070e-03 -1.795487266904e-03 1.316156028935e+05 1.125006639080e+05 1.000000000000e+05 7.527613663356e+03 5.522386158919e+02 1.800000000000e+06 0.000000000000e+00 -8.752000000000e-01 -8.752000000000e-01 0.000000000000e+00 0.000000000000e+00 0.000000000000e+00 -0.000000000000e+00 7.737023995428e-03 0.000000000000e+00 0.000000000000e+00 0.000000000000e+00 0.000000000000e+00 0.000000000000e+00 0.000000000000e+00 
9.150000000000e+00 2.847709111095e-03 5.185589971333e-03 -1.859026674485e-03 1.332161723282e+05 1.135202210954e+05 1.000000000000e+05 7.521426625785e+03 5.508872992501e+02 1.800000000000e+06 0.000000000000e+00 -8.752000000000e-01 -8.752000000000e-01 0.000000000000e+00 0.000000000000e+00 0.000000000000e+00 -0.000000000000e+00 7.761951640680e-03 0.000000000000e+00 0.000000000000e+00 0.000000000000e+00 0.000000000000e+00 0.000000000000e+00 0.000000000000e+00 
9.155000000000e+00 2.857159691046e-03 4.675882670798e-03 -1.912937054889e-03 1.347299232337e+05 1.145632768006e+05 1.000000000000e+05 7.515082815637e+03 5.494998105952e+02 1.800000000000e+06 0.000000000000e+00 -8.752000000000e-01 -8.752000000000e-01 0.000000000000e+00 0.000000000000e+00 0.000000000000e+00 -0.000000000000e+00 7.787662489688e-03 0.000000000000e+00 0.000000000000e+00 0.000000000000e+00 0.000000000000e+00 0.000000000000e+00 0.000000000000e+00 
9.160000000000e+00 2.866854093575e-03 4.164584445080e-03 -1.958331241091e-03 1.361648089415e+05 1.156242365020e+05 1.000000000000e+05 7.508612891379e+03 5.480832332663e+02 1.800000000000e+06 0.000000000000e+00 -8.752000000000e-01 -8.752000000000e-01 0.000000000000e+00 0.000000000000e+00 0.000000000000e+00 -0.000000000000e+00 7.814034798316e-03 0.000000000000e+00 0.000000000000e+00 0.000000000000e+00 0.000000000000e+00 0.000000000000e+00 0.000000000000e+00 
9.165000000000e+00 2.876753303146e-03 3.658833237807e-03 -1.996359696604e-03 1.375297594849e+05 1.166983028500e+05 1.000000000000e+05 7.502043140845e+03 5.466436798283e+02 1.800000000000e+06 0.000000000000e+00 -8.752000000000e-01 -8.752000000000e-01 0.000000000000e+00 0.000000000000e+00 0.000000000000e+00 -0.000000000000e+00 7.840963088246e-03 0.000000000000e+00 0.000000000000e+00 0.000000000000e+00 0.000000000000e+00 0.000000000000e+00 0.000000000000e+00 
9.170000000000e+00 2.886823640919e-03 3.165162283787e-03 -2.028066606096e-03 1.388330687302e+05 1.177813959763e+05 1.000000000000e+05 7.495396043279e+03 5.451863853135e+02 1.800000000000e+06 0.000000000000e+00 -8.752000000000e-01 -8.752000000000e-01 0.000000000000e+00 0.000000000000e+00 0.000000000000e+00 -0.000000000000e+00 7.868356448513e-03 0.000000000000e+00 0.000000000000e+00 0.000000000000e+00 0.000000000000e+00 0.000000000000e+00 0.000000000000e+00 
9.175000000000e+00 2.897035775950e-03 2.684825872135e-03 -2.054156212660e-03 1.400798692798e+05 1.188700261815e+05 1.000000000000e+05 7.488691211210e+03 5.437158653687e+02 1.800000000000e+06 0.000000000000e+00 -8.752000000000e-01 -8.752000000000e-01 0.000000000000e+00 0.000000000000e+00 0.000000000000e+00 -0.000000000000e+00 7.896137584081e-03 0.000000000000e+00 0.000000000000e+00 0.000000000000e+00 0.000000000000e+00 0.000000000000e+00 0.000000000000e+00 
9.180000000000e+00 2.907362466161e-03 2.218560215273e-03 -2.075189269611e-03 1.412739946027e+05 1.199610370497e+05 1.000000000000e+05 7.481946713145e+03 5.422362530226e+02 1.800000000000e+06 0.000000000000e+00 -8.752000000000e-01 -8.752000000000e-01 0.000000000000e+00 0.000000000000e+00 0.000000000000e+00 -0.000000000000e+00 7.924233420976e-03 0.000000000000e+00 0.000000000000e+00 0.000000000000e+00 0.000000000000e+00 0.000000000000e+00 0.000000000000e+00 
9.185000000000e+00 2.917779927382e-03 1.767135505646e-03 -2.091613380660e-03 1.424184354303e+05 1.210517385401e+05 1.000000000000e+05 7.475178182443e+03 5.407511106728e+02 1.800000000000e+06 0.000000000000e+00 -8.752000000000e-01 -8.752000000000e-01 0.000000000000e+00 0.000000000000e+00 0.000000000000e+00 -0.000000000000e+00 7.952580899611e-03 0.000000000000e+00 0.000000000000e+00 0.000000000000e+00 0.000000000000e+00 0.000000000000e+00 0.000000000000e+00 
9.190000000000e+00 2.928264862590e-03 1.326016282924e-03 -2.103318516211e-03 1.435105559298e+05 1.221395833663e+05 1.000000000000e+05 7.468401213004e+03 5.392638625922e+02 1.800000000000e+06 0.000000000000e+00 -8.752000000000e-01 -8.752000000000e-01 0.000000000000e+00 0.000000000000e+00 0.000000000000e+00 -0.000000000000e+00 7.981116399268e-03 0.000000000000e+00 0.000000000000e+00 0.000000000000e+00 0.000000000000e+00 0.000000000000e+00 0.000000000000e+00 
9.195000000000e+00 2.938793156718e-03 8.923697464503e-04 -2.109988613916e-03 1.445456709656e+05 1.232220301750e+05 1.000000000000e+05 7.461631847971e+03 5.377779806374e+02 1.800000000000e+06 0.000000000000e+00 -8.752000000000e-01 -8.752000000000e-01 0.000000000000e+00 0.000000000000e+00 0.000000000000e+00 -0.000000000000e+00 8.009772218141e-03 0.000000000000e+00 0.000000000000e+00 0.000000000000e+00 0.000000000000e+00 0.000000000000e+00 0.000000000000e+00 
9.200000000000e+00 2.949338376162e-03 4.656014840047e-04 -2.111147646632e-03 1.455174247608e+05 1.242963937105e+05 1.000000000000e+05 7.454887478392e+03 5.362971921464e+02 1.800000000000e+06 0.000000000000e+00 -8.752000000000e-01 -8.752000000000e-01 0.000000000000e+00 0.000000000000e+00 0.000000000000e+00 -0.000000000000e+00 8.038474752399e-03 0.000000000000e+00 0.000000000000e+00 0.000000000000e+00 0.000000000000e+00 0.000000000000e+00 0.000000000000e+00 
9.205000000000e+00 2.959873028249e-03 4.411334526751e-05 -2.106816480418e-03 1.464245142479e+05 1.253599799930e+05 1.000000000000e+05 7.448185375026e+03 5.348252973328e+02 1.800000000000e+06 0.000000000000e+00 -8.752000000000e-01 -8.752000000000e-01 0.000000000000e+00 0.000000000000e+00 0.000000000000e+00 -0.000000000000e+00 8.067149224670e-03 0.000000000000e+00 0.000000000000e+00 0.000000000000e+00 0.000000000000e+00 0.000000000000e+00 0.000000000000e+00 
9.210000000000e+00 2.970368374276e-03 -3.715447941500e-04 -2.096512855745e-03 1.472605871322e+05 1.264100696788e+05 1.000000000000e+05 7.441543772675e+03 5.333661931571e+02 1.800000000000e+06 0.000000000000e+00 -8.752000000000e-01 -8.752000000000e-01 0.000000000000e+00 0.000000000000e+00 0.000000000000e+00 -0.000000000000e+00 8.095717465659e-03 0.000000000000e+00 0.000000000000e+00 0.000000000000e+00 0.000000000000e+00 0.000000000000e+00 0.000000000000e+00 
9.215000000000e+00 2.980793929338e-03 -7.798884221408e-04 -2.080084149711e-03 1.480225619678e+05 1.274438707277e+05 1.000000000000e+05 7.434981366663e+03 5.319239402412e+02 1.800000000000e+06 0.000000000000e+00 -8.752000000000e-01 -8.752000000000e-01 0.000000000000e+00 0.000000000000e+00 0.000000000000e+00 -0.000000000000e+00 8.124096643680e-03 0.000000000000e+00 0.000000000000e+00 0.000000000000e+00 0.000000000000e+00 0.000000000000e+00 0.000000000000e+00 
9.220000000000e+00 2.991118850007e-03 -1.181705376576e-03 -2.057441593115e-03 1.487080401780e+05 1.284586575560e+05 1.000000000000e+05 7.428516691190e+03 5.305025691673e+02 1.800000000000e+06 0.000000000000e+00 -8.752000000000e-01 -8.752000000000e-01 0.000000000000e+00 0.000000000000e+00 0.000000000000e+00 -0.000000000000e+00 8.152202814280e-03 0.000000000000e+00 0.000000000000e+00 0.000000000000e+00 0.000000000000e+00 0.000000000000e+00 0.000000000000e+00 
9.225000000000e+00 3.001311680970e-03 -1.576790912626e-03 -2.028491777437e-03 1.493145845431e+05 1.294517429121e+05 1.000000000000e+05 7.422168353033e+03 5.291061173168e+02 1.800000000000e+06 0.000000000000e+00 -8.752000000000e-01 -8.752000000000e-01 0.000000000000e+00 0.000000000000e+00 0.000000000000e+00 -0.000000000000e+00 8.179950667163e-03 0.000000000000e+00 0.000000000000e+00 0.000000000000e+00 0.000000000000e+00 0.000000000000e+00 0.000000000000e+00 
9.230000000000e+00 3.011340563187e-03 -1.965005696273e-03 -1.993133310813e-03 1.498396937460e+05 1.304204947459e+05 1.000000000000e+05 7.415954913280e+03 5.277386025002e+02 1.800000000000e+06 0.000000000000e+00 -8.752000000000e-01 -8.752000000000e-01 0.000000000000e+00 0.000000000000e+00 0.000000000000e+00 -0.000000000000e+00 8.207253631052e-03 0.000000000000e+00 0.000000000000e+00 0.000000000000e+00 0.000000000000e+00 0.000000000000e+00 0.000000000000e+00 
9.235000000000e+00 3.021173328250e-03 -2.345048613828e-03 -1.951328828262e-03 1.502814971809e+05 1.313623405029e+05 1.000000000000e+05 7.409894774051e+03 5.264040133799e+02 1.800000000000e+06 0.000000000000e+00 -8.752000000000e-01 -8.752000000000e-01 0.000000000000e+00 0.000000000000e+00 0.000000000000e+00 -0.000000000000e+00 8.234024335452e-03 0.000000000000e+00 0.000000000000e+00 0.000000000000e+00 0.000000000000e+00 0.000000000000e+00 0.000000000000e+00 
9.240000000000e+00 3.030777923804e-03 -2.712497954709e-03 -1.903177844078e-03 1.506394652285e+05 1.322748016696e+05 1.000000000000e+05 7.404005865644e+03 5.251062561541e+02 1.800000000000e+06 0.000000000000e+00 -8.752000000000e-01 -8.752000000000e-01 0.000000000000e+00 0.000000000000e+00 0.000000000000e+00 -0.000000000000e+00 8.260175662669e-03 0.000000000000e+00 0.000000000000e+00 0.000000000000e+00 0.000000000000e+00 0.000000000000e+00 0.000000000000e+00 
9.245000000000e+00 3.040124518785e-03 -3.058828021270e-03 -1.849300227167e-03 1.509182264815e+05 1.331556835318e+05 1.000000000000e+05 7.398304020724e+03 5.238488777492e+02 1.800000000000e+06 0.000000000000e+00 -8.752000000000e-01 -8.752000000000e-01 0.000000000000e+00 0.000000000000e+00 0.000000000000e+00 -0.000000000000e+00 8.285626554579e-03 0.000000000000e+00 0.000000000000e+00 0.000000000000e+00 0.000000000000e+00 0.000000000000e+00 0.000000000000e+00 
9.250000000000e+00 3.049186125620e-03 -3.377868464116e-03 -1.790273795872e-03 1.511221148981e+05 1.340031173965e+05 1.000000000000e+05 7.392803176454e+03 5.226349946888e+02 1.800000000000e+06 0.000000000000e+00 -8.752000000000e-01 -8.752000000000e-01 0.000000000000e+00 0.000000000000e+00 0.000000000000e+00 -0.000000000000e+00 8.310303484043e-03 0.000000000000e+00 0.000000000000e+00 0.000000000000e+00 0.000000000000e+00 0.000000000000e+00 0.000000000000e+00 
9.255000000000e+00 3.057939260059e-03 -3.666746973831e-03 -1.726836152132e-03 1.512571494269e+05 1.348156044006e+05 1.000000000000e+05 7.387514837597e+03 5.214672185611e+02 1.800000000000e+06 0.000000000000e+00 -8.752000000000e-01 -8.752000000000e-01 0.000000000000e+00 0.000000000000e+00 0.000000000000e+00 -0.000000000000e+00 8.334142441843e-03 0.000000000000e+00 0.000000000000e+00 0.000000000000e+00 0.000000000000e+00 0.000000000000e+00 0.000000000000e+00 
9.260000000000e+00 3.066364028924e-03 -3.919846031059e-03 -1.659684922730e-03 1.513291108192e+05 1.355920052828e+05 1.000000000000e+05 7.382448268509e+03 5.203476586696e+02 1.800000000000e+06 0.000000000000e+00 -8.752000000000e-01 -8.752000000000e-01 0.000000000000e+00 0.000000000000e+00 0.000000000000e+00 -0.000000000000e+00 8.357089151041e-03 0.000000000000e+00 0.000000000000e+00 0.000000000000e+00 0.000000000000e+00 0.000000000000e+00 0.000000000000e+00 
9.265000000000e+00 3.074444085164e-03 -4.133632404882e-03 -1.589549375994e-03 1.513442224935e+05 1.363315192310e+05 1.000000000000e+05 7.377610507648e+03 5.192779414100e+02 1.800000000000e+06 0.000000000000e+00 -8.752000000000e-01 -8.752000000000e-01 0.000000000000e+00 0.000000000000e+00 0.000000000000e+00 -0.000000000000e+00 8.379098982889e-03 0.000000000000e+00 0.000000000000e+00 0.000000000000e+00 0.000000000000e+00 0.000000000000e+00 0.000000000000e+00 
9.270000000000e+00 3.082166813352e-03 -4.304412907426e-03 -1.517223698954e-03 1.513094764966e+05 1.370336854085e+05 1.000000000000e+05 7.373006274168e+03 5.182591979890e+02 1.800000000000e+06 0.000000000000e+00 -8.752000000000e-01 -8.752000000000e-01 0.000000000000e+00 0.000000000000e+00 0.000000000000e+00 -0.000000000000e+00 8.400137433690e-03 0.000000000000e+00 0.000000000000e+00 0.000000000000e+00 0.000000000000e+00 0.000000000000e+00 0.000000000000e+00 
9.275000000000e+00 3.089524329565e-03 -4.423131347728e-03 -1.443595070537e-03 1.512329751165e+05 1.376984588903e+05 1.000000000000e+05 7.368637386322e+03 5.172919445089e+02 1.800000000000e+06 0.000000000000e+00 -8.752000000000e-01 -8.752000000000e-01 0.000000000000e+00 0.000000000000e+00 0.000000000000e+00 -0.000000000000e+00 8.420182822772e-03 0.000000000000e+00 0.000000000000e+00 0.000000000000e+00 0.000000000000e+00 0.000000000000e+00 0.000000000000e+00 
9.280000000000e+00 3.096512153721e-03 -4.494667755329e-03 -1.369450165749e-03 1.511220059177e+05 1.383260768036e+05 1.000000000000e+05 7.364503785017e+03 5.163762677126e+02 1.800000000000e+06 0.000000000000e+00 -8.752000000000e-01 -8.752000000000e-01 0.000000000000e+00 0.000000000000e+00 0.000000000000e+00 -0.000000000000e+00 8.439222759331e-03 0.000000000000e+00 0.000000000000e+00 0.000000000000e+00 0.000000000000e+00 0.000000000000e+00 0.000000000000e+00 
9.285000000000e+00 3.103128750309e-03 -4.525039674837e-03 -1.295048610510e-03 1.509790587625e+05 1.389170079475e+05 1.000000000000e+05 7.360604227363e+03 5.155118926390e+02 1.800000000000e+06 0.000000000000e+00 -8.752000000000e-01 -8.752000000000e-01 0.000000000000e+00 0.000000000000e+00 0.000000000000e+00 -0.000000000000e+00 8.457253232580e-03 0.000000000000e+00 0.000000000000e+00 0.000000000000e+00 0.000000000000e+00 0.000000000000e+00 0.000000000000e+00 
9.290000000000e+00 3.109372900066e-03 -4.513537186302e-03 -1.220574489451e-03 1.508058864018e+05 1.394717130393e+05 1.000000000000e+05 7.356937462038e+03 5.146985302100e+02 1.800000000000e+06 0.000000000000e+00 -8.752000000000e-01 -8.752000000000e-01 0.000000000000e+00 0.000000000000e+00 0.000000000000e+00 -0.000000000000e+00 8.474271934546e-03 0.000000000000e+00 0.000000000000e+00 0.000000000000e+00 0.000000000000e+00 0.000000000000e+00 0.000000000000e+00 
9.295000000000e+00 3.115246336318e-03 -4.461186604364e-03 -1.146775412888e-03 1.506096556500e+05 1.399908772401e+05 1.000000000000e+05 7.353500077673e+03 5.139355353938e+02 1.800000000000e+06 0.000000000000e+00 -8.752000000000e-01 -8.752000000000e-01 0.000000000000e+00 0.000000000000e+00 0.000000000000e+00 -0.000000000000e+00 8.490283458275e-03 0.000000000000e+00 0.000000000000e+00 0.000000000000e+00 0.000000000000e+00 0.000000000000e+00 0.000000000000e+00 
9.300000000000e+00 3.120755290880e-03 -4.387188801913e-03 -1.074403763086e-03 1.503978491593e+05 1.404755407096e+05 1.000000000000e+05 7.350286113078e+03 5.132217114720e+02 1.800000000000e+06 0.000000000000e+00 -8.752000000000e-01 -8.752000000000e-01 0.000000000000e+00 0.000000000000e+00 0.000000000000e+00 -0.000000000000e+00 8.505304527292e-03 0.000000000000e+00 0.000000000000e+00 0.000000000000e+00 0.000000000000e+00 0.000000000000e+00 0.000000000000e+00 
9.305000000000e+00 3.125904482646e-03 -4.292566898186e-03 -1.002680462368e-03 1.501636265536e+05 1.409265663594e+05 1.000000000000e+05 7.347292036158e+03 5.125560918918e+02 1.800000000000e+06 0.000000000000e+00 -8.752000000000e-01 -8.752000000000e-01 0.000000000000e+00 0.000000000000e+00 0.000000000000e+00 -0.000000000000e+00 8.519347758842e-03 0.000000000000e+00 0.000000000000e+00 0.000000000000e+00 0.000000000000e+00 0.000000000000e+00 0.000000000000e+00 
9.310000000000e+00 3.130697071216e-03 -4.176737259799e-03 -9.316136700839e-04 1.499073081744e+05 1.413446411072e+05 1.000000000000e+05 7.344514648421e+03 5.119379422191e+02 1.800000000000e+06 0.000000000000e+00 -8.752000000000e-01 -8.752000000000e-01 0.000000000000e+00 0.000000000000e+00 0.000000000000e+00 -0.000000000000e+00 8.532421456689e-03 0.000000000000e+00 0.000000000000e+00 0.000000000000e+00 0.000000000000e+00 0.000000000000e+00 0.000000000000e+00 
9.315000000000e+00 3.135137008365e-03 -4.043857861938e-03 -8.613026823606e-04 1.496300969654e+05 1.417304844568e+05 1.000000000000e+05 7.341950314945e+03 5.113664542632e+02 1.800000000000e+06 0.000000000000e+00 -8.752000000000e-01 -8.752000000000e-01 0.000000000000e+00 0.000000000000e+00 0.000000000000e+00 -0.000000000000e+00 8.544535312235e-03 0.000000000000e+00 0.000000000000e+00 0.000000000000e+00 0.000000000000e+00 0.000000000000e+00 0.000000000000e+00 
9.320000000000e+00 3.139228362011e-03 -3.897629905980e-03 -7.917911095647e-04 1.493326711425e+05 1.420847904974e+05 1.000000000000e+05 7.339595495582e+03 5.108408326531e+02 1.800000000000e+06 0.000000000000e+00 -8.752000000000e-01 -8.752000000000e-01 0.000000000000e+00 0.000000000000e+00 0.000000000000e+00 -0.000000000000e+00 8.555700049952e-03 0.000000000000e+00 0.000000000000e+00 0.000000000000e+00 0.000000000000e+00 0.000000000000e+00 0.000000000000e+00 
9.325000000000e+00 3.142975499840e-03 -3.740635379012e-03 -7.233414637853e-04 1.490177153974e+05 1.424082452814e+05 1.000000000000e+05 7.337446385283e+03 5.103602702057e+02 1.800000000000e+06 0.000000000000e+00 -8.752000000000e-01 -8.752000000000e-01 0.000000000000e+00 0.000000000000e+00 0.000000000000e+00 -0.000000000000e+00 8.565927131694e-03 0.000000000000e+00 0.000000000000e+00 0.000000000000e+00 0.000000000000e+00 0.000000000000e+00 0.000000000000e+00 
9.330000000000e+00 3.146384937425e-03 -3.580498747951e-03 -6.562860468750e-04 1.486886994514e+05 1.427016869431e+05 1.000000000000e+05 7.335497957513e+03 5.099237105651e+02 1.800000000000e+06 0.000000000000e+00 -8.752000000000e-01 -8.752000000000e-01 0.000000000000e+00 0.000000000000e+00 0.000000000000e+00 -0.000000000000e+00 8.575233661234e-03 0.000000000000e+00 0.000000000000e+00 0.000000000000e+00 0.000000000000e+00 0.000000000000e+00 0.000000000000e+00 
9.335000000000e+00 3.149463962804e-03 -3.417684762218e-03 -5.906894253882e-04 1.483466899075e+05 1.429659870777e+05 1.000000000000e+05 7.333745078248e+03 5.095300246248e+02 1.800000000000e+06 0.000000000000e+00 -8.752000000000e-01 -8.752000000000e-01 0.000000000000e+00 0.000000000000e+00 0.000000000000e+00 -0.000000000000e+00 8.583639449906e-03 0.000000000000e+00 0.000000000000e+00 0.000000000000e+00 0.000000000000e+00 0.000000000000e+00 0.000000000000e+00 
9.340000000000e+00 3.152220437072e-03 -3.251316043123e-03 -5.267853280638e-04 1.479943303289e+05 1.432020349773e+05 1.000000000000e+05 7.332182226709e+03 5.091780350375e+02 1.800000000000e+06 0.000000000000e+00 -8.752000000000e-01 -8.752000000000e-01 0.000000000000e+00 0.000000000000e+00 0.000000000000e+00 -0.000000000000e+00 8.591165992851e-03 0.000000000000e+00 0.000000000000e+00 0.000000000000e+00 0.000000000000e+00 0.000000000000e+00 0.000000000000e+00 
9.345000000000e+00 3.154663474909e-03 -3.083903854443e-03 -4.647888658476e-04 1.476341848938e+05 1.434107973408e+05 1.000000000000e+05 7.330803259594e+03 5.088664282452e+02 1.800000000000e+06 0.000000000000e+00 -8.752000000000e-01 -8.752000000000e-01 0.000000000000e+00 0.000000000000e+00 0.000000000000e+00 -0.000000000000e+00 8.597838172808e-03 0.000000000000e+00 0.000000000000e+00 0.000000000000e+00 0.000000000000e+00 0.000000000000e+00 0.000000000000e+00 
9.350000000000e+00 3.156803336890e-03 -2.917466466648e-03 -4.049203075591e-04 1.472689509144e+05 1.435933102834e+05 1.000000000000e+05 7.329601449042e+03 5.085937673124e+02 1.800000000000e+06 0.000000000000e+00 -8.752000000000e-01 -8.752000000000e-01 0.000000000000e+00 0.000000000000e+00 0.000000000000e+00 -0.000000000000e+00 8.603683860138e-03 0.000000000000e+00 0.000000000000e+00 0.000000000000e+00 0.000000000000e+00 0.000000000000e+00 0.000000000000e+00 
9.355000000000e+00 3.158651086466e-03 -2.752940895120e-03 -3.473212897268e-04 1.469006744952e+05 1.437506516872e+05 1.000000000000e+05 7.328569753381e+03 5.083585343989e+02 1.800000000000e+06 0.000000000000e+00 -8.752000000000e-01 -8.752000000000e-01 0.000000000000e+00 0.000000000000e+00 0.000000000000e+00 -0.000000000000e+00 8.608733180257e-03 0.000000000000e+00 0.000000000000e+00 0.000000000000e+00 0.000000000000e+00 0.000000000000e+00 0.000000000000e+00 
9.360000000000e+00 3.160218538038e-03 -2.590753002424e-03 -2.921563816286e-04 1.465316735041e+05 1.438839387339e+05 1.000000000000e+05 7.327700750284e+03 5.081591358427e+02 1.800000000000e+06 0.000000000000e+00 -8.752000000000e-01 -8.752000000000e-01 0.000000000000e+00 0.000000000000e+00 0.000000000000e+00 -0.000000000000e+00 8.613018316133e-03 0.000000000000e+00 0.000000000000e+00 0.000000000000e+00 0.000000000000e+00 0.000000000000e+00 0.000000000000e+00 
9.365000000000e+00 3.161518222638e-03 -2.430856721645e-03 -2.395368235707e-04 1.461638464111e+05 1.439943270601e+05 1.000000000000e+05 7.326986718091e+03 5.079939048929e+02 1.800000000000e+06 0.000000000000e+00 -8.752000000000e-01 -8.752000000000e-01 0.000000000000e+00 0.000000000000e+00 0.000000000000e+00 -0.000000000000e+00 8.616573470775e-03 0.000000000000e+00 0.000000000000e+00 0.000000000000e+00 0.000000000000e+00 0.000000000000e+00 0.000000000000e+00 
9.370000000000e+00 3.162563165349e-03 -2.275244924324e-03 -1.895831967155e-04 1.457992252746e+05 1.440829940249e+05 1.000000000000e+05 7.326419702972e+03 5.078611282825e+02 1.800000000000e+06 0.000000000000e+00 -8.752000000000e-01 -8.752000000000e-01 0.000000000000e+00 0.000000000000e+00 0.000000000000e+00 -0.000000000000e+00 8.619434197752e-03 0.000000000000e+00 0.000000000000e+00 0.000000000000e+00 0.000000000000e+00 0.000000000000e+00 0.000000000000e+00 
9.375000000000e+00 3.163366903641e-03 -2.126122547143e-03 -1.423478115616e-04 1.454392770425e+05 1.441511425161e+05 1.000000000000e+05 7.325991569919e+03 5.077590421046e+02 1.800000000000e+06 0.000000000000e+00 -8.752000000000e-01 -8.752000000000e-01 0.000000000000e+00 0.000000000000e+00 0.000000000000e+00 -0.000000000000e+00 8.621637477758e-03 0.000000000000e+00 0.000000000000e+00 0.000000000000e+00 0.000000000000e+00 0.000000000000e+00 0.000000000000e+00 
9.380000000000e+00 3.163942841916e-03 -1.986307158876e-03 -9.774001105391e-05 1.450841763908e+05 1.441999484867e+05 1.000000000000e+05 7.325694439304e+03 5.076859119807e+02 1.800000000000e+06 0.000000000000e+00 -8.752000000000e-01 -8.752000000000e-01 0.000000000000e+00 0.000000000000e+00 0.000000000000e+00 -0.000000000000e+00 8.623220044346e-03 0.000000000000e+00 0.000000000000e+00 0.000000000000e+00 0.000000000000e+00 0.000000000000e+00 0.000000000000e+00 
9.385000000000e+00 3.164303156603e-03 -1.858068650384e-03 -5.550203994283e-05 1.447324969349e+05 1.442304704897e+05 1.000000000000e+05 7.325521341087e+03 5.076401702248e+02 1.800000000000e+06 0.000000000000e+00 -8.752000000000e-01 -8.752000000000e-01 0.000000000000e+00 0.000000000000e+00 0.000000000000e+00 -0.000000000000e+00 8.624215284265e-03 0.000000000000e+00 0.000000000000e+00 0.000000000000e+00 0.000000000000e+00 0.000000000000e+00 0.000000000000e+00 
9.390000000000e+00 3.164458333102e-03 -1.748258342376e-03 -1.509210378417e-05 1.443801135078e+05 1.442436126167e+05 1.000000000000e+05 7.325466582744e+03 5.076204728864e+02 1.800000000000e+06 0.000000000000e+00 -8.752000000000e-01 -8.752000000000e-01 0.000000000000e+00 0.000000000000e+00 0.000000000000e+00 -0.000000000000e+00 8.624652962973e-03 0.000000000000e+00 0.000000000000e+00 0.000000000000e+00 0.000000000000e+00 0.000000000000e+00 0.000000000000e+00 
9.395000000000e+00 3.164416027186e-03 -1.668061336084e-03 2.415626255080e-05 1.440215435593e+05 1.442400298312e+05 1.000000000000e+05 7.325526267711e+03 5.076258428571e+02 1.800000000000e+06 0.000000000000e+00 -8.752000000000e-01 -8.752000000000e-01 0.000000000000e+00 0.000000000000e+00 0.000000000000e+00 -0.000000000000e+00 8.624563609157e-03 0.000000000000e+00 0.000000000000e+00 0.000000000000e+00 0.000000000000e+00 0.000000000000e+00 0.000000000000e+00 
9.400000000000e+00 3.164179197017e-03 -1.628922225188e-03 6.346612218899e-05 1.436458741641e+05 1.442199709734e+05 1.000000000000e+05 7.325699769009e+03 5.076559060090e+02 1.800000000000e+06 0.000000000000e+00 -8.752000000000e-01 -8.752000000000e-01 0.000000000000e+00 0.000000000000e+00 0.000000000000e+00 -0.000000000000e+00 8.623953284768e-03 0.000000000000e+00 0.000000000000e+00 0.000000000000e+00 0.000000000000e+00 0.000000000000e+00 0.000000000000e+00 
9.405000000000e+00 3.163739624655e-03 -1.650921909500e-03 1.051255939976e-04 1.432315951918e+05 1.441827301364e+05 1.000000000000e+05 7.325993971778e+03 5.077117135028e+02 1.800000000000e+06 0.000000000000e+00 -8.752000000000e-01 -8.752000000000e-01 0.000000000000e+00 0.000000000000e+00 0.000000000000e+00 -0.000000000000e+00 8.622789755368e-03 0.000000000000e+00 0.000000000000e+00 0.000000000000e+00 0.000000000000e+00 0.000000000000e+00 0.000000000000e+00 
9.410000000000e+00 3.163078503183e-03 -1.755937561424e-03 1.515093537212e-04 1.427554676420e+05 1.441266943568e+05 1.000000000000e+05 7.326422067923e+03 5.077956689024e+02 1.800000000000e+06 0.000000000000e+00 -8.752000000000e-01 -8.752000000000e-01 0.000000000000e+00 0.000000000000e+00 0.000000000000e+00 -0.000000000000e+00 8.621022098532e-03 0.000000000000e+00 0.000000000000e+00 0.000000000000e+00 0.000000000000e+00 0.000000000000e+00 0.000000000000e+00 
9.415000000000e+00 3.162164056783e-03 -1.964971937586e-03 2.054904319783e-04 1.421885510747e+05 1.440491372270e+05 1.000000000000e+05 7.327005334069e+03 5.079118341673e+02 1.800000000000e+06 0.000000000000e+00 -8.752000000000e-01 -8.752000000000e-01 0.000000000000e+00 0.000000000000e+00 0.000000000000e+00 -0.000000000000e+00 8.618563197901e-03 0.000000000000e+00 0.000000000000e+00 0.000000000000e+00 0.000000000000e+00 0.000000000000e+00 0.000000000000e+00 
9.420000000000e+00 3.160950144404e-03 -2.283107072898e-03 2.697624067340e-04 1.415021564497e+05 1.439460919198e+05 1.000000000000e+05 7.327773377945e+03 5.080661139310e+02 1.800000000000e+06 0.000000000000e+00 -8.752000000000e-01 -8.752000000000e-01 0.000000000000e+00 0.000000000000e+00 0.000000000000e+00 -0.000000000000e+00 8.615286795770e-03 0.000000000000e+00 0.000000000000e+00 0.000000000000e+00 0.000000000000e+00 0.000000000000e+00 0.000000000000e+00 
9.425000000000e+00 3.159380917249e-03 -2.694226761834e-03 3.455515716081e-04 1.406798470188e+05 1.438127335280e+05 1.000000000000e+05 7.328760311169e+03 5.082656740636e+02 1.800000000000e+06 0.000000000000e+00 -8.752000000000e-01 -8.752000000000e-01 0.000000000000e+00 0.000000000000e+00 0.000000000000e+00 -0.000000000000e+00 8.611040871791e-03 0.000000000000e+00 0.000000000000e+00 0.000000000000e+00 0.000000000000e+00 0.000000000000e+00 0.000000000000e+00 
9.430000000000e+00 3.157401224339e-03 -3.150369448588e-03 4.316528069638e-04 1.397270577591e+05 1.436442481987e+05 1.000000000000e+05 7.329997844089e+03 5.085176305948e+02 1.800000000000e+06 0.000000000000e+00 -8.752000000000e-01 -8.752000000000e-01 0.000000000000e+00 0.000000000000e+00 0.000000000000e+00 -0.000000000000e+00 8.605675625605e-03 0.000000000000e+00 0.000000000000e+00 0.000000000000e+00 0.000000000000e+00 0.000000000000e+00 0.000000000000e+00 
9.435000000000e+00 3.154971282980e-03 -3.571870647942e-03 5.236656199234e-04 1.386793851419e+05 1.434370705559e+05 1.000000000000e+05 7.331506031776e+03 5.088271915155e+02 1.800000000000e+06 0.000000000000e+00 -8.752000000000e-01 -8.752000000000e-01 0.000000000000e+00 0.000000000000e+00 0.000000000000e+00 -0.000000000000e+00 8.599083016318e-03 0.000000000000e+00 0.000000000000e+00 0.000000000000e+00 0.000000000000e+00 0.000000000000e+00 0.000000000000e+00 
9.440000000000e+00 3.152082574506e-03 -3.868370842991e-03 6.142519405009e-04 1.376018747175e+05 1.431902419057e+05 1.000000000000e+05 7.333284146334e+03 5.091956292869e+02 1.800000000000e+06 0.000000000000e+00 -8.752000000000e-01 -8.752000000000e-01 0.000000000000e+00 0.000000000000e+00 0.000000000000e+00 -0.000000000000e+00 8.591240470667e-03 0.000000000000e+00 0.000000000000e+00 0.000000000000e+00 0.000000000000e+00 0.000000000000e+00 0.000000000000e+00 
9.445000000000e+00 3.148767669967e-03 -3.969424998295e-03 6.948063851262e-04 1.365750528159e+05 1.429062763964e+05 1.000000000000e+05 7.335306281466e+03 5.096190060733e+02 1.800000000000e+06 0.000000000000e+00 -8.752000000000e-01 -8.752000000000e-01 0.000000000000e+00 0.000000000000e+00 0.000000000000e+00 -0.000000000000e+00 8.582237659069e-03 0.000000000000e+00 0.000000000000e+00 0.000000000000e+00 0.000000000000e+00 0.000000000000e+00 0.000000000000e+00 
9.450000000000e+00 3.145100482875e-03 -3.840477154322e-03 7.577316514443e-04 1.356745418139e+05 1.425912334922e+05 1.000000000000e+05 7.337523048981e+03 5.100881004202e+02 1.800000000000e+06 0.000000000000e+00 -8.752000000000e-01 -8.752000000000e-01 0.000000000000e+00 0.000000000000e+00 0.000000000000e+00 -0.000000000000e+00 8.572276103814e-03 0.000000000000e+00 0.000000000000e+00 0.000000000000e+00 0.000000000000e+00 0.000000000000e+00 0.000000000000e+00 
9.455000000000e+00 3.141183690857e-03 -3.500169631278e-03 7.985811536277e-04 1.349504888202e+05 1.422536995459e+05 1.000000000000e+05 7.339870699234e+03 5.105899661782e+02 1.800000000000e+06 0.000000000000e+00 -8.752000000000e-01 -8.752000000000e-01 0.000000000000e+00 0.000000000000e+00 0.000000000000e+00 -0.000000000000e+00 8.561635851725e-03 0.000000000000e+00 0.000000000000e+00 0.000000000000e+00 0.000000000000e+00 0.000000000000e+00 0.000000000000e+00 
9.460000000000e+00 3.137131925052e-03 -3.001020232973e-03 8.163423989409e-04 1.344232809694e+05 1.419033904758e+05 1.000000000000e+05 7.342281142672e+03 5.111100452707e+02 1.800000000000e+06 0.000000000000e+00 -8.752000000000e-01 -8.752000000000e-01 0.000000000000e+00 0.000000000000e+00 0.000000000000e+00 -0.000000000000e+00 8.550628760515e-03 0.000000000000e+00 0.000000000000e+00 0.000000000000e+00 0.000000000000e+00 0.000000000000e+00 0.000000000000e+00 
9.465000000000e+00 3.133056095840e-03 -2.418093261739e-03 8.133095469057e-04 1.340829559883e+05 1.415498225476e+05 1.000000000000e+05 7.344691043035e+03 5.116341589630e+02 1.800000000000e+06 0.000000000000e+00 -8.752000000000e-01 -8.752000000000e-01 0.000000000000e+00 0.000000000000e+00 0.000000000000e+00 -0.000000000000e+00 8.539553054896e-03 0.000000000000e+00 0.000000000000e+00 0.000000000000e+00 0.000000000000e+00 0.000000000000e+00 0.000000000000e+00 
9.470000000000e+00 3.129045969764e-03 -1.823859399124e-03 7.942453826754e-04 1.338949321892e+05 1.412007957854e+05 1.000000000000e+05 7.347051425331e+03 5.121507527073e+02 1.800000000000e+06 0.000000000000e+00 -8.752000000000e-01 -8.752000000000e-01 0.000000000000e+00 0.000000000000e+00 0.000000000000e+00 -0.000000000000e+00 8.528653158454e-03 0.000000000000e+00 0.000000000000e+00 0.000000000000e+00 0.000000000000e+00 0.000000000000e+00 0.000000000000e+00 
9.475000000000e+00 3.125165798076e-03 -1.272943439403e-03 7.646121023621e-04 1.338155966727e+05 1.408619813693e+05 1.000000000000e+05 7.349328799484e+03 5.126514852689e+02 1.800000000000e+06 0.000000000000e+00 -8.752000000000e-01 -8.752000000000e-01 0.000000000000e+00 0.000000000000e+00 0.000000000000e+00 -0.000000000000e+00 8.518103183829e-03 0.000000000000e+00 0.000000000000e+00 0.000000000000e+00 0.000000000000e+00 0.000000000000e+00 0.000000000000e+00 
9.480000000000e+00 3.121451937264e-03 -7.944258613272e-04 7.297243997958e-04 1.337997953512e+05 1.405366730878e+05 1.000000000000e+05 7.351505948590e+03 5.131315686149e+02 1.800000000000e+06 0.000000000000e+00 -8.752000000000e-01 -8.752000000000e-01 0.000000000000e+00 0.000000000000e+00 0.000000000000e+00 -0.000000000000e+00 8.508003589409e-03 0.000000000000e+00 0.000000000000e+00 0.000000000000e+00 0.000000000000e+00 0.000000000000e+00 0.000000000000e+00 
9.485000000000e+00 3.117917216899e-03 -4.025461385097e-04 6.939145425211e-04 1.338089543786e+05 1.402261295574e+05 1.000000000000e+05 7.353578704930e+03 5.135892356838e+02 1.800000000000e+06 0.000000000000e+00 -8.752000000000e-01 -8.752000000000e-01 0.000000000000e+00 0.000000000000e+00 0.000000000000e+00 -0.000000000000e+00 8.498389691574e-03 0.000000000000e+00 0.000000000000e+00 0.000000000000e+00 0.000000000000e+00 0.000000000000e+00 0.000000000000e+00 
9.490000000000e+00 3.114555942985e-03 -1.002050597788e-04 6.602630899299e-04 1.338141218597e+05 1.399299826593e+05 1.000000000000e+05 7.355552818725e+03 5.140251174756e+02 1.800000000000e+06 0.000000000000e+00 -8.752000000000e-01 -8.752000000000e-01 0.000000000000e+00 0.000000000000e+00 0.000000000000e+00 -0.000000000000e+00 8.489246511213e-03 0.000000000000e+00 0.000000000000e+00 0.000000000000e+00 0.000000000000e+00 0.000000000000e+00 0.000000000000e+00 
9.495000000000e+00 3.111352256585e-03 1.179352859535e-04 6.303324491757e-04 1.337993132480e+05 1.396469537596e+05 1.000000000000e+05 7.357438786791e+03 5.144411752559e+02 1.800000000000e+06 0.000000000000e+00 -8.752000000000e-01 -8.752000000000e-01 0.000000000000e+00 0.000000000000e+00 0.000000000000e+00 -0.000000000000e+00 8.480531287722e-03 0.000000000000e+00 0.000000000000e+00 0.000000000000e+00 0.000000000000e+00 0.000000000000e+00 0.000000000000e+00 
9.500000000000e+00 3.108284147435e-03 2.589069891480e-04 6.051275802038e-04 1.337530718326e+05 1.393751988516e+05 1.000000000000e+05 7.359250350749e+03 5.148401868075e+02 1.800000000000e+06 0.000000000000e+00 -8.752000000000e-01 -8.752000000000e-01 0.000000000000e+00 0.000000000000e+00 0.000000000000e+00 -0.000000000000e+00 8.472184356175e-03 0.000000000000e+00 0.000000000000e+00 0.000000000000e+00 0.000000000000e+00 0.000000000000e+00 0.000000000000e+00 
9.505000000000e+00 3.105327452082e-03 3.321223736773e-04 5.846808710332e-04 1.336727383102e+05 1.391126588668e+05 1.000000000000e+05 7.361001736659e+03 5.152252294682e+02 1.800000000000e+06 0.000000000000e+00 -8.752000000000e-01 -8.752000000000e-01 0.000000000000e+00 0.000000000000e+00 0.000000000000e+00 -0.000000000000e+00 8.464140129085e-03 0.000000000000e+00 0.000000000000e+00 0.000000000000e+00 0.000000000000e+00 0.000000000000e+00 0.000000000000e+00 
9.510000000000e+00 3.102459241170e-03 3.530839619153e-04 5.686812217911e-04 1.335589635525e+05 1.388573610501e+05 1.000000000000e+05 7.362706193909e+03 5.155992384912e+02 1.800000000000e+06 0.000000000000e+00 -8.752000000000e-01 -8.752000000000e-01 0.000000000000e+00 0.000000000000e+00 0.000000000000e+00 -0.000000000000e+00 8.456336319025e-03 0.000000000000e+00 0.000000000000e+00 0.000000000000e+00 0.000000000000e+00 0.000000000000e+00 0.000000000000e+00 
9.515000000000e+00 3.099658553128e-03 3.358423399838e-04 5.566935236014e-04 1.334137478671e+05 1.386074873372e+05 1.000000000000e+05 7.364375744319e+03 5.159649088908e+02 1.800000000000e+06 0.000000000000e+00 -8.752000000000e-01 -8.752000000000e-01 0.000000000000e+00 0.000000000000e+00 0.000000000000e+00 -0.000000000000e+00 8.448715954572e-03 0.000000000000e+00 0.000000000000e+00 0.000000000000e+00 0.000000000000e+00 0.000000000000e+00 0.000000000000e+00 
9.520000000000e+00 3.096907378255e-03 2.923412814539e-04 5.479766611404e-04 1.332422371256e+05 1.383614655995e+05 1.000000000000e+05 7.366020413516e+03 5.163245641829e+02 1.800000000000e+06 0.000000000000e+00 -8.752000000000e-01 -8.752000000000e-01 0.000000000000e+00 0.000000000000e+00 0.000000000000e+00 -0.000000000000e+00 8.441230065228e-03 0.000000000000e+00 0.000000000000e+00 0.000000000000e+00 0.000000000000e+00 0.000000000000e+00 0.000000000000e+00 
9.525000000000e+00 3.094191800292e-03 2.325050743160e-04 5.417341680085e-04 1.330505011239e+05 1.381180758067e+05 1.000000000000e+05 7.367647760001e+03 5.166800038839e+02 1.800000000000e+06 0.000000000000e+00 -8.752000000000e-01 -8.752000000000e-01 0.000000000000e+00 0.000000000000e+00 0.000000000000e+00 -0.000000000000e+00 8.433840802016e-03 0.000000000000e+00 0.000000000000e+00 0.000000000000e+00 0.000000000000e+00 0.000000000000e+00 0.000000000000e+00 
9.530000000000e+00 3.091501705887e-03 1.659758406706e-04 5.372277272983e-04 1.328444478277e+05 1.378764284456e+05 1.000000000000e+05 7.369263139187e+03 5.170325379777e+02 1.800000000000e+06 0.000000000000e+00 -8.752000000000e-01 -8.752000000000e-01 0.000000000000e+00 0.000000000000e+00 0.000000000000e+00 -0.000000000000e+00 8.426520634926e-03 0.000000000000e+00 0.000000000000e+00 0.000000000000e+00 0.000000000000e+00 0.000000000000e+00 0.000000000000e+00 
9.535000000000e+00 3.088830459362e-03 1.002029455960e-04 5.338001096371e-04 1.326295763248e+05 1.376359392288e+05 1.000000000000e+05 7.370869907775e+03 5.173830264094e+02 1.800000000000e+06 0.000000000000e+00 -8.752000000000e-01 -8.752000000000e-01 0.000000000000e+00 0.000000000000e+00 0.000000000000e+00 -0.000000000000e+00 8.419251492858e-03 0.000000000000e+00 0.000000000000e+00 0.000000000000e+00 0.000000000000e+00 0.000000000000e+00 0.000000000000e+00 
9.540000000000e+00 3.086174367406e-03 4.063295441635e-05 5.309066094055e-04 1.324106293597e+05 1.373962843095e+05 1.000000000000e+05 7.372469764529e+03 5.177319466097e+02 1.800000000000e+06 0.000000000000e+00 -8.752000000000e-01 -8.752000000000e-01 0.000000000000e+00 0.000000000000e+00 0.000000000000e+00 -0.000000000000e+00 8.412023305669e-03 0.000000000000e+00 0.000000000000e+00 0.000000000000e+00 0.000000000000e+00 0.000000000000e+00 0.000000000000e+00 
9.545000000000e+00 3.083532126562e-03 -8.805879290114e-06 5.281199331946e-04 1.321914915428e+05 1.371573532327e+05 1.000000000000e+05 7.374063079515e+03 5.180794638489e+02 1.800000000000e+06 0.000000000000e+00 -8.752000000000e-01 -8.752000000000e-01 0.000000000000e+00 0.000000000000e+00 0.000000000000e+00 -0.000000000000e+00 8.404832502547e-03 0.000000000000e+00 0.000000000000e+00 0.000000000000e+00 0.000000000000e+00 0.000000000000e+00 0.000000000000e+00 
9.550000000000e+00 3.080904141800e-03 -4.596700042631e-05 5.251515143308e-04 1.319749201827e+05 1.369191895016e+05 1.000000000000e+05 7.375649318733e+03 5.184255191267e+02 1.800000000000e+06 0.000000000000e+00 -8.752000000000e-01 -8.752000000000e-01 0.000000000000e+00 0.000000000000e+00 0.000000000000e+00 -0.000000000000e+00 8.397680163462e-03 0.000000000000e+00 0.000000000000e+00 0.000000000000e+00 0.000000000000e+00 0.000000000000e+00 0.000000000000e+00 
9.555000000000e+00 3.078291899754e-03 -7.017726431719e-05 5.218315586437e-04 1.317626680384e+05 1.366819352863e+05 1.000000000000e+05 7.377227400447e+03 5.187699105093e+02 1.800000000000e+06 0.000000000000e+00 -8.752000000000e-01 -8.752000000000e-01 0.000000000000e+00 0.000000000000e+00 0.000000000000e+00 -0.000000000000e+00 8.390570315101e-03 0.000000000000e+00 0.000000000000e+00 0.000000000000e+00 0.000000000000e+00 0.000000000000e+00 0.000000000000e+00 
9.560000000000e+00 3.075697414343e-03 -8.172175598315e-05 5.180932220866e-04 1.315555746057e+05 1.364457819711e+05 1.000000000000e+05 7.378796013808e+03 5.191123655086e+02 1.800000000000e+06 0.000000000000e+00 -8.752000000000e-01 -8.752000000000e-01 0.000000000000e+00 0.000000000000e+00 0.000000000000e+00 -0.000000000000e+00 8.383508424292e-03 0.000000000000e+00 0.000000000000e+00 0.000000000000e+00 0.000000000000e+00 0.000000000000e+00 0.000000000000e+00 
9.565000000000e+00 3.073122759428e-03 -8.163548578601e-05 5.139587506910e-04 1.313536475601e+05 1.362109279856e+05 1.000000000000e+05 7.380353888547e+03 5.194526024776e+02 1.800000000000e+06 0.000000000000e+00 -8.752000000000e-01 -8.752000000000e-01 0.000000000000e+00 0.000000000000e+00 0.000000000000e+00 -0.000000000000e+00 8.376500130657e-03 0.000000000000e+00 0.000000000000e+00 0.000000000000e+00 0.000000000000e+00 0.000000000000e+00 0.000000000000e+00 
9.570000000000e+00 3.070569693993e-03 -7.151763973072e-05 5.095116244972e-04 1.311562858599e+05 1.359775445441e+05 1.000000000000e+05 7.381899997243e+03 5.197903802005e+02 1.800000000000e+06 0.000000000000e+00 -8.752000000000e-01 -8.752000000000e-01 0.000000000000e+00 0.000000000000e+00 0.000000000000e+00 -0.000000000000e+00 8.369550272591e-03 0.000000000000e+00 0.000000000000e+00 0.000000000000e+00 0.000000000000e+00 0.000000000000e+00 0.000000000000e+00 
9.575000000000e+00 3.068039415598e-03 -5.305607441562e-05 5.048824934468e-04 1.309623858981e+05 1.357457527093e+05 1.000000000000e+05 7.383433693615e+03 5.201255308274e+02 1.800000000000e+06 0.000000000000e+00 -8.752000000000e-01 -8.752000000000e-01 0.000000000000e+00 0.000000000000e+00 0.000000000000e+00 -0.000000000000e+00 8.362662106356e-03 0.000000000000e+00 0.000000000000e+00 0.000000000000e+00 0.000000000000e+00 0.000000000000e+00 0.000000000000e+00 
9.580000000000e+00 3.065532369197e-03 -2.804891578930e-05 5.002297977506e-04 1.307705041078e+05 1.355156052619e+05 1.000000000000e+05 7.384954813008e+03 5.204579856861e+02 1.800000000000e+06 0.000000000000e+00 -8.752000000000e-01 -8.752000000000e-01 0.000000000000e+00 0.000000000000e+00 0.000000000000e+00 -0.000000000000e+00 8.355836829413e-03 0.000000000000e+00 0.000000000000e+00 0.000000000000e+00 0.000000000000e+00 0.000000000000e+00 0.000000000000e+00 
9.585000000000e+00 3.063048175928e-03 1.739873908449e-06 4.957209831141e-04 1.305790264726e+05 1.352870794071e+05 1.000000000000e+05 7.386463700875e+03 5.207877853209e+02 1.800000000000e+06 0.000000000000e+00 -8.752000000000e-01 -8.752000000000e-01 0.000000000000e+00 0.000000000000e+00 0.000000000000e+00 -0.000000000000e+00 8.349073410522e-03 0.000000000000e+00 0.000000000000e+00 0.000000000000e+00 0.000000000000e+00 0.000000000000e+00 0.000000000000e+00 
9.590000000000e+00 3.060585616489e-03 3.472540318294e-05 4.915208380059e-04 1.303862767462e+05 1.350600744528e+05 1.000000000000e+05 7.387961214683e+03 5.211150823244e+02 1.800000000000e+06 0.000000000000e+00 -8.752000000000e-01 -8.752000000000e-01 0.000000000000e+00 0.000000000000e+00 0.000000000000e+00 -0.000000000000e+00 8.342368543871e-03 0.000000000000e+00 0.000000000000e+00 0.000000000000e+00 0.000000000000e+00 0.000000000000e+00 0.000000000000e+00 
9.595000000000e+00 3.058142701802e-03 6.947157270326e-05 4.877764572310e-04 1.301906658470e+05 1.348344175526e+05 1.000000000000e+05 7.389448669326e+03 5.214401325513e+02 1.800000000000e+06 0.000000000000e+00 -8.752000000000e-01 -8.752000000000e-01 0.000000000000e+00 0.000000000000e+00 0.000000000000e+00 -0.000000000000e+00 8.335716827859e-03 0.000000000000e+00 0.000000000000e+00 0.000000000000e+00 0.000000000000e+00 0.000000000000e+00 0.000000000000e+00 
9.600000000000e+00 3.055716759237e-03 1.048653376073e-04 4.846155956241e-04 1.299907161705e+05 1.346098709843e+05 1.000000000000e+05 7.390927785092e+03 5.217632841832e+02 1.800000000000e+06 0.000000000000e+00 -8.752000000000e-01 -8.752000000000e-01 0.000000000000e+00 0.000000000000e+00 0.000000000000e+00 -0.000000000000e+00 8.329111011247e-03 0.000000000000e+00 0.000000000000e+00 0.000000000000e+00 0.000000000000e+00 0.000000000000e+00 0.000000000000e+00 
9.605000000000e+00 3.053304569200e-03 1.400665646545e-04 4.821352545313e-04 1.297851840384e+05 1.343861442078e+05 1.000000000000e+05 7.392400595382e+03 5.220849599924e+02 1.800000000000e+06 0.000000000000e+00 -8.752000000000e-01 -8.752000000000e-01 0.000000000000e+00 0.000000000000e+00 0.000000000000e+00 -0.000000000000e+00 8.322542361861e-03 0.000000000000e+00 0.000000000000e+00 0.000000000000e+00 0.000000000000e+00 0.000000000000e+00 0.000000000000e+00 
9.610000000000e+00 3.050902512506e-03 1.745320849793e-04 4.804037104858e-04 1.295730555959e+05 1.341629070820e+05 1.000000000000e+05 7.393869359783e+03 5.224056380399e+02 1.800000000000e+06 0.000000000000e+00 -8.752000000000e-01 -8.752000000000e-01 0.000000000000e+00 0.000000000000e+00 0.000000000000e+00 -0.000000000000e+00 8.316001044513e-03 0.000000000000e+00 0.000000000000e+00 0.000000000000e+00 0.000000000000e+00 0.000000000000e+00 0.000000000000e+00 
9.615000000000e+00 3.048506712200e-03 2.079668477261e-04 4.794608264583e-04 1.293535585589e+05 1.339398027250e+05 1.000000000000e+05 7.395336478440e+03 5.227258329916e+02 1.800000000000e+06 0.000000000000e+00 -8.752000000000e-01 -8.752000000000e-01 0.000000000000e+00 0.000000000000e+00 0.000000000000e+00 -0.000000000000e+00 8.309476525382e-03 0.000000000000e+00 0.000000000000e+00 0.000000000000e+00 0.000000000000e+00 0.000000000000e+00 0.000000000000e+00 
9.620000000000e+00 3.046113178141e-03 2.402688671255e-04 4.793182113413e-04 1.291261757603e+05 1.337164607828e+05 1.000000000000e+05 7.396804404099e+03 5.230460769431e+02 1.800000000000e+06 0.000000000000e+00 -8.752000000000e-01 -8.752000000000e-01 0.000000000000e+00 0.000000000000e+00 0.000000000000e+00 -0.000000000000e+00 8.302957955085e-03 0.000000000000e+00 0.000000000000e+00 0.000000000000e+00 0.000000000000e+00 0.000000000000e+00 0.000000000000e+00 
9.625000000000e+00 3.043717947302e-03 2.714562785464e-04 4.799609332012e-04 1.288906435051e+05 1.334925104479e+05 1.000000000000e+05 7.398275557762e+03 5.233669007030e+02 1.800000000000e+06 0.000000000000e+00 -8.752000000000e-01 -8.752000000000e-01 0.000000000000e+00 0.000000000000e+00 0.000000000000e+00 -0.000000000000e+00 8.296434541071e-03 0.000000000000e+00 0.000000000000e+00 0.000000000000e+00 0.000000000000e+00 0.000000000000e+00 0.000000000000e+00 
9.630000000000e+00 3.041317183007e-03 3.016997433549e-04 4.813566735729e-04 1.286468745887e+05 1.332675897724e+05 1.000000000000e+05 7.399752276077e+03 5.236888204695e+02 1.800000000000e+06 0.000000000000e+00 -8.752000000000e-01 -8.752000000000e-01 0.000000000000e+00 0.000000000000e+00 0.000000000000e+00 -0.000000000000e+00 8.289895845239e-03 0.000000000000e+00 0.000000000000e+00 0.000000000000e+00 0.000000000000e+00 0.000000000000e+00 0.000000000000e+00 
9.635000000000e+00 3.038907269828e-03 3.311655893208e-04 4.834541766272e-04 1.283949832864e+05 1.330413546755e+05 1.000000000000e+05 7.401236751103e+03 5.240123250102e+02 1.800000000000e+06 0.000000000000e+00 -8.752000000000e-01 -8.752000000000e-01 0.000000000000e+00 0.000000000000e+00 0.000000000000e+00 -0.000000000000e+00 8.283332044785e-03 0.000000000000e+00 0.000000000000e+00 0.000000000000e+00 0.000000000000e+00 0.000000000000e+00 0.000000000000e+00 
9.640000000000e+00 3.036484885303e-03 3.600440347991e-04 4.861897018064e-04 1.281352313435e+05 1.328134858666e+05 1.000000000000e+05 7.402730991522e+03 5.243378658826e+02 1.800000000000e+06 0.000000000000e+00 -8.752000000000e-01 -8.752000000000e-01 0.000000000000e+00 0.000000000000e+00 0.000000000000e+00 -0.000000000000e+00 8.276734111845e-03 0.000000000000e+00 0.000000000000e+00 0.000000000000e+00 0.000000000000e+00 0.000000000000e+00 0.000000000000e+00 
9.645000000000e+00 3.034047058625e-03 3.884608978405e-04 4.894905530113e-04 1.278680005548e+05 1.325836946168e+05 1.000000000000e+05 7.404236788936e+03 5.246658493476e+02 1.800000000000e+06 0.000000000000e+00 -8.752000000000e-01 -8.752000000000e-01 0.000000000000e+00 0.000000000000e+00 0.000000000000e+00 -0.000000000000e+00 8.270093974083e-03 0.000000000000e+00 0.000000000000e+00 0.000000000000e+00 0.000000000000e+00 0.000000000000e+00 0.000000000000e+00 
9.650000000000e+00 3.031591190836e-03 4.164964534836e-04 4.932803442738e-04 1.275937447410e+05 1.323517249571e+05 1.000000000000e+05 7.405755709354e+03 5.249966334181e+02 1.800000000000e+06 0.000000000000e+00 -8.752000000000e-01 -8.752000000000e-01 0.000000000000e+00 0.000000000000e+00 0.000000000000e+00 -0.000000000000e+00 8.263404570714e-03 0.000000000000e+00 0.000000000000e+00 0.000000000000e+00 0.000000000000e+00 0.000000000000e+00 0.000000000000e+00 
9.655000000000e+00 3.029115075351e-03 4.442059703056e-04 4.974813483798e-04 1.273129696305e+05 1.321173559345e+05 1.000000000000e+05 7.407289081682e+03 5.253305248449e+02 1.800000000000e+06 0.000000000000e+00 -8.752000000000e-01 -8.752000000000e-01 0.000000000000e+00 0.000000000000e+00 0.000000000000e+00 -0.000000000000e+00 8.256659907135e-03 0.000000000000e+00 0.000000000000e+00 0.000000000000e+00 0.000000000000e+00 0.000000000000e+00 0.000000000000e+00 
9.660000000000e+00 3.026616892941e-03 4.715595206538e-04 5.020159215566e-04 1.270262190918e+05 1.318804014724e+05 1.000000000000e+05 7.408838001054e+03 5.256677795278e+02 1.800000000000e+06 0.000000000000e+00 -8.752000000000e-01 -8.752000000000e-01 0.000000000000e+00 0.000000000000e+00 0.000000000000e+00 -0.000000000000e+00 8.249855031009e-03 0.000000000000e+00 0.000000000000e+00 0.000000000000e+00 0.000000000000e+00 0.000000000000e+00 0.000000000000e+00 
9.665000000000e+00 3.024095229433e-03 4.984618451447e-04 5.068093943889e-04 1.267340493144e+05 1.316407123958e+05 1.000000000000e+05 7.410403319489e+03 5.260085998541e+02 1.800000000000e+06 0.000000000000e+00 -8.752000000000e-01 -8.752000000000e-01 0.000000000000e+00 0.000000000000e+00 0.000000000000e+00 -0.000000000000e+00 8.242985983365e-03 0.000000000000e+00 0.000000000000e+00 0.000000000000e+00 0.000000000000e+00 0.000000000000e+00 0.000000000000e+00 
9.670000000000e+00 3.021548981045e-03 5.247153903220e-04 5.118014477733e-04 1.264369095948e+05 1.313981677742e+05 1.000000000000e+05 7.411985714103e+03 5.263531472253e+02 1.800000000000e+06 0.000000000000e+00 -8.752000000000e-01 -8.752000000000e-01 0.000000000000e+00 0.000000000000e+00 0.000000000000e+00 -0.000000000000e+00 8.236049709399e-03 0.000000000000e+00 0.000000000000e+00 0.000000000000e+00 0.000000000000e+00 0.000000000000e+00 0.000000000000e+00 
9.675000000000e+00 3.018977366953e-03 5.501162516578e-04 5.169349409753e-04 1.261352515317e+05 1.311526764062e+05 1.000000000000e+05 7.413585667913e+03 5.267015401302e+02 1.800000000000e+06 0.000000000000e+00 -8.752000000000e-01 -8.752000000000e-01 0.000000000000e+00 0.000000000000e+00 0.000000000000e+00 -0.000000000000e+00 8.229044052941e-03 0.000000000000e+00 0.000000000000e+00 0.000000000000e+00 0.000000000000e+00 0.000000000000e+00 0.000000000000e+00 
9.680000000000e+00 3.016379786258e-03 5.742440562840e-04 5.221704162912e-04 1.258293742348e+05 1.309041634295e+05 1.000000000000e+05 7.415203571417e+03 5.270538733159e+02 1.800000000000e+06 0.000000000000e+00 -8.752000000000e-01 -8.752000000000e-01 0.000000000000e+00 0.000000000000e+00 0.000000000000e+00 -0.000000000000e+00 8.221967508487e-03 0.000000000000e+00 0.000000000000e+00 0.000000000000e+00 0.000000000000e+00 0.000000000000e+00 0.000000000000e+00 
9.685000000000e+00 3.013755865772e-03 5.968723626272e-04 5.274476846957e-04 1.255198020093e+05 1.306525750752e+05 1.000000000000e+05 7.416839656065e+03 5.274102111624e+02 1.800000000000e+06 0.000000000000e+00 -8.752000000000e-01 -8.752000000000e-01 0.000000000000e+00 0.000000000000e+00 0.000000000000e+00 -0.000000000000e+00 8.214819196864e-03 0.000000000000e+00 0.000000000000e+00 0.000000000000e+00 0.000000000000e+00 0.000000000000e+00 0.000000000000e+00 
9.690000000000e+00 3.011105607384e-03 6.176874109535e-04 5.327198258562e-04 1.252069692622e+05 1.303978930719e+05 1.000000000000e+05 7.418493933860e+03 5.277705674557e+02 1.800000000000e+06 0.000000000000e+00 -8.752000000000e-01 -8.752000000000e-01 0.000000000000e+00 0.000000000000e+00 0.000000000000e+00 -0.000000000000e+00 8.207598926541e-03 0.000000000000e+00 0.000000000000e+00 0.000000000000e+00 0.000000000000e+00 0.000000000000e+00 0.000000000000e+00 
9.695000000000e+00 3.008429129853e-03 6.363789981497e-04 5.379651427400e-04 1.248910779699e+05 1.301401101451e+05 1.000000000000e+05 7.420166368440e+03 5.281349402522e+02 1.800000000000e+06 0.000000000000e+00 -8.752000000000e-01 -8.752000000000e-01 0.000000000000e+00 0.000000000000e+00 0.000000000000e+00 -0.000000000000e+00 8.200306937824e-03 0.000000000000e+00 0.000000000000e+00 0.000000000000e+00 0.000000000000e+00 0.000000000000e+00 0.000000000000e+00 
9.700000000000e+00 3.005726634958e-03 6.526379262963e-04 5.431599192040e-04 1.245723590423e+05 1.298792268715e+05 1.000000000000e+05 7.421856870061e+03 5.285033163980e+02 1.800000000000e+06 0.000000000000e+00 -8.752000000000e-01 -8.752000000000e-01 0.000000000000e+00 0.000000000000e+00 0.000000000000e+00 -0.000000000000e+00 8.192943819023e-03 0.000000000000e+00 0.000000000000e+00 0.000000000000e+00 0.000000000000e+00 0.000000000000e+00 0.000000000000e+00 
9.705000000000e+00 3.002998443555e-03 6.661550744168e-04 5.482803446570e-04 1.242510573571e+05 1.296152552658e+05 1.000000000000e+05 7.423565274583e+03 5.288756665312e+02 1.800000000000e+06 0.000000000000e+00 -8.752000000000e-01 -8.752000000000e-01 0.000000000000e+00 0.000000000000e+00 0.000000000000e+00 -0.000000000000e+00 8.185510478456e-03 0.000000000000e+00 0.000000000000e+00 0.000000000000e+00 0.000000000000e+00 0.000000000000e+00 0.000000000000e+00 
9.710000000000e+00 3.000244982019e-03 6.766711725426e-04 5.533077809346e-04 1.239273790045e+05 1.293482176012e+05 1.000000000000e+05 7.425291356520e+03 5.292519468291e+02 1.800000000000e+06 0.000000000000e+00 -8.752000000000e-01 -8.752000000000e-01 0.000000000000e+00 0.000000000000e+00 0.000000000000e+00 -0.000000000000e+00 8.178008091902e-03 0.000000000000e+00 0.000000000000e+00 0.000000000000e+00 0.000000000000e+00 0.000000000000e+00 0.000000000000e+00 
9.715000000000e+00 2.997466755813e-03 6.839665460574e-04 5.582278178242e-04 1.236014977361e+05 1.290781439643e+05 1.000000000000e+05 7.427034844310e+03 5.296321025287e+02 1.800000000000e+06 0.000000000000e+00 -8.752000000000e-01 -8.752000000000e-01 0.000000000000e+00 0.000000000000e+00 0.000000000000e+00 -0.000000000000e+00 8.170438051289e-03 0.000000000000e+00 0.000000000000e+00 0.000000000000e+00 0.000000000000e+00 0.000000000000e+00 0.000000000000e+00 
9.720000000000e+00 2.994664333209e-03 6.878627092489e-04 5.630289184927e-04 1.232735664887e+05 1.288050707675e+05 1.000000000000e+05 7.428795428931e+03 5.300160700803e+02 1.800000000000e+06 0.000000000000e+00 -8.752000000000e-01 -8.752000000000e-01 0.000000000000e+00 0.000000000000e+00 0.000000000000e+00 -0.000000000000e+00 8.162801920288e-03 0.000000000000e+00 0.000000000000e+00 0.000000000000e+00 0.000000000000e+00 0.000000000000e+00 0.000000000000e+00 
9.725000000000e+00 2.991838330543e-03 6.882139621036e-04 5.677025888460e-04 1.229437141489e+05 1.285290393914e+05 1.000000000000e+05 7.430572773066e+03 5.304037791072e+02 1.800000000000e+06 0.000000000000e+00 -8.752000000000e-01 -8.752000000000e-01 0.000000000000e+00 0.000000000000e+00 0.000000000000e+00 -0.000000000000e+00 8.155101393690e-03 0.000000000000e+00 0.000000000000e+00 0.000000000000e+00 0.000000000000e+00 0.000000000000e+00 0.000000000000e+00 
9.730000000000e+00 2.988989402855e-03 6.849414826018e-04 5.722392740160e-04 1.226120849174e+05 1.282500953371e+05 1.000000000000e+05 7.432366512858e+03 5.307951536382e+02 1.800000000000e+06 0.000000000000e+00 -8.752000000000e-01 -8.752000000000e-01 0.000000000000e+00 0.000000000000e+00 0.000000000000e+00 -0.000000000000e+00 8.147338280142e-03 0.000000000000e+00 0.000000000000e+00 0.000000000000e+00 0.000000000000e+00 0.000000000000e+00 0.000000000000e+00 
9.735000000000e+00 2.986118243696e-03 6.779730566790e-04 5.766328537710e-04 1.222787940865e+05 1.279682882674e+05 1.000000000000e+05 7.434176262134e+03 5.311901120877e+02 1.800000000000e+06 0.000000000000e+00 -8.752000000000e-01 -8.752000000000e-01 0.000000000000e+00 0.000000000000e+00 0.000000000000e+00 -0.000000000000e+00 8.139514583366e-03 0.000000000000e+00 0.000000000000e+00 0.000000000000e+00 0.000000000000e+00 0.000000000000e+00 0.000000000000e+00 
9.740000000000e+00 2.983225565366e-03 6.673582706801e-04 5.808836349843e-04 1.219438962979e+05 1.276836701209e+05 1.000000000000e+05 7.436001627557e+03 5.315885699333e+02 1.800000000000e+06 0.000000000000e+00 -8.752000000000e-01 -8.752000000000e-01 0.000000000000e+00 0.000000000000e+00 0.000000000000e+00 -0.000000000000e+00 8.131632349352e-03 0.000000000000e+00 0.000000000000e+00 0.000000000000e+00 0.000000000000e+00 0.000000000000e+00 0.000000000000e+00 
9.745000000000e+00 2.980312089548e-03 6.531668502543e-04 5.849890410139e-04 1.216074763065e+05 1.273962942256e+05 1.000000000000e+05 7.437842205511e+03 5.319904409795e+02 1.800000000000e+06 0.000000000000e+00 -8.752000000000e-01 -8.752000000000e-01 0.000000000000e+00 0.000000000000e+00 0.000000000000e+00 -0.000000000000e+00 8.123693549167e-03 0.000000000000e+00 0.000000000000e+00 0.000000000000e+00 0.000000000000e+00 0.000000000000e+00 0.000000000000e+00 
9.750000000000e+00 2.977378539795e-03 6.354810755150e-04 5.889484545145e-04 1.212696004569e+05 1.271062145826e+05 1.000000000000e+05 7.439697591405e+03 5.323956383750e+02 1.800000000000e+06 0.000000000000e+00 -8.752000000000e-01 -8.752000000000e-01 0.000000000000e+00 0.000000000000e+00 0.000000000000e+00 -0.000000000000e+00 8.115700152806e-03 0.000000000000e+00 0.000000000000e+00 0.000000000000e+00 0.000000000000e+00 0.000000000000e+00 0.000000000000e+00 
9.755000000000e+00 2.974425639030e-03 6.144282877506e-04 5.927627102845e-04 1.209303213361e+05 1.268134856360e+05 1.000000000000e+05 7.441567380715e+03 5.328040749456e+02 1.800000000000e+06 0.000000000000e+00 -8.752000000000e-01 -8.752000000000e-01 0.000000000000e+00 0.000000000000e+00 0.000000000000e+00 -0.000000000000e+00 8.107654134432e-03 0.000000000000e+00 0.000000000000e+00 0.000000000000e+00 0.000000000000e+00 0.000000000000e+00 0.000000000000e+00 
9.760000000000e+00 2.971454129074e-03 5.901737206108e-04 5.964339115114e-04 1.205896815051e+05 1.265181642303e+05 1.000000000000e+05 7.443451156419e+03 5.332156604768e+02 1.800000000000e+06 0.000000000000e+00 -8.752000000000e-01 -8.752000000000e-01 0.000000000000e+00 0.000000000000e+00 0.000000000000e+00 -0.000000000000e+00 8.099557421639e-03 0.000000000000e+00 0.000000000000e+00 0.000000000000e+00 0.000000000000e+00 0.000000000000e+00 0.000000000000e+00 
9.765000000000e+00 2.968464661663e-03 5.629009293454e-04 5.999647019487e-04 1.202477094860e+05 1.262202987780e+05 1.000000000000e+05 7.445348557263e+03 5.336303168112e+02 1.800000000000e+06 0.000000000000e+00 -8.752000000000e-01 -8.752000000000e-01 0.000000000000e+00 0.000000000000e+00 0.000000000000e+00 -0.000000000000e+00 8.091411912779e-03 0.000000000000e+00 0.000000000000e+00 0.000000000000e+00 0.000000000000e+00 0.000000000000e+00 0.000000000000e+00 
9.770000000000e+00 2.965457931660e-03 5.329709922798e-04 6.033632714254e-04 1.199043834277e+05 1.259199424830e+05 1.000000000000e+05 7.447259198363e+03 5.340479594097e+02 1.800000000000e+06 0.000000000000e+00 -8.752000000000e-01 -8.752000000000e-01 0.000000000000e+00 0.000000000000e+00 0.000000000000e+00 -0.000000000000e+00 8.083219406702e-03 0.000000000000e+00 0.000000000000e+00 0.000000000000e+00 0.000000000000e+00 0.000000000000e+00 0.000000000000e+00 
9.775000000000e+00 2.962434524476e-03 5.005106102070e-04 6.066283100287e-04 1.195597652191e+05 1.256171381089e+05 1.000000000000e+05 7.449182753459e+03 5.344685185374e+02 1.800000000000e+06 0.000000000000e+00 -8.752000000000e-01 -8.752000000000e-01 0.000000000000e+00 0.000000000000e+00 0.000000000000e+00 -0.000000000000e+00 8.074981571285e-03 0.000000000000e+00 0.000000000000e+00 0.000000000000e+00 0.000000000000e+00 0.000000000000e+00 0.000000000000e+00 
9.780000000000e+00 2.959395012076e-03 4.656885766913e-04 6.097772316246e-04 1.192137287602e+05 1.253119275030e+05 1.000000000000e+05 7.451118921481e+03 5.348919259808e+02 1.800000000000e+06 0.000000000000e+00 -8.752000000000e-01 -8.752000000000e-01 0.000000000000e+00 0.000000000000e+00 0.000000000000e+00 -0.000000000000e+00 8.066700252665e-03 0.000000000000e+00 0.000000000000e+00 0.000000000000e+00 0.000000000000e+00 0.000000000000e+00 0.000000000000e+00 
9.785000000000e+00 2.956340000037e-03 4.287635843023e-04 6.128032370659e-04 1.188663934560e+05 1.250043563335e+05 1.000000000000e+05 7.453067355092e+03 5.353181084828e+02 1.800000000000e+06 0.000000000000e+00 -8.752000000000e-01 -8.752000000000e-01 0.000000000000e+00 0.000000000000e+00 0.000000000000e+00 -0.000000000000e+00 8.058377159706e-03 0.000000000000e+00 0.000000000000e+00 0.000000000000e+00 0.000000000000e+00 0.000000000000e+00 0.000000000000e+00 
9.790000000000e+00 2.953270076990e-03 3.899986943886e-04 6.157132339369e-04 1.185177404716e+05 1.246944690356e+05 1.000000000000e+05 7.455027729421e+03 5.357469947695e+02 1.800000000000e+06 0.000000000000e+00 -8.752000000000e-01 -8.752000000000e-01 0.000000000000e+00 0.000000000000e+00 0.000000000000e+00 -0.000000000000e+00 8.050013875693e-03 0.000000000000e+00 0.000000000000e+00 0.000000000000e+00 0.000000000000e+00 0.000000000000e+00 0.000000000000e+00 
9.795000000000e+00 2.950185802534e-03 3.496400085956e-04 6.185124249153e-04 1.181677652337e+05 1.243823075754e+05 1.000000000000e+05 7.456999734937e+03 5.361785172510e+02 1.800000000000e+06 0.000000000000e+00 -8.752000000000e-01 -8.752000000000e-01 0.000000000000e+00 0.000000000000e+00 0.000000000000e+00 -0.000000000000e+00 8.041611901034e-03 0.000000000000e+00 0.000000000000e+00 0.000000000000e+00 0.000000000000e+00 0.000000000000e+00 0.000000000000e+00 
9.800000000000e+00 2.947087779337e-03 3.079473232765e-04 6.211878781104e-04 1.178166504185e+05 1.240679187488e+05 1.000000000000e+05 7.458983015411e+03 5.366126019334e+02 1.800000000000e+06 0.000000000000e+00 -8.752000000000e-01 -8.752000000000e-01 0.000000000000e+00 0.000000000000e+00 0.000000000000e+00 -0.000000000000e+00 8.033172720098e-03 0.000000000000e+00 0.000000000000e+00 0.000000000000e+00 0.000000000000e+00 0.000000000000e+00 0.000000000000e+00 
9.805000000000e+00 2.943976783442e-03 2.651390632608e-04 6.237461400090e-04 1.174644020444e+05 1.237513675268e+05 1.000000000000e+05 7.460977120764e+03 5.370491500683e+02 1.800000000000e+06 0.000000000000e+00 -8.752000000000e-01 -8.752000000000e-01 0.000000000000e+00 0.000000000000e+00 0.000000000000e+00 -0.000000000000e+00 8.024697946492e-03 0.000000000000e+00 0.000000000000e+00 0.000000000000e+00 0.000000000000e+00 0.000000000000e+00 0.000000000000e+00 
9.810000000000e+00 2.940853370670e-03 2.214691499716e-04 6.262132774543e-04 1.171108062837e+05 1.234326970948e+05 1.000000000000e+05 7.462981758933e+03 5.374880933172e+02 1.800000000000e+06 0.000000000000e+00 -8.752000000000e-01 -8.752000000000e-01 0.000000000000e+00 0.000000000000e+00 0.000000000000e+00 -0.000000000000e+00 8.016188939747e-03 0.000000000000e+00 0.000000000000e+00 0.000000000000e+00 0.000000000000e+00 0.000000000000e+00 0.000000000000e+00 
9.815000000000e+00 2.937717986374e-03 1.771887859249e-04 6.285944696450e-04 1.167558477498e+05 1.231119398047e+05 1.000000000000e+05 7.464996686940e+03 5.379293785156e+02 1.800000000000e+06 0.000000000000e+00 -8.752000000000e-01 -8.752000000000e-01 0.000000000000e+00 0.000000000000e+00 0.000000000000e+00 -0.000000000000e+00 8.007646912958e-03 0.000000000000e+00 0.000000000000e+00 0.000000000000e+00 0.000000000000e+00 0.000000000000e+00 0.000000000000e+00 
9.820000000000e+00 2.934571044102e-03 1.325192120464e-04 6.308938229082e-04 1.163995186688e+05 1.227891251116e+05 1.000000000000e+05 7.467021679992e+03 5.383729566864e+02 1.800000000000e+06 0.000000000000e+00 -8.752000000000e-01 -8.752000000000e-01 0.000000000000e+00 0.000000000000e+00 0.000000000000e+00 -0.000000000000e+00 7.999073021541e-03 0.000000000000e+00 0.000000000000e+00 0.000000000000e+00 0.000000000000e+00 0.000000000000e+00 0.000000000000e+00 
9.825000000000e+00 2.931412959636e-03 8.773737166594e-05 6.331105290789e-04 1.160418615084e+05 1.224642830426e+05 1.000000000000e+05 7.469056505913e+03 5.388187782603e+02 1.800000000000e+06 0.000000000000e+00 -8.752000000000e-01 -8.752000000000e-01 0.000000000000e+00 0.000000000000e+00 0.000000000000e+00 -0.000000000000e+00 7.990468407712e-03 0.000000000000e+00 0.000000000000e+00 0.000000000000e+00 0.000000000000e+00 0.000000000000e+00 0.000000000000e+00 
9.830000000000e+00 2.928244146610e-03 4.307054889900e-05 6.352449612418e-04 1.156829069845e+05 1.221374437545e+05 1.000000000000e+05 7.471100933880e+03 5.392667936877e+02 1.800000000000e+06 0.000000000000e+00 -8.752000000000e-01 -8.752000000000e-01 0.000000000000e+00 0.000000000000e+00 0.000000000000e+00 -0.000000000000e+00 7.981834211384e-03 0.000000000000e+00 0.000000000000e+00 0.000000000000e+00 0.000000000000e+00 0.000000000000e+00 0.000000000000e+00 
9.835000000000e+00 2.925065017716e-03 -1.256919546389e-06 6.372970370257e-04 1.153226907529e+05 1.218086376629e+05 1.000000000000e+05 7.473154732037e+03 5.397169532661e+02 1.800000000000e+06 0.000000000000e+00 -8.752000000000e-01 -8.752000000000e-01 0.000000000000e+00 0.000000000000e+00 0.000000000000e+00 -0.000000000000e+00 7.973171589810e-03 0.000000000000e+00 0.000000000000e+00 0.000000000000e+00 0.000000000000e+00 0.000000000000e+00 0.000000000000e+00 
9.840000000000e+00 2.921875990259e-03 -4.504931238592e-05 6.392647717430e-04 1.149612687965e+05 1.214778960245e+05 1.000000000000e+05 7.475217662465e+03 5.401692063471e+02 1.800000000000e+06 0.000000000000e+00 -8.752000000000e-01 -8.752000000000e-01 0.000000000000e+00 0.000000000000e+00 0.000000000000e+00 -0.000000000000e+00 7.964481679691e-03 0.000000000000e+00 0.000000000000e+00 0.000000000000e+00 0.000000000000e+00 0.000000000000e+00 0.000000000000e+00 
9.845000000000e+00 2.918677493093e-03 -8.812279455489e-05 6.411455722775e-04 1.145987051320e+05 1.211452516732e+05 1.000000000000e+05 7.477289477909e+03 5.406235003414e+02 1.800000000000e+06 0.000000000000e+00 -8.752000000000e-01 -8.752000000000e-01 0.000000000000e+00 0.000000000000e+00 0.000000000000e+00 -0.000000000000e+00 7.955765649485e-03 0.000000000000e+00 0.000000000000e+00 0.000000000000e+00 0.000000000000e+00 0.000000000000e+00 0.000000000000e+00 
9.850000000000e+00 2.915469970043e-03 -1.303044991391e-04 6.429360813258e-04 1.142350738490e+05 1.208107394011e+05 1.000000000000e+05 7.479369919331e+03 5.410797802138e+02 1.800000000000e+06 0.000000000000e+00 -8.752000000000e-01 -8.752000000000e-01 0.000000000000e+00 0.000000000000e+00 0.000000000000e+00 -0.000000000000e+00 7.947024710810e-03 0.000000000000e+00 0.000000000000e+00 0.000000000000e+00 0.000000000000e+00 0.000000000000e+00 0.000000000000e+00 
9.855000000000e+00 2.912253877987e-03 -1.714719326528e-04 6.446329772568e-04 1.138704508048e+05 1.204743957868e+05 1.000000000000e+05 7.481458717855e+03 5.415379887354e+02 1.800000000000e+06 0.000000000000e+00 -8.752000000000e-01 -8.752000000000e-01 0.000000000000e+00 0.000000000000e+00 0.000000000000e+00 -0.000000000000e+00 7.938260085716e-03 0.000000000000e+00 0.000000000000e+00 0.000000000000e+00 0.000000000000e+00 0.000000000000e+00 0.000000000000e+00 
9.860000000000e+00 2.909029704021e-03 -2.114384848228e-04 6.462288830556e-04 1.135049574932e+05 1.201362610243e+05 1.000000000000e+05 7.483555579483e+03 5.419980640130e+02 1.800000000000e+06 0.000000000000e+00 -8.752000000000e-01 -8.752000000000e-01 0.000000000000e+00 0.000000000000e+00 0.000000000000e+00 -0.000000000000e+00 7.929473047424e-03 0.000000000000e+00 0.000000000000e+00 0.000000000000e+00 0.000000000000e+00 0.000000000000e+00 0.000000000000e+00 
9.865000000000e+00 2.905797964491e-03 -2.501020643071e-04 6.477189808429e-04 1.131386933544e+05 1.197963788740e+05 1.000000000000e+05 7.485660192082e+03 5.424599395883e+02 1.800000000000e+06 0.000000000000e+00 -8.752000000000e-01 -8.752000000000e-01 0.000000000000e+00 0.000000000000e+00 0.000000000000e+00 -0.000000000000e+00 7.920665025432e-03 0.000000000000e+00 0.000000000000e+00 0.000000000000e+00 0.000000000000e+00 0.000000000000e+00 0.000000000000e+00 
9.870000000000e+00 2.902559208373e-03 -2.873563526718e-04 6.490964707032e-04 1.127717827377e+05 1.194547970702e+05 1.000000000000e+05 7.487772218549e+03 5.429235439162e+02 1.800000000000e+06 0.000000000000e+00 -8.752000000000e-01 -8.752000000000e-01 0.000000000000e+00 0.000000000000e+00 0.000000000000e+00 -0.000000000000e+00 7.911837539694e-03 0.000000000000e+00 0.000000000000e+00 0.000000000000e+00 0.000000000000e+00 0.000000000000e+00 0.000000000000e+00 
9.875000000000e+00 2.899314036020e-03 -3.231063641324e-04 6.503466905350e-04 1.124044378282e+05 1.191115693646e+05 1.000000000000e+05 7.489891278540e+03 5.433887976325e+02 1.800000000000e+06 0.000000000000e+00 -8.752000000000e-01 -8.752000000000e-01 0.000000000000e+00 0.000000000000e+00 0.000000000000e+00 -0.000000000000e+00 7.902992247253e-03 0.000000000000e+00 0.000000000000e+00 0.000000000000e+00 0.000000000000e+00 0.000000000000e+00 0.000000000000e+00 
9.880000000000e+00 2.896063099976e-03 -3.572684555863e-04 6.514661308358e-04 1.120367630801e+05 1.187667556989e+05 1.000000000000e+05 7.492016966532e+03 5.438556133728e+02 1.800000000000e+06 0.000000000000e+00 -8.752000000000e-01 -8.752000000000e-01 0.000000000000e+00 0.000000000000e+00 0.000000000000e+00 -0.000000000000e+00 7.894130946868e-03 0.000000000000e+00 0.000000000000e+00 0.000000000000e+00 0.000000000000e+00 0.000000000000e+00 0.000000000000e+00 
9.885000000000e+00 2.892807062043e-03 -3.897201263479e-04 6.524501273934e-04 1.116688769770e+05 1.184204177197e+05 1.000000000000e+05 7.494148867495e+03 5.443239018862e+02 1.800000000000e+06 0.000000000000e+00 -8.752000000000e-01 -8.752000000000e-01 0.000000000000e+00 0.000000000000e+00 0.000000000000e+00 -0.000000000000e+00 7.885255462478e-03 0.000000000000e+00 0.000000000000e+00 0.000000000000e+00 0.000000000000e+00 0.000000000000e+00 0.000000000000e+00 
9.890000000000e+00 2.889546624049e-03 -4.204120628454e-04 6.532887705917e-04 1.113009579540e+05 1.180726220896e+05 1.000000000000e+05 7.496286532563e+03 5.447935675837e+02 1.800000000000e+06 0.000000000000e+00 -8.752000000000e-01 -8.752000000000e-01 0.000000000000e+00 0.000000000000e+00 0.000000000000e+00 -0.000000000000e+00 7.876367727819e-03 0.000000000000e+00 0.000000000000e+00 0.000000000000e+00 0.000000000000e+00 0.000000000000e+00 0.000000000000e+00 
9.895000000000e+00 2.886282533643e-03 -4.494207797483e-04 6.539752633542e-04 1.109331587924e+05 1.177234411791e+05 1.000000000000e+05 7.498429483323e+03 5.452645076481e+02 1.800000000000e+06 0.000000000000e+00 -8.752000000000e-01 -8.752000000000e-01 0.000000000000e+00 0.000000000000e+00 0.000000000000e+00 -0.000000000000e+00 7.867469797886e-03 0.000000000000e+00 0.000000000000e+00 0.000000000000e+00 0.000000000000e+00 0.000000000000e+00 0.000000000000e+00 
9.900000000000e+00 2.883015561397e-03 -4.767541757333e-04 6.545049036428e-04 1.105656144731e+05 1.173729506871e+05 1.000000000000e+05 7.500577225642e+03 5.457366152872e+02 1.800000000000e+06 0.000000000000e+00 -8.752000000000e-01 -8.752000000000e-01 0.000000000000e+00 0.000000000000e+00 0.000000000000e+00 -0.000000000000e+00 7.858563754860e-03 0.000000000000e+00 0.000000000000e+00 0.000000000000e+00 0.000000000000e+00 0.000000000000e+00 0.000000000000e+00 
9.905000000000e+00 2.879746494760e-03 -5.023013899487e-04 6.548740276635e-04 1.101984523743e+05 1.170212290355e+05 1.000000000000e+05 7.502729252473e+03 5.462097805762e+02 1.800000000000e+06 0.000000000000e+00 -8.752000000000e-01 -8.752000000000e-01 0.000000000000e+00 0.000000000000e+00 0.000000000000e+00 -0.000000000000e+00 7.849651743072e-03 0.000000000000e+00 0.000000000000e+00 0.000000000000e+00 0.000000000000e+00 0.000000000000e+00 0.000000000000e+00 
9.910000000000e+00 2.876476068187e-03 -5.262381635264e-04 6.550884181923e-04 1.098316966640e+05 1.166683498555e+05 1.000000000000e+05 7.504885098282e+03 5.466839005695e+02 1.800000000000e+06 0.000000000000e+00 -8.752000000000e-01 -8.752000000000e-01 0.000000000000e+00 0.000000000000e+00 0.000000000000e+00 -0.000000000000e+00 7.840735975597e-03 0.000000000000e+00 0.000000000000e+00 0.000000000000e+00 0.000000000000e+00 0.000000000000e+00 0.000000000000e+00 
9.915000000000e+00 2.873205082475e-03 -5.484206885010e-04 6.551286771525e-04 1.094656427349e+05 1.163143948476e+05 1.000000000000e+05 7.507044225737e+03 5.471588620142e+02 1.800000000000e+06 0.000000000000e+00 -8.752000000000e-01 -8.752000000000e-01 0.000000000000e+00 0.000000000000e+00 0.000000000000e+00 -0.000000000000e+00 7.831818803246e-03 0.000000000000e+00 0.000000000000e+00 0.000000000000e+00 0.000000000000e+00 0.000000000000e+00 0.000000000000e+00 
9.920000000000e+00 2.869934426730e-03 -5.688720408774e-04 6.549892064048e-04 1.091004538246e+05 1.159594562817e+05 1.000000000000e+05 7.509206049870e+03 5.476345380700e+02 1.800000000000e+06 0.000000000000e+00 -8.752000000000e-01 -8.752000000000e-01 0.000000000000e+00 0.000000000000e+00 0.000000000000e+00 -0.000000000000e+00 7.822902650351e-03 0.000000000000e+00 0.000000000000e+00 0.000000000000e+00 0.000000000000e+00 0.000000000000e+00 0.000000000000e+00 
9.925000000000e+00 2.866665005809e-03 -5.876086679857e-04 6.546672396457e-04 1.087362668171e+05 1.156036292363e+05 1.000000000000e+05 7.511369974754e+03 5.481107987787e+02 1.800000000000e+06 0.000000000000e+00 -8.752000000000e-01 -8.752000000000e-01 0.000000000000e+00 0.000000000000e+00 0.000000000000e+00 -0.000000000000e+00 7.813989973692e-03 0.000000000000e+00 0.000000000000e+00 0.000000000000e+00 0.000000000000e+00 0.000000000000e+00 0.000000000000e+00 
9.930000000000e+00 2.863397735780e-03 -6.046529712200e-04 6.541603548495e-04 1.083732176452e+05 1.152470111370e+05 1.000000000000e+05 7.513535393933e+03 5.485875117026e+02 1.800000000000e+06 0.000000000000e+00 -8.752000000000e-01 -8.752000000000e-01 0.000000000000e+00 0.000000000000e+00 0.000000000000e+00 -0.000000000000e+00 7.805083255195e-03 0.000000000000e+00 0.000000000000e+00 0.000000000000e+00 0.000000000000e+00 0.000000000000e+00 0.000000000000e+00 
9.935000000000e+00 2.860133538835e-03 -6.200428693139e-04 6.534680393294e-04 1.080114242288e+05 1.148897012254e+05 1.000000000000e+05 7.515701695316e+03 5.490645426517e+02 1.800000000000e+06 0.000000000000e+00 -8.752000000000e-01 -8.752000000000e-01 0.000000000000e+00 0.000000000000e+00 0.000000000000e+00 -0.000000000000e+00 7.796185000316e-03 0.000000000000e+00 0.000000000000e+00 0.000000000000e+00 0.000000000000e+00 0.000000000000e+00 0.000000000000e+00 
9.940000000000e+00 2.856873340823e-03 -6.338062770850e-04 6.525899126661e-04 1.076510047711e+05 1.145318003067e+05 1.000000000000e+05 7.517868260986e+03 5.495417560316e+02 1.800000000000e+06 0.000000000000e+00 -8.752000000000e-01 -8.752000000000e-01 0.000000000000e+00 0.000000000000e+00 0.000000000000e+00 -0.000000000000e+00 7.787297701105e-03 0.000000000000e+00 0.000000000000e+00 0.000000000000e+00 0.000000000000e+00 0.000000000000e+00 0.000000000000e+00 
9.945000000000e+00 2.853618061722e-03 -6.459915016351e-04 6.515273847390e-04 1.072920591531e+05 1.141734097120e+05 1.000000000000e+05 7.520034475204e+03 5.500190162354e+02 1.800000000000e+06 0.000000000000e+00 -8.752000000000e-01 -8.752000000000e-01 0.000000000000e+00 0.000000000000e+00 0.000000000000e+00 -0.000000000000e+00 7.778423839473e-03 0.000000000000e+00 0.000000000000e+00 0.000000000000e+00 0.000000000000e+00 0.000000000000e+00 0.000000000000e+00 
9.950000000000e+00 2.850368606815e-03 -6.566894874207e-04 6.502845948047e-04 1.069346578183e+05 1.138146303215e+05 1.000000000000e+05 7.522199731275e+03 5.504961889421e+02 1.800000000000e+06 0.000000000000e+00 -8.752000000000e-01 -8.752000000000e-01 0.000000000000e+00 0.000000000000e+00 0.000000000000e+00 -0.000000000000e+00 7.769565851550e-03 0.000000000000e+00 0.000000000000e+00 0.000000000000e+00 0.000000000000e+00 0.000000000000e+00 0.000000000000e+00 
9.955000000000e+00 2.847125865674e-03 -6.659121604004e-04 6.488638029252e-04 1.065788902234e+05 1.134555624335e+05 1.000000000000e+05 7.524363427633e+03 5.509731412824e+02 1.800000000000e+06 0.000000000000e+00 -8.752000000000e-01 -8.752000000000e-01 0.000000000000e+00 0.000000000000e+00 0.000000000000e+00 -0.000000000000e+00 7.760726108454e-03 0.000000000000e+00 0.000000000000e+00 0.000000000000e+00 0.000000000000e+00 0.000000000000e+00 0.000000000000e+00 
9.960000000000e+00 2.843890718029e-03 -6.737223603638e-04 6.472685942649e-04 1.062248316355e+05 1.130963063981e+05 1.000000000000e+05 7.526524967226e+03 5.514497409897e+02 1.800000000000e+06 0.000000000000e+00 -8.752000000000e-01 -8.752000000000e-01 0.000000000000e+00 0.000000000000e+00 0.000000000000e+00 -0.000000000000e+00 7.751907002740e-03 0.000000000000e+00 0.000000000000e+00 0.000000000000e+00 0.000000000000e+00 0.000000000000e+00 0.000000000000e+00 
9.965000000000e+00 2.840664019406e-03 -6.801690179223e-04 6.455041303038e-04 1.058725386667e+05 1.127369610044e+05 1.000000000000e+05 7.528683767451e+03 5.519258585299e+02 1.800000000000e+06 0.000000000000e+00 -8.752000000000e-01 -8.752000000000e-01 0.000000000000e+00 0.000000000000e+00 0.000000000000e+00 -0.000000000000e+00 7.743110862998e-03 0.000000000000e+00 0.000000000000e+00 0.000000000000e+00 0.000000000000e+00 0.000000000000e+00 0.000000000000e+00 
9.970000000000e+00 2.837446597303e-03 -6.853016029374e-04 6.435761690111e-04 1.055220590819e+05 1.123776230171e+05 1.000000000000e+05 7.530839261851e+03 5.524013676971e+02 1.800000000000e+06 0.000000000000e+00 -8.752000000000e-01 -8.752000000000e-01 0.000000000000e+00 0.000000000000e+00 0.000000000000e+00 -0.000000000000e+00 7.734339943821e-03 0.000000000000e+00 0.000000000000e+00 0.000000000000e+00 0.000000000000e+00 0.000000000000e+00 0.000000000000e+00 
9.975000000000e+00 2.834239248704e-03 -6.891757776920e-04 6.414909713767e-04 1.051734324048e+05 1.120183868562e+05 1.000000000000e+05 7.532990901824e+03 5.528761460130e+02 1.800000000000e+06 0.000000000000e+00 -8.752000000000e-01 -8.752000000000e-01 0.000000000000e+00 0.000000000000e+00 0.000000000000e+00 -0.000000000000e+00 7.725596416512e-03 0.000000000000e+00 0.000000000000e+00 0.000000000000e+00 0.000000000000e+00 0.000000000000e+00 0.000000000000e+00 
9.980000000000e+00 2.831042737822e-03 -6.918496384985e-04 6.392555205089e-04 1.048266872137e+05 1.116593442960e+05 1.000000000000e+05 7.535138158526e+03 5.533500750989e+02 1.800000000000e+06 0.000000000000e+00 -8.752000000000e-01 -8.752000000000e-01 0.000000000000e+00 0.000000000000e+00 0.000000000000e+00 -0.000000000000e+00 7.716882362120e-03 0.000000000000e+00 0.000000000000e+00 0.000000000000e+00 0.000000000000e+00 0.000000000000e+00 0.000000000000e+00 
9.985000000000e+00 2.827857789381e-03 -6.933715318318e-04 6.368779394714e-04 1.044818357619e+05 1.113005836562e+05 1.000000000000e+05 7.537280527991e+03 5.538230417138e+02 1.800000000000e+06 0.000000000000e+00 -8.752000000000e-01 -8.752000000000e-01 0.000000000000e+00 0.000000000000e+00 0.000000000000e+00 -0.000000000000e+00 7.708199756635e-03 0.000000000000e+00 0.000000000000e+00 0.000000000000e+00 0.000000000000e+00 0.000000000000e+00 0.000000000000e+00 
9.990000000000e+00 2.824685089344e-03 -6.937896998979e-04 6.343663103765e-04 1.041388865573e+05 1.109421898214e+05 1.000000000000e+05 7.539417529634e+03 5.542949376939e+02 1.800000000000e+06 0.000000000000e+00 -8.752000000000e-01 -8.752000000000e-01 0.000000000000e+00 0.000000000000e+00 0.000000000000e+00 -0.000000000000e+00 7.699550470662e-03 0.000000000000e+00 0.000000000000e+00 0.000000000000e+00 0.000000000000e+00 0.000000000000e+00 0.000000000000e+00 
9.995000000000e+00 2.821525281537e-03 -6.931559364717e-04 6.317292031581e-04 1.037978382230e+05 1.105842437966e+05 1.000000000000e+05 7.541548709265e+03 5.547656605030e+02 1.800000000000e+06 0.000000000000e+00 -8.752000000000e-01 -8.752000000000e-01 0.000000000000e+00 0.000000000000e+00 0.000000000000e+00 -0.000000000000e+00 7.690936260159e-03 0.000000000000e+00 0.000000000000e+00 0.000000000000e+00 0.000000000000e+00 0.000000000000e+00 0.000000000000e+00 
1.000000000000e+01 2.818378965242e-03 -6.915221128076e-04 6.289758904243e-04 1.034586767884e+05 1.102268223644e+05 1.000000000000e+05 7.543673641157e+03 5.552351136436e+02 1.800000000000e+06 0.000000000000e+00 -8.752000000000e-01 -8.752000000000e-01 0.000000000000e+00 0.000000000000e+00 0.000000000000e+00 -0.000000000000e+00 7.682358760530e-03 0.000000000000e+00 0.000000000000e+00 0.000000000000e+00 0.000000000000e+00 0.000000000000e+00 0.000000000000e+00 
