9.000000000000e+00 5.259163518366e-02 8.783732153126e-01 8.856211830965e-03 1.063697770630e+05 1.045783854060e+05 1.028336492063e+05 4.588885107891e+03 6.034341232842e+02 2.600000000000e+06 0.000000000000e+00 -8.752000000000e-01 -8.752000000000e-01 0.000000000000e+00 0.000000000000e+00 0.000000000000e+00 -0.000000000000e+00 3.569719115882e-02 0.000000000000e+00 0.000000000000e+00 0.000000000000e+00 0.000000000000e+00 0.000000000000e+00 0.000000000000e+00 
9.005000000000e+00 5.254638900716e-02 8.652102667432e-01 9.200176181715e-03 1.060018467029e+05 1.042743374417e+05 1.028116455809e+05 4.589887893341e+03 6.036305619036e+02 2.600000000000e+06 0.000000000000e+00 -8.752000000000e-01 -8.752000000000e-01 0.000000000000e+00 0.000000000000e+00 0.000000000000e+00 -0.000000000000e+00 3.566647978416e-02 0.000000000000e+00 0.000000000000e+00 0.000000000000e+00 0.000000000000e+00 0.000000000000e+00 0.000000000000e+00 
9.010000000000e+00 5.249947627329e-02 8.523072480114e-01 9.532449508631e-03 1.056226029349e+05 1.039583968786e+05 1.027890029854e+05 4.590928550747e+03 6.038362768658e+02 2.600000000000e+06 0.000000000000e+00 -8.752000000000e-01 -8.752000000000e-01 0.000000000000e+00 0.000000000000e+00 0.000000000000e+00 -0.000000000000e+00 3.563463721409e-02 0.000000000000e+00 0.000000000000e+00 0.000000000000e+00 0.000000000000e+00 0.000000000000e+00 0.000000000000e+00 
9.015000000000e+00 5.245095921089e-02 8.396963462443e-01 9.851570745325e-03 1.052326097358e+05 1.036309067971e+05 1.027657683716e+05 4.592005827904e+03 6.040512010010e+02 2.600000000000e+06 0.000000000000e+00 -8.752000000000e-01 -8.752000000000e-01 0.000000000000e+00 0.000000000000e+00 0.000000000000e+00 -0.000000000000e+00 3.560170541274e-02 0.000000000000e+00 0.000000000000e+00 0.000000000000e+00 0.000000000000e+00 0.000000000000e+00 0.000000000000e+00 
9.020000000000e+00 5.240090563044e-02 8.274064907058e-01 1.015608509454e-02 1.048324729055e+05 1.032922489720e+05 1.027419907462e+05 4.593118346564e+03 6.042752359023e+02 2.600000000000e+06 0.000000000000e+00 -8.752000000000e-01 -8.752000000000e-01 0.000000000000e+00 0.000000000000e+00 0.000000000000e+00 -0.000000000000e+00 3.556773104422e-02 0.000000000000e+00 0.000000000000e+00 0.000000000000e+00 0.000000000000e+00 0.000000000000e+00 0.000000000000e+00 
9.025000000000e+00 5.234939120157e-02 8.154637204210e-01 1.044493841171e-02 1.044228106140e+05 1.029428601104e+05 1.027177220507e+05 4.594264557766e+03 6.045082393155e+02 2.600000000000e+06 0.000000000000e+00 -8.752000000000e-01 -8.752000000000e-01 0.000000000000e+00 0.000000000000e+00 0.000000000000e+00 -0.000000000000e+00 3.553276508635e-02 0.000000000000e+00 0.000000000000e+00 0.000000000000e+00 0.000000000000e+00 0.000000000000e+00 0.000000000000e+00 
9.030000000000e+00 5.229649552722e-02 8.038911597829e-01 1.071727551034e-02 1.040042491443e+05 1.025832061279e+05 1.026930150994e+05 4.595442823280e+03 6.047500403479e+02 2.600000000000e+06 0.000000000000e+00 -8.752000000000e-01 -8.752000000000e-01 0.000000000000e+00 0.000000000000e+00 0.000000000000e+00 -0.000000000000e+00 3.549686157325e-02 0.000000000000e+00 0.000000000000e+00 0.000000000000e+00 0.000000000000e+00 0.000000000000e+00 0.000000000000e+00 
9.035000000000e+00 5.224230191867e-02 7.927092803414e-01 1.097238736271e-02 1.035774279275e+05 1.022137813155e+05 1.026679233212e+05 4.596651418287e+03 6.050004386172e+02 2.600000000000e+06 0.000000000000e+00 -8.752000000000e-01 -8.752000000000e-01 0.000000000000e+00 0.000000000000e+00 0.000000000000e+00 -0.000000000000e+00 3.546007705645e-02 0.000000000000e+00 0.000000000000e+00 0.000000000000e+00 0.000000000000e+00 0.000000000000e+00 0.000000000000e+00 
9.040000000000e+00 5.218689663814e-02 7.819357896999e-01 1.120977540523e-02 1.031429867640e+05 1.018351038540e+05 1.026425002667e+05 4.597888548118e+03 6.052592060036e+02 2.600000000000e+06 0.000000000000e+00 -8.752000000000e-01 -8.752000000000e-01 0.000000000000e+00 0.000000000000e+00 0.000000000000e+00 -0.000000000000e+00 3.542247009070e-02 0.000000000000e+00 0.000000000000e+00 0.000000000000e+00 0.000000000000e+00 0.000000000000e+00 0.000000000000e+00 
9.045000000000e+00 5.213036818009e-02 7.715860407342e-01 1.142902477070e-02 1.027015759709e+05 1.014477115181e+05 1.026167991584e+05 4.599152360737e+03 6.055260884993e+02 2.600000000000e+06 0.000000000000e+00 -8.752000000000e-01 -8.752000000000e-01 0.000000000000e+00 0.000000000000e+00 0.000000000000e+00 -0.000000000000e+00 3.538410074589e-02 0.000000000000e+00 0.000000000000e+00 0.000000000000e+00 0.000000000000e+00 0.000000000000e+00 0.000000000000e+00 
9.050000000000e+00 5.207280651170e-02 7.616724865975e-01 1.162995170657e-02 1.022538335488e+05 1.010521570194e+05 1.025908724479e+05 4.600440965419e+03 6.058008085424e+02 2.600000000000e+06 0.000000000000e+00 -8.752000000000e-01 -8.752000000000e-01 0.000000000000e+00 0.000000000000e+00 0.000000000000e+00 -0.000000000000e+00 3.534503009134e-02 0.000000000000e+00 0.000000000000e+00 0.000000000000e+00 0.000000000000e+00 0.000000000000e+00 0.000000000000e+00 
9.055000000000e+00 5.201430221564e-02 7.522046963272e-01 1.181246114953e-02 1.018003960511e+05 1.006490025838e+05 1.025647713565e+05 4.601752448398e+03 6.060830681408e+02 2.600000000000e+06 0.000000000000e+00 -8.752000000000e-01 -8.752000000000e-01 0.000000000000e+00 0.000000000000e+00 0.000000000000e+00 -0.000000000000e+00 3.530531961375e-02 0.000000000000e+00 0.000000000000e+00 0.000000000000e+00 0.000000000000e+00 0.000000000000e+00 0.000000000000e+00 
9.060000000000e+00 5.195494615268e-02 7.431899350949e-01 1.197653512380e-02 1.013418976922e+05 1.002388180106e+05 1.025385456763e+05 4.603084879528e+03 6.063725498072e+02 2.600000000000e+06 0.000000000000e+00 -8.752000000000e-01 -8.752000000000e-01 0.000000000000e+00 0.000000000000e+00 0.000000000000e+00 -0.000000000000e+00 3.526503098793e-02 0.000000000000e+00 0.000000000000e+00 0.000000000000e+00 0.000000000000e+00 0.000000000000e+00 0.000000000000e+00 
9.065000000000e+00 5.189482905850e-02 7.346330841724e-01 1.212228399355e-02 1.008789613881e+05 9.982217821890e+04 1.025122435583e+05 4.604436321724e+03 6.066689180196e+02 2.600000000000e+06 0.000000000000e+00 -8.752000000000e-01 -8.752000000000e-01 0.000000000000e+00 0.000000000000e+00 0.000000000000e+00 -0.000000000000e+00 3.522422580294e-02 0.000000000000e+00 0.000000000000e+00 0.000000000000e+00 0.000000000000e+00 0.000000000000e+00 0.000000000000e+00 
9.070000000000e+00 5.183404110018e-02 7.265368132603e-01 1.224983688687e-02 1.004122087194e+05 9.939966044347e+04 1.024859113038e+05 4.605804838432e+03 6.069718211070e+02 2.600000000000e+06 0.000000000000e+00 -8.752000000000e-01 -8.752000000000e-01 0.000000000000e+00 0.000000000000e+00 0.000000000000e+00 -0.000000000000e+00 3.518296526081e-02 0.000000000000e+00 0.000000000000e+00 0.000000000000e+00 0.000000000000e+00 0.000000000000e+00 0.000000000000e+00 
9.075000000000e+00 5.177267167774e-02 7.189022845489e-01 1.235931305730e-02 9.994226204321e+04 9.897184306363e+04 1.024595932789e+05 4.607188497237e+03 6.072808921280e+02 2.600000000000e+06 0.000000000000e+00 -8.752000000000e-01 -8.752000000000e-01 0.000000000000e+00 0.000000000000e+00 0.000000000000e+00 -0.000000000000e+00 3.514131004162e-02 0.000000000000e+00 0.000000000000e+00 0.000000000000e+00 0.000000000000e+00 0.000000000000e+00 0.000000000000e+00 
9.080000000000e+00 5.171081025891e-02 7.117315640845e-01 1.245051251572e-02 9.946978820811e+04 9.853931161871e+04 1.024333322790e+05 4.608585344949e+03 6.075957446143e+02 2.600000000000e+06 0.000000000000e+00 -8.752000000000e-01 -8.752000000000e-01 0.000000000000e+00 0.000000000000e+00 0.000000000000e+00 -0.000000000000e+00 3.509932086999e-02 0.000000000000e+00 0.000000000000e+00 0.000000000000e+00 0.000000000000e+00 0.000000000000e+00 0.000000000000e+00 
9.085000000000e+00 5.164854991026e-02 7.050348415859e-01 1.252207734184e-02 9.899562693346e+04 9.810268384117e+04 1.024071710052e+05 4.609993311497e+03 6.079159541909e+02 2.600000000000e+06 0.000000000000e+00 -8.752000000000e-01 -8.752000000000e-01 0.000000000000e+00 0.000000000000e+00 0.000000000000e+00 -0.000000000000e+00 3.505706091165e-02 0.000000000000e+00 0.000000000000e+00 0.000000000000e+00 0.000000000000e+00 0.000000000000e+00 0.000000000000e+00 
9.090000000000e+00 5.158599727493e-02 6.988477819647e-01 1.256968441989e-02 9.852108636101e+04 9.766268053314e+04 1.023811561246e+05 4.611409948486e+03 6.082410054738e+02 2.600000000000e+06 0.000000000000e+00 -8.752000000000e-01 -8.752000000000e-01 0.000000000000e+00 0.000000000000e+00 0.000000000000e+00 -0.000000000000e+00 3.501460254585e-02 0.000000000000e+00 0.000000000000e+00 0.000000000000e+00 0.000000000000e+00 0.000000000000e+00 0.000000000000e+00 
9.095000000000e+00 5.152329463160e-02 6.932657652855e-01 1.258351503456e-02 9.804842067556e+04 9.722028308036e+04 1.023553470294e+05 4.612831877172e+03 6.085701721285e+02 2.600000000000e+06 0.000000000000e+00 -8.752000000000e-01 -8.752000000000e-01 0.000000000000e+00 0.000000000000e+00 0.000000000000e+00 -0.000000000000e+00 3.497204233813e-02 0.000000000000e+00 0.000000000000e+00 0.000000000000e+00 0.000000000000e+00 0.000000000000e+00 0.000000000000e+00 
9.100000000000e+00 5.146066439660e-02 6.885037470505e-01 1.254225334178e-02 9.758190461424e+04 9.677705287891e+04 1.023298331478e+05 4.614253654478e+03 6.089022704899e+02 2.600000000000e+06 0.000000000000e+00 -8.752000000000e-01 -8.752000000000e-01 0.000000000000e+00 0.000000000000e+00 0.000000000000e+00 -0.000000000000e+00 3.492953124679e-02 0.000000000000e+00 0.000000000000e+00 0.000000000000e+00 0.000000000000e+00 0.000000000000e+00 0.000000000000e+00 
9.105000000000e+00 5.139846885760e-02 6.849681557351e-01 1.241132306402e-02 9.712851920121e+04 9.633556476230e+04 1.023047562896e+05 4.615666361099e+03 6.092353176634e+02 2.600000000000e+06 0.000000000000e+00 -8.752000000000e-01 -8.752000000000e-01 0.000000000000e+00 0.000000000000e+00 0.000000000000e+00 -0.000000000000e+00 3.488731516844e-02 0.000000000000e+00 0.000000000000e+00 0.000000000000e+00 0.000000000000e+00 0.000000000000e+00 0.000000000000e+00 
9.110000000000e+00 5.133728587920e-02 6.833335609680e-01 1.213865081677e-02 9.669906758049e+04 9.589996173467e+04 1.022803379853e+05 4.617055764148e+03 6.095660857124e+02 2.600000000000e+06 0.000000000000e+00 -8.752000000000e-01 -8.752000000000e-01 0.000000000000e+00 0.000000000000e+00 0.000000000000e+00 -0.000000000000e+00 3.484578681011e-02 0.000000000000e+00 0.000000000000e+00 0.000000000000e+00 0.000000000000e+00 0.000000000000e+00 0.000000000000e+00 
9.115000000000e+00 5.127799776783e-02 6.846042269216e-01 1.165676939878e-02 9.630862515813e+04 9.547661234140e+04 1.022569105030e+05 4.618400284036e+03 6.098895645087e+02 2.600000000000e+06 0.000000000000e+00 -8.752000000000e-01 -8.752000000000e-01 0.000000000000e+00 0.000000000000e+00 0.000000000000e+00 -0.000000000000e+00 3.480554430694e-02 0.000000000000e+00 0.000000000000e+00 0.000000000000e+00 0.000000000000e+00 0.000000000000e+00 0.000000000000e+00 
9.120000000000e+00 5.122185441882e-02 6.901137413381e-01 1.088672212636e-02 9.597657062063e+04 9.507459143686e+04 1.022349365430e+05 4.619669571409e+03 6.101985497906e+02 2.600000000000e+06 0.000000000000e+00 -8.752000000000e-01 -8.752000000000e-01 0.000000000000e+00 0.000000000000e+00 0.000000000000e+00 -0.000000000000e+00 3.476743634823e-02 0.000000000000e+00 0.000000000000e+00 0.000000000000e+00 0.000000000000e+00 0.000000000000e+00 0.000000000000e+00 
9.125000000000e+00 5.117050023789e-02 7.014747038508e-01 9.749428614271e-03 9.572540977826e+04 9.470590061997e+04 1.022150150882e+05 4.620824059555e+03 6.104834343290e+02 2.600000000000e+06 0.000000000000e+00 -8.752000000000e-01 -8.752000000000e-01 0.000000000000e+00 0.000000000000e+00 0.000000000000e+00 -0.000000000000e+00 3.473257909371e-02 0.000000000000e+00 0.000000000000e+00 0.000000000000e+00 0.000000000000e+00 0.000000000000e+00 0.000000000000e+00 
9.130000000000e+00 5.112596126574e-02 7.204693096026e-01 8.171657215464e-03 9.557992083025e+04 9.438539101958e+04 1.021978740821e+05 4.621815351056e+03 6.107322484072e+02 2.600000000000e+06 0.000000000000e+00 -8.752000000000e-01 -8.752000000000e-01 0.000000000000e+00 0.000000000000e+00 0.000000000000e+00 -0.000000000000e+00 3.470234774234e-02 0.000000000000e+00 0.000000000000e+00 0.000000000000e+00 0.000000000000e+00 0.000000000000e+00 0.000000000000e+00 
9.135000000000e+00 5.109068763058e-02 7.490426402773e-01 6.084453523316e-03 9.556760635850e+04 9.413106201904e+04 1.021843883522e+05 4.622585234931e+03 6.109304417505e+02 2.600000000000e+06 0.000000000000e+00 -8.752000000000e-01 -8.752000000000e-01 0.000000000000e+00 0.000000000000e+00 0.000000000000e+00 -0.000000000000e+00 3.467840534745e-02 0.000000000000e+00 0.000000000000e+00 0.000000000000e+00 0.000000000000e+00 0.000000000000e+00 0.000000000000e+00 
9.140000000000e+00 5.106753871847e-02 7.889035782314e-01 3.485751230288e-03 9.571077004816e+04 9.396391640725e+04 1.021755808669e+05 4.623067308991e+03 6.110610548785e+02 2.600000000000e+06 0.000000000000e+00 -8.752000000000e-01 -8.752000000000e-01 0.000000000000e+00 0.000000000000e+00 0.000000000000e+00 -0.000000000000e+00 3.466269275099e-02 0.000000000000e+00 0.000000000000e+00 0.000000000000e+00 0.000000000000e+00 0.000000000000e+00 0.000000000000e+00 
9.145000000000e+00 5.105936892855e-02 8.418018209786e-01 2.833560038853e-04 9.604250279259e+04 9.390488174585e+04 1.021724805601e+05 4.623193660235e+03 6.111072542471e+02 2.600000000000e+06 0.000000000000e+00 -8.752000000000e-01 -8.752000000000e-01 0.000000000000e+00 0.000000000000e+00 0.000000000000e+00 -0.000000000000e+00 3.465714740996e-02 0.000000000000e+00 0.000000000000e+00 0.000000000000e+00 0.000000000000e+00 0.000000000000e+00 0.000000000000e+00 
9.150000000000e+00 5.106767755103e-02 9.087762155299e-01 -3.557389390761e-03 9.657808951270e+04 9.396491940390e+04 1.021756335880e+05 4.622928987351e+03 6.110602702577e+02 2.600000000000e+06 0.000000000000e+00 -8.752000000000e-01 -8.752000000000e-01 0.000000000000e+00 0.000000000000e+00 0.000000000000e+00 -0.000000000000e+00 3.466278698522e-02 0.000000000000e+00 0.000000000000e+00 0.000000000000e+00 0.000000000000e+00 0.000000000000e+00 0.000000000000e+00 
9.155000000000e+00 5.109645758467e-02 9.912654611511e-01 -7.983883084650e-03 9.734042111946e+04 9.417269431861e+04 1.021865889177e+05 4.622182974752e+03 6.108979531603e+02 2.600000000000e+06 0.000000000000e+00 -8.752000000000e-01 -8.752000000000e-01 0.000000000000e+00 0.000000000000e+00 0.000000000000e+00 -0.000000000000e+00 3.468232177168e-02 0.000000000000e+00 0.000000000000e+00 0.000000000000e+00 0.000000000000e+00 0.000000000000e+00 0.000000000000e+00 
9.160000000000e+00 5.114857215197e-02 1.090023188204e+00 -1.296237238570e-02 9.834525926715e+04 9.454818952746e+04 1.022065601690e+05 4.620891931698e+03 6.106057330779e+02 2.600000000000e+06 0.000000000000e+00 -8.752000000000e-01 -8.752000000000e-01 0.000000000000e+00 0.000000000000e+00 0.000000000000e+00 -0.000000000000e+00 3.471769514739e-02 0.000000000000e+00 0.000000000000e+00 0.000000000000e+00 0.000000000000e+00 0.000000000000e+00 0.000000000000e+00 
9.165000000000e+00 5.122650616320e-02 1.204999624312e+00 -1.841194769906e-02 9.959872197934e+04 9.510794253353e+04 1.022367494415e+05 4.619003143838e+03 6.101728507885e+02 2.600000000000e+06 0.000000000000e+00 -8.752000000000e-01 -8.752000000000e-01 0.000000000000e+00 0.000000000000e+00 0.000000000000e+00 -0.000000000000e+00 3.477059377446e-02 0.000000000000e+00 0.000000000000e+00 0.000000000000e+00 0.000000000000e+00 0.000000000000e+00 0.000000000000e+00 
9.170000000000e+00 5.133231404764e-02 1.335619542285e+00 -2.423106078022e-02 1.011001228167e+05 9.586450699435e+04 1.022783645457e+05 4.616475867047e+03 6.095931008069e+02 2.600000000000e+06 0.000000000000e+00 -8.752000000000e-01 -8.752000000000e-01 0.000000000000e+00 0.000000000000e+00 0.000000000000e+00 -0.000000000000e+00 3.484241212093e-02 0.000000000000e+00 0.000000000000e+00 0.000000000000e+00 0.000000000000e+00 0.000000000000e+00 0.000000000000e+00 
9.175000000000e+00 5.146747666963e-02 1.480599616844e+00 -3.029332374350e-02 1.028404823488e+05 9.682532815502e+04 1.023325955082e+05 4.613284870683e+03 6.088659884898e+02 2.600000000000e+06 0.000000000000e+00 -8.752000000000e-01 -8.752000000000e-01 0.000000000000e+00 0.000000000000e+00 0.000000000000e+00 -0.000000000000e+00 3.493415516810e-02 0.000000000000e+00 0.000000000000e+00 0.000000000000e+00 0.000000000000e+00 0.000000000000e+00 0.000000000000e+00 
9.180000000000e+00 5.163283603323e-02 1.638110694897e+00 -3.647381456755e-02 1.048054832627e+05 9.799227559075e+04 1.024006105191e+05 4.609421442245e+03 6.079972966330e+02 2.600000000000e+06 0.000000000000e+00 -8.752000000000e-01 -8.752000000000e-01 0.000000000000e+00 0.000000000000e+00 0.000000000000e+00 -0.000000000000e+00 3.504639492717e-02 0.000000000000e+00 0.000000000000e+00 0.000000000000e+00 0.000000000000e+00 0.000000000000e+00 0.000000000000e+00 
9.185000000000e+00 5.182857254960e-02 1.805888321178e+00 -4.265667251725e-02 1.069765365881e+05 9.936158955637e+04 1.024835553245e+05 4.604893587841e+03 6.069992289862e+02 2.600000000000e+06 0.000000000000e+00 -8.752000000000e-01 -8.752000000000e-01 0.000000000000e+00 0.000000000000e+00 0.000000000000e+00 -0.000000000000e+00 3.517925341770e-02 0.000000000000e+00 0.000000000000e+00 0.000000000000e+00 0.000000000000e+00 0.000000000000e+00 0.000000000000e+00 
9.190000000000e+00 5.205424275899e-02 1.981272663205e+00 -4.871835233037e-02 1.093294326032e+05 1.009243565250e+05 1.025825632093e+05 4.599725140087e+03 6.058900400557e+02 2.600000000000e+06 0.000000000000e+00 -8.752000000000e-01 -8.752000000000e-01 0.000000000000e+00 0.000000000000e+00 0.000000000000e+00 -0.000000000000e+00 3.533242972657e-02 0.000000000000e+00 0.000000000000e+00 0.000000000000e+00 0.000000000000e+00 0.000000000000e+00 0.000000000000e+00 
9.195000000000e+00 5.230893309224e-02 2.161354527039e+00 -5.453328029375e-02 1.118365947751e+05 1.026678548524e+05 1.026988052756e+05 4.593951719221e+03 6.046929531771e+02 2.600000000000e+06 0.000000000000e+00 -8.752000000000e-01 -8.752000000000e-01 0.000000000000e+00 0.000000000000e+00 0.000000000000e+00 -0.000000000000e+00 3.550530370712e-02 0.000000000000e+00 0.000000000000e+00 0.000000000000e+00 0.000000000000e+00 0.000000000000e+00 0.000000000000e+00 
9.200000000000e+00 5.259116892624e-02 2.343053612752e+00 -6.000375631980e-02 1.144704097813e+05 1.045752555644e+05 1.028334216289e+05 4.587621632453e+03 6.034361376749e+02 2.600000000000e+06 0.000000000000e+00 -8.752000000000e-01 -8.752000000000e-01 0.000000000000e+00 0.000000000000e+00 0.000000000000e+00 -0.000000000000e+00 3.569687468110e-02 0.000000000000e+00 0.000000000000e+00 0.000000000000e+00 0.000000000000e+00 0.000000000000e+00 0.000000000000e+00 
9.205000000000e+00 5.289901745954e-02 2.523336088851e+00 -6.504514381892e-02 1.172025473430e+05 1.066267074778e+05 1.029875216485e+05 4.580793184174e+03 6.021515523677e+02 2.600000000000e+06 0.000000000000e+00 -8.752000000000e-01 -8.752000000000e-01 0.000000000000e+00 0.000000000000e+00 0.000000000000e+00 -0.000000000000e+00 3.590583049514e-02 0.000000000000e+00 0.000000000000e+00 0.000000000000e+00 0.000000000000e+00 0.000000000000e+00 0.000000000000e+00 
9.210000000000e+00 5.323017657276e-02 2.699264101240e+00 -6.959008117635e-02 1.200053753472e+05 1.088003079003e+05 1.031621696925e+05 4.573531958111e+03 6.008737820945e+02 2.600000000000e+06 0.000000000000e+00 -8.752000000000e-01 -8.752000000000e-01 0.000000000000e+00 0.000000000000e+00 0.000000000000e+00 -0.000000000000e+00 3.613060863956e-02 0.000000000000e+00 0.000000000000e+00 0.000000000000e+00 0.000000000000e+00 0.000000000000e+00 0.000000000000e+00 
9.215000000000e+00 5.358208229242e-02 2.868127729337e+00 -7.358376020939e-02 1.228523486470e+05 1.110731481969e+05 1.033583750767e+05 4.565907927998e+03 5.996387705375e+02 2.600000000000e+06 0.000000000000e+00 -8.752000000000e-01 -8.752000000000e-01 0.000000000000e+00 0.000000000000e+00 0.000000000000e+00 -0.000000000000e+00 3.636946878719e-02 0.000000000000e+00 0.000000000000e+00 0.000000000000e+00 0.000000000000e+00 0.000000000000e+00 0.000000000000e+00 
9.220000000000e+00 5.395202541139e-02 3.027485508862e+00 -7.699699340660e-02 1.257203837804e+05 1.134223374217e+05 1.035770882129e+05 4.557992179929e+03 5.984825713522e+02 2.600000000000e+06 0.000000000000e+00 -8.752000000000e-01 -8.752000000000e-01 0.000000000000e+00 0.000000000000e+00 0.000000000000e+00 -0.000000000000e+00 3.662057203180e-02 0.000000000000e+00 0.000000000000e+00 0.000000000000e+00 0.000000000000e+00 0.000000000000e+00 0.000000000000e+00 
9.225000000000e+00 5.433714149694e-02 3.175250440967e+00 -7.981399065002e-02 1.285883476752e+05 1.158251401460e+05 1.038191227141e+05 4.549856916519e+03 5.974405442444e+02 2.600000000000e+06 0.000000000000e+00 -8.752000000000e-01 -8.752000000000e-01 0.000000000000e+00 0.000000000000e+00 0.000000000000e+00 -0.000000000000e+00 3.688197410595e-02 0.000000000000e+00 0.000000000000e+00 0.000000000000e+00 0.000000000000e+00 0.000000000000e+00 0.000000000000e+00 
9.230000000000e+00 5.473442585533e-02 3.309629299155e+00 -8.202806232731e-02 1.314366146094e+05 1.182592391720e+05 1.040850773111e+05 4.541574810878e+03 5.965463458581e+02 2.600000000000e+06 0.000000000000e+00 -8.752000000000e-01 -8.752000000000e-01 0.000000000000e+00 0.000000000000e+00 0.000000000000e+00 -0.000000000000e+00 3.715163553834e-02 0.000000000000e+00 0.000000000000e+00 0.000000000000e+00 0.000000000000e+00 0.000000000000e+00 0.000000000000e+00 
9.235000000000e+00 5.514090388191e-02 3.429206920441e+00 -8.364420442706e-02 1.342483470227e+05 1.207038788098e+05 1.043753599990e+05 4.533215125543e+03 5.958305945979e+02 2.600000000000e+06 0.000000000000e+00 -8.752000000000e-01 -8.752000000000e-01 0.000000000000e+00 0.000000000000e+00 0.000000000000e+00 -0.000000000000e+00 3.742753728099e-02 0.000000000000e+00 0.000000000000e+00 0.000000000000e+00 0.000000000000e+00 0.000000000000e+00 0.000000000000e+00 
9.240000000000e+00 5.555368183099e-02 3.532862935648e+00 -8.466725890348e-02 1.370083174975e+05 1.231401590771e+05 1.046901533385e+05 4.524842787114e+03 5.953200771856e+02 2.600000000000e+06 0.000000000000e+00 -8.752000000000e-01 -8.752000000000e-01 0.000000000000e+00 0.000000000000e+00 0.000000000000e+00 -0.000000000000e+00 3.770771516992e-02 0.000000000000e+00 0.000000000000e+00 0.000000000000e+00 0.000000000000e+00 0.000000000000e+00 0.000000000000e+00 
9.245000000000e+00 5.596989694890e-02 3.619811113798e+00 -8.510795083076e-02 1.397030518870e+05 1.255506882863e+05 1.050293055584e+05 4.516519264015e+03 5.950371397083e+02 2.600000000000e+06 0.000000000000e+00 -8.752000000000e-01 -8.752000000000e-01 0.000000000000e+00 0.000000000000e+00 0.000000000000e+00 -0.000000000000e+00 3.799022607739e-02 0.000000000000e+00 0.000000000000e+00 0.000000000000e+00 0.000000000000e+00 0.000000000000e+00 0.000000000000e+00 
9.250000000000e+00 5.638674085207e-02 3.689534979414e+00 -8.498014065709e-02 1.423204568619e+05 1.279196565088e+05 1.053922684535e+05 4.508302124564e+03 5.949989238366e+02 2.600000000000e+06 0.000000000000e+00 -8.752000000000e-01 -8.752000000000e-01 0.000000000000e+00 0.000000000000e+00 0.000000000000e+00 -0.000000000000e+00 3.827316378013e-02 0.000000000000e+00 0.000000000000e+00 0.000000000000e+00 0.000000000000e+00 0.000000000000e+00 0.000000000000e+00 
9.255000000000e+00 5.680148038114e-02 3.741760461701e+00 -8.430185336783e-02 1.448498296866e+05 1.302328606571e+05 1.057780388039e+05 4.500244646670e+03 5.952166990584e+02 2.600000000000e+06 0.000000000000e+00 -8.752000000000e-01 -8.752000000000e-01 0.000000000000e+00 0.000000000000e+00 0.000000000000e+00 -0.000000000000e+00 3.855467311431e-02 0.000000000000e+00 0.000000000000e+00 0.000000000000e+00 0.000000000000e+00 0.000000000000e+00 0.000000000000e+00 
9.260000000000e+00 5.721146132620e-02 3.776421207707e+00 -8.308807573965e-02 1.472808941552e+05 1.324776098317e+05 1.061850915420e+05 4.492395953797e+03 5.956953005856e+02 2.600000000000e+06 0.000000000000e+00 -8.752000000000e-01 -8.752000000000e-01 0.000000000000e+00 0.000000000000e+00 0.000000000000e+00 -0.000000000000e+00 3.883295250402e-02 0.000000000000e+00 0.000000000000e+00 0.000000000000e+00 0.000000000000e+00 0.000000000000e+00 0.000000000000e+00 
9.265000000000e+00 5.761411838693e-02 3.793649830434e+00 -8.135912342089e-02 1.496045270035e+05 1.346426529208e+05 1.066113267010e+05 4.484800802354e+03 5.964326860363e+02 2.600000000000e+06 0.000000000000e+00 -8.752000000000e-01 -8.752000000000e-01 0.000000000000e+00 0.000000000000e+00 0.000000000000e+00 -0.000000000000e+00 3.910626072174e-02 0.000000000000e+00 0.000000000000e+00 0.000000000000e+00 0.000000000000e+00 0.000000000000e+00 0.000000000000e+00 
9.270000000000e+00 5.800699487028e-02 3.793759033777e+00 -7.913872161888e-02 1.518124563270e+05 1.367181468846e+05 1.070540410697e+05 4.477499404328e+03 5.974196867489e+02 2.600000000000e+06 0.000000000000e+00 -8.752000000000e-01 -8.752000000000e-01 0.000000000000e+00 0.000000000000e+00 0.000000000000e+00 -0.000000000000e+00 3.937293025819e-02 0.000000000000e+00 0.000000000000e+00 0.000000000000e+00 0.000000000000e+00 0.000000000000e+00 0.000000000000e+00 
9.275000000000e+00 5.838774418953e-02 3.777164629948e+00 -7.644515174192e-02 1.538961829829e+05 1.386955199901e+05 1.075098993068e+05 4.470527747251e+03 5.986399379378e+02 2.600000000000e+06 0.000000000000e+00 -8.752000000000e-01 -8.752000000000e-01 0.000000000000e+00 0.000000000000e+00 0.000000000000e+00 -0.000000000000e+00 3.963136833975e-02 0.000000000000e+00 0.000000000000e+00 0.000000000000e+00 0.000000000000e+00 0.000000000000e+00 0.000000000000e+00 
9.280000000000e+00 5.875413931174e-02 3.744491402598e+00 -7.331083990015e-02 1.558488646801e+05 1.405673775331e+05 1.079749338434e+05 4.463917330860e+03 6.000700403273e+02 2.600000000000e+06 0.000000000000e+00 -8.752000000000e-01 -8.752000000000e-01 0.000000000000e+00 0.000000000000e+00 0.000000000000e+00 -0.000000000000e+00 3.988006334114e-02 0.000000000000e+00 0.000000000000e+00 0.000000000000e+00 0.000000000000e+00 0.000000000000e+00 0.000000000000e+00 
9.285000000000e+00 5.910408162115e-02 3.696464549866e+00 -6.976251445570e-02 1.576632241805e+05 1.423274053706e+05 1.084445692127e+05 4.457695595806e+03 6.016799686975e+02 2.600000000000e+06 0.000000000000e+00 -8.752000000000e-01 -8.752000000000e-01 0.000000000000e+00 0.000000000000e+00 0.000000000000e+00 -0.000000000000e+00 4.011759080174e-02 0.000000000000e+00 0.000000000000e+00 0.000000000000e+00 0.000000000000e+00 0.000000000000e+00 0.000000000000e+00 
9.290000000000e+00 5.943562505678e-02 3.633932297652e+00 -6.583568479222e-02 1.593330601309e+05 1.439703520830e+05 1.089136962625e+05 4.451885558740e+03 6.034338218989e+02 2.600000000000e+06 0.000000000000e+00 -8.752000000000e-01 -8.752000000000e-01 0.000000000000e+00 0.000000000000e+00 0.000000000000e+00 -0.000000000000e+00 4.034262980965e-02 0.000000000000e+00 0.000000000000e+00 0.000000000000e+00 0.000000000000e+00 0.000000000000e+00 0.000000000000e+00 
9.295000000000e+00 5.974701721258e-02 3.557900071699e+00 -6.157228842489e-02 1.608531962737e+05 1.454920929477e+05 1.093768080119e+05 4.446505479843e+03 6.052909903425e+02 2.600000000000e+06 0.000000000000e+00 -8.752000000000e-01 -8.752000000000e-01 0.000000000000e+00 0.000000000000e+00 0.000000000000e+00 -0.000000000000e+00 4.055399089913e-02 0.000000000000e+00 0.000000000000e+00 0.000000000000e+00 0.000000000000e+00 0.000000000000e+00 0.000000000000e+00 
9.300000000000e+00 6.003672484651e-02 3.469511631414e+00 -5.701914828454e-02 1.622194739340e+05 1.468896159729e+05 1.098281529334e+05 4.441568848381e+03 6.072075622694e+02 2.600000000000e+06 0.000000000000e+00 -8.752000000000e-01 -8.752000000000e-01 0.000000000000e+00 0.000000000000e+00 0.000000000000e+00 -0.000000000000e+00 4.075063336536e-02 0.000000000000e+00 0.000000000000e+00 0.000000000000e+00 0.000000000000e+00 0.000000000000e+00 0.000000000000e+00 
9.305000000000e+00 6.030345049733e-02 3.370048620106e+00 -5.222878071729e-02 1.634289688280e+05 1.481609728947e+05 1.102619052994e+05 4.437084513372e+03 6.091378923308e+02 2.600000000000e+06 0.000000000000e+00 -8.752000000000e-01 -8.752000000000e-01 0.000000000000e+00 0.000000000000e+00 0.000000000000e+00 -0.000000000000e+00 4.093167654306e-02 0.000000000000e+00 0.000000000000e+00 0.000000000000e+00 0.000000000000e+00 0.000000000000e+00 0.000000000000e+00 
9.310000000000e+00 6.054617974329e-02 3.260909186228e+00 -4.725921825913e-02 1.644803463831e+05 1.493053866956e+05 1.106724103588e+05 4.433056321803e+03 6.110365453658e+02 2.600000000000e+06 0.000000000000e+00 -8.752000000000e-01 -8.752000000000e-01 0.000000000000e+00 0.000000000000e+00 0.000000000000e+00 -0.000000000000e+00 4.109643188347e-02 0.000000000000e+00 0.000000000000e+00 0.000000000000e+00 0.000000000000e+00 0.000000000000e+00 0.000000000000e+00 
9.315000000000e+00 6.076419314719e-02 3.143625839001e+00 -4.217168705115e-02 1.653738317367e+05 1.503232015622e+05 1.110543913333e+05 4.429483400023e+03 6.128600799902e+02 2.600000000000e+06 0.000000000000e+00 -8.752000000000e-01 -8.752000000000e-01 0.000000000000e+00 0.000000000000e+00 0.000000000000e+00 -0.000000000000e+00 4.124441106165e-02 0.000000000000e+00 0.000000000000e+00 0.000000000000e+00 0.000000000000e+00 0.000000000000e+00 0.000000000000e+00 
9.320000000000e+00 6.095706864726e-02 3.019758815809e+00 -3.702762969263e-02 1.661110893426e+05 1.512158083412e+05 1.114031392391e+05 4.426360567103e+03 6.145686743083e+02 2.600000000000e+06 0.000000000000e+00 -8.752000000000e-01 -8.752000000000e-01 0.000000000000e+00 0.000000000000e+00 0.000000000000e+00 -0.000000000000e+00 4.137532759880e-02 0.000000000000e+00 0.000000000000e+00 0.000000000000e+00 0.000000000000e+00 0.000000000000e+00 0.000000000000e+00 
9.325000000000e+00 6.112471743319e-02 2.890903270515e+00 -3.189694226957e-02 1.666963874807e+05 1.519857451424e+05 1.117147526339e+05 4.423677968213e+03 6.161278928587e+02 2.600000000000e+06 0.000000000000e+00 -8.752000000000e-01 -8.752000000000e-01 0.000000000000e+00 0.000000000000e+00 0.000000000000e+00 -0.000000000000e+00 4.148912121325e-02 0.000000000000e+00 0.000000000000e+00 0.000000000000e+00 0.000000000000e+00 0.000000000000e+00 0.000000000000e+00 
9.330000000000e+00 6.126737854415e-02 2.758778282851e+00 -2.684399274835e-02 1.671354047973e+05 1.526366257282e+05 1.119862839317e+05 4.421421674670e+03 6.175098789657e+02 2.600000000000e+06 0.000000000000e+00 -8.752000000000e-01 -8.752000000000e-01 0.000000000000e+00 0.000000000000e+00 0.000000000000e+00 -0.000000000000e+00 4.158595415387e-02 0.000000000000e+00 0.000000000000e+00 0.000000000000e+00 0.000000000000e+00 0.000000000000e+00 0.000000000000e+00 
9.335000000000e+00 6.138559124952e-02 2.625149306738e+00 -2.193147039388e-02 1.674355732319e+05 1.531729909336e+05 1.122158070805e+05 4.419574277827e+03 6.186939913528e+02 2.600000000000e+06 0.000000000000e+00 -8.752000000000e-01 -8.752000000000e-01 0.000000000000e+00 0.000000000000e+00 0.000000000000e+00 -0.000000000000e+00 4.166619245340e-02 0.000000000000e+00 0.000000000000e+00 0.000000000000e+00 0.000000000000e+00 0.000000000000e+00 0.000000000000e+00 
9.340000000000e+00 6.148021153954e-02 2.491651287772e+00 -1.721939129223e-02 1.676062192475e+05 1.536003826620e+05 1.124025290632e+05 4.418114742887e+03 6.196675169589e+02 2.600000000000e+06 0.000000000000e+00 -8.752000000000e-01 -8.752000000000e-01 0.000000000000e+00 0.000000000000e+00 0.000000000000e+00 -0.000000000000e+00 4.173041712226e-02 0.000000000000e+00 0.000000000000e+00 0.000000000000e+00 0.000000000000e+00 0.000000000000e+00 0.000000000000e+00 
9.345000000000e+00 6.155234919125e-02 2.359820286327e+00 -1.275052680723e-02 1.676569037942e+05 1.539250765810e+05 1.125467047107e+05 4.417019667800e+03 6.204252351109e+02 2.600000000000e+06 0.000000000000e+00 -8.752000000000e-01 -8.752000000000e-01 0.000000000000e+00 0.000000000000e+00 0.000000000000e+00 -0.000000000000e+00 4.177938143174e-02 0.000000000000e+00 0.000000000000e+00 0.000000000000e+00 0.000000000000e+00 0.000000000000e+00 0.000000000000e+00 
9.350000000000e+00 6.160329413846e-02 2.231037263307e+00 -8.568741007237e-03 1.675987203080e+05 1.541537866189e+05 1.126494831561e+05 4.416264114841e+03 6.209684904513e+02 2.600000000000e+06 0.000000000000e+00 -8.752000000000e-01 -8.752000000000e-01 0.000000000000e+00 0.000000000000e+00 0.000000000000e+00 -0.000000000000e+00 4.181396093722e-02 0.000000000000e+00 0.000000000000e+00 0.000000000000e+00 0.000000000000e+00 0.000000000000e+00 0.000000000000e+00 
9.355000000000e+00 6.163437808266e-02 2.106624189488e+00 -4.676905734693e-03 1.674395149204e+05 1.542930923270e+05 1.127125860269e+05 4.415824326052e+03 6.213032827896e+02 2.600000000000e+06 0.000000000000e+00 -8.752000000000e-01 -8.752000000000e-01 0.000000000000e+00 0.000000000000e+00 0.000000000000e+00 -0.000000000000e+00 4.183505954516e-02 0.000000000000e+00 0.000000000000e+00 0.000000000000e+00 0.000000000000e+00 0.000000000000e+00 0.000000000000e+00 
9.360000000000e+00 6.164706724245e-02 1.987406782037e+00 -1.133715951936e-03 1.671934722346e+05 1.543499075726e+05 1.127384319927e+05 4.415674584464e+03 6.214406792448e+02 2.600000000000e+06 0.000000000000e+00 -8.752000000000e-01 -8.752000000000e-01 0.000000000000e+00 0.000000000000e+00 0.000000000000e+00 -0.000000000000e+00 4.184367246805e-02 0.000000000000e+00 0.000000000000e+00 0.000000000000e+00 0.000000000000e+00 0.000000000000e+00 0.000000000000e+00 
9.365000000000e+00 6.164344976501e-02 1.874905813504e+00 2.034004654634e-03 1.668761366011e+05 1.543337135474e+05 1.127310586305e+05 4.415780540786e+03 6.214014667113e+02 2.600000000000e+06 0.000000000000e+00 -8.752000000000e-01 -8.752000000000e-01 0.000000000000e+00 0.000000000000e+00 0.000000000000e+00 -0.000000000000e+00 4.184121706084e-02 0.000000000000e+00 0.000000000000e+00 0.000000000000e+00 0.000000000000e+00 0.000000000000e+00 0.000000000000e+00 
9.370000000000e+00 6.162531970744e-02 1.769059100422e+00 4.838161646156e-03 1.664977872942e+05 1.542525151895e+05 1.126941659606e+05 4.416113772310e+03 6.212054578952e+02 2.600000000000e+06 0.000000000000e+00 -8.752000000000e-01 -8.752000000000e-01 0.000000000000e+00 0.000000000000e+00 0.000000000000e+00 -0.000000000000e+00 4.182891106193e-02 0.000000000000e+00 0.000000000000e+00 0.000000000000e+00 0.000000000000e+00 0.000000000000e+00 0.000000000000e+00 
9.375000000000e+00 6.159427216310e-02 1.670515322620e+00 7.308429664050e-03 1.660659404525e+05 1.541133195592e+05 1.126312236897e+05 4.416649731409e+03 6.208717911272e+02 2.600000000000e+06 0.000000000000e+00 -8.752000000000e-01 -8.752000000000e-01 0.000000000000e+00 0.000000000000e+00 0.000000000000e+00 -0.000000000000e+00 4.180783716105e-02 0.000000000000e+00 0.000000000000e+00 0.000000000000e+00 0.000000000000e+00 0.000000000000e+00 0.000000000000e+00 
9.380000000000e+00 6.155198247048e-02 1.579419220334e+00 9.452043716571e-03 1.655908497880e+05 1.539234284579e+05 1.125459677606e+05 4.417362487634e+03 6.204213490405e+02 2.600000000000e+06 0.000000000000e+00 -8.752000000000e-01 -8.752000000000e-01 0.000000000000e+00 0.000000000000e+00 0.000000000000e+00 -0.000000000000e+00 4.177913251554e-02 0.000000000000e+00 0.000000000000e+00 0.000000000000e+00 0.000000000000e+00 0.000000000000e+00 0.000000000000e+00 
9.385000000000e+00 6.150006908786e-02 1.495969174882e+00 1.126871056700e-02 1.650831915012e+05 1.536898607995e+05 1.124420587507e+05 4.418227002867e+03 6.198747528685e+02 2.600000000000e+06 0.000000000000e+00 -8.752000000000e-01 -8.752000000000e-01 0.000000000000e+00 0.000000000000e+00 0.000000000000e+00 -0.000000000000e+00 4.174389567462e-02 0.000000000000e+00 0.000000000000e+00 0.000000000000e+00 0.000000000000e+00 0.000000000000e+00 0.000000000000e+00 
9.390000000000e+00 6.144004679923e-02 1.420084297626e+00 1.278527141668e-02 1.645504986097e+05 1.534191707048e+05 1.123229394715e+05 4.419220295968e+03 6.192514613064e+02 2.600000000000e+06 0.000000000000e+00 -8.752000000000e-01 -8.752000000000e-01 0.000000000000e+00 0.000000000000e+00 0.000000000000e+00 -0.000000000000e+00 4.170315481722e-02 0.000000000000e+00 0.000000000000e+00 0.000000000000e+00 0.000000000000e+00 0.000000000000e+00 0.000000000000e+00 
9.395000000000e+00 6.137332114648e-02 1.351572966656e+00 1.402605512488e-02 1.639998454432e+05 1.531174426158e+05 1.121917902603e+05 4.420321003389e+03 6.185694287869e+02 2.600000000000e+06 0.000000000000e+00 -8.752000000000e-01 -8.752000000000e-01 0.000000000000e+00 0.000000000000e+00 0.000000000000e+00 -0.000000000000e+00 4.165786397262e-02 0.000000000000e+00 0.000000000000e+00 0.000000000000e+00 0.000000000000e+00 0.000000000000e+00 0.000000000000e+00 
9.400000000000e+00 6.130116867222e-02 1.290145793739e+00 1.501916500065e-02 1.634371100356e+05 1.527902152814e+05 1.120514690683e+05 4.421509744404e+03 6.178447232129e+02 2.600000000000e+06 0.000000000000e+00 -8.752000000000e-01 -8.752000000000e-01 0.000000000000e+00 0.000000000000e+00 0.000000000000e+00 -0.000000000000e+00 4.160888961008e-02 0.000000000000e+00 0.000000000000e+00 0.000000000000e+00 0.000000000000e+00 0.000000000000e+00 0.000000000000e+00 
9.405000000000e+00 6.122472844366e-02 1.235453577869e+00 1.579102236442e-02 1.628674116652e+05 1.524424500457e+05 1.119044856118e+05 4.422769152946e+03 6.170913576611e+02 2.600000000000e+06 0.000000000000e+00 -8.752000000000e-01 -8.752000000000e-01 0.000000000000e+00 0.000000000000e+00 0.000000000000e+00 -0.000000000000e+00 4.155700488551e-02 0.000000000000e+00 0.000000000000e+00 0.000000000000e+00 0.000000000000e+00 0.000000000000e+00 0.000000000000e+00 
9.410000000000e+00 6.114500124468e-02 1.187065908371e+00 1.636837742488e-02 1.622949089177e+05 1.520785287284e+05 1.117529993989e+05 4.424083919516e+03 6.163212740397e+02 2.600000000000e+06 0.000000000000e+00 -8.752000000000e-01 -8.752000000000e-01 0.000000000000e+00 0.000000000000e+00 0.000000000000e+00 -0.000000000000e+00 4.150288909311e-02 0.000000000000e+00 0.000000000000e+00 0.000000000000e+00 0.000000000000e+00 0.000000000000e+00 0.000000000000e+00 
9.415000000000e+00 6.106284723474e-02 1.144515292304e+00 1.678477458492e-02 1.617221714591e+05 1.517022405531e+05 1.115988213708e+05 4.425440942516e+03 6.155443672109e+02 2.600000000000e+06 0.000000000000e+00 -8.752000000000e-01 -8.752000000000e-01 0.000000000000e+00 0.000000000000e+00 0.000000000000e+00 -0.000000000000e+00 4.144712607642e-02 0.000000000000e+00 0.000000000000e+00 0.000000000000e+00 0.000000000000e+00 0.000000000000e+00 0.000000000000e+00 
9.420000000000e+00 6.097897529504e-02 1.107307861885e+00 1.707099377277e-02 1.611510043897e+05 1.513167275666e+05 1.114434051701e+05 4.426829384304e+03 6.147684757130e+02 2.600000000000e+06 0.000000000000e+00 -8.752000000000e-01 -8.752000000000e-01 0.000000000000e+00 0.000000000000e+00 0.000000000000e+00 -0.000000000000e+00 4.139019699690e-02 0.000000000000e+00 0.000000000000e+00 0.000000000000e+00 0.000000000000e+00 0.000000000000e+00 0.000000000000e+00 
9.425000000000e+00 6.089394639269e-02 1.074924267325e+00 1.725666983907e-02 1.605823214691e+05 1.509244915030e+05 1.112878685109e+05 4.428240677113e+03 6.139995387774e+02 2.600000000000e+06 0.000000000000e+00 -8.752000000000e-01 -8.752000000000e-01 0.000000000000e+00 0.000000000000e+00 0.000000000000e+00 -0.000000000000e+00 4.133248261749e-02 0.000000000000e+00 0.000000000000e+00 0.000000000000e+00 0.000000000000e+00 0.000000000000e+00 0.000000000000e+00 
9.430000000000e+00 6.080817452103e-02 1.046838174250e+00 1.737315029087e-02 1.600158852099e+05 1.505273880711e+05 1.111330115838e+05 4.429668592749e+03 6.132417455864e+02 2.600000000000e+06 0.000000000000e+00 -8.752000000000e-01 -8.752000000000e-01 0.000000000000e+00 0.000000000000e+00 0.000000000000e+00 -0.000000000000e+00 4.127426394084e-02 0.000000000000e+00 0.000000000000e+00 0.000000000000e+00 0.000000000000e+00 0.000000000000e+00 0.000000000000e+00 
9.435000000000e+00 6.072192650071e-02 1.022513599542e+00 1.744738336647e-02 1.594508879131e+05 1.501266149043e+05 1.109793342028e+05 4.431109196027e+03 6.124976831167e+02 2.600000000000e+06 0.000000000000e+00 -8.752000000000e-01 -8.752000000000e-01 0.000000000000e+00 0.000000000000e+00 0.000000000000e+00 -0.000000000000e+00 4.121572207441e-02 0.000000000000e+00 0.000000000000e+00 0.000000000000e+00 0.000000000000e+00 0.000000000000e+00 0.000000000000e+00 
9.440000000000e+00 6.063533395008e-02 1.001397822008e+00 1.750724574106e-02 1.588855315269e+05 1.497227556161e+05 1.108270744498e+05 4.432560771417e+03 6.117685891322e+02 2.600000000000e+06 0.000000000000e+00 -8.752000000000e-01 -8.752000000000e-01 0.000000000000e+00 0.000000000000e+00 0.000000000000e+00 -0.000000000000e+00 4.115694635548e-02 0.000000000000e+00 0.000000000000e+00 0.000000000000e+00 0.000000000000e+00 0.000000000000e+00 0.000000000000e+00 
9.445000000000e+00 6.054839017235e-02 9.829147559975e-01 1.758053343685e-02 1.583171067750e+05 1.493157538819e+05 1.106762194548e+05 4.434023902465e+03 6.110544681153e+02 2.600000000000e+06 0.000000000000e+00 -8.752000000000e-01 -8.752000000000e-01 0.000000000000e+00 0.000000000000e+00 0.000000000000e+00 -0.000000000000e+00 4.109793223831e-02 0.000000000000e+00 0.000000000000e+00 0.000000000000e+00 0.000000000000e+00 0.000000000000e+00 0.000000000000e+00 
9.450000000000e+00 6.046095745676e-02 9.664660407506e-01 1.769286474717e-02 1.577422440924e+05 1.489049358802e+05 1.105265339577e+05 4.435501359289e+03 6.103542918771e+02 2.600000000000e+06 0.000000000000e+00 -8.752000000000e-01 -8.752000000000e-01 0.000000000000e+00 0.000000000000e+00 0.000000000000e+00 -0.000000000000e+00 4.103858624991e-02 0.000000000000e+00 0.000000000000e+00 0.000000000000e+00 0.000000000000e+00 0.000000000000e+00 0.000000000000e+00 
9.455000000000e+00 6.037276881274e-02 9.514309622259e-01 1.787165855125e-02 1.571565488972e+05 1.484890068472e+05 1.103775781645e+05 4.436998172055e+03 6.096661467677e+02 2.600000000000e+06 0.000000000000e+00 -8.752000000000e-01 -8.752000000000e-01 0.000000000000e+00 0.000000000000e+00 0.000000000000e+00 -0.000000000000e+00 4.097872716710e-02 0.000000000000e+00 0.000000000000e+00 0.000000000000e+00 0.000000000000e+00 0.000000000000e+00 0.000000000000e+00 
9.460000000000e+00 6.028341689262e-02 9.371599853953e-01 1.814586242007e-02 1.565545557696e+05 1.480659865752e+05 1.102287039774e+05 4.438521857127e+03 6.089872825895e+02 2.600000000000e+06 0.000000000000e+00 -8.752000000000e-01 -8.752000000000e-01 0.000000000000e+00 0.000000000000e+00 0.000000000000e+00 -0.000000000000e+00 4.091807849769e-02 0.000000000000e+00 0.000000000000e+00 0.000000000000e+00 0.000000000000e+00 0.000000000000e+00 0.000000000000e+00 
9.465000000000e+00 6.019235013517e-02 9.229605687975e-01 1.854477222327e-02 1.559298155204e+05 1.476331773331e+05 1.100790646370e+05 4.440082511311e+03 6.083142303678e+02 2.600000000000e+06 0.000000000000e+00 -8.752000000000e-01 -8.752000000000e-01 0.000000000000e+00 0.000000000000e+00 0.000000000000e+00 -0.000000000000e+00 4.085626586288e-02 0.000000000000e+00 0.000000000000e+00 0.000000000000e+00 0.000000000000e+00 0.000000000000e+00 0.000000000000e+00 
9.470000000000e+00 6.009889610762e-02 9.081047116013e-01 1.909435871046e-02 1.552753971382e+05 1.471872601663e+05 1.099276691935e+05 4.441692404525e+03 6.076431241186e+02 2.600000000000e+06 0.000000000000e+00 -8.752000000000e-01 -8.752000000000e-01 0.000000000000e+00 0.000000000000e+00 0.000000000000e+00 -0.000000000000e+00 4.079283284090e-02 0.000000000000e+00 0.000000000000e+00 0.000000000000e+00 0.000000000000e+00 0.000000000000e+00 0.000000000000e+00 
9.475000000000e+00 6.000224972307e-02 8.918470944867e-01 1.981914787666e-02 1.545836299078e+05 1.467242234961e+05 1.097733791243e+05 4.443366259679e+03 6.069697636302e+02 2.600000000000e+06 0.000000000000e+00 -8.752000000000e-01 -8.752000000000e-01 0.000000000000e+00 0.000000000000e+00 0.000000000000e+00 -0.000000000000e+00 4.072723296945e-02 0.000000000000e+00 0.000000000000e+00 0.000000000000e+00 0.000000000000e+00 0.000000000000e+00 0.000000000000e+00 
9.480000000000e+00 5.990149607347e-02 8.734733887480e-01 2.073854884906e-02 1.538466010469e+05 1.462394548459e+05 1.096149622665e+05 4.445120858021e+03 6.062899391183e+02 2.600000000000e+06 0.000000000000e+00 -8.752000000000e-01 -8.752000000000e-01 0.000000000000e+00 0.000000000000e+00 0.000000000000e+00 -0.000000000000e+00 4.065884524384e-02 0.000000000000e+00 0.000000000000e+00 0.000000000000e+00 0.000000000000e+00 0.000000000000e+00 0.000000000000e+00 
9.485000000000e+00 5.979565169652e-02 8.523492149949e-01 2.185982449323e-02 1.530571005862e+05 1.457279215720e+05 1.094511738878e+05 4.446974269487e+03 6.055998658231e+02 2.600000000000e+06 0.000000000000e+00 -8.752000000000e-01 -8.752000000000e-01 0.000000000000e+00 0.000000000000e+00 0.000000000000e+00 -0.000000000000e+00 4.058700212738e-02 0.000000000000e+00 0.000000000000e+00 0.000000000000e+00 0.000000000000e+00 0.000000000000e+00 0.000000000000e+00 
9.490000000000e+00 5.968371818864e-02 8.279693293295e-01 2.318195441827e-02 1.522085948124e+05 1.451844136422e+05 1.092808524710e+05 4.448945028857e+03 6.048966614412e+02 2.600000000000e+06 0.000000000000e+00 -8.752000000000e-01 -8.752000000000e-01 0.000000000000e+00 0.000000000000e+00 0.000000000000e+00 -0.000000000000e+00 4.051102594184e-02 0.000000000000e+00 0.000000000000e+00 0.000000000000e+00 0.000000000000e+00 0.000000000000e+00 0.000000000000e+00 
9.495000000000e+00 5.956474631932e-02 8.000154071617e-01 2.468868915447e-02 1.512963165314e+05 1.446038420664e+05 1.091030245075e+05 4.451050940553e+03 6.041788278486e+02 2.600000000000e+06 0.000000000000e+00 -8.752000000000e-01 -8.752000000000e-01 0.000000000000e+00 0.000000000000e+00 0.000000000000e+00 -0.000000000000e+00 4.043027238575e-02 0.000000000000e+00 0.000000000000e+00 0.000000000000e+00 0.000000000000e+00 0.000000000000e+00 0.000000000000e+00 
9.500000000000e+00 5.943790328673e-02 7.683945734904e-01 2.635108282172e-02 1.503174614115e+05 1.439815601754e+05 1.089170040803e+05 4.453307949481e+03 6.034466622443e+02 2.600000000000e+06 0.000000000000e+00 -8.752000000000e-01 -8.752000000000e-01 0.000000000000e+00 0.000000000000e+00 0.000000000000e+00 -0.000000000000e+00 4.034417618503e-02 0.000000000000e+00 0.000000000000e+00 0.000000000000e+00 0.000000000000e+00 0.000000000000e+00 0.000000000000e+00 
9.505000000000e+00 5.930252862904e-02 7.332501546963e-01 2.812865101337e-02 1.492714467055e+05 1.433136392278e+05 1.087224638040e+05 4.455729154936e+03 6.027024924007e+02 2.600000000000e+06 0.000000000000e+00 -8.752000000000e-01 -8.752000000000e-01 0.000000000000e+00 0.000000000000e+00 0.000000000000e+00 -0.000000000000e+00 4.025228904336e-02 0.000000000000e+00 0.000000000000e+00 0.000000000000e+00 0.000000000000e+00 0.000000000000e+00 0.000000000000e+00 
9.510000000000e+00 5.915819170843e-02 6.949788451109e-01 2.997061618363e-02 1.481601755468e+05 1.425971635586e+05 1.085194950907e+05 4.458323758714e+03 6.019507993999e+02 2.600000000000e+06 0.000000000000e+00 -8.752000000000e-01 -8.752000000000e-01 0.000000000000e+00 0.000000000000e+00 0.000000000000e+00 -0.000000000000e+00 4.015431866019e-02 0.000000000000e+00 0.000000000000e+00 0.000000000000e+00 0.000000000000e+00 0.000000000000e+00 0.000000000000e+00 
9.515000000000e+00 5.900471824936e-02 6.541916165124e-01 3.182415432007e-02 1.469874136131e+05 1.418303859709e+05 1.083086111939e+05 4.461096631302e+03 6.011980481528e+02 2.600000000000e+06 0.000000000000e+00 -8.752000000000e-01 -8.752000000000e-01 0.000000000000e+00 0.000000000000e+00 0.000000000000e+00 -0.000000000000e+00 4.005014674391e-02 0.000000000000e+00 0.000000000000e+00 0.000000000000e+00 0.000000000000e+00 0.000000000000e+00 0.000000000000e+00 
9.520000000000e+00 5.884220755178e-02 6.116942413773e-01 3.363160483722e-02 1.457591912315e+05 1.410128484024e+05 1.080907274683e+05 4.464047834769e+03 6.004523731641e+02 2.600000000000e+06 0.000000000000e+00 -8.752000000000e-01 -8.752000000000e-01 0.000000000000e+00 0.000000000000e+00 0.000000000000e+00 -0.000000000000e+00 3.993984069550e-02 0.000000000000e+00 0.000000000000e+00 0.000000000000e+00 0.000000000000e+00 0.000000000000e+00 0.000000000000e+00 
9.525000000000e+00 5.867104071460e-02 5.684484973735e-01 3.533430500725e-02 1.444834990276e+05 1.401454690701e+05 1.078671215552e+05 4.467172381355e+03 5.997231395973e+02 2.600000000000e+06 0.000000000000e+00 -8.752000000000e-01 -8.752000000000e-01 0.000000000000e+00 0.000000000000e+00 0.000000000000e+00 -0.000000000000e+00 3.982365919034e-02 0.000000000000e+00 0.000000000000e+00 0.000000000000e+00 0.000000000000e+00 0.000000000000e+00 0.000000000000e+00 
9.530000000000e+00 5.849186314540e-02 5.254994945507e-01 3.688221949665e-02 1.431692324088e+05 1.392305089417e+05 1.076393557249e+05 4.470460529841e+03 5.990203446646e+02 2.600000000000e+06 0.000000000000e+00 -8.752000000000e-01 -8.752000000000e-01 0.000000000000e+00 0.000000000000e+00 0.000000000000e+00 -0.000000000000e+00 3.970204030647e-02 0.000000000000e+00 0.000000000000e+00 0.000000000000e+00 0.000000000000e+00 0.000000000000e+00 0.000000000000e+00 
9.535000000000e+00 5.830555475683e-02 4.839113867531e-01 3.823194884858e-02 1.418262047023e+05 1.382714793406e+05 1.074091858978e+05 4.473898117913e+03 5.983539821589e+02 2.600000000000e+06 0.000000000000e+00 -8.752000000000e-01 -8.752000000000e-01 0.000000000000e+00 0.000000000000e+00 0.000000000000e+00 -0.000000000000e+00 3.957558129497e-02 0.000000000000e+00 0.000000000000e+00 0.000000000000e+00 0.000000000000e+00 0.000000000000e+00 0.000000000000e+00 
9.540000000000e+00 5.811318150806e-02 4.447015293262e-01 3.935091282913e-02 1.404644198255e+05 1.372729522998e+05 1.071784552418e+05 4.477467350475e+03 5.977334028220e+02 2.600000000000e+06 0.000000000000e+00 -8.752000000000e-01 -8.752000000000e-01 0.000000000000e+00 0.000000000000e+00 0.000000000000e+00 -0.000000000000e+00 3.944500568828e-02 0.000000000000e+00 0.000000000000e+00 0.000000000000e+00 0.000000000000e+00 0.000000000000e+00 0.000000000000e+00 
9.545000000000e+00 5.791594571989e-02 4.087965954206e-01 4.021496596914e-02 1.390939917687e+05 1.362403569742e+05 1.069489991098e+05 4.481147537015e+03 5.971667854603e+02 2.600000000000e+06 0.000000000000e+00 -8.752000000000e-01 -8.752000000000e-01 0.000000000000e+00 0.000000000000e+00 0.000000000000e+00 -0.000000000000e+00 3.931112957584e-02 0.000000000000e+00 0.000000000000e+00 0.000000000000e+00 0.000000000000e+00 0.000000000000e+00 0.000000000000e+00 
9.550000000000e+00 5.771514063845e-02 3.770024874752e-01 4.081313269914e-02 1.377243671787e+05 1.351797876884e+05 1.067225691299e+05 4.484915905757e+03 5.966607518138e+02 2.600000000000e+06 0.000000000000e+00 -8.752000000000e-01 -8.752000000000e-01 0.000000000000e+00 0.000000000000e+00 0.000000000000e+00 -0.000000000000e+00 3.917483076373e-02 0.000000000000e+00 0.000000000000e+00 0.000000000000e+00 0.000000000000e+00 0.000000000000e+00 0.000000000000e+00 
9.555000000000e+00 5.751210850567e-02 3.499754929748e-01 4.114323546478e-02 1.363644889167e+05 1.340978182711e+05 1.065007751326e+05 4.488748245362e+03 5.962201223963e+02 2.600000000000e+06 0.000000000000e+00 -8.752000000000e-01 -8.752000000000e-01 0.000000000000e+00 0.000000000000e+00 0.000000000000e+00 -0.000000000000e+00 3.903702031450e-02 0.000000000000e+00 0.000000000000e+00 0.000000000000e+00 0.000000000000e+00 0.000000000000e+00 0.000000000000e+00 
9.560000000000e+00 5.730816032781e-02 3.281798792210e-01 4.121480408252e-02 1.350219644244e+05 1.330010957953e+05 1.062850002713e+05 4.492620437993e+03 5.958477369187e+02 2.600000000000e+06 0.000000000000e+00 -8.752000000000e-01 -8.752000000000e-01 0.000000000000e+00 0.000000000000e+00 0.000000000000e+00 -0.000000000000e+00 3.889858808908e-02 0.000000000000e+00 0.000000000000e+00 0.000000000000e+00 0.000000000000e+00 0.000000000000e+00 0.000000000000e+00 
9.565000000000e+00 5.710452703564e-02 3.118985608710e-01 4.104348313920e-02 1.337033056339e+05 1.318960788150e+05 1.060763675009e+05 4.496509323846e+03 5.955445153040e+02 2.600000000000e+06 0.000000000000e+00 -8.752000000000e-01 -8.752000000000e-01 0.000000000000e+00 0.000000000000e+00 0.000000000000e+00 -0.000000000000e+00 3.876036959621e-02 0.000000000000e+00 0.000000000000e+00 0.000000000000e+00 0.000000000000e+00 0.000000000000e+00 0.000000000000e+00 
9.570000000000e+00 5.690235147338e-02 3.012431246265e-01 4.064825464056e-02 1.324141545513e+05 1.307889817359e+05 1.058757572409e+05 4.500392869809e+03 5.953096785971e+02 2.600000000000e+06 0.000000000000e+00 -8.752000000000e-01 -8.752000000000e-01 0.000000000000e+00 0.000000000000e+00 0.000000000000e+00 -0.000000000000e+00 3.862314055482e-02 0.000000000000e+00 0.000000000000e+00 0.000000000000e+00 0.000000000000e+00 0.000000000000e+00 0.000000000000e+00 
9.575000000000e+00 5.670267092196e-02 2.961821619019e-01 4.005260248352e-02 1.311590377621e+05 1.296856603989e+05 1.056838178258e+05 4.504250600170e+03 5.951409874202e+02 2.600000000000e+06 0.000000000000e+00 -8.752000000000e-01 -8.752000000000e-01 0.000000000000e+00 0.000000000000e+00 0.000000000000e+00 -0.000000000000e+00 3.848760503151e-02 0.000000000000e+00 0.000000000000e+00 0.000000000000e+00 0.000000000000e+00 0.000000000000e+00 0.000000000000e+00 
9.580000000000e+00 5.650640009761e-02 2.965529644936e-01 3.928234150087e-02 1.299414683033e+05 1.285914918386e+05 1.055009787398e+05 4.508063979662e+03 5.950350114778e+02 2.600000000000e+06 0.000000000000e+00 -8.752000000000e-01 -8.752000000000e-01 0.000000000000e+00 0.000000000000e+00 0.000000000000e+00 -0.000000000000e+00 3.835438390063e-02 0.000000000000e+00 0.000000000000e+00 0.000000000000e+00 0.000000000000e+00 0.000000000000e+00 0.000000000000e+00 
9.585000000000e+00 5.631431723889e-02 3.020698786900e-01 3.836606114596e-02 1.287637932718e+05 1.275112639229e+05 1.053274677200e+05 4.511816793149e+03 5.949874179491e+02 2.600000000000e+06 0.000000000000e+00 -8.752000000000e-01 -8.752000000000e-01 0.000000000000e+00 0.000000000000e+00 0.000000000000e+00 -0.000000000000e+00 3.822400540074e-02 0.000000000000e+00 0.000000000000e+00 0.000000000000e+00 0.000000000000e+00 0.000000000000e+00 0.000000000000e+00 
9.590000000000e+00 5.612705993896e-02 3.123483534524e-01 3.733332593590e-02 1.276273408122e+05 1.264491148115e+05 1.051633359354e+05 4.515495302979e+03 5.949932615898e+02 2.600000000000e+06 0.000000000000e+00 -8.752000000000e-01 -8.752000000000e-01 0.000000000000e+00 0.000000000000e+00 0.000000000000e+00 -0.000000000000e+00 3.809690230565e-02 0.000000000000e+00 0.000000000000e+00 0.000000000000e+00 0.000000000000e+00 0.000000000000e+00 0.000000000000e+00 
9.595000000000e+00 5.594513567620e-02 3.269442818854e-01 3.620799269120e-02 1.265331929158e+05 1.254085549767e+05 1.050084930204e+05 4.519088028373e+03 5.950472489836e+02 2.600000000000e+06 0.000000000000e+00 -8.752000000000e-01 -8.752000000000e-01 0.000000000000e+00 0.000000000000e+00 0.000000000000e+00 -0.000000000000e+00 3.797341907227e-02 0.000000000000e+00 0.000000000000e+00 0.000000000000e+00 0.000000000000e+00 0.000000000000e+00 0.000000000000e+00 
9.600000000000e+00 5.576893339798e-02 3.453740321095e-01 3.501392595393e-02 1.254816496889e+05 1.243924984621e+05 1.048627382177e+05 4.522585701487e+03 5.951439574917e+02 2.600000000000e+06 0.000000000000e+00 -8.752000000000e-01 -8.752000000000e-01 0.000000000000e+00 0.000000000000e+00 0.000000000000e+00 -0.000000000000e+00 3.785381970318e-02 0.000000000000e+00 0.000000000000e+00 0.000000000000e+00 0.000000000000e+00 0.000000000000e+00 0.000000000000e+00 
9.605000000000e+00 5.559872755271e-02 3.671325072186e-01 3.377261062317e-02 1.244725026660e+05 1.234032540145e+05 1.047257809950e+05 4.525981224615e+03 5.952780172361e+02 2.600000000000e+06 0.000000000000e+00 -8.752000000000e-01 -8.752000000000e-01 0.000000000000e+00 0.000000000000e+00 0.000000000000e+00 -0.000000000000e+00 3.773829048345e-02 0.000000000000e+00 0.000000000000e+00 0.000000000000e+00 0.000000000000e+00 0.000000000000e+00 0.000000000000e+00 
9.610000000000e+00 5.543470648683e-02 3.916965961838e-01 3.250063406745e-02 1.235054937161e+05 1.224426617011e+05 1.045972773587e+05 4.529269122615e+03 5.954442354396e+02 2.600000000000e+06 0.000000000000e+00 -8.752000000000e-01 -8.752000000000e-01 0.000000000000e+00 0.000000000000e+00 0.000000000000e+00 -0.000000000000e+00 3.762695925545e-02 0.000000000000e+00 0.000000000000e+00 0.000000000000e+00 0.000000000000e+00 0.000000000000e+00 0.000000000000e+00 
9.615000000000e+00 5.527697881444e-02 4.185830194798e-01 3.121268804112e-02 1.225800319859e+05 1.215121079356e+05 1.044768438896e+05 4.532445515026e+03 5.956376916516e+02 2.600000000000e+06 0.000000000000e+00 -8.752000000000e-01 -8.752000000000e-01 0.000000000000e+00 0.000000000000e+00 0.000000000000e+00 -0.000000000000e+00 3.751989974229e-02 0.000000000000e+00 0.000000000000e+00 0.000000000000e+00 0.000000000000e+00 0.000000000000e+00 0.000000000000e+00 
9.620000000000e+00 5.512559343220e-02 4.473311565672e-01 2.991968563294e-02 1.216955309313e+05 1.206126248018e+05 1.043640794706e+05 4.535507717036e+03 5.958537881920e+02 2.600000000000e+06 0.000000000000e+00 -8.752000000000e-01 -8.752000000000e-01 0.000000000000e+00 0.000000000000e+00 0.000000000000e+00 -0.000000000000e+00 3.741714513313e-02 0.000000000000e+00 0.000000000000e+00 0.000000000000e+00 0.000000000000e+00 0.000000000000e+00 0.000000000000e+00 
9.625000000000e+00 5.498055415500e-02 4.775185798285e-01 2.862955940940e-02 1.208514207564e+05 1.197449633316e+05 1.042585797300e+05 4.538453981649e+03 5.960882736373e+02 2.600000000000e+06 0.000000000000e+00 -8.752000000000e-01 -8.752000000000e-01 0.000000000000e+00 0.000000000000e+00 0.000000000000e+00 -0.000000000000e+00 3.731869801740e-02 0.000000000000e+00 0.000000000000e+00 0.000000000000e+00 0.000000000000e+00 0.000000000000e+00 0.000000000000e+00 
9.630000000000e+00 5.484183055239e-02 5.087624562199e-01 2.734859227440e-02 1.200470753063e+05 1.189096483939e+05 1.041599465251e+05 4.541283318874e+03 5.963372487952e+02 2.600000000000e+06 0.000000000000e+00 -8.752000000000e-01 -8.752000000000e-01 0.000000000000e+00 0.000000000000e+00 0.000000000000e+00 -0.000000000000e+00 3.722453774007e-02 0.000000000000e+00 0.000000000000e+00 0.000000000000e+00 0.000000000000e+00 0.000000000000e+00 0.000000000000e+00 
9.635000000000e+00 5.470936705699e-02 5.407218761673e-01 2.608112454367e-02 1.192819050311e+05 1.181070264489e+05 1.040677947077e+05 4.543995314726e+03 5.965971594317e+02 2.600000000000e+06 0.000000000000e+00 -8.752000000000e-01 -8.752000000000e-01 0.000000000000e+00 0.000000000000e+00 0.000000000000e+00 -0.000000000000e+00 3.713462658414e-02 0.000000000000e+00 0.000000000000e+00 0.000000000000e+00 0.000000000000e+00 0.000000000000e+00 0.000000000000e+00 
9.640000000000e+00 5.458309114154e-02 5.730965507750e-01 2.482992980086e-02 1.185553708901e+05 1.173373103282e+05 1.039817571741e+05 4.546589975213e+03 5.968647788015e+02 2.600000000000e+06 0.000000000000e+00 -8.752000000000e-01 -8.752000000000e-01 0.000000000000e+00 0.000000000000e+00 0.000000000000e+00 -0.000000000000e+00 3.704891532089e-02 0.000000000000e+00 0.000000000000e+00 0.000000000000e+00 0.000000000000e+00 0.000000000000e+00 0.000000000000e+00 
9.645000000000e+00 5.446292038711e-02 6.056285252404e-01 2.359670077991e-02 1.178669783670e+05 1.166006194759e+05 1.039014883889e+05 4.549067590616e+03 5.971371836053e+02 2.600000000000e+06 0.000000000000e+00 -8.752000000000e-01 -8.752000000000e-01 0.000000000000e+00 0.000000000000e+00 0.000000000000e+00 -0.000000000000e+00 3.696734800748e-02 0.000000000000e+00 0.000000000000e+00 0.000000000000e+00 0.000000000000e+00 0.000000000000e+00 0.000000000000e+00 
9.650000000000e+00 5.434876523528e-02 6.380961589362e-01 2.238275269904e-02 1.172162170835e+05 1.158969953383e+05 1.038266645685e+05 4.551428690241e+03 5.974117341716e+02 2.600000000000e+06 0.000000000000e+00 -8.752000000000e-01 -8.752000000000e-01 0.000000000000e+00 0.000000000000e+00 0.000000000000e+00 -0.000000000000e+00 3.688986385511e-02 0.000000000000e+00 0.000000000000e+00 0.000000000000e+00 0.000000000000e+00 0.000000000000e+00 0.000000000000e+00 
9.655000000000e+00 5.424053024187e-02 6.703089617079e-01 2.118913604693e-02 1.166025553480e+05 1.152264082467e+05 1.037569827935e+05 4.553674016839e+03 5.976860567307e+02 2.600000000000e+06 0.000000000000e+00 -8.752000000000e-01 -8.752000000000e-01 0.000000000000e+00 0.000000000000e+00 0.000000000000e+00 -0.000000000000e+00 3.681639807990e-02 0.000000000000e+00 0.000000000000e+00 0.000000000000e+00 0.000000000000e+00 0.000000000000e+00 0.000000000000e+00 
9.660000000000e+00 5.413811536831e-02 7.021045442851e-01 2.001669941423e-02 1.160254407249e+05 1.145887649845e+05 1.036921601657e+05 4.555804498659e+03 5.979580253241e+02 2.600000000000e+06 0.000000000000e+00 -8.752000000000e-01 -8.752000000000e-01 0.000000000000e+00 0.000000000000e+00 0.000000000000e+00 -0.000000000000e+00 3.674688277951e-02 0.000000000000e+00 0.000000000000e+00 0.000000000000e+00 0.000000000000e+00 0.000000000000e+00 0.000000000000e+00 
9.665000000000e+00 5.404141603652e-02 7.333441722790e-01 1.886642434425e-02 1.154842615147e+05 1.139839090176e+05 1.036319322328e+05 4.557821251846e+03 5.982257470906e+02 2.600000000000e+06 0.000000000000e+00 -8.752000000000e-01 -8.752000000000e-01 0.000000000000e+00 0.000000000000e+00 0.000000000000e+00 -0.000000000000e+00 3.668124697034e-02 0.000000000000e+00 0.000000000000e+00 0.000000000000e+00 0.000000000000e+00 0.000000000000e+00 0.000000000000e+00 
9.670000000000e+00 5.395032178806e-02 7.639101698346e-01 1.773961522169e-02 1.149783145859e+05 1.134116121114e+05 1.035760506708e+05 4.559725609718e+03 5.984875524277e+02 2.600000000000e+06 0.000000000000e+00 -8.752000000000e-01 -8.752000000000e-01 0.000000000000e+00 0.000000000000e+00 0.000000000000e+00 -0.000000000000e+00 3.661941567742e-02 0.000000000000e+00 0.000000000000e+00 0.000000000000e+00 0.000000000000e+00 0.000000000000e+00 0.000000000000e+00 
9.675000000000e+00 5.386471528175e-02 7.937021668524e-01 1.663768537251e-02 1.145068212808e+05 1.128715680445e+05 1.035242813406e+05 4.561519137988e+03 5.987419856619e+02 2.600000000000e+06 0.000000000000e+00 -8.752000000000e-01 -8.752000000000e-01 0.000000000000e+00 0.000000000000e+00 0.000000000000e+00 -0.000000000000e+00 3.656130925406e-02 0.000000000000e+00 0.000000000000e+00 0.000000000000e+00 0.000000000000e+00 0.000000000000e+00 0.000000000000e+00 
9.680000000000e+00 5.378447100163e-02 8.226320094162e-01 1.556241273076e-02 1.140688884436e+05 1.123633845270e+05 1.034764023009e+05 4.563203664638e+03 5.989877977213e+02 2.600000000000e+06 0.000000000000e+00 -8.752000000000e-01 -8.752000000000e-01 0.000000000000e+00 0.000000000000e+00 0.000000000000e+00 -0.000000000000e+00 3.650684250480e-02 0.000000000000e+00 0.000000000000e+00 0.000000000000e+00 0.000000000000e+00 0.000000000000e+00 0.000000000000e+00 
9.685000000000e+00 5.370945404761e-02 8.506241473578e-01 1.451565827245e-02 1.136635311030e+05 1.118865756714e+05 1.034322019902e+05 4.564781298555e+03 5.992239396090e+02 2.600000000000e+06 0.000000000000e+00 -8.752000000000e-01 -8.752000000000e-01 0.000000000000e+00 0.000000000000e+00 0.000000000000e+00 -0.000000000000e+00 3.645592386463e-02 0.000000000000e+00 0.000000000000e+00 0.000000000000e+00 0.000000000000e+00 0.000000000000e+00 0.000000000000e+00 
9.690000000000e+00 5.363952015334e-02 8.776134372297e-01 1.349930593172e-02 1.132896790811e+05 1.114405623719e+05 1.033914782182e+05 4.566254425931e+03 5.994495527041e+02 2.600000000000e+06 0.000000000000e+00 -8.752000000000e-01 -8.752000000000e-01 0.000000000000e+00 0.000000000000e+00 0.000000000000e+00 -0.000000000000e+00 3.640845541108e-02 0.000000000000e+00 0.000000000000e+00 0.000000000000e+00 0.000000000000e+00 0.000000000000e+00 0.000000000000e+00 
9.695000000000e+00 5.357451550553e-02 9.035421017399e-01 1.251526491170e-02 1.129461754023e+05 1.110246716467e+05 1.033540370791e+05 4.567625711714e+03 5.996639598852e+02 2.600000000000e+06 0.000000000000e+00 -8.752000000000e-01 -8.752000000000e-01 0.000000000000e+00 0.000000000000e+00 0.000000000000e+00 -0.000000000000e+00 3.636433274156e-02 0.000000000000e+00 0.000000000000e+00 0.000000000000e+00 0.000000000000e+00 0.000000000000e+00 0.000000000000e+00 
9.700000000000e+00 5.351427797457e-02 9.283618342297e-01 1.156511659760e-02 1.126318255882e+05 1.106381452489e+05 1.033196927082e+05 4.568898064133e+03 5.998666521007e+02 2.600000000000e+06 0.000000000000e+00 -8.752000000000e-01 -8.752000000000e-01 0.000000000000e+00 0.000000000000e+00 0.000000000000e+00 -0.000000000000e+00 3.632344580869e-02 0.000000000000e+00 0.000000000000e+00 0.000000000000e+00 0.000000000000e+00 0.000000000000e+00 0.000000000000e+00 
9.705000000000e+00 5.345869722476e-02 9.520400841760e-01 1.065431101108e-02 1.123453396224e+05 1.102805279475e+05 1.032883001385e+05 4.570073417483e+03 6.000570712244e+02 2.600000000000e+06 0.000000000000e+00 -8.752000000000e-01 -8.752000000000e-01 0.000000000000e+00 0.000000000000e+00 0.000000000000e+00 -0.000000000000e+00 3.628571972081e-02 0.000000000000e+00 0.000000000000e+00 0.000000000000e+00 0.000000000000e+00 0.000000000000e+00 0.000000000000e+00 
9.710000000000e+00 5.340767595009e-02 9.745390952896e-01 9.788558276312e-03 1.120854735676e+05 1.099514230256e+05 1.032597313861e+05 4.571153487270e+03 6.002347208166e+02 2.600000000000e+06 0.000000000000e+00 -8.752000000000e-01 -8.752000000000e-01 0.000000000000e+00 0.000000000000e+00 0.000000000000e+00 -0.000000000000e+00 3.625108843032e-02 0.000000000000e+00 0.000000000000e+00 0.000000000000e+00 0.000000000000e+00 0.000000000000e+00 0.000000000000e+00 
9.715000000000e+00 5.336099580100e-02 9.958338130294e-01 8.966076540670e-03 1.118509777692e+05 1.096496265967e+05 1.032338001974e+05 4.572142509800e+03 6.003996317952e+02 2.600000000000e+06 0.000000000000e+00 -8.752000000000e-01 -8.752000000000e-01 0.000000000000e+00 0.000000000000e+00 0.000000000000e+00 -0.000000000000e+00 3.621940372991e-02 0.000000000000e+00 0.000000000000e+00 0.000000000000e+00 0.000000000000e+00 0.000000000000e+00 0.000000000000e+00 
9.720000000000e+00 5.331843495855e-02 1.015911295219e+00 8.185629645296e-03 1.116405026375e+05 1.093738832698e+05 1.032103283015e+05 4.573044867316e+03 6.005519586943e+02 2.600000000000e+06 0.000000000000e+00 -8.752000000000e-01 -8.752000000000e-01 0.000000000000e+00 0.000000000000e+00 0.000000000000e+00 -0.000000000000e+00 3.619051505734e-02 0.000000000000e+00 0.000000000000e+00 0.000000000000e+00 0.000000000000e+00 0.000000000000e+00 0.000000000000e+00 
9.725000000000e+00 5.327977747847e-02 1.034762811474e+00 7.446288290201e-03 1.114526927778e+05 1.091229491452e+05 1.031891494867e+05 4.573864876859e+03 6.006919345533e+02 2.600000000000e+06 0.000000000000e+00 -8.752000000000e-01 -8.752000000000e-01 0.000000000000e+00 0.000000000000e+00 0.000000000000e+00 -0.000000000000e+00 3.616427583790e-02 0.000000000000e+00 0.000000000000e+00 0.000000000000e+00 0.000000000000e+00 0.000000000000e+00 0.000000000000e+00 
9.730000000000e+00 5.324481645622e-02 1.052395983141e+00 6.745844890631e-03 1.112863935697e+05 1.088956151755e+05 1.031701102245e+05 4.574606686959e+03 6.008198472559e+02 2.600000000000e+06 0.000000000000e+00 -8.752000000000e-01 -8.752000000000e-01 0.000000000000e+00 0.000000000000e+00 0.000000000000e+00 -0.000000000000e+00 3.614054563271e-02 0.000000000000e+00 0.000000000000e+00 0.000000000000e+00 0.000000000000e+00 0.000000000000e+00 0.000000000000e+00 
9.735000000000e+00 5.321335140492e-02 1.068823585882e+00 6.083865705693e-03 1.111402816368e+05 1.086906928038e+05 1.031530672311e+05 4.575274383903e+03 6.009360379392e+02 2.600000000000e+06 0.000000000000e+00 -8.752000000000e-01 -8.752000000000e-01 0.000000000000e+00 0.000000000000e+00 0.000000000000e+00 -0.000000000000e+00 3.611918835892e-02 0.000000000000e+00 0.000000000000e+00 0.000000000000e+00 0.000000000000e+00 0.000000000000e+00 0.000000000000e+00 
9.740000000000e+00 5.318518826363e-02 1.084065873516e+00 5.458647027622e-03 1.110132173317e+05 1.085070164013e+05 1.031378866019e+05 4.575871931017e+03 6.010408912862e+02 2.600000000000e+06 0.000000000000e+00 -8.752000000000e-01 -8.752000000000e-01 0.000000000000e+00 0.000000000000e+00 0.000000000000e+00 -0.000000000000e+00 3.610007229542e-02 0.000000000000e+00 0.000000000000e+00 0.000000000000e+00 0.000000000000e+00 0.000000000000e+00 0.000000000000e+00 
9.745000000000e+00 5.316013842152e-02 1.098147651310e+00 4.869562536977e-03 1.109039676291e+05 1.083434390911e+05 1.031244425134e+05 4.576403227834e+03 6.011348305303e+02 2.600000000000e+06 0.000000000000e+00 -8.752000000000e-01 -8.752000000000e-01 0.000000000000e+00 0.000000000000e+00 0.000000000000e+00 -0.000000000000e+00 3.608306942035e-02 0.000000000000e+00 0.000000000000e+00 0.000000000000e+00 0.000000000000e+00 0.000000000000e+00 0.000000000000e+00 
9.750000000000e+00 5.313802524183e-02 1.111109567749e+00 4.314235712148e-03 1.108115805342e+05 1.081988774094e+05 1.031126200242e+05 4.576871913006e+03 6.012182851149e+02 2.600000000000e+06 0.000000000000e+00 -8.752000000000e-01 -8.752000000000e-01 0.000000000000e+00 0.000000000000e+00 0.000000000000e+00 -0.000000000000e+00 3.606805983947e-02 0.000000000000e+00 0.000000000000e+00 0.000000000000e+00 0.000000000000e+00 0.000000000000e+00 0.000000000000e+00 
9.755000000000e+00 5.311867484776e-02 1.122991873572e+00 3.791796625110e-03 1.107349437250e+05 1.080722530100e+05 1.031023095109e+05 4.577281619153e+03 6.012917182527e+02 2.600000000000e+06 0.000000000000e+00 -8.752000000000e-01 -8.752000000000e-01 0.000000000000e+00 0.000000000000e+00 0.000000000000e+00 -0.000000000000e+00 3.605492553181e-02 0.000000000000e+00 0.000000000000e+00 0.000000000000e+00 0.000000000000e+00 0.000000000000e+00 0.000000000000e+00 
9.760000000000e+00 5.310191912081e-02 1.133838810567e+00 3.300936792056e-03 1.106730316849e+05 1.079625138669e+05 1.030934077509e+05 4.577635869121e+03 6.013556097219e+02 2.600000000000e+06 0.000000000000e+00 -8.752000000000e-01 -8.752000000000e-01 0.000000000000e+00 0.000000000000e+00 0.000000000000e+00 -0.000000000000e+00 3.604355238501e-02 0.000000000000e+00 0.000000000000e+00 0.000000000000e+00 0.000000000000e+00 0.000000000000e+00 0.000000000000e+00 
9.765000000000e+00 5.308759588498e-02 1.143700937331e+00 2.839892942440e-03 1.106249097528e+05 1.078686369961e+05 1.030858175435e+05 4.577938068538e+03 6.014104497265e+02 2.600000000000e+06 0.000000000000e+00 -8.752000000000e-01 -8.752000000000e-01 0.000000000000e+00 0.000000000000e+00 0.000000000000e+00 -0.000000000000e+00 3.603383032016e-02 0.000000000000e+00 0.000000000000e+00 0.000000000000e+00 0.000000000000e+00 0.000000000000e+00 0.000000000000e+00 
9.770000000000e+00 5.307552288373e-02 1.152590414908e+00 2.405594926697e-03 1.105896491127e+05 1.077894591199e+05 1.030794335373e+05 4.578192052043e+03 6.014568341807e+02 2.600000000000e+06 0.000000000000e+00 -8.752000000000e-01 -8.752000000000e-01 0.000000000000e+00 0.000000000000e+00 0.000000000000e+00 -0.000000000000e+00 3.602563562852e-02 0.000000000000e+00 0.000000000000e+00 0.000000000000e+00 0.000000000000e+00 0.000000000000e+00 0.000000000000e+00 
9.775000000000e+00 5.306547492270e-02 1.160555532338e+00 1.998891642237e-03 1.105655584214e+05 1.077235274903e+05 1.030741299122e+05 4.578402673216e+03 6.014955498876e+02 2.600000000000e+06 0.000000000000e+00 -8.752000000000e-01 -8.752000000000e-01 0.000000000000e+00 0.000000000000e+00 0.000000000000e+00 -0.000000000000e+00 3.601881545674e-02 0.000000000000e+00 0.000000000000e+00 0.000000000000e+00 0.000000000000e+00 0.000000000000e+00 0.000000000000e+00 
9.780000000000e+00 5.305733319366e-02 1.167651135168e+00 1.617614247963e-03 1.105520491612e+05 1.076700809720e+05 1.030698388238e+05 4.578572434585e+03 6.015269948839e+02 2.600000000000e+06 0.000000000000e+00 -8.752000000000e-01 -8.752000000000e-01 0.000000000000e+00 0.000000000000e+00 0.000000000000e+00 -0.000000000000e+00 3.601328916237e-02 0.000000000000e+00 0.000000000000e+00 0.000000000000e+00 0.000000000000e+00 0.000000000000e+00 0.000000000000e+00 
9.785000000000e+00 5.305097896698e-02 1.173908009689e+00 1.263270624559e-03 1.105481046989e+05 1.076283542328e+05 1.030664937921e+05 4.578703913615e+03 6.015515822769e+02 2.600000000000e+06 0.000000000000e+00 -8.752000000000e-01 -8.752000000000e-01 0.000000000000e+00 0.000000000000e+00 0.000000000000e+00 -0.000000000000e+00 3.600897615625e-02 0.000000000000e+00 0.000000000000e+00 0.000000000000e+00 0.000000000000e+00 0.000000000000e+00 0.000000000000e+00 
9.790000000000e+00 5.304628590892e-02 1.179352338711e+00 9.359349055102e-04 1.105528194459e+05 1.075975279463e+05 1.030640254676e+05 4.578799834719e+03 6.015697677767e+02 2.600000000000e+06 0.000000000000e+00 -8.752000000000e-01 -8.752000000000e-01 0.000000000000e+00 0.000000000000e+00 0.000000000000e+00 -0.000000000000e+00 3.600579068787e-02 0.000000000000e+00 0.000000000000e+00 0.000000000000e+00 0.000000000000e+00 0.000000000000e+00 0.000000000000e+00 
9.795000000000e+00 5.304312096903e-02 1.184022079436e+00 6.360618770821e-04 1.105651948644e+05 1.075767352162e+05 1.030623619265e+05 4.578863081960e+03 6.015820442799e+02 2.600000000000e+06 0.000000000000e+00 -8.752000000000e-01 -8.752000000000e-01 0.000000000000e+00 0.000000000000e+00 0.000000000000e+00 -0.000000000000e+00 3.600364244768e-02 0.000000000000e+00 0.000000000000e+00 0.000000000000e+00 0.000000000000e+00 0.000000000000e+00 0.000000000000e+00 
9.800000000000e+00 5.304120588197e-02 1.187973009829e+00 3.584163473982e-04 1.105838622213e+05 1.075641521411e+05 1.030613557442e+05 4.578899594833e+03 6.015894775820e+02 2.600000000000e+06 0.000000000000e+00 -8.752000000000e-01 -8.752000000000e-01 0.000000000000e+00 0.000000000000e+00 0.000000000000e+00 -0.000000000000e+00 3.600234255981e-02 0.000000000000e+00 0.000000000000e+00 0.000000000000e+00 0.000000000000e+00 0.000000000000e+00 0.000000000000e+00 
9.805000000000e+00 5.304036164290e-02 1.191254085178e+00 1.055692470784e-04 1.106072502334e+05 1.075586047080e+05 1.030609122827e+05 4.578913304315e+03 6.015927556116e+02 2.600000000000e+06 0.000000000000e+00 -8.752000000000e-01 -8.752000000000e-01 0.000000000000e+00 0.000000000000e+00 0.000000000000e+00 -0.000000000000e+00 3.600176952261e-02 0.000000000000e+00 0.000000000000e+00 0.000000000000e+00 0.000000000000e+00 0.000000000000e+00 0.000000000000e+00 
9.810000000000e+00 5.304049553121e-02 1.193883209962e+00 -1.326375763895e-04 1.106358790395e+05 1.075594844930e+05 1.030609826075e+05 4.578906037039e+03 6.015922356997e+02 2.600000000000e+06 0.000000000000e+00 -8.752000000000e-01 -8.752000000000e-01 0.000000000000e+00 0.000000000000e+00 0.000000000000e+00 -0.000000000000e+00 3.600186040087e-02 0.000000000000e+00 0.000000000000e+00 0.000000000000e+00 0.000000000000e+00 0.000000000000e+00 0.000000000000e+00 
9.815000000000e+00 5.304152227192e-02 1.195858905199e+00 -3.469603360840e-04 1.106680672010e+05 1.075662310592e+05 1.030615219531e+05 4.578879814794e+03 6.015882492797e+02 2.600000000000e+06 0.000000000000e+00 -8.752000000000e-01 -8.752000000000e-01 0.000000000000e+00 0.000000000000e+00 0.000000000000e+00 -0.000000000000e+00 3.600255731321e-02 0.000000000000e+00 0.000000000000e+00 0.000000000000e+00 0.000000000000e+00 0.000000000000e+00 0.000000000000e+00 
9.820000000000e+00 5.304334049668e-02 1.197194382983e+00 -5.340281776401e-04 1.107027017137e+05 1.075781775493e+05 1.030624772859e+05 4.578836902704e+03 6.015811924298e+02 2.600000000000e+06 0.000000000000e+00 -8.752000000000e-01 -8.752000000000e-01 0.000000000000e+00 0.000000000000e+00 0.000000000000e+00 -0.000000000000e+00 3.600379145466e-02 0.000000000000e+00 0.000000000000e+00 0.000000000000e+00 0.000000000000e+00 0.000000000000e+00 0.000000000000e+00 
9.825000000000e+00 5.304583367294e-02 1.197884951501e+00 -6.907988317065e-04 1.107386006493e+05 1.075945570788e+05 1.030637877128e+05 4.578779889919e+03 6.015715213445e+02 2.600000000000e+06 0.000000000000e+00 -8.752000000000e-01 -8.752000000000e-01 0.000000000000e+00 0.000000000000e+00 0.000000000000e+00 -0.000000000000e+00 3.600548372738e-02 0.000000000000e+00 0.000000000000e+00 0.000000000000e+00 0.000000000000e+00 0.000000000000e+00 0.000000000000e+00 
9.830000000000e+00 5.304889384401e-02 1.197944460020e+00 -8.165196243501e-04 1.107749095425e+05 1.076146589769e+05 1.030653968837e+05 4.578711137617e+03 6.015596593658e+02 2.600000000000e+06 0.000000000000e+00 -8.752000000000e-01 -8.752000000000e-01 0.000000000000e+00 0.000000000000e+00 0.000000000000e+00 -0.000000000000e+00 3.600756085450e-02 0.000000000000e+00 0.000000000000e+00 0.000000000000e+00 0.000000000000e+00 0.000000000000e+00 0.000000000000e+00 
9.835000000000e+00 5.305246299057e-02 1.197381229093e+00 -9.067329836400e-04 1.108106982904e+05 1.076381005962e+05 1.030672747109e+05 4.578631990310e+03 6.015458363000e+02 2.600000000000e+06 0.000000000000e+00 -8.752000000000e-01 -8.752000000000e-01 0.000000000000e+00 0.000000000000e+00 0.000000000000e+00 -0.000000000000e+00 3.600998345472e-02 0.000000000000e+00 0.000000000000e+00 0.000000000000e+00 0.000000000000e+00 0.000000000000e+00 0.000000000000e+00 
9.840000000000e+00 5.305638396250e-02 1.196193708778e+00 -9.610781367324e-04 1.108448104452e+05 1.076638483874e+05 1.030693389033e+05 4.578545869550e+03 6.015306653246e+02 2.600000000000e+06 0.000000000000e+00 -8.752000000000e-01 -8.752000000000e-01 0.000000000000e+00 0.000000000000e+00 0.000000000000e+00 -0.000000000000e+00 3.601264486055e-02 0.000000000000e+00 0.000000000000e+00 0.000000000000e+00 0.000000000000e+00 0.000000000000e+00 0.000000000000e+00 
9.845000000000e+00 5.306048416191e-02 1.194376235424e+00 -9.808616920460e-04 1.108761745462e+05 1.076907679991e+05 1.030714988621e+05 4.578456500416e+03 6.015148173385e+02 2.600000000000e+06 0.000000000000e+00 -8.752000000000e-01 -8.752000000000e-01 0.000000000000e+00 0.000000000000e+00 0.000000000000e+00 -0.000000000000e+00 3.601542791914e-02 0.000000000000e+00 0.000000000000e+00 0.000000000000e+00 0.000000000000e+00 0.000000000000e+00 0.000000000000e+00 
9.850000000000e+00 5.306459600661e-02 1.191921911862e+00 -9.670367729919e-04 1.109037143697e+05 1.077177588222e+05 1.030736664062e+05 4.578367503909e+03 6.014989412426e+02 2.600000000000e+06 0.000000000000e+00 -8.752000000000e-01 -8.752000000000e-01 0.000000000000e+00 0.000000000000e+00 0.000000000000e+00 -0.000000000000e+00 3.601821888211e-02 0.000000000000e+00 0.000000000000e+00 0.000000000000e+00 0.000000000000e+00 0.000000000000e+00 0.000000000000e+00 
9.855000000000e+00 5.306855805866e-02 1.188827173036e+00 -9.207721961806e-04 1.109264228537e+05 1.077437614138e+05 1.030757563630e+05 4.578282362028e+03 6.014836595248e+02 2.600000000000e+06 0.000000000000e+00 -8.752000000000e-01 -8.752000000000e-01 0.000000000000e+00 0.000000000000e+00 0.000000000000e+00 -0.000000000000e+00 3.602090817156e-02 0.000000000000e+00 0.000000000000e+00 0.000000000000e+00 0.000000000000e+00 0.000000000000e+00 0.000000000000e+00 
9.860000000000e+00 5.307221141249e-02 1.185085650108e+00 -8.424173482290e-04 1.109432160959e+05 1.077677337271e+05 1.030776846802e+05 4.578204515247e+03 6.014695824010e+02 2.600000000000e+06 0.000000000000e+00 -8.752000000000e-01 -8.752000000000e-01 0.000000000000e+00 0.000000000000e+00 0.000000000000e+00 -0.000000000000e+00 3.602338792845e-02 0.000000000000e+00 0.000000000000e+00 0.000000000000e+00 0.000000000000e+00 0.000000000000e+00 0.000000000000e+00 
9.865000000000e+00 5.307539982402e-02 1.180691731648e+00 -7.328947323736e-04 1.109530957114e+05 1.077886518296e+05 1.030793685300e+05 4.578137334527e+03 6.014573077287e+02 2.600000000000e+06 0.000000000000e+00 -8.752000000000e-01 -8.752000000000e-01 0.000000000000e+00 0.000000000000e+00 0.000000000000e+00 -0.000000000000e+00 3.602555210029e-02 0.000000000000e+00 0.000000000000e+00 0.000000000000e+00 0.000000000000e+00 0.000000000000e+00 0.000000000000e+00 
9.870000000000e+00 5.307801890732e-02 1.175646760984e+00 -5.896595415706e-04 1.109550281254e+05 1.078058323992e+05 1.030807523637e+05 4.578083128266e+03 6.014472324692e+02 2.600000000000e+06 0.000000000000e+00 -8.752000000000e-01 -8.752000000000e-01 0.000000000000e+00 0.000000000000e+00 0.000000000000e+00 -0.000000000000e+00 3.602732983389e-02 0.000000000000e+00 0.000000000000e+00 0.000000000000e+00 0.000000000000e+00 0.000000000000e+00 0.000000000000e+00 
9.875000000000e+00 5.307998503089e-02 1.169940488971e+00 -4.090459659325e-04 1.109479963152e+05 1.078187283079e+05 1.030817915842e+05 4.578043775008e+03 6.014396735788e+02 2.600000000000e+06 0.000000000000e+00 -8.752000000000e-01 -8.752000000000e-01 0.000000000000e+00 0.000000000000e+00 0.000000000000e+00 -0.000000000000e+00 3.602866436340e-02 0.000000000000e+00 0.000000000000e+00 0.000000000000e+00 0.000000000000e+00 0.000000000000e+00 0.000000000000e+00 
9.880000000000e+00 5.308115384938e-02 1.163575501608e+00 -1.935362788324e-04 1.109312659027e+05 1.078263940819e+05 1.030824095365e+05 4.578022358422e+03 6.014351818179e+02 2.600000000000e+06 0.000000000000e+00 -8.752000000000e-01 -8.752000000000e-01 0.000000000000e+00 0.000000000000e+00 0.000000000000e+00 -0.000000000000e+00 3.602945771271e-02 0.000000000000e+00 0.000000000000e+00 0.000000000000e+00 0.000000000000e+00 0.000000000000e+00 0.000000000000e+00 
9.885000000000e+00 5.308139060703e-02 1.156588216974e+00 5.266903748096e-05 1.109043686915e+05 1.078279468211e+05 1.030825347242e+05 4.578021723497e+03 6.014342721269e+02 2.600000000000e+06 0.000000000000e+00 -8.752000000000e-01 -8.752000000000e-01 0.000000000000e+00 0.000000000000e+00 0.000000000000e+00 -0.000000000000e+00 3.602961841475e-02 0.000000000000e+00 0.000000000000e+00 0.000000000000e+00 0.000000000000e+00 0.000000000000e+00 0.000000000000e+00 
9.890000000000e+00 5.308056746419e-02 1.148991350665e+00 3.292177277944e-04 1.108664373580e+05 1.078225482885e+05 1.030820995010e+05 4.578044637087e+03 6.014374351205e+02 2.600000000000e+06 0.000000000000e+00 -8.752000000000e-01 -8.752000000000e-01 0.000000000000e+00 0.000000000000e+00 0.000000000000e+00 -0.000000000000e+00 3.602905969686e-02 0.000000000000e+00 0.000000000000e+00 0.000000000000e+00 0.000000000000e+00 0.000000000000e+00 0.000000000000e+00 
9.895000000000e+00 5.307856768136e-02 1.140783207506e+00 6.405804919797e-04 1.108161216092e+05 1.078094319579e+05 1.030810423919e+05 4.578093715773e+03 6.014451222814e+02 2.600000000000e+06 0.000000000000e+00 -8.752000000000e-01 -8.752000000000e-01 0.000000000000e+00 0.000000000000e+00 0.000000000000e+00 -0.000000000000e+00 3.602770232074e-02 0.000000000000e+00 0.000000000000e+00 0.000000000000e+00 0.000000000000e+00 0.000000000000e+00 0.000000000000e+00 
9.900000000000e+00 5.307523343176e-02 1.131966694026e+00 9.779950434630e-04 1.107533134565e+05 1.077875602636e+05 1.030792806340e+05 4.578172228908e+03 6.014579480497e+02 2.600000000000e+06 0.000000000000e+00 -8.752000000000e-01 -8.752000000000e-01 0.000000000000e+00 0.000000000000e+00 0.000000000000e+00 -0.000000000000e+00 3.602543915959e-02 0.000000000000e+00 0.000000000000e+00 0.000000000000e+00 0.000000000000e+00 0.000000000000e+00 0.000000000000e+00 
9.905000000000e+00 5.307025691104e-02 1.122555516029e+00 1.330479883059e-03 1.106770960003e+05 1.077549093361e+05 1.030766529102e+05 4.578286664590e+03 6.014771118333e+02 2.600000000000e+06 0.000000000000e+00 -8.752000000000e-01 -8.752000000000e-01 0.000000000000e+00 0.000000000000e+00 0.000000000000e+00 -0.000000000000e+00 3.602206128759e-02 0.000000000000e+00 0.000000000000e+00 0.000000000000e+00 0.000000000000e+00 0.000000000000e+00 0.000000000000e+00 
9.910000000000e+00 5.306352514762e-02 1.112567167175e+00 1.695738357067e-03 1.105869222588e+05 1.077107300339e+05 1.030731017668e+05 4.578439449284e+03 6.015030742674e+02 2.600000000000e+06 0.000000000000e+00 -8.752000000000e-01 -8.752000000000e-01 0.000000000000e+00 0.000000000000e+00 0.000000000000e+00 -0.000000000000e+00 3.601749202397e-02 0.000000000000e+00 0.000000000000e+00 0.000000000000e+00 0.000000000000e+00 0.000000000000e+00 0.000000000000e+00 
9.915000000000e+00 5.305496885361e-02 1.102028878134e+00 2.073445837836e-03 1.104823228601e+05 1.076545563628e+05 1.030685937682e+05 4.578632104708e+03 6.015361388724e+02 2.600000000000e+06 0.000000000000e+00 -8.752000000000e-01 -8.752000000000e-01 0.000000000000e+00 0.000000000000e+00 0.000000000000e+00 -0.000000000000e+00 3.601168433874e-02 0.000000000000e+00 0.000000000000e+00 0.000000000000e+00 0.000000000000e+00 0.000000000000e+00 0.000000000000e+00 
9.920000000000e+00 5.304452540643e-02 1.090968904497e+00 2.463332822870e-03 1.103628658662e+05 1.075859623439e+05 1.030631000144e+05 4.578866016579e+03 6.015765953645e+02 2.600000000000e+06 0.000000000000e+00 -8.752000000000e-01 -8.752000000000e-01 0.000000000000e+00 0.000000000000e+00 0.000000000000e+00 -0.000000000000e+00 3.600459572609e-02 0.000000000000e+00 0.000000000000e+00 0.000000000000e+00 0.000000000000e+00 0.000000000000e+00 0.000000000000e+00 
9.925000000000e+00 5.303213803442e-02 1.079428444870e+00 2.863761634304e-03 1.102283162126e+05 1.075045563785e+05 1.030565957826e+05 4.579142426806e+03 6.016247236439e+02 2.600000000000e+06 0.000000000000e+00 -8.752000000000e-01 -8.752000000000e-01 0.000000000000e+00 0.000000000000e+00 0.000000000000e+00 -0.000000000000e+00 3.599618765159e-02 0.000000000000e+00 0.000000000000e+00 0.000000000000e+00 0.000000000000e+00 0.000000000000e+00 0.000000000000e+00 
9.930000000000e+00 5.301772427831e-02 1.067418970371e+00 3.267863788149e-03 1.100788606653e+05 1.074097735297e+05 1.030490440808e+05 4.579463048725e+03 6.016809176861e+02 2.600000000000e+06 0.000000000000e+00 -8.752000000000e-01 -8.752000000000e-01 0.000000000000e+00 0.000000000000e+00 0.000000000000e+00 -0.000000000000e+00 3.598640414505e-02 0.000000000000e+00 0.000000000000e+00 0.000000000000e+00 0.000000000000e+00 0.000000000000e+00 0.000000000000e+00 
9.935000000000e+00 5.300115489612e-02 1.055004243969e+00 3.676523235960e-03 1.099134479732e+05 1.073007356227e+05 1.030403849048e+05 4.579830765527e+03 6.017457714168e+02 2.600000000000e+06 0.000000000000e+00 -8.752000000000e-01 -8.752000000000e-01 0.000000000000e+00 0.000000000000e+00 0.000000000000e+00 -0.000000000000e+00 3.597515748193e-02 0.000000000000e+00 0.000000000000e+00 0.000000000000e+00 0.000000000000e+00 0.000000000000e+00 0.000000000000e+00 
9.940000000000e+00 5.298243541611e-02 1.042249014347e+00 4.086359726808e-03 1.097324769648e+05 1.071774455979e+05 1.030306302041e+05 4.580245463933e+03 6.018193691565e+02 2.600000000000e+06 0.000000000000e+00 -8.752000000000e-01 -8.752000000000e-01 0.000000000000e+00 0.000000000000e+00 0.000000000000e+00 -0.000000000000e+00 3.596245141463e-02 0.000000000000e+00 0.000000000000e+00 0.000000000000e+00 0.000000000000e+00 0.000000000000e+00 0.000000000000e+00 
9.945000000000e+00 5.296156860823e-02 1.029189118536e+00 4.499987818421e-03 1.095356262155e+05 1.070398839212e+05 1.030197915925e+05 4.580707209071e+03 6.019018190956e+02 2.600000000000e+06 0.000000000000e+00 -8.752000000000e-01 -8.752000000000e-01 0.000000000000e+00 0.000000000000e+00 0.000000000000e+00 -0.000000000000e+00 3.594828782327e-02 0.000000000000e+00 0.000000000000e+00 0.000000000000e+00 0.000000000000e+00 0.000000000000e+00 0.000000000000e+00 
9.950000000000e+00 5.293854583270e-02 1.015862369693e+00 4.915220489170e-03 1.093230482898e+05 1.068879513726e+05 1.030078758791e+05 4.581216235317e+03 6.019932878179e+02 2.600000000000e+06 0.000000000000e+00 -8.752000000000e-01 -8.752000000000e-01 0.000000000000e+00 0.000000000000e+00 0.000000000000e+00 -0.000000000000e+00 3.593266084350e-02 0.000000000000e+00 0.000000000000e+00 0.000000000000e+00 0.000000000000e+00 0.000000000000e+00 0.000000000000e+00 
9.955000000000e+00 5.291336656185e-02 1.002317648224e+00 5.331428999315e-03 1.090947688907e+05 1.067215976409e+05 1.029948952087e+05 4.581772638055e+03 6.020939232319e+02 2.600000000000e+06 0.000000000000e+00 -8.752000000000e-01 -8.752000000000e-01 0.000000000000e+00 0.000000000000e+00 0.000000000000e+00 -0.000000000000e+00 3.591557011716e-02 0.000000000000e+00 0.000000000000e+00 0.000000000000e+00 0.000000000000e+00 0.000000000000e+00 0.000000000000e+00 
9.960000000000e+00 5.288603540466e-02 9.886041784289e-01 5.746968165541e-03 1.088509657294e+05 1.065408018843e+05 1.029808654402e+05 4.582376390811e+03 6.022038654912e+02 2.600000000000e+06 0.000000000000e+00 -8.752000000000e-01 -8.752000000000e-01 0.000000000000e+00 0.000000000000e+00 0.000000000000e+00 -0.000000000000e+00 3.589701877264e-02 0.000000000000e+00 0.000000000000e+00 0.000000000000e+00 0.000000000000e+00 0.000000000000e+00 0.000000000000e+00 
9.965000000000e+00 5.285656377743e-02 9.747708532533e-01 6.160136943075e-03 1.085918689750e+05 1.063455840045e+05 1.029658069129e+05 4.583027325892e+03 6.023232392806e+02 2.600000000000e+06 0.000000000000e+00 -8.752000000000e-01 -8.752000000000e-01 0.000000000000e+00 0.000000000000e+00 0.000000000000e+00 -0.000000000000e+00 3.587701455891e-02 0.000000000000e+00 0.000000000000e+00 0.000000000000e+00 0.000000000000e+00 0.000000000000e+00 0.000000000000e+00 
9.970000000000e+00 5.282497110791e-02 9.608646761169e-01 6.569370676621e-03 1.083177478115e+05 1.061360129729e+05 1.029497449364e+05 4.583725110842e+03 6.024521475352e+02 2.600000000000e+06 0.000000000000e+00 -8.752000000000e-01 -8.752000000000e-01 0.000000000000e+00 0.000000000000e+00 0.000000000000e+00 -0.000000000000e+00 3.585557066276e-02 0.000000000000e+00 0.000000000000e+00 0.000000000000e+00 0.000000000000e+00 0.000000000000e+00 0.000000000000e+00 
9.975000000000e+00 5.279128381197e-02 9.469328098483e-01 6.972960746106e-03 1.080289363069e+05 1.059122004909e+05 1.029327091192e+05 4.584469264672e+03 6.025906739091e+02 2.600000000000e+06 0.000000000000e+00 -8.752000000000e-01 -8.752000000000e-01 0.000000000000e+00 0.000000000000e+00 0.000000000000e+00 -0.000000000000e+00 3.583270501429e-02 0.000000000000e+00 0.000000000000e+00 0.000000000000e+00 0.000000000000e+00 0.000000000000e+00 0.000000000000e+00 
9.980000000000e+00 5.275553681553e-02 9.330227232418e-01 7.369347140053e-03 1.077258106438e+05 1.056743116116e+05 1.029147339711e+05 4.585259128849e+03 6.027388746260e+02 2.600000000000e+06 0.000000000000e+00 -8.752000000000e-01 -8.752000000000e-01 0.000000000000e+00 0.000000000000e+00 0.000000000000e+00 -0.000000000000e+00 3.580844131987e-02 0.000000000000e+00 0.000000000000e+00 0.000000000000e+00 0.000000000000e+00 0.000000000000e+00 0.000000000000e+00 
9.985000000000e+00 5.271777197656e-02 9.191794093714e-01 7.757124146357e-03 1.074087776195e+05 1.054225548560e+05 1.028958579177e+05 4.586093900642e+03 6.028967828252e+02 2.600000000000e+06 0.000000000000e+00 -8.752000000000e-01 -8.752000000000e-01 0.000000000000e+00 0.000000000000e+00 0.000000000000e+00 -0.000000000000e+00 3.578280799109e-02 0.000000000000e+00 0.000000000000e+00 0.000000000000e+00 0.000000000000e+00 0.000000000000e+00 0.000000000000e+00 
9.990000000000e+00 5.267803762115e-02 9.054456734220e-01 8.134918028641e-03 1.070782861411e+05 1.051571797375e+05 1.028761228789e+05 4.586972639737e+03 6.030644083320e+02 2.600000000000e+06 0.000000000000e+00 -8.752000000000e-01 -8.752000000000e-01 0.000000000000e+00 0.000000000000e+00 0.000000000000e+00 -0.000000000000e+00 3.575583782985e-02 0.000000000000e+00 0.000000000000e+00 0.000000000000e+00 0.000000000000e+00 0.000000000000e+00 0.000000000000e+00 
9.995000000000e+00 5.263638786758e-02 8.918629965417e-01 8.501473873843e-03 1.067348127072e+05 1.048784728945e+05 1.028555737406e+05 4.587894283316e+03 6.032417382910e+02 2.600000000000e+06 0.000000000000e+00 -8.752000000000e-01 -8.752000000000e-01 0.000000000000e+00 0.000000000000e+00 0.000000000000e+00 -0.000000000000e+00 3.572756756957e-02 0.000000000000e+00 0.000000000000e+00 0.000000000000e+00 0.000000000000e+00 0.000000000000e+00 0.000000000000e+00 
1.000000000000e+01 5.259288741563e-02 8.784712716304e-01 8.856158972513e-03 1.063788373007e+05 1.045867909068e+05 1.028342604988e+05 4.588857548588e+03 6.034287142371e+02 2.600000000000e+06 0.000000000000e+00 -8.752000000000e-01 -8.752000000000e-01 0.000000000000e+00 0.000000000000e+00 0.000000000000e+00 -0.000000000000e+00 3.569804112600e-02 0.000000000000e+00 0.000000000000e+00 0.000000000000e+00 0.000000000000e+00 0.000000000000e+00 0.000000000000e+00 
