9.000000000000e+00 6.917308781593e-03 1.551276558568e-02 1.681207070568e-03 1.030451460056e+05 1.100220141576e+05 1.000000000000e+05 7.340021415599e+03 5.398869966723e+02 1.800000000000e+06 0.000000000000e+00 -8.752000000000e-01 -8.752000000000e-01 0.000000000000e+00 0.000000000000e+00 0.000000000000e+00 -0.000000000000e+00 6.284142257513e-03 0.000000000000e+00 0.000000000000e+00 0.000000000000e+00 0.000000000000e+00 0.000000000000e+00 0.000000000000e+00 
9.005000000000e+00 6.908903069316e-03 1.549205980220e-02 1.669091012999e-03 1.027138545964e+05 1.096530868132e+05 1.000000000000e+05 7.342273398779e+03 5.403848875716e+02 1.800000000000e+06 0.000000000000e+00 -8.752000000000e-01 -8.752000000000e-01 0.000000000000e+00 0.000000000000e+00 0.000000000000e+00 -0.000000000000e+00 6.276505950774e-03 0.000000000000e+00 0.000000000000e+00 0.000000000000e+00 0.000000000000e+00 0.000000000000e+00 0.000000000000e+00 
9.010000000000e+00 6.900558606388e-03 1.547306993258e-02 1.656773288623e-03 1.023852099395e+05 1.092857290478e+05 1.000000000000e+05 7.344512260001e+03 5.408799973776e+02 1.800000000000e+06 0.000000000000e+00 -8.752000000000e-01 -8.752000000000e-01 0.000000000000e+00 0.000000000000e+00 0.000000000000e+00 -0.000000000000e+00 6.268925287005e-03 0.000000000000e+00 0.000000000000e+00 0.000000000000e+00 0.000000000000e+00 0.000000000000e+00 0.000000000000e+00 
9.015000000000e+00 6.892276274295e-03 1.545557885269e-02 1.644291768199e-03 1.020591184792e+05 1.089199999733e+05 1.000000000000e+05 7.346737711109e+03 5.413722576170e+02 1.800000000000e+06 0.000000000000e+00 -8.752000000000e-01 -8.752000000000e-01 0.000000000000e+00 0.000000000000e+00 0.000000000000e+00 -0.000000000000e+00 6.261401067007e-03 0.000000000000e+00 0.000000000000e+00 0.000000000000e+00 0.000000000000e+00 0.000000000000e+00 0.000000000000e+00 
9.020000000000e+00 6.884056777690e-03 1.543936535074e-02 1.631681768727e-03 1.017354884717e+05 1.085559513180e+05 1.000000000000e+05 7.348949509478e+03 5.418616100342e+02 1.800000000000e+06 0.000000000000e+00 -8.752000000000e-01 -8.752000000000e-01 0.000000000000e+00 0.000000000000e+00 0.000000000000e+00 -0.000000000000e+00 6.253933930934e-03 0.000000000000e+00 0.000000000000e+00 0.000000000000e+00 0.000000000000e+00 0.000000000000e+00 0.000000000000e+00 
9.025000000000e+00 6.875900648002e-03 1.542423940764e-02 1.618977567595e-03 1.014142237985e+05 1.081936274646e+05 1.000000000000e+05 7.351147458039e+03 5.423480064698e+02 1.800000000000e+06 0.000000000000e+00 -8.752000000000e-01 -8.752000000000e-01 0.000000000000e+00 0.000000000000e+00 0.000000000000e+00 -0.000000000000e+00 6.246524361573e-03 0.000000000000e+00 0.000000000000e+00 0.000000000000e+00 0.000000000000e+00 0.000000000000e+00 0.000000000000e+00 
9.030000000000e+00 6.867808253217e-03 1.541001920468e-02 1.606210548416e-03 1.010952321307e+05 1.078330657664e+05 1.000000000000e+05 7.353331402225e+03 5.428314083665e+02 1.800000000000e+06 0.000000000000e+00 -8.752000000000e-01 -8.752000000000e-01 0.000000000000e+00 0.000000000000e+00 0.000000000000e+00 -0.000000000000e+00 6.239172693225e-03 0.000000000000e+00 0.000000000000e+00 0.000000000000e+00 0.000000000000e+00 0.000000000000e+00 0.000000000000e+00 
9.035000000000e+00 6.859779814666e-03 1.539655617998e-02 1.593408413251e-03 1.007784290269e+05 1.074742971860e+05 1.000000000000e+05 7.355501225428e+03 5.433117858486e+02 1.800000000000e+06 0.000000000000e+00 -8.752000000000e-01 -8.752000000000e-01 0.000000000000e+00 0.000000000000e+00 0.000000000000e+00 -0.000000000000e+00 6.231879126963e-03 0.000000000000e+00 0.000000000000e+00 0.000000000000e+00 0.000000000000e+00 0.000000000000e+00 0.000000000000e+00 
9.040000000000e+00 6.851815434210e-03 1.538352105795e-02 1.580599836499e-03 1.004637196530e+05 1.071173474153e+05 1.000000000000e+05 7.357656843828e+03 5.437891161671e+02 1.800000000000e+06 0.000000000000e+00 -8.752000000000e-01 -8.752000000000e-01 0.000000000000e+00 0.000000000000e+00 0.000000000000e+00 -0.000000000000e+00 6.224643755325e-03 0.000000000000e+00 0.000000000000e+00 0.000000000000e+00 0.000000000000e+00 0.000000000000e+00 0.000000000000e+00 
9.045000000000e+00 6.843921369003e-03 1.537404284755e-02 1.564324724263e-03 1.001660059152e+05 1.067625192460e+05 1.000000000000e+05 7.359795058536e+03 5.442630067714e+02 1.800000000000e+06 0.000000000000e+00 -8.752000000000e-01 -8.752000000000e-01 0.000000000000e+00 0.000000000000e+00 0.000000000000e+00 -0.000000000000e+00 6.217472262724e-03 0.000000000000e+00 0.000000000000e+00 0.000000000000e+00 0.000000000000e+00 0.000000000000e+00 0.000000000000e+00 
9.050000000000e+00 6.836191316654e-03 1.553004059109e-02 1.514291626745e-03 1.000177006325e+05 1.064140659576e+05 1.000000000000e+05 7.361877740919e+03 5.447278008421e+02 1.800000000000e+06 0.000000000000e+00 -8.752000000000e-01 -8.752000000000e-01 0.000000000000e+00 0.000000000000e+00 0.000000000000e+00 -0.000000000000e+00 6.210449770285e-03 0.000000000000e+00 0.000000000000e+00 0.000000000000e+00 0.000000000000e+00 0.000000000000e+00 0.000000000000e+00 
9.055000000000e+00 6.828973103081e-03 1.630556735555e-02 1.373022630769e-03 1.002789478773e+05 1.060877909504e+05 1.000000000000e+05 7.363785998339e+03 5.451624903266e+02 1.800000000000e+06 0.000000000000e+00 -8.752000000000e-01 -8.752000000000e-01 0.000000000000e+00 0.000000000000e+00 0.000000000000e+00 -0.000000000000e+00 6.203892266150e-03 0.000000000000e+00 0.000000000000e+00 0.000000000000e+00 0.000000000000e+00 0.000000000000e+00 0.000000000000e+00 
9.060000000000e+00 6.822815768494e-03 1.796294266501e-02 1.116000343332e-03 1.010809320695e+05 1.058087845083e+05 1.000000000000e+05 7.365359115046e+03 5.455338061653e+02 1.800000000000e+06 0.000000000000e+00 -8.752000000000e-01 -8.752000000000e-01 0.000000000000e+00 0.000000000000e+00 0.000000000000e+00 -0.000000000000e+00 6.198298534875e-03 0.000000000000e+00 0.000000000000e+00 0.000000000000e+00 0.000000000000e+00 0.000000000000e+00 0.000000000000e+00 
9.065000000000e+00 6.818326894860e-03 2.055802129854e-02 7.344190939806e-04 1.024905973529e+05 1.056049822366e+05 1.000000000000e+05 7.366426390268e+03 5.458048048417e+02 1.800000000000e+06 0.000000000000e+00 -8.752000000000e-01 -8.752000000000e-01 0.000000000000e+00 0.000000000000e+00 0.000000000000e+00 -0.000000000000e+00 6.194220544232e-03 0.000000000000e+00 0.000000000000e+00 0.000000000000e+00 0.000000000000e+00 0.000000000000e+00 0.000000000000e+00 
9.070000000000e+00 6.816124474686e-03 2.406143027349e-02 2.363846320821e-04 1.045019646621e+05 1.055048655625e+05 1.000000000000e+05 7.366821225135e+03 5.459378598644e+02 1.800000000000e+06 0.000000000000e+00 -8.752000000000e-01 -8.752000000000e-01 0.000000000000e+00 0.000000000000e+00 0.000000000000e+00 -0.000000000000e+00 6.192219719616e-03 0.000000000000e+00 0.000000000000e+00 0.000000000000e+00 0.000000000000e+00 0.000000000000e+00 0.000000000000e+00 
9.075000000000e+00 6.816677655652e-03 2.821988204150e-02 -3.452703887136e-04 1.069947078817e+05 1.055300194584e+05 1.000000000000e+05 7.366428545450e+03 5.459044347722e+02 1.800000000000e+06 0.000000000000e+00 -8.752000000000e-01 -8.752000000000e-01 0.000000000000e+00 0.000000000000e+00 0.000000000000e+00 -0.000000000000e+00 6.192722265908e-03 0.000000000000e+00 0.000000000000e+00 0.000000000000e+00 0.000000000000e+00 0.000000000000e+00 0.000000000000e+00 
9.080000000000e+00 6.820322490647e-03 3.277777917943e-02 -9.834973188106e-04 1.098644252775e+05 1.056956271336e+05 1.000000000000e+05 7.365168468224e+03 5.456842971948e+02 1.800000000000e+06 0.000000000000e+00 -8.752000000000e-01 -8.752000000000e-01 0.000000000000e+00 0.000000000000e+00 0.000000000000e+00 -0.000000000000e+00 6.196033475851e-03 0.000000000000e+00 0.000000000000e+00 0.000000000000e+00 0.000000000000e+00 0.000000000000e+00 0.000000000000e+00 
9.085000000000e+00 6.827225917640e-03 3.744648560410e-02 -1.637483667308e-03 1.129390423220e+05 1.060086851514e+05 1.000000000000e+05 7.363014613765e+03 5.452678055935e+02 1.800000000000e+06 0.000000000000e+00 -8.752000000000e-01 -8.752000000000e-01 0.000000000000e+00 0.000000000000e+00 0.000000000000e+00 -0.000000000000e+00 6.202305006971e-03 0.000000000000e+00 0.000000000000e+00 0.000000000000e+00 0.000000000000e+00 0.000000000000e+00 0.000000000000e+00 
9.090000000000e+00 6.837361085604e-03 4.195269058884e-02 -2.274667908338e-03 1.160725878739e+05 1.064668600129e+05 1.000000000000e+05 7.359991648504e+03 5.446574170516e+02 1.800000000000e+06 0.000000000000e+00 -8.752000000000e-01 -8.752000000000e-01 0.000000000000e+00 0.000000000000e+00 0.000000000000e+00 -0.000000000000e+00 6.211512466013e-03 0.000000000000e+00 0.000000000000e+00 0.000000000000e+00 0.000000000000e+00 0.000000000000e+00 0.000000000000e+00 
9.095000000000e+00 6.850563895092e-03 4.610548027436e-02 -2.870970017183e-03 1.191499896044e+05 1.070611608154e+05 1.000000000000e+05 7.356159351216e+03 5.438641961346e+02 1.800000000000e+06 0.000000000000e+00 -8.752000000000e-01 -8.752000000000e-01 0.000000000000e+00 0.000000000000e+00 0.000000000000e+00 -0.000000000000e+00 6.223506774152e-03 0.000000000000e+00 0.000000000000e+00 0.000000000000e+00 0.000000000000e+00 0.000000000000e+00 0.000000000000e+00 
9.100000000000e+00 6.866578775923e-03 4.979443317169e-02 -3.411352892973e-03 1.220921947155e+05 1.077781921847e+05 1.000000000000e+05 7.351599326018e+03 5.429049220348e+02 1.800000000000e+06 0.000000000000e+00 -8.752000000000e-01 -8.752000000000e-01 0.000000000000e+00 0.000000000000e+00 0.000000000000e+00 -0.000000000000e+00 6.238055754476e-03 0.000000000000e+00 0.000000000000e+00 0.000000000000e+00 0.000000000000e+00 0.000000000000e+00 0.000000000000e+00 
9.105000000000e+00 6.885098218007e-03 5.297730537377e-02 -3.888115686900e-03 1.248508530373e+05 1.086021380739e+05 1.000000000000e+05 7.346404361452e+03 5.417995616366e+02 1.800000000000e+06 0.000000000000e+00 -8.752000000000e-01 -8.752000000000e-01 0.000000000000e+00 0.000000000000e+00 0.000000000000e+00 -0.000000000000e+00 6.254880044417e-03 0.000000000000e+00 0.000000000000e+00 0.000000000000e+00 0.000000000000e+00 0.000000000000e+00 0.000000000000e+00 
9.110000000000e+00 6.905793761177e-03 5.565373497087e-02 -4.298553644475e-03 1.273996053232e+05 1.095163327290e+05 1.000000000000e+05 7.340670480075e+03 5.405692762906e+02 1.800000000000e+06 0.000000000000e+00 -8.752000000000e-01 -8.752000000000e-01 0.000000000000e+00 0.000000000000e+00 0.000000000000e+00 -0.000000000000e+00 6.273681248961e-03 0.000000000000e+00 0.000000000000e+00 0.000000000000e+00 0.000000000000e+00 0.000000000000e+00 0.000000000000e+00 
9.115000000000e+00 6.928336434074e-03 5.785324218128e-02 -4.644156606427e-03 1.297311750930e+05 1.105043110495e+05 1.000000000000e+05 7.334491366834e+03 5.392350959139e+02 1.800000000000e+06 0.000000000000e+00 -8.752000000000e-01 -8.752000000000e-01 0.000000000000e+00 0.000000000000e+00 0.000000000000e+00 -0.000000000000e+00 6.294160508692e-03 0.000000000000e+00 0.000000000000e+00 0.000000000000e+00 0.000000000000e+00 0.000000000000e+00 0.000000000000e+00 
9.120000000000e+00 6.952416213161e-03 5.962792706419e-02 -4.929679456991e-03 1.318537501011e+05 1.115507560512e+05 1.000000000000e+05 7.327953296349e+03 5.378166953918e+02 1.800000000000e+06 0.000000000000e+00 -8.752000000000e-01 -8.752000000000e-01 0.000000000000e+00 0.000000000000e+00 0.000000000000e+00 -0.000000000000e+00 6.316036177645e-03 0.000000000000e+00 0.000000000000e+00 0.000000000000e+00 0.000000000000e+00 0.000000000000e+00 0.000000000000e+00 
9.125000000000e+00 6.977750261073e-03 6.103656376679e-02 -5.160618071600e-03 1.337803711228e+05 1.126418968250e+05 1.000000000000e+05 7.321133878127e+03 5.363318780105e+02 1.800000000000e+06 0.000000000000e+00 -8.752000000000e-01 -8.752000000000e-01 0.000000000000e+00 0.000000000000e+00 0.000000000000e+00 -0.000000000000e+00 6.339051307563e-03 0.000000000000e+00 0.000000000000e+00 0.000000000000e+00 0.000000000000e+00 0.000000000000e+00 0.000000000000e+00 
9.130000000000e+00 7.004082398627e-03 6.212973025641e-02 -5.342146460678e-03 1.355242411998e+05 1.137654896944e+05 1.000000000000e+05 7.314102631909e+03 5.347966019640e+02 1.800000000000e+06 0.000000000000e+00 -8.752000000000e-01 -8.752000000000e-01 0.000000000000e+00 0.000000000000e+00 0.000000000000e+00 -0.000000000000e+00 6.362973168238e-03 0.000000000000e+00 0.000000000000e+00 0.000000000000e+00 0.000000000000e+00 0.000000000000e+00 0.000000000000e+00 
9.135000000000e+00 7.031182727659e-03 6.295278706845e-02 -5.479788785032e-03 1.371012454900e+05 1.149107860497e+05 1.000000000000e+05 7.306920872978e+03 5.332250128393e+02 1.800000000000e+06 0.000000000000e+00 -8.752000000000e-01 -8.752000000000e-01 0.000000000000e+00 0.000000000000e+00 0.000000000000e+00 -0.000000000000e+00 6.387592904849e-03 0.000000000000e+00 0.000000000000e+00 0.000000000000e+00 0.000000000000e+00 0.000000000000e+00 0.000000000000e+00 
9.140000000000e+00 7.058851272133e-03 6.355318992312e-02 -5.579769516153e-03 1.385312650254e+05 1.160686525664e+05 1.000000000000e+05 7.299640725971e+03 5.316292563254e+02 1.800000000000e+06 0.000000000000e+00 -8.752000000000e-01 -8.752000000000e-01 0.000000000000e+00 0.000000000000e+00 0.000000000000e+00 -0.000000000000e+00 6.412728845782e-03 0.000000000000e+00 0.000000000000e+00 0.000000000000e+00 0.000000000000e+00 0.000000000000e+00 0.000000000000e+00 
9.145000000000e+00 7.086919638887e-03 6.397729690930e-02 -5.648373771598e-03 1.398354288196e+05 1.172315891955e+05 1.000000000000e+05 7.292305110134e+03 5.300194200979e+02 1.800000000000e+06 0.000000000000e+00 -8.752000000000e-01 -8.752000000000e-01 0.000000000000e+00 0.000000000000e+00 0.000000000000e+00 -0.000000000000e+00 6.438228011347e-03 0.000000000000e+00 0.000000000000e+00 0.000000000000e+00 0.000000000000e+00 0.000000000000e+00 0.000000000000e+00 
9.150000000000e+00 7.115249156382e-03 6.426634714899e-02 -5.691333771498e-03 1.410334621133e+05 1.183935915840e+05 1.000000000000e+05 7.284948652287e+03 5.284036854123e+02 1.800000000000e+06 0.000000000000e+00 -8.752000000000e-01 -8.752000000000e-01 0.000000000000e+00 0.000000000000e+00 0.000000000000e+00 -0.000000000000e+00 6.463964422875e-03 0.000000000000e+00 0.000000000000e+00 0.000000000000e+00 0.000000000000e+00 0.000000000000e+00 0.000000000000e+00 
9.155000000000e+00 7.143727321410e-03 6.445402602705e-02 -5.713556575090e-03 1.421424448428e+05 1.195499453924e+05 1.000000000000e+05 7.277598892449e+03 5.267885745767e+02 1.800000000000e+06 0.000000000000e+00 -8.752000000000e-01 -8.752000000000e-01 0.000000000000e+00 0.000000000000e+00 0.000000000000e+00 -0.000000000000e+00 6.489835874653e-03 0.000000000000e+00 0.000000000000e+00 0.000000000000e+00 0.000000000000e+00 0.000000000000e+00 0.000000000000e+00 
9.160000000000e+00 7.172263629470e-03 6.456651412444e-02 -5.719196233521e-03 1.431769705195e+05 1.206970028034e+05 1.000000000000e+05 7.270277488372e+03 5.251792281865e+02 1.800000000000e+06 0.000000000000e+00 -8.752000000000e-01 -8.752000000000e-01 0.000000000000e+00 0.000000000000e+00 0.000000000000e+00 -0.000000000000e+00 6.515760145942e-03 0.000000000000e+00 0.000000000000e+00 0.000000000000e+00 0.000000000000e+00 0.000000000000e+00 0.000000000000e+00 
9.165000000000e+00 7.200786510775e-03 6.462469076862e-02 -5.711809742581e-03 1.441496841651e+05 1.218320126014e+05 1.000000000000e+05 7.263001076825e+03 5.235796132885e+02 1.800000000000e+06 0.000000000000e+00 -8.752000000000e-01 -8.752000000000e-01 0.000000000000e+00 0.000000000000e+00 0.000000000000e+00 -0.000000000000e+00 6.541672217418e-03 0.000000000000e+00 0.000000000000e+00 0.000000000000e+00 0.000000000000e+00 0.000000000000e+00 0.000000000000e+00 
9.170000000000e+00 7.229240026905e-03 6.464411931429e-02 -5.694248689110e-03 1.450707787391e+05 1.229529487479e+05 1.000000000000e+05 7.255782275462e+03 5.219927390495e+02 1.800000000000e+06 0.000000000000e+00 -8.752000000000e-01 -8.752000000000e-01 0.000000000000e+00 0.000000000000e+00 0.000000000000e+00 -0.000000000000e+00 6.567521270175e-03 0.000000000000e+00 0.000000000000e+00 0.000000000000e+00 0.000000000000e+00 0.000000000000e+00 0.000000000000e+00 
9.175000000000e+00 7.257579804384e-03 6.463461643205e-02 -5.668440673330e-03 1.459470664238e+05 1.240583181191e+05 1.000000000000e+05 7.248630891431e+03 5.204209080532e+02 1.800000000000e+06 0.000000000000e+00 -8.752000000000e-01 -8.752000000000e-01 0.000000000000e+00 0.000000000000e+00 0.000000000000e+00 -0.000000000000e+00 6.593266991487e-03 0.000000000000e+00 0.000000000000e+00 0.000000000000e+00 0.000000000000e+00 0.000000000000e+00 0.000000000000e+00 
9.180000000000e+00 7.285766551598e-03 6.459674400151e-02 -5.634775449974e-03 1.467794892773e+05 1.251468858785e+05 1.000000000000e+05 7.241555852483e+03 5.188660925236e+02 1.800000000000e+06 0.000000000000e+00 -8.752000000000e-01 -8.752000000000e-01 0.000000000000e+00 0.000000000000e+00 0.000000000000e+00 -0.000000000000e+00 6.618873685138e-03 0.000000000000e+00 0.000000000000e+00 0.000000000000e+00 0.000000000000e+00 0.000000000000e+00 0.000000000000e+00 
9.185000000000e+00 7.313757333349e-03 6.451793131385e-02 -5.591979522784e-03 1.475625102446e+05 1.262173310852e+05 1.000000000000e+05 7.234567456352e+03 5.173304211245e+02 1.800000000000e+06 0.000000000000e+00 -8.752000000000e-01 -8.752000000000e-01 0.000000000000e+00 0.000000000000e+00 0.000000000000e+00 -0.000000000000e+00 6.644302426143e-03 0.000000000000e+00 0.000000000000e+00 0.000000000000e+00 0.000000000000e+00 0.000000000000e+00 0.000000000000e+00 
9.190000000000e+00 7.341501001973e-03 6.438087541110e-02 -5.538310857628e-03 1.482886775320e+05 1.272680785701e+05 1.000000000000e+05 7.227678023814e+03 5.158164240832e+02 1.800000000000e+06 0.000000000000e+00 -8.752000000000e-01 -8.752000000000e-01 0.000000000000e+00 0.000000000000e+00 0.000000000000e+00 -0.000000000000e+00 6.669506615501e-03 0.000000000000e+00 0.000000000000e+00 0.000000000000e+00 0.000000000000e+00 0.000000000000e+00 0.000000000000e+00 
9.195000000000e+00 7.368937470993e-03 6.416807606196e-02 -5.472104232267e-03 1.489507096757e+05 1.282972835285e+05 1.000000000000e+05 7.220901829531e+03 5.143270628842e+02 1.800000000000e+06 0.000000000000e+00 -8.752000000000e-01 -8.752000000000e-01 0.000000000000e+00 0.000000000000e+00 0.000000000000e+00 -0.000000000000e+00 6.694431724357e-03 0.000000000000e+00 0.000000000000e+00 0.000000000000e+00 0.000000000000e+00 0.000000000000e+00 0.000000000000e+00 
9.200000000000e+00 7.396002918936e-03 6.387593426661e-02 -5.393152062365e-03 1.495468389798e+05 1.293030357828e+05 1.000000000000e+05 7.214253264109e+03 5.128654402009e+02 1.800000000000e+06 0.000000000000e+00 -8.752000000000e-01 -8.752000000000e-01 0.000000000000e+00 0.000000000000e+00 0.000000000000e+00 -0.000000000000e+00 6.719019773049e-03 0.000000000000e+00 0.000000000000e+00 0.000000000000e+00 0.000000000000e+00 0.000000000000e+00 0.000000000000e+00 
9.205000000000e+00 7.422632837306e-03 6.350221272816e-02 -5.301329913252e-03 1.500756204344e+05 1.302834730588e+05 1.000000000000e+05 7.207746606555e+03 5.114346348886e+02 1.800000000000e+06 0.000000000000e+00 -8.752000000000e-01 -8.752000000000e-01 0.000000000000e+00 0.000000000000e+00 0.000000000000e+00 -0.000000000000e+00 6.743212157778e-03 0.000000000000e+00 0.000000000000e+00 0.000000000000e+00 0.000000000000e+00 0.000000000000e+00 0.000000000000e+00 
9.210000000000e+00 7.448762674145e-03 6.304571164574e-02 -5.196489686379e-03 1.505355383966e+05 1.312368001632e+05 1.000000000000e+05 7.201395919862e+03 5.100376706531e+02 1.800000000000e+06 0.000000000000e+00 -8.752000000000e-01 -8.752000000000e-01 0.000000000000e+00 0.000000000000e+00 0.000000000000e+00 -0.000000000000e+00 6.766950235266e-03 0.000000000000e+00 0.000000000000e+00 0.000000000000e+00 0.000000000000e+00 0.000000000000e+00 0.000000000000e+00 
9.215000000000e+00 7.474325605500e-03 6.250163252026e-02 -5.078029620922e-03 1.509233384341e+05 1.321612032014e+05 1.000000000000e+05 7.195215768432e+03 5.086776384636e+02 1.800000000000e+06 0.000000000000e+00 -8.752000000000e-01 -8.752000000000e-01 0.000000000000e+00 0.000000000000e+00 0.000000000000e+00 -0.000000000000e+00 6.790173298198e-03 0.000000000000e+00 0.000000000000e+00 0.000000000000e+00 0.000000000000e+00 0.000000000000e+00 0.000000000000e+00 
9.220000000000e+00 7.499252235327e-03 6.186623763670e-02 -4.945557508473e-03 1.512364895710e+05 1.330548365114e+05 1.000000000000e+05 7.189221049372e+03 5.073577140241e+02 1.800000000000e+06 0.000000000000e+00 -8.752000000000e-01 -8.752000000000e-01 0.000000000000e+00 0.000000000000e+00 0.000000000000e+00 -0.000000000000e+00 6.812818302603e-03 0.000000000000e+00 0.000000000000e+00 0.000000000000e+00 0.000000000000e+00 0.000000000000e+00 0.000000000000e+00 
9.225000000000e+00 7.523472744448e-03 6.113891119801e-02 -4.799001274879e-03 1.514736271697e+05 1.339158962417e+05 1.000000000000e+05 7.183426443349e+03 5.060810465403e+02 1.800000000000e+06 0.000000000000e+00 -8.752000000000e-01 -8.752000000000e-01 0.000000000000e+00 0.000000000000e+00 0.000000000000e+00 -0.000000000000e+00 6.834821820109e-03 0.000000000000e+00 0.000000000000e+00 0.000000000000e+00 0.000000000000e+00 0.000000000000e+00 0.000000000000e+00 
9.230000000000e+00 7.546913707582e-03 6.031462026414e-02 -4.637600738866e-03 1.516307400162e+05 1.347425023531e+05 1.000000000000e+05 7.177847570073e+03 5.048509302210e+02 1.800000000000e+06 0.000000000000e+00 -8.752000000000e-01 -8.752000000000e-01 0.000000000000e+00 0.000000000000e+00 0.000000000000e+00 -0.000000000000e+00 6.856117146317e-03 0.000000000000e+00 0.000000000000e+00 0.000000000000e+00 0.000000000000e+00 0.000000000000e+00 0.000000000000e+00 
9.235000000000e+00 7.569504355676e-03 5.939873015347e-02 -4.462634104645e-03 1.517112996981e+05 1.355329146634e+05 1.000000000000e+05 7.172498499309e+03 5.036704793941e+02 1.800000000000e+06 0.000000000000e+00 -8.752000000000e-01 -8.752000000000e-01 0.000000000000e+00 0.000000000000e+00 0.000000000000e+00 -0.000000000000e+00 6.876639989926e-03 0.000000000000e+00 0.000000000000e+00 0.000000000000e+00 0.000000000000e+00 0.000000000000e+00 0.000000000000e+00 
9.240000000000e+00 7.591186427947e-03 5.841149712705e-02 -4.276977893999e-03 1.517248058547e+05 1.362858625757e+05 1.000000000000e+05 7.167389613677e+03 5.025421258035e+02 1.800000000000e+06 0.000000000000e+00 -8.752000000000e-01 -8.752000000000e-01 0.000000000000e+00 0.000000000000e+00 0.000000000000e+00 -0.000000000000e+00 6.896337422972e-03 0.000000000000e+00 0.000000000000e+00 0.000000000000e+00 0.000000000000e+00 0.000000000000e+00 0.000000000000e+00 
9.245000000000e+00 7.611913164352e-03 5.736926647074e-02 -4.082714982682e-03 1.516780312473e+05 1.370004877363e+05 1.000000000000e+05 7.162528798965e+03 5.014676892754e+02 1.800000000000e+06 0.000000000000e+00 -8.752000000000e-01 -8.752000000000e-01 0.000000000000e+00 0.000000000000e+00 0.000000000000e+00 -0.000000000000e+00 6.915166965532e-03 0.000000000000e+00 0.000000000000e+00 0.000000000000e+00 0.000000000000e+00 0.000000000000e+00 0.000000000000e+00 
9.250000000000e+00 7.631649928594e-03 5.629079068534e-02 -3.882538870515e-03 1.515801362366e+05 1.376763461197e+05 1.000000000000e+05 7.157920848310e+03 5.004483613831e+02 1.800000000000e+06 0.000000000000e+00 -8.752000000000e-01 -8.752000000000e-01 0.000000000000e+00 0.000000000000e+00 0.000000000000e+00 -0.000000000000e+00 6.933097151695e-03 0.000000000000e+00 0.000000000000e+00 0.000000000000e+00 0.000000000000e+00 0.000000000000e+00 0.000000000000e+00 
9.255000000000e+00 7.650374077544e-03 5.519042432893e-02 -3.678811443811e-03 1.514392703892e+05 1.383133860279e+05 1.000000000000e+05 7.153567893834e+03 4.994847267342e+02 1.800000000000e+06 0.000000000000e+00 -8.752000000000e-01 -8.752000000000e-01 0.000000000000e+00 0.000000000000e+00 0.000000000000e+00 -0.000000000000e+00 6.950107410940e-03 0.000000000000e+00 0.000000000000e+00 0.000000000000e+00 0.000000000000e+00 0.000000000000e+00 0.000000000000e+00 
9.260000000000e+00 7.668080630096e-03 5.409121085579e-02 -3.476672308125e-03 1.512738413892e+05 1.389121241889e+05 1.000000000000e+05 7.149467005401e+03 4.985764852339e+02 1.800000000000e+06 0.000000000000e+00 -8.752000000000e-01 -8.752000000000e-01 0.000000000000e+00 0.000000000000e+00 0.000000000000e+00 -0.000000000000e+00 6.966193218100e-03 0.000000000000e+00 0.000000000000e+00 0.000000000000e+00 0.000000000000e+00 0.000000000000e+00 0.000000000000e+00 
9.265000000000e+00 7.684778088878e-03 5.301038191816e-02 -3.275973288945e-03 1.510836530961e+05 1.394734876817e+05 1.000000000000e+05 7.145614130064e+03 4.977226805022e+02 1.800000000000e+06 0.000000000000e+00 -8.752000000000e-01 -8.752000000000e-01 0.000000000000e+00 0.000000000000e+00 0.000000000000e+00 -0.000000000000e+00 6.981362297526e-03 0.000000000000e+00 0.000000000000e+00 0.000000000000e+00 0.000000000000e+00 0.000000000000e+00 0.000000000000e+00 
9.270000000000e+00 7.700488778292e-03 5.196745913477e-02 -3.081253921719e-03 1.508854853420e+05 1.399988142366e+05 1.000000000000e+05 7.142000465148e+03 4.969216920248e+02 1.800000000000e+06 0.000000000000e+00 -8.752000000000e-01 -8.752000000000e-01 0.000000000000e+00 0.000000000000e+00 0.000000000000e+00 -0.000000000000e+00 6.995634930187e-03 0.000000000000e+00 0.000000000000e+00 0.000000000000e+00 0.000000000000e+00 0.000000000000e+00 0.000000000000e+00 
9.275000000000e+00 7.715245536195e-03 5.096797451378e-02 -2.893168968914e-03 1.506825504565e+05 1.404897335684e+05 1.000000000000e+05 7.138616333642e+03 4.961714107896e+02 1.800000000000e+06 0.000000000000e+00 -8.752000000000e-01 -8.752000000000e-01 0.000000000000e+00 0.000000000000e+00 0.000000000000e+00 -0.000000000000e+00 7.009040948169e-03 0.000000000000e+00 0.000000000000e+00 0.000000000000e+00 0.000000000000e+00 0.000000000000e+00 0.000000000000e+00 
9.280000000000e+00 7.729082731728e-03 5.001166480370e-02 -2.712182984922e-03 1.504774102181e+05 1.409478665408e+05 1.000000000000e+05 7.135451963182e+03 4.954696979575e+02 1.800000000000e+06 0.000000000000e+00 -8.752000000000e-01 -8.752000000000e-01 0.000000000000e+00 0.000000000000e+00 0.000000000000e+00 -0.000000000000e+00 7.021611574683e-03 0.000000000000e+00 0.000000000000e+00 0.000000000000e+00 0.000000000000e+00 0.000000000000e+00 0.000000000000e+00 
9.285000000000e+00 7.742036924610e-03 4.910035543673e-02 -2.538453586531e-03 1.502716012621e+05 1.413748505553e+05 1.000000000000e+05 7.132497362042e+03 4.948143487736e+02 1.800000000000e+06 0.000000000000e+00 -8.752000000000e-01 -8.752000000000e-01 0.000000000000e+00 0.000000000000e+00 0.000000000000e+00 -0.000000000000e+00 7.033380023002e-03 0.000000000000e+00 0.000000000000e+00 0.000000000000e+00 0.000000000000e+00 0.000000000000e+00 0.000000000000e+00 
9.290000000000e+00 7.754141369671e-03 4.822411424457e-02 -2.371024878210e-03 1.500626601687e+05 1.417721627037e+05 1.000000000000e+05 7.129743869505e+03 4.942033672790e+02 1.800000000000e+06 0.000000000000e+00 -8.752000000000e-01 -8.752000000000e-01 0.000000000000e+00 0.000000000000e+00 0.000000000000e+00 -0.000000000000e+00 7.044376504019e-03 0.000000000000e+00 0.000000000000e+00 0.000000000000e+00 0.000000000000e+00 0.000000000000e+00 0.000000000000e+00 
9.295000000000e+00 7.765426773048e-03 4.738002153761e-02 -2.209538568768e-03 1.498501616381e+05 1.421411509892e+05 1.000000000000e+05 7.127183351939e+03 4.936349230479e+02 1.800000000000e+06 0.000000000000e+00 -8.752000000000e-01 -8.752000000000e-01 0.000000000000e+00 0.000000000000e+00 0.000000000000e+00 -0.000000000000e+00 7.054628913228e-03 0.000000000000e+00 0.000000000000e+00 0.000000000000e+00 0.000000000000e+00 0.000000000000e+00 0.000000000000e+00 
9.300000000000e+00 7.775920092910e-03 4.655874263612e-02 -2.053162793728e-03 1.496319258837e+05 1.424830006691e+05 1.000000000000e+05 7.124808842883e+03 4.931074071619e+02 1.800000000000e+06 0.000000000000e+00 -8.752000000000e-01 -8.752000000000e-01 0.000000000000e+00 0.000000000000e+00 0.000000000000e+00 -0.000000000000e+00 7.064161741217e-03 0.000000000000e+00 0.000000000000e+00 0.000000000000e+00 0.000000000000e+00 0.000000000000e+00 0.000000000000e+00 
9.305000000000e+00 7.785644557459e-03 4.575455777355e-02 -1.901146954570e-03 1.494059619420e+05 1.427987402196e+05 1.000000000000e+05 7.122614325081e+03 4.926194269839e+02 1.800000000000e+06 0.000000000000e+00 -8.752000000000e-01 -8.752000000000e-01 0.000000000000e+00 0.000000000000e+00 0.000000000000e+00 -0.000000000000e+00 7.072996090027e-03 0.000000000000e+00 0.000000000000e+00 0.000000000000e+00 0.000000000000e+00 0.000000000000e+00 0.000000000000e+00 
9.310000000000e+00 7.794619431251e-03 4.496271139946e-02 -1.752682028645e-03 1.491699697469e+05 1.430892384636e+05 1.000000000000e+05 7.120594818836e+03 4.921698140844e+02 1.800000000000e+06 0.000000000000e+00 -8.752000000000e-01 -8.752000000000e-01 0.000000000000e+00 0.000000000000e+00 0.000000000000e+00 -0.000000000000e+00 7.081149460857e-03 0.000000000000e+00 0.000000000000e+00 0.000000000000e+00 0.000000000000e+00 0.000000000000e+00 0.000000000000e+00 
9.315000000000e+00 7.802860473962e-03 4.417873590958e-02 -1.607173301459e-03 1.489222975783e+05 1.433552235126e+05 1.000000000000e+05 7.118746167248e+03 4.917575979542e+02 1.800000000000e+06 0.000000000000e+00 -8.752000000000e-01 -8.752000000000e-01 0.000000000000e+00 0.000000000000e+00 0.000000000000e+00 -0.000000000000e+00 7.088636170845e-03 0.000000000000e+00 0.000000000000e+00 0.000000000000e+00 0.000000000000e+00 0.000000000000e+00 0.000000000000e+00 
9.320000000000e+00 7.810381691932e-03 4.340090073642e-02 -1.464399658605e-03 1.486625387732e+05 1.435973424450e+05 1.000000000000e+05 7.117064567180e+03 4.913819158559e+02 1.800000000000e+06 0.000000000000e+00 -8.752000000000e-01 -8.752000000000e-01 0.000000000000e+00 0.000000000000e+00 0.000000000000e+00 -0.000000000000e+00 7.095468944277e-03 0.000000000000e+00 0.000000000000e+00 0.000000000000e+00 0.000000000000e+00 0.000000000000e+00 0.000000000000e+00 
9.325000000000e+00 7.817196524447e-03 4.262955856139e-02 -1.324359724130e-03 1.483910264262e+05 1.438162015798e+05 1.000000000000e+05 7.115546344236e+03 4.910419519036e+02 1.800000000000e+06 0.000000000000e+00 -8.752000000000e-01 -8.752000000000e-01 0.000000000000e+00 0.000000000000e+00 0.000000000000e+00 -0.000000000000e+00 7.101659990295e-03 0.000000000000e+00 0.000000000000e+00 0.000000000000e+00 0.000000000000e+00 0.000000000000e+00 0.000000000000e+00 
9.330000000000e+00 7.823319540196e-03 4.186726863197e-02 -1.187313530170e-03 1.481090252119e+05 1.440124223417e+05 1.000000000000e+05 7.114187544097e+03 4.907368513415e+02 1.800000000000e+06 0.000000000000e+00 -8.752000000000e-01 -8.752000000000e-01 0.000000000000e+00 0.000000000000e+00 0.000000000000e+00 -0.000000000000e+00 7.107222544061e-03 0.000000000000e+00 0.000000000000e+00 0.000000000000e+00 0.000000000000e+00 0.000000000000e+00 0.000000000000e+00 
9.335000000000e+00 7.828766707652e-03 4.111741793970e-02 -1.053594957532e-03 1.478180894585e+05 1.441866508385e+05 1.000000000000e+05 7.112983933473e+03 4.904657063631e+02 1.800000000000e+06 0.000000000000e+00 -8.752000000000e-01 -8.752000000000e-01 0.000000000000e+00 0.000000000000e+00 0.000000000000e+00 -0.000000000000e+00 7.112171112394e-03 0.000000000000e+00 0.000000000000e+00 0.000000000000e+00 0.000000000000e+00 0.000000000000e+00 0.000000000000e+00 
9.340000000000e+00 7.833555232138e-03 4.038181120520e-02 -9.233649084880e-04 1.475192089725e+05 1.443395535911e+05 1.000000000000e+05 7.111931120664e+03 4.902275634807e+02 1.800000000000e+06 0.000000000000e+00 -8.752000000000e-01 -8.752000000000e-01 0.000000000000e+00 0.000000000000e+00 0.000000000000e+00 -0.000000000000e+00 7.116521325753e-03 0.000000000000e+00 0.000000000000e+00 0.000000000000e+00 0.000000000000e+00 0.000000000000e+00 0.000000000000e+00 
9.345000000000e+00 7.837703437103e-03 3.966296841602e-02 -7.969182034489e-04 1.472138659941e+05 1.444718147980e+05 1.000000000000e+05 7.111024471930e+03 4.900214285859e+02 1.800000000000e+06 0.000000000000e+00 -8.752000000000e-01 -8.752000000000e-01 0.000000000000e+00 0.000000000000e+00 0.000000000000e+00 -0.000000000000e+00 7.120289830375e-03 0.000000000000e+00 0.000000000000e+00 0.000000000000e+00 0.000000000000e+00 0.000000000000e+00 0.000000000000e+00 
9.350000000000e+00 7.841231331799e-03 3.896312862586e-02 -6.746009479246e-04 1.469037688791e+05 1.445841555318e+05 1.000000000000e+05 7.110259006626e+03 4.898462378552e+02 1.800000000000e+06 0.000000000000e+00 -8.752000000000e-01 -8.752000000000e-01 0.000000000000e+00 0.000000000000e+00 0.000000000000e+00 -0.000000000000e+00 7.123494803990e-03 0.000000000000e+00 0.000000000000e+00 0.000000000000e+00 0.000000000000e+00 0.000000000000e+00 0.000000000000e+00 
9.355000000000e+00 7.844160800805e-03 3.828544027976e-02 -5.568146150979e-04 1.465908738063e+05 1.446773408516e+05 1.000000000000e+05 7.109629348697e+03 4.897008474617e+02 1.800000000000e+06 0.000000000000e+00 -8.752000000000e-01 -8.752000000000e-01 0.000000000000e+00 0.000000000000e+00 0.000000000000e+00 -0.000000000000e+00 7.126156128004e-03 0.000000000000e+00 0.000000000000e+00 0.000000000000e+00 0.000000000000e+00 0.000000000000e+00 0.000000000000e+00 
9.360000000000e+00 7.846516051811e-03 3.763409642492e-02 -4.441053859633e-04 1.462777077538e+05 1.447521951831e+05 1.000000000000e+05 7.109129589086e+03 4.895840104212e+02 1.800000000000e+06 0.000000000000e+00 -8.752000000000e-01 -8.752000000000e-01 0.000000000000e+00 0.000000000000e+00 0.000000000000e+00 -0.000000000000e+00 7.128295794287e-03 0.000000000000e+00 0.000000000000e+00 0.000000000000e+00 0.000000000000e+00 0.000000000000e+00 0.000000000000e+00 
9.365000000000e+00 7.848325533323e-03 3.701101763857e-02 -3.370847079321e-04 1.459671579928e+05 1.448096644149e+05 1.000000000000e+05 7.108752870513e+03 4.894942805141e+02 1.800000000000e+06 0.000000000000e+00 -8.752000000000e-01 -8.752000000000e-01 0.000000000000e+00 0.000000000000e+00 0.000000000000e+00 -0.000000000000e+00 7.129939647351e-03 0.000000000000e+00 0.000000000000e+00 0.000000000000e+00 0.000000000000e+00 0.000000000000e+00 0.000000000000e+00 
9.370000000000e+00 7.849625051439e-03 3.642413344301e-02 -2.377230144452e-04 1.456670151383e+05 1.448509160142e+05 1.000000000000e+05 7.108490219715e+03 4.894298567959e+02 1.800000000000e+06 0.000000000000e+00 -8.752000000000e-01 -8.752000000000e-01 0.000000000000e+00 0.000000000000e+00 0.000000000000e+00 -0.000000000000e+00 7.131120215829e-03 0.000000000000e+00 0.000000000000e+00 0.000000000000e+00 0.000000000000e+00 0.000000000000e+00 0.000000000000e+00 
9.375000000000e+00 7.850475501791e-03 3.586441120254e-02 -1.447285160719e-04 1.453746727727e+05 1.448779029372e+05 1.000000000000e+05 7.108328096918e+03 4.893877036774e+02 1.800000000000e+06 0.000000000000e+00 -8.752000000000e-01 -8.752000000000e-01 0.000000000000e+00 0.000000000000e+00 0.000000000000e+00 -0.000000000000e+00 7.131892821356e-03 0.000000000000e+00 0.000000000000e+00 0.000000000000e+00 0.000000000000e+00 0.000000000000e+00 0.000000000000e+00 
9.380000000000e+00 7.850897322724e-03 3.532797266122e-02 -5.453339727117e-05 1.450784522973e+05 1.448912855645e+05 1.000000000000e+05 7.108263036298e+03 4.893667982074e+02 1.800000000000e+06 0.000000000000e+00 -8.752000000000e-01 -8.752000000000e-01 0.000000000000e+00 0.000000000000e+00 0.000000000000e+00 -0.000000000000e+00 7.132276031479e-03 0.000000000000e+00 0.000000000000e+00 0.000000000000e+00 0.000000000000e+00 0.000000000000e+00 0.000000000000e+00 
9.385000000000e+00 7.850890197954e-03 3.479582296215e-02 3.702192571335e-05 1.447639946105e+05 1.448910595406e+05 1.000000000000e+05 7.108296545311e+03 4.893671512985e+02 1.800000000000e+06 0.000000000000e+00 -8.752000000000e-01 -8.752000000000e-01 0.000000000000e+00 0.000000000000e+00 0.000000000000e+00 -0.000000000000e+00 7.132269558865e-03 0.000000000000e+00 0.000000000000e+00 0.000000000000e+00 0.000000000000e+00 0.000000000000e+00 0.000000000000e+00 
9.390000000000e+00 7.850413975590e-03 3.424437105246e-02 1.327899412769e-04 1.444201538843e+05 1.448759508106e+05 1.000000000000e+05 7.108438807480e+03 4.893907530500e+02 1.800000000000e+06 0.000000000000e+00 -8.752000000000e-01 -8.752000000000e-01 0.000000000000e+00 0.000000000000e+00 0.000000000000e+00 -0.000000000000e+00 7.131836926873e-03 0.000000000000e+00 0.000000000000e+00 0.000000000000e+00 0.000000000000e+00 0.000000000000e+00 0.000000000000e+00 
9.395000000000e+00 7.849435419708e-03 3.364472320449e-02 2.359486655764e-04 1.440348603238e+05 1.448448974911e+05 1.000000000000e+05 7.108698564928e+03 4.894392568804e+02 1.800000000000e+06 0.000000000000e+00 -8.752000000000e-01 -8.752000000000e-01 0.000000000000e+00 0.000000000000e+00 0.000000000000e+00 -0.000000000000e+00 7.130947941783e-03 0.000000000000e+00 0.000000000000e+00 0.000000000000e+00 0.000000000000e+00 0.000000000000e+00 0.000000000000e+00 
9.400000000000e+00 7.847893544709e-03 3.294201721799e-02 3.549435182465e-04 1.435770291127e+05 1.447959475513e+05 1.000000000000e+05 7.109092778241e+03 4.895156996706e+02 1.800000000000e+06 0.000000000000e+00 -8.752000000000e-01 -8.752000000000e-01 0.000000000000e+00 0.000000000000e+00 0.000000000000e+00 -0.000000000000e+00 7.129547200232e-03 0.000000000000e+00 0.000000000000e+00 0.000000000000e+00 0.000000000000e+00 0.000000000000e+00 0.000000000000e+00 
9.405000000000e+00 7.845675879605e-03 3.206519212768e-02 5.009607395446e-04 1.430044111115e+05 1.447254995981e+05 1.000000000000e+05 7.109651201810e+03 4.896256832845e+02 1.800000000000e+06 0.000000000000e+00 -8.752000000000e-01 -8.752000000000e-01 0.000000000000e+00 0.000000000000e+00 0.000000000000e+00 -0.000000000000e+00 7.127532526111e-03 0.000000000000e+00 0.000000000000e+00 0.000000000000e+00 0.000000000000e+00 0.000000000000e+00 0.000000000000e+00 
9.410000000000e+00 7.842606380939e-03 3.092427748369e-02 6.870004615023e-04 1.422662787549e+05 1.446279065580e+05 1.000000000000e+05 7.110418878554e+03 4.897779843636e+02 1.800000000000e+06 0.000000000000e+00 -8.752000000000e-01 -8.752000000000e-01 0.000000000000e+00 0.000000000000e+00 0.000000000000e+00 -0.000000000000e+00 7.124743989862e-03 0.000000000000e+00 0.000000000000e+00 0.000000000000e+00 0.000000000000e+00 0.000000000000e+00 0.000000000000e+00 
9.415000000000e+00 7.838451946429e-03 2.944333106898e-02 9.225769604867e-04 1.413216954102e+05 1.444956609427e+05 1.000000000000e+05 7.111452888395e+03 4.899842494068e+02 1.800000000000e+06 0.000000000000e+00 -8.752000000000e-01 -8.752000000000e-01 0.000000000000e+00 0.000000000000e+00 0.000000000000e+00 -0.000000000000e+00 7.120969825909e-03 0.000000000000e+00 0.000000000000e+00 0.000000000000e+00 0.000000000000e+00 0.000000000000e+00 0.000000000000e+00 
9.420000000000e+00 7.832957012415e-03 2.759836582978e-02 1.208510650961e-03 1.401584185969e+05 1.443204650152e+05 1.000000000000e+05 7.112812721673e+03 4.902573030723e+02 1.800000000000e+06 0.000000000000e+00 -8.752000000000e-01 -8.752000000000e-01 0.000000000000e+00 0.000000000000e+00 0.000000000000e+00 -0.000000000000e+00 7.115977863265e-03 0.000000000000e+00 0.000000000000e+00 0.000000000000e+00 0.000000000000e+00 0.000000000000e+00 0.000000000000e+00 
9.425000000000e+00 7.825895905430e-03 2.544648456339e-02 1.533684188515e-03 1.388057898765e+05 1.440948669015e+05 1.000000000000e+05 7.114547252821e+03 4.906085742612e+02 1.800000000000e+06 0.000000000000e+00 -8.752000000000e-01 -8.752000000000e-01 0.000000000000e+00 0.000000000000e+00 0.000000000000e+00 -0.000000000000e+00 7.109563085179e-03 0.000000000000e+00 0.000000000000e+00 0.000000000000e+00 0.000000000000e+00 0.000000000000e+00 0.000000000000e+00 
9.430000000000e+00 7.817147847004e-03 2.315152952122e-02 1.870242614441e-03 1.373540748837e+05 1.438146400483e+05 1.000000000000e+05 7.116675874145e+03 4.910443787585e+02 1.800000000000e+06 0.000000000000e+00 -8.752000000000e-01 -8.752000000000e-01 0.000000000000e+00 0.000000000000e+00 0.000000000000e+00 -0.000000000000e+00 7.101615768476e-03 0.000000000000e+00 0.000000000000e+00 0.000000000000e+00 0.000000000000e+00 0.000000000000e+00 0.000000000000e+00 
9.435000000000e+00 7.806783384604e-03 2.100259636652e-02 2.175210398329e-03 1.359525685628e+05 1.434815829810e+05 1.000000000000e+05 7.119169017628e+03 4.915615871544e+02 1.800000000000e+06 0.000000000000e+00 -8.752000000000e-01 -8.752000000000e-01 0.000000000000e+00 0.000000000000e+00 0.000000000000e+00 -0.000000000000e+00 7.092200003156e-03 0.000000000000e+00 0.000000000000e+00 0.000000000000e+00 0.000000000000e+00 0.000000000000e+00 0.000000000000e+00 
9.440000000000e+00 7.795105184139e-03 1.931030036917e-02 2.404257440944e-03 1.347644181047e+05 1.431049366241e+05 1.000000000000e+05 7.121943133212e+03 4.921454999530e+02 1.800000000000e+06 0.000000000000e+00 -8.752000000000e-01 -8.752000000000e-01 0.000000000000e+00 0.000000000000e+00 0.000000000000e+00 -0.000000000000e+00 7.081590751010e-03 0.000000000000e+00 0.000000000000e+00 0.000000000000e+00 0.000000000000e+00 0.000000000000e+00 0.000000000000e+00 
9.445000000000e+00 7.782606845765e-03 1.833210982198e-02 2.529188180062e-03 1.339051645755e+05 1.427002195366e+05 1.000000000000e+05 7.124875725407e+03 4.927717702284e+02 1.800000000000e+06 0.000000000000e+00 -8.752000000000e-01 -8.752000000000e-01 0.000000000000e+00 0.000000000000e+00 0.000000000000e+00 -0.000000000000e+00 7.070236431173e-03 0.000000000000e+00 0.000000000000e+00 0.000000000000e+00 0.000000000000e+00 0.000000000000e+00 0.000000000000e+00 
9.450000000000e+00 7.769823981806e-03 1.816282644143e-02 2.547607477812e-03 1.334035696945e+05 1.422845477360e+05 1.000000000000e+05 7.127842735693e+03 4.934137476160e+02 1.800000000000e+06 0.000000000000e+00 -8.752000000000e-01 -8.752000000000e-01 0.000000000000e+00 0.000000000000e+00 0.000000000000e+00 -0.000000000000e+00 7.058623629416e-03 0.000000000000e+00 0.000000000000e+00 0.000000000000e+00 0.000000000000e+00 0.000000000000e+00 0.000000000000e+00 
9.455000000000e+00 7.757235961166e-03 1.867153291274e-02 2.477514362912e-03 1.332158175855e+05 1.418734816366e+05 1.000000000000e+05 7.130739360836e+03 4.940473785198e+02 1.800000000000e+06 0.000000000000e+00 -8.752000000000e-01 -8.752000000000e-01 0.000000000000e+00 0.000000000000e+00 0.000000000000e+00 -0.000000000000e+00 7.047187836258e-03 0.000000000000e+00 0.000000000000e+00 0.000000000000e+00 0.000000000000e+00 0.000000000000e+00 0.000000000000e+00 
9.460000000000e+00 7.745199297334e-03 1.964037145038e-02 2.346954534222e-03 1.332582567113e+05 1.414788058971e+05 1.000000000000e+05 7.133492105725e+03 4.946545971417e+02 1.800000000000e+06 0.000000000000e+00 -8.752000000000e-01 -8.752000000000e-01 0.000000000000e+00 0.000000000000e+00 0.000000000000e+00 -0.000000000000e+00 7.036252932206e-03 0.000000000000e+00 0.000000000000e+00 0.000000000000e+00 0.000000000000e+00 0.000000000000e+00 0.000000000000e+00 
9.465000000000e+00 7.733931282394e-03 2.085174768575e-02 2.181996372639e-03 1.334484279590e+05 1.411078960753e+05 1.000000000000e+05 7.136058704747e+03 4.952242319748e+02 1.800000000000e+06 0.000000000000e+00 -8.752000000000e-01 -8.752000000000e-01 0.000000000000e+00 0.000000000000e+00 0.000000000000e+00 -0.000000000000e+00 7.026016319807e-03 0.000000000000e+00 0.000000000000e+00 0.000000000000e+00 0.000000000000e+00 0.000000000000e+00 0.000000000000e+00 
9.470000000000e+00 7.723525906852e-03 2.211245618602e-02 2.007073848882e-03 1.337044615038e+05 1.407641411278e+05 1.000000000000e+05 7.138424873695e+03 4.957512855232e+02 1.800000000000e+06 0.000000000000e+00 -8.752000000000e-01 -8.752000000000e-01 0.000000000000e+00 0.000000000000e+00 0.000000000000e+00 -0.000000000000e+00 7.016563386273e-03 0.000000000000e+00 0.000000000000e+00 0.000000000000e+00 0.000000000000e+00 0.000000000000e+00 0.000000000000e+00 
9.475000000000e+00 7.713973646268e-03 2.327439253526e-02 1.839355748756e-03 1.339657472660e+05 1.404475164184e+05 1.000000000000e+05 7.140597947417e+03 4.962359989793e+02 1.800000000000e+06 0.000000000000e+00 -8.752000000000e-01 -8.752000000000e-01 0.000000000000e+00 0.000000000000e+00 0.000000000000e+00 -0.000000000000e+00 7.007885478971e-03 0.000000000000e+00 0.000000000000e+00 0.000000000000e+00 0.000000000000e+00 0.000000000000e+00 0.000000000000e+00 
9.480000000000e+00 7.705211314513e-03 2.428256427913e-02 1.687506389180e-03 1.341993760182e+05 1.401561846353e+05 1.000000000000e+05 7.142594928739e+03 4.966813650997e+02 1.800000000000e+06 0.000000000000e+00 -8.752000000000e-01 -8.752000000000e-01 0.000000000000e+00 0.000000000000e+00 0.000000000000e+00 -0.000000000000e+00 6.999925195428e-03 0.000000000000e+00 0.000000000000e+00 0.000000000000e+00 0.000000000000e+00 0.000000000000e+00 0.000000000000e+00 
9.485000000000e+00 7.697137304819e-03 2.509218456901e-02 1.558580270128e-03 1.343766160151e+05 1.398869811230e+05 1.000000000000e+05 7.144441424740e+03 4.970923711145e+02 1.800000000000e+06 0.000000000000e+00 -8.752000000000e-01 -8.752000000000e-01 0.000000000000e+00 0.000000000000e+00 0.000000000000e+00 -0.000000000000e+00 6.992590229315e-03 0.000000000000e+00 0.000000000000e+00 0.000000000000e+00 0.000000000000e+00 0.000000000000e+00 0.000000000000e+00 
9.490000000000e+00 7.689629362481e-03 2.569476409784e-02 1.454843711486e-03 1.344848583222e+05 1.396359974721e+05 1.000000000000e+05 7.146166367976e+03 4.974751013032e+02 1.800000000000e+06 0.000000000000e+00 -8.752000000000e-01 -8.752000000000e-01 0.000000000000e+00 0.000000000000e+00 0.000000000000e+00 -0.000000000000e+00 6.985769516347e-03 0.000000000000e+00 0.000000000000e+00 0.000000000000e+00 0.000000000000e+00 0.000000000000e+00 0.000000000000e+00 
9.495000000000e+00 7.682559524112e-03 2.609606760958e-02 1.376341342589e-03 1.345191656904e+05 1.393990812425e+05 1.000000000000e+05 7.147799415580e+03 4.978359750582e+02 1.800000000000e+06 0.000000000000e+00 -8.752000000000e-01 -8.752000000000e-01 0.000000000000e+00 0.000000000000e+00 0.000000000000e+00 -0.000000000000e+00 6.979346806092e-03 0.000000000000e+00 0.000000000000e+00 0.000000000000e+00 0.000000000000e+00 0.000000000000e+00 0.000000000000e+00 
9.500000000000e+00 7.675807672854e-03 2.631512425424e-02 1.321085447100e-03 1.344821125526e+05 1.391722960440e+05 1.000000000000e+05 7.149367808383e+03 4.981810500623e+02 1.800000000000e+06 0.000000000000e+00 -8.752000000000e-01 -8.752000000000e-01 0.000000000000e+00 0.000000000000e+00 0.000000000000e+00 -0.000000000000e+00 6.973212976427e-03 0.000000000000e+00 0.000000000000e+00 0.000000000000e+00 0.000000000000e+00 0.000000000000e+00 0.000000000000e+00 
9.505000000000e+00 7.669274841127e-03 2.639788651566e-02 1.284040788673e-03 1.343878860722e+05 1.389523777436e+05 1.000000000000e+05 7.150892843411e+03 4.985153345983e+02 1.800000000000e+06 0.000000000000e+00 -8.752000000000e-01 -8.752000000000e-01 0.000000000000e+00 0.000000000000e+00 0.000000000000e+00 -0.000000000000e+00 6.967278118636e-03 0.000000000000e+00 0.000000000000e+00 0.000000000000e+00 0.000000000000e+00 0.000000000000e+00 0.000000000000e+00 
9.510000000000e+00 7.662880665456e-03 2.637933773231e-02 1.262312190591e-03 1.342437906217e+05 1.387366594027e+05 1.000000000000e+05 7.152392294468e+03 4.988429089873e+02 1.800000000000e+06 0.000000000000e+00 -8.752000000000e-01 -8.752000000000e-01 0.000000000000e+00 0.000000000000e+00 0.000000000000e+00 -0.000000000000e+00 6.961469225206e-03 0.000000000000e+00 0.000000000000e+00 0.000000000000e+00 0.000000000000e+00 0.000000000000e+00 0.000000000000e+00 
9.515000000000e+00 7.656558284404e-03 2.628663770857e-02 1.252228854932e-03 1.340604055454e+05 1.385229069877e+05 1.000000000000e+05 7.153880545788e+03 4.991671804790e+02 1.800000000000e+06 0.000000000000e+00 -8.752000000000e-01 -8.752000000000e-01 0.000000000000e+00 0.000000000000e+00 0.000000000000e+00 -0.000000000000e+00 6.955725554771e-03 0.000000000000e+00 0.000000000000e+00 0.000000000000e+00 0.000000000000e+00 0.000000000000e+00 0.000000000000e+00 
9.520000000000e+00 7.650259368302e-03 2.614612229265e-02 1.250626958632e-03 1.338471972611e+05 1.383094955596e+05 1.000000000000e+05 7.155367844669e+03 4.994906202001e+02 1.800000000000e+06 0.000000000000e+00 -8.752000000000e-01 -8.752000000000e-01 0.000000000000e+00 0.000000000000e+00 0.000000000000e+00 -0.000000000000e+00 6.950003201454e-03 0.000000000000e+00 0.000000000000e+00 0.000000000000e+00 0.000000000000e+00 0.000000000000e+00 0.000000000000e+00 
9.525000000000e+00 7.643951335748e-03 2.598103695016e-02 1.254251147238e-03 1.336145511617e+05 1.380953215389e+05 1.000000000000e+05 7.156860722368e+03 4.998149006615e+02 1.800000000000e+06 0.000000000000e+00 -8.752000000000e-01 -8.752000000000e-01 0.000000000000e+00 0.000000000000e+00 0.000000000000e+00 -0.000000000000e+00 6.944272566146e-03 0.000000000000e+00 0.000000000000e+00 0.000000000000e+00 0.000000000000e+00 0.000000000000e+00 0.000000000000e+00 
9.530000000000e+00 7.637617177808e-03 2.581260537043e-02 1.260218993904e-03 1.333721102644e+05 1.378798023604e+05 1.000000000000e+05 7.158362183782e+03 5.001409001620e+02 1.800000000000e+06 0.000000000000e+00 -8.752000000000e-01 -8.752000000000e-01 0.000000000000e+00 0.000000000000e+00 0.000000000000e+00 -0.000000000000e+00 6.938518196805e-03 0.000000000000e+00 0.000000000000e+00 0.000000000000e+00 0.000000000000e+00 0.000000000000e+00 0.000000000000e+00 
9.535000000000e+00 7.631252073367e-03 2.565602414528e-02 1.266346057525e-03 1.331274901465e+05 1.376627664995e+05 1.000000000000e+05 7.159872608837e+03 5.004688727191e+02 1.800000000000e+06 0.000000000000e+00 -8.752000000000e-01 -8.752000000000e-01 0.000000000000e+00 0.000000000000e+00 0.000000000000e+00 -0.000000000000e+00 6.932735713609e-03 0.000000000000e+00 0.000000000000e+00 0.000000000000e+00 0.000000000000e+00 0.000000000000e+00 0.000000000000e+00 
9.540000000000e+00 7.624860760860e-03 2.552245412719e-02 1.270896016018e-03 1.328870724182e+05 1.374443679651e+05 1.000000000000e+05 7.161390272275e+03 5.007985801199e+02 1.800000000000e+06 0.000000000000e+00 -8.752000000000e-01 -8.752000000000e-01 0.000000000000e+00 0.000000000000e+00 0.000000000000e+00 -0.000000000000e+00 6.926929421267e-03 0.000000000000e+00 0.000000000000e+00 0.000000000000e+00 0.000000000000e+00 0.000000000000e+00 0.000000000000e+00 
9.545000000000e+00 7.618454644638e-03 2.541783479883e-02 1.272818984380e-03 1.326550414794e+05 1.372249906175e+05 1.000000000000e+05 7.162912106109e+03 5.011294385747e+02 1.800000000000e+06 0.000000000000e+00 -8.752000000000e-01 -8.752000000000e-01 0.000000000000e+00 0.000000000000e+00 0.000000000000e+00 -0.000000000000e+00 6.921109680248e-03 0.000000000000e+00 0.000000000000e+00 0.000000000000e+00 0.000000000000e+00 0.000000000000e+00 0.000000000000e+00 
9.550000000000e+00 7.612048656162e-03 2.534382159371e-02 1.271594896552e-03 1.324338241895e+05 1.370051428310e+05 1.000000000000e+05 7.164434382252e+03 5.014606790696e+02 1.800000000000e+06 0.000000000000e+00 -8.752000000000e-01 -8.752000000000e-01 0.000000000000e+00 0.000000000000e+00 0.000000000000e+00 -0.000000000000e+00 6.915290055282e-03 0.000000000000e+00 0.000000000000e+00 0.000000000000e+00 0.000000000000e+00 0.000000000000e+00 0.000000000000e+00 
9.555000000000e+00 7.605659119650e-03 2.529935025708e-02 1.267105244279e-03 1.322244653482e+05 1.367853853531e+05 1.000000000000e+05 7.165953170696e+03 5.017914568284e+02 1.800000000000e+06 0.000000000000e+00 -8.752000000000e-01 -8.752000000000e-01 0.000000000000e+00 0.000000000000e+00 0.000000000000e+00 -0.000000000000e+00 6.909485376371e-03 0.000000000000e+00 0.000000000000e+00 0.000000000000e+00 0.000000000000e+00 0.000000000000e+00 0.000000000000e+00 
9.560000000000e+00 7.599301813591e-03 2.528106789446e-02 1.259581543180e-03 1.320267358959e+05 1.365662649513e+05 1.000000000000e+05 7.167464781839e+03 5.021209514113e+02 1.800000000000e+06 0.000000000000e+00 -8.752000000000e-01 -8.752000000000e-01 0.000000000000e+00 0.000000000000e+00 0.000000000000e+00 -0.000000000000e+00 6.903709977744e-03 0.000000000000e+00 0.000000000000e+00 0.000000000000e+00 0.000000000000e+00 0.000000000000e+00 0.000000000000e+00 
9.565000000000e+00 7.592990571054e-03 2.528413966118e-02 1.249497719304e-03 1.318394631291e+05 1.363482658004e+05 1.000000000000e+05 7.168966062810e+03 5.024484395682e+02 1.800000000000e+06 0.000000000000e+00 -8.752000000000e-01 -8.752000000000e-01 0.000000000000e+00 0.000000000000e+00 0.000000000000e+00 -0.000000000000e+00 6.897976426275e-03 0.000000000000e+00 0.000000000000e+00 0.000000000000e+00 0.000000000000e+00 0.000000000000e+00 0.000000000000e+00 
9.570000000000e+00 7.586736199545e-03 2.530251902850e-02 1.237540337770e-03 1.316605934972e+05 1.361317712996e+05 1.000000000000e+05 7.170454647663e+03 5.027733520058e+02 1.800000000000e+06 0.000000000000e+00 -8.752000000000e-01 -8.752000000000e-01 0.000000000000e+00 0.000000000000e+00 0.000000000000e+00 -0.000000000000e+00 6.892294540221e-03 0.000000000000e+00 0.000000000000e+00 0.000000000000e+00 0.000000000000e+00 0.000000000000e+00 0.000000000000e+00 
9.575000000000e+00 7.580546031244e-03 2.533027852990e-02 1.224378666328e-03 1.314880025124e+05 1.359170472977e+05 1.000000000000e+05 7.171928985596e+03 5.030952977418e+02 1.800000000000e+06 0.000000000000e+00 -8.752000000000e-01 -8.752000000000e-01 0.000000000000e+00 0.000000000000e+00 0.000000000000e+00 -0.000000000000e+00 6.886670980622e-03 0.000000000000e+00 0.000000000000e+00 0.000000000000e+00 0.000000000000e+00 0.000000000000e+00 0.000000000000e+00 
9.580000000000e+00 7.574423772200e-03 2.536150112575e-02 1.210764955767e-03 1.313191255028e+05 1.357042355347e+05 1.000000000000e+05 7.173388417933e+03 5.034140730341e+02 1.800000000000e+06 0.000000000000e+00 -8.752000000000e-01 -8.752000000000e-01 0.000000000000e+00 0.000000000000e+00 0.000000000000e+00 -0.000000000000e+00 6.881109114297e-03 0.000000000000e+00 0.000000000000e+00 0.000000000000e+00 0.000000000000e+00 0.000000000000e+00 0.000000000000e+00 
9.585000000000e+00 7.568369404020e-03 2.539069296411e-02 1.197420223269e-03 1.311513654763e+05 1.354933488736e+05 1.000000000000e+05 7.174833164696e+03 5.037296676021e+02 1.800000000000e+06 0.000000000000e+00 -8.752000000000e-01 -8.752000000000e-01 0.000000000000e+00 0.000000000000e+00 0.000000000000e+00 -0.000000000000e+00 6.875608924538e-03 0.000000000000e+00 0.000000000000e+00 0.000000000000e+00 0.000000000000e+00 0.000000000000e+00 0.000000000000e+00 
9.590000000000e+00 7.562379507559e-03 2.541304932967e-02 1.185002411010e-03 1.309822200700e+05 1.352842812649e+05 1.000000000000e+05 7.176264239804e+03 5.040422488218e+02 1.800000000000e+06 0.000000000000e+00 -8.752000000000e-01 -8.752000000000e-01 0.000000000000e+00 0.000000000000e+00 0.000000000000e+00 -0.000000000000e+00 6.870167305166e-03 0.000000000000e+00 0.000000000000e+00 0.000000000000e+00 0.000000000000e+00 0.000000000000e+00 0.000000000000e+00 
9.595000000000e+00 7.556447751097e-03 2.542474458971e-02 1.174041294298e-03 1.308095361874e+05 1.350768236396e+05 1.000000000000e+05 7.177683314009e+03 5.043521371823e+02 1.800000000000e+06 0.000000000000e+00 -8.752000000000e-01 -8.752000000000e-01 0.000000000000e+00 0.000000000000e+00 0.000000000000e+00 -0.000000000000e+00 6.864778504026e-03 0.000000000000e+00 0.000000000000e+00 0.000000000000e+00 0.000000000000e+00 0.000000000000e+00 0.000000000000e+00 
9.600000000000e+00 7.550565446717e-03 2.542291570542e-02 1.164962520658e-03 1.306314445096e+05 1.348706824249e+05 1.000000000000e+05 7.179092593105e+03 5.046597779839e+02 1.800000000000e+06 0.000000000000e+00 -8.752000000000e-01 -8.752000000000e-01 0.000000000000e+00 0.000000000000e+00 0.000000000000e+00 -0.000000000000e+00 6.859434628439e-03 0.000000000000e+00 0.000000000000e+00 0.000000000000e+00 0.000000000000e+00 0.000000000000e+00 0.000000000000e+00 
9.605000000000e+00 7.544722153323e-03 2.540564204514e-02 1.158065793271e-03 1.304464622162e+05 1.346654999474e+05 1.000000000000e+05 7.180494667377e+03 5.049657103910e+02 1.800000000000e+06 0.000000000000e+00 -8.752000000000e-01 -8.752000000000e-01 0.000000000000e+00 0.000000000000e+00 0.000000000000e+00 -0.000000000000e+00 6.854126193020e-03 0.000000000000e+00 0.000000000000e+00 0.000000000000e+00 0.000000000000e+00 0.000000000000e+00 0.000000000000e+00 
9.610000000000e+00 7.538906303735e-03 2.537192059571e-02 1.153531294417e-03 1.302534942328e+05 1.344608759388e+05 1.000000000000e+05 7.181892364695e+03 5.052705350140e+02 1.800000000000e+06 0.000000000000e+00 -8.752000000000e-01 -8.752000000000e-01 0.000000000000e+00 0.000000000000e+00 0.000000000000e+00 -0.000000000000e+00 6.848842689376e-03 0.000000000000e+00 0.000000000000e+00 0.000000000000e+00 0.000000000000e+00 0.000000000000e+00 0.000000000000e+00 
9.615000000000e+00 7.533105738792e-03 2.532152718322e-02 1.151432143406e-03 1.300518090592e+05 1.342563860147e+05 1.000000000000e+05 7.183288627401e+03 5.055748861651e+02 1.800000000000e+06 0.000000000000e+00 -8.752000000000e-01 -8.752000000000e-01 0.000000000000e+00 0.000000000000e+00 0.000000000000e+00 -0.000000000000e+00 6.843573071316e-03 0.000000000000e+00 0.000000000000e+00 0.000000000000e+00 0.000000000000e+00 0.000000000000e+00 0.000000000000e+00 
9.620000000000e+00 7.527308245418e-03 2.525485499934e-02 1.151746023672e-03 1.298410176055e+05 1.340516005026e+05 1.000000000000e+05 7.184686387259e+03 5.058794037374e+02 1.800000000000e+06 0.000000000000e+00 -8.752000000000e-01 -8.752000000000e-01 0.000000000000e+00 0.000000000000e+00 0.000000000000e+00 -0.000000000000e+00 6.838306243674e-03 0.000000000000e+00 0.000000000000e+00 0.000000000000e+00 0.000000000000e+00 0.000000000000e+00 0.000000000000e+00 
9.625000000000e+00 7.521501966655e-03 2.517284197117e-02 1.154374562764e-03 1.296210189069e+05 1.338460989409e+05 1.000000000000e+05 7.186088473497e+03 5.061847116499e+02 1.800000000000e+06 0.000000000000e+00 -8.752000000000e-01 -8.752000000000e-01 0.000000000000e+00 0.000000000000e+00 0.000000000000e+00 -0.000000000000e+00 6.833031434802e-03 0.000000000000e+00 0.000000000000e+00 0.000000000000e+00 0.000000000000e+00 0.000000000000e+00 0.000000000000e+00 
9.630000000000e+00 7.515675730374e-03 2.507677558813e-02 1.159161530945e-03 1.293919468992e+05 1.336394818469e+05 1.000000000000e+05 7.187497539592e+03 5.064914004508e+02 1.800000000000e+06 0.000000000000e+00 -8.752000000000e-01 -8.752000000000e-01 0.000000000000e+00 0.000000000000e+00 0.000000000000e+00 -0.000000000000e+00 6.827738495196e-03 0.000000000000e+00 0.000000000000e+00 0.000000000000e+00 0.000000000000e+00 0.000000000000e+00 0.000000000000e+00 
9.635000000000e+00 7.509819241791e-03 2.496812866890e-02 1.165920891971e-03 1.291540758076e+05 1.334313777652e+05 1.000000000000e+05 7.188916026234e+03 5.068000170005e+02 1.800000000000e+06 0.000000000000e+00 -8.752000000000e-01 -8.752000000000e-01 0.000000000000e+00 0.000000000000e+00 0.000000000000e+00 -0.000000000000e+00 6.822418072392e-03 0.000000000000e+00 0.000000000000e+00 0.000000000000e+00 0.000000000000e+00 0.000000000000e+00 0.000000000000e+00 
9.640000000000e+00 7.503923258391e-03 2.484847775868e-02 1.174433818325e-03 1.289078382999e+05 1.332214497608e+05 1.000000000000e+05 7.190346116944e+03 5.071110550253e+02 1.800000000000e+06 0.000000000000e+00 -8.752000000000e-01 -8.752000000000e-01 0.000000000000e+00 0.000000000000e+00 0.000000000000e+00 -0.000000000000e+00 6.817061769875e-03 0.000000000000e+00 0.000000000000e+00 0.000000000000e+00 0.000000000000e+00 0.000000000000e+00 0.000000000000e+00 
9.645000000000e+00 7.497979630445e-03 2.471934980445e-02 1.184483266343e-03 1.286537008229e+05 1.330093971838e+05 1.000000000000e+05 7.191789739864e+03 5.074249527153e+02 1.800000000000e+06 0.000000000000e+00 -8.752000000000e-01 -8.752000000000e-01 0.000000000000e+00 0.000000000000e+00 0.000000000000e+00 -0.000000000000e+00 6.811662183893e-03 0.000000000000e+00 0.000000000000e+00 0.000000000000e+00 0.000000000000e+00 0.000000000000e+00 0.000000000000e+00 
9.650000000000e+00 7.491981255996e-03 2.458217487163e-02 1.195862434373e-03 1.283921311302e+05 1.327949543906e+05 1.000000000000e+05 7.193248580679e+03 5.077420948346e+02 1.800000000000e+06 0.000000000000e+00 -8.752000000000e-01 -8.752000000000e-01 0.000000000000e+00 0.000000000000e+00 0.000000000000e+00 -0.000000000000e+00 6.806212862553e-03 0.000000000000e+00 0.000000000000e+00 0.000000000000e+00 0.000000000000e+00 0.000000000000e+00 0.000000000000e+00 
9.655000000000e+00 7.485922065763e-03 2.443829160540e-02 1.208365673176e-03 1.281236313901e+05 1.325778905231e+05 1.000000000000e+05 7.194724081851e+03 5.080628132580e+02 1.800000000000e+06 0.000000000000e+00 -8.752000000000e-01 -8.752000000000e-01 0.000000000000e+00 0.000000000000e+00 0.000000000000e+00 -0.000000000000e+00 6.800708292121e-03 0.000000000000e+00 0.000000000000e+00 0.000000000000e+00 0.000000000000e+00 0.000000000000e+00 0.000000000000e+00 
9.660000000000e+00 7.479796976893e-03 2.428884312807e-02 1.221806247345e-03 1.278486713219e+05 1.323580081685e+05 1.000000000000e+05 7.196217459341e+03 5.083873891607e+02 1.800000000000e+06 0.000000000000e+00 -8.752000000000e-01 -8.752000000000e-01 0.000000000000e+00 0.000000000000e+00 0.000000000000e+00 -0.000000000000e+00 6.795143854995e-03 0.000000000000e+00 0.000000000000e+00 0.000000000000e+00 0.000000000000e+00 0.000000000000e+00 0.000000000000e+00 
9.665000000000e+00 7.473601833182e-03 2.413486579711e-02 1.236027654858e-03 1.275676441627e+05 1.321351415215e+05 1.000000000000e+05 7.197729720315e+03 5.087160559351e+02 1.800000000000e+06 0.000000000000e+00 -8.752000000000e-01 -8.752000000000e-01 0.000000000000e+00 0.000000000000e+00 0.000000000000e+00 -0.000000000000e+00 6.789515775403e-03 0.000000000000e+00 0.000000000000e+00 0.000000000000e+00 0.000000000000e+00 0.000000000000e+00 0.000000000000e+00 
9.670000000000e+00 7.467333151589e-03 2.397699795861e-02 1.250919567095e-03 1.272807980384e+05 1.319091475381e+05 1.000000000000e+05 7.199261729841e+03 5.090490124158e+02 1.800000000000e+06 0.000000000000e+00 -8.752000000000e-01 -8.752000000000e-01 0.000000000000e+00 0.000000000000e+00 0.000000000000e+00 -0.000000000000e+00 6.783820889120e-03 0.000000000000e+00 0.000000000000e+00 0.000000000000e+00 0.000000000000e+00 0.000000000000e+00 0.000000000000e+00 
9.675000000000e+00 7.460987943471e-03 2.381582719185e-02 1.266353054132e-03 1.269884685409e+05 1.316798996858e+05 1.000000000000e+05 7.200814229809e+03 5.093864322156e+02 1.800000000000e+06 0.000000000000e+00 -8.752000000000e-01 -8.752000000000e-01 0.000000000000e+00 0.000000000000e+00 0.000000000000e+00 -0.000000000000e+00 6.778056481063e-03 0.000000000000e+00 0.000000000000e+00 0.000000000000e+00 0.000000000000e+00 0.000000000000e+00 0.000000000000e+00 
9.680000000000e+00 7.454563687931e-03 2.365172502116e-02 1.282250321792e-03 1.266908197338e+05 1.314472871320e+05 1.000000000000e+05 7.202387870776e+03 5.097284650193e+02 1.800000000000e+06 0.000000000000e+00 -8.752000000000e-01 -8.752000000000e-01 0.000000000000e+00 0.000000000000e+00 0.000000000000e+00 -0.000000000000e+00 6.772220261084e-03 0.000000000000e+00 0.000000000000e+00 0.000000000000e+00 0.000000000000e+00 0.000000000000e+00 0.000000000000e+00 
9.685000000000e+00 7.448058226111e-03 2.348497777567e-02 1.298544355622e-03 1.263879891174e+05 1.312112110527e+05 1.000000000000e+05 7.203983222383e+03 5.100752420990e+02 1.800000000000e+06 0.000000000000e+00 -8.752000000000e-01 -8.752000000000e-01 0.000000000000e+00 0.000000000000e+00 0.000000000000e+00 -0.000000000000e+00 6.766310267932e-03 0.000000000000e+00 0.000000000000e+00 0.000000000000e+00 0.000000000000e+00 0.000000000000e+00 0.000000000000e+00 
9.690000000000e+00 7.441469703209e-03 2.331583614550e-02 1.315176652434e-03 1.260800938141e+05 1.309715826362e+05 1.000000000000e+05 7.205600786335e+03 5.104268793176e+02 1.800000000000e+06 0.000000000000e+00 -8.752000000000e-01 -8.752000000000e-01 0.000000000000e+00 0.000000000000e+00 0.000000000000e+00 -0.000000000000e+00 6.760324816583e-03 0.000000000000e+00 0.000000000000e+00 0.000000000000e+00 0.000000000000e+00 0.000000000000e+00 0.000000000000e+00 
9.695000000000e+00 7.434796550352e-03 2.314447533475e-02 1.332098997826e-03 1.257672232118e+05 1.307283225167e+05 1.000000000000e+05 7.207241001185e+03 5.107834780188e+02 1.800000000000e+06 0.000000000000e+00 -8.752000000000e-01 -8.752000000000e-01 0.000000000000e+00 0.000000000000e+00 0.000000000000e+00 -0.000000000000e+00 6.754262481766e-03 0.000000000000e+00 0.000000000000e+00 0.000000000000e+00 0.000000000000e+00 0.000000000000e+00 0.000000000000e+00 
9.700000000000e+00 7.428037422643e-03 2.297103042376e-02 1.349271531725e-03 1.254494437375e+05 1.304813586009e+05 1.000000000000e+05 7.208904256510e+03 5.111451282681e+02 1.800000000000e+06 0.000000000000e+00 -8.752000000000e-01 -8.752000000000e-01 0.000000000000e+00 0.000000000000e+00 0.000000000000e+00 -0.000000000000e+00 6.748122041691e-03 0.000000000000e+00 0.000000000000e+00 0.000000000000e+00 0.000000000000e+00 0.000000000000e+00 0.000000000000e+00 
9.705000000000e+00 7.421191165802e-03 2.279563153048e-02 1.366658796306e-03 1.251268122602e+05 1.302306249155e+05 1.000000000000e+05 7.210590899397e+03 5.115119105826e+02 1.800000000000e+06 0.000000000000e+00 -8.752000000000e-01 -8.752000000000e-01 0.000000000000e+00 0.000000000000e+00 0.000000000000e+00 -0.000000000000e+00 6.741902447730e-03 0.000000000000e+00 0.000000000000e+00 0.000000000000e+00 0.000000000000e+00 0.000000000000e+00 0.000000000000e+00 
9.710000000000e+00 7.414256801260e-03 2.261838549890e-02 1.384227020428e-03 1.247993856689e+05 1.299760611203e+05 1.000000000000e+05 7.212301236891e+03 5.118838966806e+02 1.800000000000e+06 0.000000000000e+00 -8.752000000000e-01 -8.752000000000e-01 0.000000000000e+00 0.000000000000e+00 0.000000000000e+00 -0.000000000000e+00 6.735602810888e-03 0.000000000000e+00 0.000000000000e+00 0.000000000000e+00 0.000000000000e+00 0.000000000000e+00 0.000000000000e+00 
9.715000000000e+00 7.407233520324e-03 2.243941313652e-02 1.401942825684e-03 1.244672255459e+05 1.297176123497e+05 1.000000000000e+05 7.214035536751e+03 5.122611497485e+02 1.800000000000e+06 0.000000000000e+00 -8.752000000000e-01 -8.752000000000e-01 0.000000000000e+00 0.000000000000e+00 0.000000000000e+00 -0.000000000000e+00 6.729222396494e-03 0.000000000000e+00 0.000000000000e+00 0.000000000000e+00 0.000000000000e+00 0.000000000000e+00 0.000000000000e+00 
9.720000000000e+00 7.400120686050e-03 2.225888046358e-02 1.419771523935e-03 1.241304047066e+05 1.294552293400e+05 1.000000000000e+05 7.215794026147e+03 5.126437242915e+02 1.800000000000e+06 0.000000000000e+00 -8.752000000000e-01 -8.752000000000e-01 0.000000000000e+00 0.000000000000e+00 0.000000000000e+00 -0.000000000000e+00 6.722760625907e-03 0.000000000000e+00 0.000000000000e+00 0.000000000000e+00 0.000000000000e+00 0.000000000000e+00 0.000000000000e+00 
9.725000000000e+00 7.392917843793e-03 2.207696121186e-02 1.437675874486e-03 1.237890124047e+05 1.291888688812e+05 1.000000000000e+05 7.217576888373e+03 5.130316655144e+02 1.800000000000e+06 0.000000000000e+00 -8.752000000000e-01 -8.752000000000e-01 0.000000000000e+00 0.000000000000e+00 0.000000000000e+00 -0.000000000000e+00 6.716217086095e-03 0.000000000000e+00 0.000000000000e+00 0.000000000000e+00 0.000000000000e+00 0.000000000000e+00 0.000000000000e+00 
9.730000000000e+00 7.385624736408e-03 2.189387021436e-02 1.455615832713e-03 1.234431560404e+05 1.289184944516e+05 1.000000000000e+05 7.219384258755e+03 5.134250084438e+02 1.800000000000e+06 0.000000000000e+00 -8.752000000000e-01 -8.752000000000e-01 0.000000000000e+00 0.000000000000e+00 0.000000000000e+00 -0.000000000000e+00 6.709591543452e-03 0.000000000000e+00 0.000000000000e+00 0.000000000000e+00 0.000000000000e+00 0.000000000000e+00 0.000000000000e+00 
9.735000000000e+00 7.378241553373e-03 2.170991570136e-02 1.473490228107e-03 1.230931906264e+05 1.286440855695e+05 1.000000000000e+05 7.221216140795e+03 5.138237643972e+02 1.800000000000e+06 0.000000000000e+00 -8.752000000000e-01 -8.752000000000e-01 0.000000000000e+00 0.000000000000e+00 0.000000000000e+00 -0.000000000000e+00 6.702884170112e-03 0.000000000000e+00 0.000000000000e+00 0.000000000000e+00 0.000000000000e+00 0.000000000000e+00 0.000000000000e+00 
9.740000000000e+00 7.370769545939e-03 2.152536900038e-02 1.491235022401e-03 1.227393737502e+05 1.283656609500e+05 1.000000000000e+05 7.223072289998e+03 5.142278875246e+02 1.800000000000e+06 0.000000000000e+00 -8.752000000000e-01 -8.752000000000e-01 0.000000000000e+00 0.000000000000e+00 0.000000000000e+00 -0.000000000000e+00 6.696096102795e-03 0.000000000000e+00 0.000000000000e+00 0.000000000000e+00 0.000000000000e+00 0.000000000000e+00 0.000000000000e+00 
9.745000000000e+00 7.363209341568e-03 2.134041827615e-02 1.508889487571e-03 1.223815501017e+05 1.280832159663e+05 1.000000000000e+05 7.224952655232e+03 5.146373657557e+02 1.800000000000e+06 0.000000000000e+00 -8.752000000000e-01 -8.752000000000e-01 0.000000000000e+00 0.000000000000e+00 0.000000000000e+00 -0.000000000000e+00 6.689227911528e-03 0.000000000000e+00 0.000000000000e+00 0.000000000000e+00 0.000000000000e+00 0.000000000000e+00 0.000000000000e+00 
9.750000000000e+00 7.355561541821e-03 2.115530692432e-02 1.526414780291e-03 1.220198578865e+05 1.277967447776e+05 1.000000000000e+05 7.226857162966e+03 5.150521885829e+02 1.800000000000e+06 0.000000000000e+00 -8.752000000000e-01 -8.752000000000e-01 0.000000000000e+00 0.000000000000e+00 0.000000000000e+00 -0.000000000000e+00 6.682280142809e-03 0.000000000000e+00 0.000000000000e+00 0.000000000000e+00 0.000000000000e+00 0.000000000000e+00 0.000000000000e+00 
9.755000000000e+00 7.347826944646e-03 2.097030198455e-02 1.543768709995e-03 1.216544563258e+05 1.275062486786e+05 1.000000000000e+05 7.228785690102e+03 5.154723349843e+02 1.800000000000e+06 0.000000000000e+00 -8.752000000000e-01 -8.752000000000e-01 0.000000000000e+00 0.000000000000e+00 0.000000000000e+00 -0.000000000000e+00 6.675253521549e-03 0.000000000000e+00 0.000000000000e+00 0.000000000000e+00 0.000000000000e+00 0.000000000000e+00 0.000000000000e+00 
9.760000000000e+00 7.340006561416e-03 2.078568576248e-02 1.560906496707e-03 1.212855236947e+05 1.272117368448e+05 1.000000000000e+05 7.230738059673e+03 5.158977724144e+02 1.800000000000e+06 0.000000000000e+00 -8.752000000000e-01 -8.752000000000e-01 0.000000000000e+00 0.000000000000e+00 0.000000000000e+00 -0.000000000000e+00 6.668148966544e-03 0.000000000000e+00 0.000000000000e+00 0.000000000000e+00 0.000000000000e+00 0.000000000000e+00 0.000000000000e+00 
9.765000000000e+00 7.332101619522e-03 2.060172644730e-02 1.577784795593e-03 1.209132423663e+05 1.269132265465e+05 1.000000000000e+05 7.232714041323e+03 5.163284565688e+02 1.800000000000e+06 0.000000000000e+00 -8.752000000000e-01 -8.752000000000e-01 0.000000000000e+00 0.000000000000e+00 0.000000000000e+00 -0.000000000000e+00 6.660967592838e-03 0.000000000000e+00 0.000000000000e+00 0.000000000000e+00 0.000000000000e+00 0.000000000000e+00 0.000000000000e+00 
9.770000000000e+00 7.324113553353e-03 2.041868248954e-02 1.594362247003e-03 1.205377964952e+05 1.266107429291e+05 1.000000000000e+05 7.234713353375e+03 5.167643317798e+02 1.800000000000e+06 0.000000000000e+00 -8.752000000000e-01 -8.752000000000e-01 0.000000000000e+00 0.000000000000e+00 0.000000000000e+00 -0.000000000000e+00 6.653710703526e-03 0.000000000000e+00 0.000000000000e+00 0.000000000000e+00 0.000000000000e+00 0.000000000000e+00 0.000000000000e+00 
9.775000000000e+00 7.316043994812e-03 2.023679468228e-02 1.610599499700e-03 1.201593716664e+05 1.263043187738e+05 1.000000000000e+05 7.236735664806e+03 5.172053314377e+02 1.800000000000e+06 0.000000000000e+00 -8.752000000000e-01 -8.752000000000e-01 0.000000000000e+00 0.000000000000e+00 0.000000000000e+00 -0.000000000000e+00 6.646379781135e-03 0.000000000000e+00 0.000000000000e+00 0.000000000000e+00 0.000000000000e+00 0.000000000000e+00 0.000000000000e+00 
9.780000000000e+00 7.307894763708e-03 2.005629074223e-02 1.626459541562e-03 1.197781533591e+05 1.259939942531e+05 1.000000000000e+05 7.238780597388e+03 5.176513784205e+02 1.800000000000e+06 0.000000000000e+00 -8.752000000000e-01 -8.752000000000e-01 0.000000000000e+00 0.000000000000e+00 0.000000000000e+00 -0.000000000000e+00 6.638976478902e-03 0.000000000000e+00 0.000000000000e+00 0.000000000000e+00 0.000000000000e+00 0.000000000000e+00 0.000000000000e+00 
9.785000000000e+00 7.299667855620e-03 1.987737405584e-02 1.641907777728e-03 1.193943262574e+05 1.256798165871e+05 1.000000000000e+05 7.240847728369e+03 5.181023856644e+02 1.800000000000e+06 0.000000000000e+00 -8.752000000000e-01 -8.752000000000e-01 0.000000000000e+00 0.000000000000e+00 0.000000000000e+00 -0.000000000000e+00 6.631502609744e-03 0.000000000000e+00 0.000000000000e+00 0.000000000000e+00 0.000000000000e+00 0.000000000000e+00 0.000000000000e+00 
9.790000000000e+00 7.291365410018e-03 1.970019268064e-02 1.656919922607e-03 1.190080428013e+05 1.253618389381e+05 1.000000000000e+05 7.242936601119e+03 5.185582578227e+02 1.800000000000e+06 0.000000000000e+00 -8.752000000000e-01 -8.752000000000e-01 0.000000000000e+00 0.000000000000e+00 0.000000000000e+00 -0.000000000000e+00 6.623960117295e-03 0.000000000000e+00 0.000000000000e+00 0.000000000000e+00 0.000000000000e+00 0.000000000000e+00 0.000000000000e+00 
9.795000000000e+00 7.282989732271e-03 1.952498028981e-02 1.671468269652e-03 1.186194766030e+05 1.250401213610e+05 1.000000000000e+05 7.245046714032e+03 5.190188899726e+02 1.800000000000e+06 0.000000000000e+00 -8.752000000000e-01 -8.752000000000e-01 0.000000000000e+00 0.000000000000e+00 0.000000000000e+00 -0.000000000000e+00 6.616351040219e-03 0.000000000000e+00 0.000000000000e+00 0.000000000000e+00 0.000000000000e+00 0.000000000000e+00 0.000000000000e+00 
9.800000000000e+00 7.274543121723e-03 1.935194815779e-02 1.685511519675e-03 1.182288549851e+05 1.247147242888e+05 1.000000000000e+05 7.247177559537e+03 5.194841770007e+02 1.800000000000e+06 0.000000000000e+00 -8.752000000000e-01 -8.752000000000e-01 0.000000000000e+00 0.000000000000e+00 0.000000000000e+00 -0.000000000000e+00 6.608677584486e-03 0.000000000000e+00 0.000000000000e+00 0.000000000000e+00 0.000000000000e+00 0.000000000000e+00 0.000000000000e+00 
9.805000000000e+00 7.266028268667e-03 1.918126528873e-02 1.699022726666e-03 1.178363676536e+05 1.243857239171e+05 1.000000000000e+05 7.249328534588e+03 5.199539916635e+02 1.800000000000e+06 0.000000000000e+00 -8.752000000000e-01 -8.752000000000e-01 0.000000000000e+00 0.000000000000e+00 0.000000000000e+00 -0.000000000000e+00 6.600942132262e-03 0.000000000000e+00 0.000000000000e+00 0.000000000000e+00 0.000000000000e+00 0.000000000000e+00 0.000000000000e+00 
9.810000000000e+00 7.257447919388e-03 1.901310056424e-02 1.711976350922e-03 1.174422030525e+05 1.240531994576e+05 1.000000000000e+05 7.251499019514e+03 5.204282029157e+02 1.800000000000e+06 0.000000000000e+00 -8.752000000000e-01 -8.752000000000e-01 0.000000000000e+00 0.000000000000e+00 0.000000000000e+00 -0.000000000000e+00 6.593147178477e-03 0.000000000000e+00 0.000000000000e+00 0.000000000000e+00 0.000000000000e+00 0.000000000000e+00 0.000000000000e+00 
9.815000000000e+00 7.248804939749e-03 1.884761490886e-02 1.724348328045e-03 1.170465506930e+05 1.237172356778e+05 1.000000000000e+05 7.253688361765e+03 5.209066723379e+02 1.800000000000e+06 0.000000000000e+00 -8.752000000000e-01 -8.752000000000e-01 0.000000000000e+00 0.000000000000e+00 0.000000000000e+00 -0.000000000000e+00 6.585295326699e-03 0.000000000000e+00 0.000000000000e+00 0.000000000000e+00 0.000000000000e+00 0.000000000000e+00 0.000000000000e+00 
9.820000000000e+00 7.240102303801e-03 1.868494448861e-02 1.736118338411e-03 1.166495919677e+05 1.233779225586e+05 1.000000000000e+05 7.255895879350e+03 5.213892546887e+02 1.800000000000e+06 0.000000000000e+00 -8.752000000000e-01 -8.752000000000e-01 0.000000000000e+00 0.000000000000e+00 0.000000000000e+00 -0.000000000000e+00 6.577389278778e-03 0.000000000000e+00 0.000000000000e+00 0.000000000000e+00 0.000000000000e+00 0.000000000000e+00 0.000000000000e+00 
9.825000000000e+00 7.231343080480e-03 1.852523700317e-02 1.747264951144e-03 1.162515184462e+05 1.230353548715e+05 1.000000000000e+05 7.258120862043e+03 5.218757985697e+02 1.800000000000e+06 0.000000000000e+00 -8.752000000000e-01 -8.752000000000e-01 0.000000000000e+00 0.000000000000e+00 0.000000000000e+00 -0.000000000000e+00 6.569431822765e-03 0.000000000000e+00 0.000000000000e+00 0.000000000000e+00 0.000000000000e+00 0.000000000000e+00 0.000000000000e+00 
9.830000000000e+00 7.222530457422e-03 1.836866939501e-02 1.757765098949e-03 1.158525350293e+05 1.226896332048e+05 1.000000000000e+05 7.260362564841e+03 5.223661450287e+02 1.800000000000e+06 0.000000000000e+00 -8.752000000000e-01 -8.752000000000e-01 0.000000000000e+00 0.000000000000e+00 0.000000000000e+00 -0.000000000000e+00 6.561425854543e-03 0.000000000000e+00 0.000000000000e+00 0.000000000000e+00 0.000000000000e+00 0.000000000000e+00 0.000000000000e+00 
9.835000000000e+00 7.213667730589e-03 1.821541822683e-02 1.767596793085e-03 1.154528491215e+05 1.223408636623e+05 1.000000000000e+05 7.262620211320e+03 5.228601280571e+02 1.800000000000e+06 0.000000000000e+00 -8.752000000000e-01 -8.752000000000e-01 0.000000000000e+00 0.000000000000e+00 0.000000000000e+00 -0.000000000000e+00 6.553374368407e-03 0.000000000000e+00 0.000000000000e+00 0.000000000000e+00 0.000000000000e+00 0.000000000000e+00 0.000000000000e+00 
9.840000000000e+00 7.204758303216e-03 1.806564063478e-02 1.776738920576e-03 1.150526714531e+05 1.219891579230e+05 1.000000000000e+05 7.264892993510e+03 5.233575745703e+02 1.800000000000e+06 0.000000000000e+00 -8.752000000000e-01 -8.752000000000e-01 0.000000000000e+00 0.000000000000e+00 0.000000000000e+00 -0.000000000000e+00 6.545280456106e-03 0.000000000000e+00 0.000000000000e+00 0.000000000000e+00 0.000000000000e+00 0.000000000000e+00 0.000000000000e+00 
9.845000000000e+00 7.195805671954e-03 1.791947585290e-02 1.785173665578e-03 1.146522061161e+05 1.216346327937e+05 1.000000000000e+05 7.267180076062e+03 5.238583051064e+02 1.800000000000e+06 0.000000000000e+00 -8.752000000000e-01 -8.752000000000e-01 0.000000000000e+00 0.000000000000e+00 0.000000000000e+00 -0.000000000000e+00 6.537147294251e-03 0.000000000000e+00 0.000000000000e+00 0.000000000000e+00 0.000000000000e+00 0.000000000000e+00 0.000000000000e+00 
9.850000000000e+00 7.186813441555e-03 1.777712418066e-02 1.792876545773e-03 1.142516901926e+05 1.212774108881e+05 1.000000000000e+05 7.269480588341e+03 5.243621329310e+02 1.800000000000e+06 0.000000000000e+00 -8.752000000000e-01 -8.752000000000e-01 0.000000000000e+00 0.000000000000e+00 0.000000000000e+00 -0.000000000000e+00 6.528978157659e-03 0.000000000000e+00 0.000000000000e+00 0.000000000000e+00 0.000000000000e+00 0.000000000000e+00 0.000000000000e+00 
9.855000000000e+00 7.177785314349e-03 1.763872902998e-02 1.799834736070e-03 1.138513217293e+05 1.209176203103e+05 1.000000000000e+05 7.271793633920e+03 5.248688645498e+02 1.800000000000e+06 0.000000000000e+00 -8.752000000000e-01 -8.752000000000e-01 0.000000000000e+00 0.000000000000e+00 0.000000000000e+00 -0.000000000000e+00 6.520776409794e-03 0.000000000000e+00 0.000000000000e+00 0.000000000000e+00 0.000000000000e+00 0.000000000000e+00 0.000000000000e+00 
9.860000000000e+00 7.168725019329e-03 1.750433241497e-02 1.806042764828e-03 1.134512733874e+05 1.205553919138e+05 1.000000000000e+05 7.274118306833e+03 5.253783036263e+02 1.800000000000e+06 0.000000000000e+00 -8.752000000000e-01 -8.752000000000e-01 0.000000000000e+00 0.000000000000e+00 0.000000000000e+00 -0.000000000000e+00 6.512545438340e-03 0.000000000000e+00 0.000000000000e+00 0.000000000000e+00 0.000000000000e+00 0.000000000000e+00 0.000000000000e+00 
9.865000000000e+00 7.159636375194e-03 1.737410636429e-02 1.811477339899e-03 1.130517940478e+05 1.201908618859e+05 1.000000000000e+05 7.276453665414e+03 5.258902473891e+02 1.800000000000e+06 0.000000000000e+00 -8.752000000000e-01 -8.752000000000e-01 0.000000000000e+00 0.000000000000e+00 0.000000000000e+00 -0.000000000000e+00 6.504288712475e-03 0.000000000000e+00 0.000000000000e+00 0.000000000000e+00 0.000000000000e+00 0.000000000000e+00 0.000000000000e+00 
9.870000000000e+00 7.150523281633e-03 1.724822817133e-02 1.816120896833e-03 1.126531162175e+05 1.198241714892e+05 1.000000000000e+05 7.278798743431e+03 5.264044870563e+02 1.800000000000e+06 0.000000000000e+00 -8.752000000000e-01 -8.752000000000e-01 0.000000000000e+00 0.000000000000e+00 0.000000000000e+00 -0.000000000000e+00 6.496009774952e-03 0.000000000000e+00 0.000000000000e+00 0.000000000000e+00 0.000000000000e+00 0.000000000000e+00 0.000000000000e+00 
9.875000000000e+00 7.141389722985e-03 1.712683373565e-02 1.819964947081e-03 1.122554428002e+05 1.194554672956e+05 1.000000000000e+05 7.281152550209e+03 5.269208075639e+02 1.800000000000e+06 0.000000000000e+00 -8.752000000000e-01 -8.752000000000e-01 0.000000000000e+00 0.000000000000e+00 0.000000000000e+00 -0.000000000000e+00 6.487712245427e-03 0.000000000000e+00 0.000000000000e+00 0.000000000000e+00 0.000000000000e+00 0.000000000000e+00 0.000000000000e+00 
9.880000000000e+00 7.132239708106e-03 1.701000161335e-02 1.823000225618e-03 1.118589833502e+05 1.190848988360e+05 1.000000000000e+05 7.283514082064e+03 5.274389909100e+02 1.800000000000e+06 0.000000000000e+00 -8.752000000000e-01 -8.752000000000e-01 0.000000000000e+00 0.000000000000e+00 0.000000000000e+00 -0.000000000000e+00 6.479399765827e-03 0.000000000000e+00 0.000000000000e+00 0.000000000000e+00 0.000000000000e+00 0.000000000000e+00 0.000000000000e+00 
9.885000000000e+00 7.123077308158e-03 1.689788815753e-02 1.825217040644e-03 1.114639543382e+05 1.187126201849e+05 1.000000000000e+05 7.285882312535e+03 5.279588139752e+02 1.800000000000e+06 0.000000000000e+00 -8.752000000000e-01 -8.752000000000e-01 0.000000000000e+00 0.000000000000e+00 0.000000000000e+00 -0.000000000000e+00 6.471076034679e-03 0.000000000000e+00 0.000000000000e+00 0.000000000000e+00 0.000000000000e+00 0.000000000000e+00 0.000000000000e+00 
9.890000000000e+00 7.113906547172e-03 1.679036663244e-02 1.826631330267e-03 1.110704709028e+05 1.183387855646e+05 1.000000000000e+05 7.288256230785e+03 5.284800546972e+02 1.800000000000e+06 0.000000000000e+00 -8.752000000000e-01 -8.752000000000e-01 0.000000000000e+00 0.000000000000e+00 0.000000000000e+00 -0.000000000000e+00 6.462744707693e-03 0.000000000000e+00 0.000000000000e+00 0.000000000000e+00 0.000000000000e+00 0.000000000000e+00 0.000000000000e+00 
9.895000000000e+00 7.104731442493e-03 1.668749626256e-02 1.827238266076e-03 1.106787325289e+05 1.179635509979e+05 1.000000000000e+05 7.290634812925e+03 5.290024897720e+02 1.800000000000e+06 0.000000000000e+00 -8.752000000000e-01 -8.752000000000e-01 0.000000000000e+00 0.000000000000e+00 0.000000000000e+00 -0.000000000000e+00 6.454409434505e-03 0.000000000000e+00 0.000000000000e+00 0.000000000000e+00 0.000000000000e+00 0.000000000000e+00 0.000000000000e+00 
9.900000000000e+00 7.095556016953e-03 1.658932670546e-02 1.827040933800e-03 1.102889097962e+05 1.175870748308e+05 1.000000000000e+05 7.293017030073e+03 5.295258939461e+02 1.800000000000e+06 0.000000000000e+00 -8.752000000000e-01 -8.752000000000e-01 0.000000000000e+00 0.000000000000e+00 0.000000000000e+00 -0.000000000000e+00 6.446073869735e-03 0.000000000000e+00 0.000000000000e+00 0.000000000000e+00 0.000000000000e+00 0.000000000000e+00 0.000000000000e+00 
9.905000000000e+00 7.086384273929e-03 1.649590981569e-02 1.826042462662e-03 1.099011745099e+05 1.172095167311e+05 1.000000000000e+05 7.295401851691e+03 5.300500414265e+02 1.800000000000e+06 0.000000000000e+00 -8.752000000000e-01 -8.752000000000e-01 0.000000000000e+00 0.000000000000e+00 0.000000000000e+00 -0.000000000000e+00 6.437741650325e-03 0.000000000000e+00 0.000000000000e+00 0.000000000000e+00 0.000000000000e+00 0.000000000000e+00 0.000000000000e+00 
9.910000000000e+00 7.077220179269e-03 1.640722680187e-02 1.824252722059e-03 1.095156720517e+05 1.168310369501e+05 1.000000000000e+05 7.297788252949e+03 5.305747069130e+02 1.800000000000e+06 0.000000000000e+00 -8.752000000000e-01 -8.752000000000e-01 0.000000000000e+00 0.000000000000e+00 0.000000000000e+00 -0.000000000000e+00 6.429416379125e-03 0.000000000000e+00 0.000000000000e+00 0.000000000000e+00 0.000000000000e+00 0.000000000000e+00 0.000000000000e+00 
9.915000000000e+00 7.068067643548e-03 1.632325368343e-02 1.821683919356e-03 1.091325380074e+05 1.164517955803e+05 1.000000000000e+05 7.300175217678e+03 5.310996666260e+02 1.800000000000e+06 0.000000000000e+00 -8.752000000000e-01 -8.752000000000e-01 0.000000000000e+00 0.000000000000e+00 0.000000000000e+00 -0.000000000000e+00 6.421101608770e-03 0.000000000000e+00 0.000000000000e+00 0.000000000000e+00 0.000000000000e+00 0.000000000000e+00 0.000000000000e+00 
9.920000000000e+00 7.058930502997e-03 1.624395168384e-02 1.818350564540e-03 1.087518973457e+05 1.160719517409e+05 1.000000000000e+05 7.302561743434e+03 5.316246994230e+02 1.800000000000e+06 0.000000000000e+00 -8.752000000000e-01 -8.752000000000e-01 0.000000000000e+00 0.000000000000e+00 0.000000000000e+00 -0.000000000000e+00 6.412800824353e-03 0.000000000000e+00 0.000000000000e+00 0.000000000000e+00 0.000000000000e+00 0.000000000000e+00 0.000000000000e+00 
9.925000000000e+00 7.049812526974e-03 1.616926201649e-02 1.814267079683e-03 1.083738742311e+05 1.156916638543e+05 1.000000000000e+05 7.304946838738e+03 5.321495863998e+02 1.800000000000e+06 0.000000000000e+00 -8.752000000000e-01 -8.752000000000e-01 0.000000000000e+00 0.000000000000e+00 0.000000000000e+00 -0.000000000000e+00 6.404517450218e-03 0.000000000000e+00 0.000000000000e+00 0.000000000000e+00 0.000000000000e+00 0.000000000000e+00 0.000000000000e+00 
9.930000000000e+00 7.040717396569e-03 1.609910515545e-02 1.809452927218e-03 1.079985703119e+05 1.153110887164e+05 1.000000000000e+05 7.307329530862e+03 5.326741121552e+02 1.800000000000e+06 0.000000000000e+00 -8.752000000000e-01 -8.752000000000e-01 0.000000000000e+00 0.000000000000e+00 0.000000000000e+00 -0.000000000000e+00 6.396254830518e-03 0.000000000000e+00 0.000000000000e+00 0.000000000000e+00 0.000000000000e+00 0.000000000000e+00 0.000000000000e+00 
9.935000000000e+00 7.031648686711e-03 1.603338936545e-02 1.803930918943e-03 1.076260705136e+05 1.149303806942e+05 1.000000000000e+05 7.309708870049e+03 5.331980658682e+02 1.800000000000e+06 0.000000000000e+00 -8.752000000000e-01 -8.752000000000e-01 0.000000000000e+00 0.000000000000e+00 0.000000000000e+00 -0.000000000000e+00 6.388016212959e-03 0.000000000000e+00 0.000000000000e+00 0.000000000000e+00 0.000000000000e+00 0.000000000000e+00 0.000000000000e+00 
9.940000000000e+00 7.022609853834e-03 1.597200197974e-02 1.797725285634e-03 1.072564501109e+05 1.145496911402e+05 1.000000000000e+05 7.312083932225e+03 5.337212420661e+02 1.800000000000e+06 0.000000000000e+00 -8.752000000000e-01 -8.752000000000e-01 0.000000000000e+00 0.000000000000e+00 0.000000000000e+00 -0.000000000000e+00 6.379804737602e-03 0.000000000000e+00 0.000000000000e+00 0.000000000000e+00 0.000000000000e+00 0.000000000000e+00 0.000000000000e+00 
9.945000000000e+00 7.013604224198e-03 1.591480400881e-02 1.790862588337e-03 1.068897703568e+05 1.141691678232e+05 1.000000000000e+05 7.314453822708e+03 5.342434413644e+02 1.800000000000e+06 0.000000000000e+00 -8.752000000000e-01 -8.752000000000e-01 0.000000000000e+00 0.000000000000e+00 0.000000000000e+00 -0.000000000000e+00 6.371623426247e-03 0.000000000000e+00 0.000000000000e+00 0.000000000000e+00 0.000000000000e+00 0.000000000000e+00 0.000000000000e+00 
9.950000000000e+00 7.004634981316e-03 1.586166165387e-02 1.783373047893e-03 1.065260723176e+05 1.137889543083e+05 1.000000000000e+05 7.316817680354e+03 5.347644712671e+02 1.800000000000e+06 0.000000000000e+00 -8.752000000000e-01 -8.752000000000e-01 0.000000000000e+00 0.000000000000e+00 0.000000000000e+00 -0.000000000000e+00 6.363475171010e-03 0.000000000000e+00 0.000000000000e+00 0.000000000000e+00 0.000000000000e+00 0.000000000000e+00 0.000000000000e+00 
9.955000000000e+00 6.995705159668e-03 1.581242464691e-02 1.775286448250e-03 1.061653930544e+05 1.134091895936e+05 1.000000000000e+05 7.319174677903e+03 5.352841466095e+02 1.800000000000e+06 0.000000000000e+00 -8.752000000000e-01 -8.752000000000e-01 0.000000000000e+00 0.000000000000e+00 0.000000000000e+00 -0.000000000000e+00 6.355362728620e-03 0.000000000000e+00 0.000000000000e+00 0.000000000000e+00 0.000000000000e+00 0.000000000000e+00 0.000000000000e+00 
9.960000000000e+00 6.986817635794e-03 1.576692269205e-02 1.766635214272e-03 1.058077525453e+05 1.130300076264e+05 1.000000000000e+05 7.321524025913e+03 5.358022901605e+02 1.800000000000e+06 0.000000000000e+00 -8.752000000000e-01 -8.752000000000e-01 0.000000000000e+00 0.000000000000e+00 0.000000000000e+00 -0.000000000000e+00 6.347288712319e-03 0.000000000000e+00 0.000000000000e+00 0.000000000000e+00 0.000000000000e+00 0.000000000000e+00 0.000000000000e+00 
9.965000000000e+00 6.977975118454e-03 1.572497517915e-02 1.757453237337e-03 1.054531578342e+05 1.126515367718e+05 1.000000000000e+05 7.323864975267e+03 5.363187332842e+02 1.800000000000e+06 0.000000000000e+00 -8.752000000000e-01 -8.752000000000e-01 0.000000000000e+00 0.000000000000e+00 0.000000000000e+00 -0.000000000000e+00 6.339255582926e-03 0.000000000000e+00 0.000000000000e+00 0.000000000000e+00 0.000000000000e+00 0.000000000000e+00 0.000000000000e+00 
9.970000000000e+00 6.969180147114e-03 1.568640373538e-02 1.747774779443e-03 1.051016072758e+05 1.122738996301e+05 1.000000000000e+05 7.326196817512e+03 5.368333161217e+02 1.800000000000e+06 0.000000000000e+00 -8.752000000000e-01 -8.752000000000e-01 0.000000000000e+00 0.000000000000e+00 0.000000000000e+00 -0.000000000000e+00 6.331265647464e-03 0.000000000000e+00 0.000000000000e+00 0.000000000000e+00 0.000000000000e+00 0.000000000000e+00 0.000000000000e+00 
9.975000000000e+00 6.960435080799e-03 1.565100684647e-02 1.737637175571e-03 1.047530787865e+05 1.118972124346e+05 1.000000000000e+05 7.328518889312e+03 5.373458883397e+02 1.800000000000e+06 0.000000000000e+00 -8.752000000000e-01 -8.752000000000e-01 0.000000000000e+00 0.000000000000e+00 0.000000000000e+00 -0.000000000000e+00 6.323321049028e-03 0.000000000000e+00 0.000000000000e+00 0.000000000000e+00 0.000000000000e+00 0.000000000000e+00 0.000000000000e+00 
9.980000000000e+00 6.951742093945e-03 1.561857865880e-02 1.727076593295e-03 1.044075468752e+05 1.115215847448e+05 1.000000000000e+05 7.330830572253e+03 5.378563094744e+02 1.800000000000e+06 0.000000000000e+00 -8.752000000000e-01 -8.752000000000e-01 0.000000000000e+00 0.000000000000e+00 0.000000000000e+00 -0.000000000000e+00 6.315423763023e-03 0.000000000000e+00 0.000000000000e+00 0.000000000000e+00 0.000000000000e+00 0.000000000000e+00 0.000000000000e+00 
9.985000000000e+00 6.943103180613e-03 1.558891323148e-02 1.716129620596e-03 1.040649761929e+05 1.111471194965e+05 1.000000000000e+05 7.333131292775e+03 5.383644487861e+02 1.800000000000e+06 0.000000000000e+00 -8.752000000000e-01 -8.752000000000e-01 0.000000000000e+00 0.000000000000e+00 0.000000000000e+00 -0.000000000000e+00 6.307575600987e-03 0.000000000000e+00 0.000000000000e+00 0.000000000000e+00 0.000000000000e+00 0.000000000000e+00 0.000000000000e+00 
9.990000000000e+00 6.934520148850e-03 1.556179839249e-02 1.704833877123e-03 1.037253186084e+05 1.107739126273e+05 1.000000000000e+05 7.335420524340e+03 5.388701856921e+02 1.800000000000e+06 0.000000000000e+00 -8.752000000000e-01 -8.752000000000e-01 0.000000000000e+00 0.000000000000e+00 0.000000000000e+00 -0.000000000000e+00 6.299778205470e-03 0.000000000000e+00 0.000000000000e+00 0.000000000000e+00 0.000000000000e+00 0.000000000000e+00 0.000000000000e+00 
9.995000000000e+00 6.925994619452e-03 1.553703036622e-02 1.693226883183e-03 1.033885176701e+05 1.104020528896e+05 1.000000000000e+05 7.337697787722e+03 5.393734099429e+02 1.800000000000e+06 0.000000000000e+00 -8.752000000000e-01 -8.752000000000e-01 0.000000000000e+00 0.000000000000e+00 0.000000000000e+00 -0.000000000000e+00 6.292033048914e-03 0.000000000000e+00 0.000000000000e+00 0.000000000000e+00 0.000000000000e+00 0.000000000000e+00 0.000000000000e+00 
1.000000000000e+01 6.917528025361e-03 1.551438989136e-02 1.681346209251e-03 1.030545078354e+05 1.100316216896e+05 1.000000000000e+05 7.339962651650e+03 5.398740217611e+02 1.800000000000e+06 0.000000000000e+00 -8.752000000000e-01 -8.752000000000e-01 0.000000000000e+00 0.000000000000e+00 0.000000000000e+00 -0.000000000000e+00 6.284341433098e-03 0.000000000000e+00 0.000000000000e+00 0.000000000000e+00 0.000000000000e+00 0.000000000000e+00 0.000000000000e+00 
