9.000000000000e+00 6.297320848563e-02 3.419071200838e+00 1.152837818177e-02 9.878502760740e+04 9.760069648947e+04 1.022878997787e+05 4.001106378875e+03 5.974284797619e+02 2.600000000000e+06 0.000000000000e+00 -8.752000000000e-01 -8.752000000000e-01 0.000000000000e+00 0.000000000000e+00 0.000000000000e+00 -0.000000000000e+00 1.455145053127e-01 0.000000000000e+00 0.000000000000e+00 0.000000000000e+00 0.000000000000e+00 0.000000000000e+00 0.000000000000e+00 
9.005000000000e+00 6.291578258843e-02 3.407698960452e+00 1.145751254599e-02 9.845151851805e+04 9.728053004066e+04 1.022692754007e+05 4.002033947470e+03 5.976714258637e+02 2.600000000000e+06 0.000000000000e+00 -8.752000000000e-01 -8.752000000000e-01 0.000000000000e+00 0.000000000000e+00 0.000000000000e+00 -0.000000000000e+00 1.453818143149e-01 0.000000000000e+00 0.000000000000e+00 0.000000000000e+00 0.000000000000e+00 0.000000000000e+00 0.000000000000e+00 
9.010000000000e+00 6.285871676816e-02 3.396438545620e+00 1.138478443258e-02 9.811975638708e+04 9.696164771254e+04 1.022509105239e+05 4.002956940500e+03 5.979146625951e+02 2.600000000000e+06 0.000000000000e+00 -8.752000000000e-01 -8.752000000000e-01 0.000000000000e+00 0.000000000000e+00 0.000000000000e+00 -0.000000000000e+00 1.452499561704e-01 0.000000000000e+00 0.000000000000e+00 0.000000000000e+00 0.000000000000e+00 0.000000000000e+00 0.000000000000e+00 
9.015000000000e+00 6.280201904801e-02 3.385279157544e+00 1.131065651841e-02 9.778975294443e+04 9.664410600044e+04 1.022328039785e+05 4.003875212290e+03 5.981581122582e+02 2.600000000000e+06 0.000000000000e+00 -8.752000000000e-01 -8.752000000000e-01 0.000000000000e+00 0.000000000000e+00 0.000000000000e+00 -0.000000000000e+00 1.451189493552e-01 0.000000000000e+00 0.000000000000e+00 0.000000000000e+00 0.000000000000e+00 0.000000000000e+00 0.000000000000e+00 
9.020000000000e+00 6.274569436441e-02 3.374210306371e+00 1.123559065223e-02 9.746150172419e+04 9.632794444380e+04 1.022149536054e+05 4.004788666785e+03 5.984017101829e+02 2.600000000000e+06 0.000000000000e+00 -8.752000000000e-01 -8.752000000000e-01 0.000000000000e+00 0.000000000000e+00 0.000000000000e+00 -0.000000000000e+00 1.449888064144e-01 0.000000000000e+00 0.000000000000e+00 0.000000000000e+00 0.000000000000e+00 0.000000000000e+00 0.000000000000e+00 
9.025000000000e+00 6.268974716673e-02 3.363221705834e+00 1.116007659249e-02 9.713499066326e+04 9.601320007007e+04 1.021973571093e+05 4.005697216085e+03 5.986453938533e+02 2.600000000000e+06 0.000000000000e+00 -8.752000000000e-01 -8.752000000000e-01 0.000000000000e+00 0.000000000000e+00 0.000000000000e+00 -0.000000000000e+00 1.448595348448e-01 0.000000000000e+00 0.000000000000e+00 0.000000000000e+00 0.000000000000e+00 0.000000000000e+00 0.000000000000e+00 
9.030000000000e+00 6.263417804943e-02 3.352303361435e+00 1.108451296074e-02 9.681019340426e+04 9.569988835156e+04 1.021800110176e+05 4.006600833321e+03 5.988891178108e+02 2.600000000000e+06 0.000000000000e+00 -8.752000000000e-01 -8.752000000000e-01 0.000000000000e+00 0.000000000000e+00 0.000000000000e+00 -0.000000000000e+00 1.447311371156e-01 0.000000000000e+00 0.000000000000e+00 0.000000000000e+00 0.000000000000e+00 0.000000000000e+00 0.000000000000e+00 
9.035000000000e+00 6.257898608757e-02 3.341445683612e+00 1.100926088286e-02 9.648707796959e+04 9.538801617434e+04 1.021629114462e+05 4.007499515894e+03 5.991328438860e+02 2.600000000000e+06 0.000000000000e+00 -8.752000000000e-01 -8.752000000000e-01 0.000000000000e+00 0.000000000000e+00 0.000000000000e+00 -0.000000000000e+00 1.446036113235e-01 0.000000000000e+00 0.000000000000e+00 0.000000000000e+00 0.000000000000e+00 0.000000000000e+00 0.000000000000e+00 
9.040000000000e+00 6.252416880086e-02 3.330639718043e+00 1.093467174564e-02 9.616560380876e+04 9.507758153971e+04 1.021460541048e+05 4.008393286706e+03 5.993765415750e+02 2.600000000000e+06 0.000000000000e+00 -8.752000000000e-01 -8.752000000000e-01 0.000000000000e+00 0.000000000000e+00 0.000000000000e+00 -0.000000000000e+00 1.444769515648e-01 0.000000000000e+00 0.000000000000e+00 0.000000000000e+00 0.000000000000e+00 0.000000000000e+00 0.000000000000e+00 
9.045000000000e+00 6.246972235732e-02 3.319877275457e+00 1.086100823781e-02 9.584573060107e+04 9.476857462439e+04 1.021294343754e+05 4.009282189616e+03 5.996201873387e+02 2.600000000000e+06 0.000000000000e+00 -8.752000000000e-01 -8.752000000000e-01 0.000000000000e+00 0.000000000000e+00 0.000000000000e+00 -0.000000000000e+00 1.443511485941e-01 0.000000000000e+00 0.000000000000e+00 0.000000000000e+00 0.000000000000e+00 0.000000000000e+00 0.000000000000e+00 
9.050000000000e+00 6.241564139532e-02 3.309150959646e+00 1.078849546130e-02 9.552741221555e+04 9.446097668523e+04 1.021130472712e+05 4.010166293379e+03 5.998637655839e+02 2.600000000000e+06 0.000000000000e+00 -8.752000000000e-01 -8.752000000000e-01 0.000000000000e+00 0.000000000000e+00 0.000000000000e+00 -0.000000000000e+00 1.442261898617e-01 0.000000000000e+00 0.000000000000e+00 0.000000000000e+00 0.000000000000e+00 0.000000000000e+00 0.000000000000e+00 
9.055000000000e+00 6.236192348046e-02 3.298464079962e+00 1.071498272454e-02 9.521085066391e+04 9.415478539735e+04 1.020968887873e+05 4.011045577856e+03 6.001072485944e+02 2.600000000000e+06 0.000000000000e+00 -8.752000000000e-01 -8.752000000000e-01 0.000000000000e+00 0.000000000000e+00 0.000000000000e+00 -0.000000000000e+00 1.441020698156e-01 0.000000000000e+00 0.000000000000e+00 0.000000000000e+00 0.000000000000e+00 0.000000000000e+00 0.000000000000e+00 
9.060000000000e+00 6.230862225688e-02 3.287944739198e+00 1.061758003820e-02 9.489860487050e+04 9.385031896886e+04 1.020809716812e+05 4.011918739462e+03 6.003503529232e+02 2.600000000000e+06 0.000000000000e+00 -8.752000000000e-01 -8.752000000000e-01 0.000000000000e+00 0.000000000000e+00 0.000000000000e+00 -0.000000000000e+00 1.439789130061e-01 0.000000000000e+00 0.000000000000e+00 0.000000000000e+00 0.000000000000e+00 0.000000000000e+00 0.000000000000e+00 
9.065000000000e+00 6.225609066520e-02 3.278323967307e+00 1.039826507329e-02 9.460237484788e+04 9.354961325433e+04 1.020653967270e+05 4.012778231738e+03 6.005914121163e+02 2.600000000000e+06 0.000000000000e+00 -8.752000000000e-01 -8.752000000000e-01 0.000000000000e+00 0.000000000000e+00 0.000000000000e+00 -0.000000000000e+00 1.438575395756e-01 0.000000000000e+00 0.000000000000e+00 0.000000000000e+00 0.000000000000e+00 0.000000000000e+00 0.000000000000e+00 
9.070000000000e+00 6.220556086450e-02 3.271945115430e+00 9.824216879460e-03 9.435239174538e+04 9.325976937718e+04 1.020505197847e+05 4.013599634579e+03 6.008246517740e+02 2.600000000000e+06 0.000000000000e+00 -8.752000000000e-01 -8.752000000000e-01 0.000000000000e+00 0.000000000000e+00 0.000000000000e+00 -0.000000000000e+00 1.437408208779e-01 0.000000000000e+00 0.000000000000e+00 0.000000000000e+00 0.000000000000e+00 0.000000000000e+00 0.000000000000e+00 
9.075000000000e+00 6.215964885743e-02 3.273314071994e+00 8.610976600185e-03 9.419246299794e+04 9.299590469431e+04 1.020370906985e+05 4.014334702938e+03 6.010377331566e+02 2.600000000000e+06 0.000000000000e+00 -8.752000000000e-01 -8.752000000000e-01 0.000000000000e+00 0.000000000000e+00 0.000000000000e+00 -0.000000000000e+00 1.436348373930e-01 0.000000000000e+00 0.000000000000e+00 0.000000000000e+00 0.000000000000e+00 0.000000000000e+00 0.000000000000e+00 
9.080000000000e+00 6.212255867306e-02 3.288961966976e+00 6.452415767602e-03 9.417829329160e+04 9.278238596010e+04 1.020263029953e+05 4.014908432540e+03 6.012106731226e+02 2.600000000000e+06 0.000000000000e+00 -8.752000000000e-01 -8.752000000000e-01 0.000000000000e+00 0.000000000000e+00 0.000000000000e+00 -0.000000000000e+00 1.435493589518e-01 0.000000000000e+00 0.000000000000e+00 0.000000000000e+00 0.000000000000e+00 0.000000000000e+00 0.000000000000e+00 
9.085000000000e+00 6.209932206924e-02 3.325642376990e+00 3.264062147515e-03 9.434895406667e+04 9.264845695557e+04 1.020195722789e+05 4.015235881973e+03 6.013193819844e+02 2.600000000000e+06 0.000000000000e+00 -8.752000000000e-01 -8.752000000000e-01 0.000000000000e+00 0.000000000000e+00 0.000000000000e+00 -0.000000000000e+00 1.434959357654e-01 0.000000000000e+00 0.000000000000e+00 0.000000000000e+00 0.000000000000e+00 0.000000000000e+00 0.000000000000e+00 
9.090000000000e+00 6.209518696028e-02 3.390245667983e+00 -1.075435370191e-03 9.474812566786e+04 9.262461031480e+04 1.020183767304e+05 4.015227937418e+03 6.013387567765e+02 2.600000000000e+06 0.000000000000e+00 -8.752000000000e-01 -8.752000000000e-01 0.000000000000e+00 0.000000000000e+00 0.000000000000e+00 -0.000000000000e+00 1.434865815051e-01 0.000000000000e+00 0.000000000000e+00 0.000000000000e+00 0.000000000000e+00 0.000000000000e+00 0.000000000000e+00 
9.095000000000e+00 6.211559282880e-02 3.488105996698e+00 -6.743775597770e-03 9.542550510519e+04 9.274224995863e+04 1.020242830358e+05 4.014791739368e+03 6.012432323687e+02 2.600000000000e+06 0.000000000000e+00 -8.752000000000e-01 -8.752000000000e-01 0.000000000000e+00 0.000000000000e+00 0.000000000000e+00 -0.000000000000e+00 1.435347010286e-01 0.000000000000e+00 0.000000000000e+00 0.000000000000e+00 0.000000000000e+00 0.000000000000e+00 0.000000000000e+00 
9.100000000000e+00 6.216726290792e-02 3.623933420764e+00 -1.349102418537e-02 9.639564998611e+04 9.303969760042e+04 1.020393119868e+05 4.013821688707e+03 6.010023197231e+02 2.600000000000e+06 0.000000000000e+00 -8.752000000000e-01 -8.752000000000e-01 0.000000000000e+00 0.000000000000e+00 0.000000000000e+00 -0.000000000000e+00 1.436553312673e-01 0.000000000000e+00 0.000000000000e+00 0.000000000000e+00 0.000000000000e+00 0.000000000000e+00 0.000000000000e+00 
9.105000000000e+00 6.225524671887e-02 3.799036454064e+00 -2.114307082140e-02 9.766898452296e+04 9.354477710707e+04 1.020651474135e+05 4.012240042959e+03 6.005952966884e+02 2.600000000000e+06 0.000000000000e+00 -8.752000000000e-01 -8.752000000000e-01 0.000000000000e+00 0.000000000000e+00 0.000000000000e+00 -0.000000000000e+00 1.438600585121e-01 0.000000000000e+00 0.000000000000e+00 0.000000000000e+00 0.000000000000e+00 0.000000000000e+00 0.000000000000e+00 
9.110000000000e+00 6.238330740582e-02 4.011620417404e+00 -2.940300730149e-02 9.923471683315e+04 9.427675216060e+04 1.021033070156e+05 4.009994504269e+03 6.000101399207e+02 2.600000000000e+06 0.000000000000e+00 -8.752000000000e-01 -8.752000000000e-01 0.000000000000e+00 0.000000000000e+00 0.000000000000e+00 -0.000000000000e+00 1.441573157205e-01 0.000000000000e+00 0.000000000000e+00 0.000000000000e+00 0.000000000000e+00 0.000000000000e+00 0.000000000000e+00 
9.115000000000e+00 6.255364810130e-02 4.257223628272e+00 -3.795650252717e-02 1.010697644250e+05 9.524460945198e+04 1.021551039701e+05 4.007061103529e+03 5.992452863842e+02 2.600000000000e+06 0.000000000000e+00 -8.752000000000e-01 -8.752000000000e-01 0.000000000000e+00 0.000000000000e+00 0.000000000000e+00 -0.000000000000e+00 1.445520966046e-01 0.000000000000e+00 0.000000000000e+00 0.000000000000e+00 0.000000000000e+00 0.000000000000e+00 0.000000000000e+00 
9.120000000000e+00 6.276696834001e-02 4.529001439880e+00 -4.650283882228e-02 1.031426241621e+05 9.644744265442e+04 1.022216797472e+05 4.003442616346e+03 5.983094981881e+02 2.600000000000e+06 0.000000000000e+00 -8.752000000000e-01 -8.752000000000e-01 0.000000000000e+00 0.000000000000e+00 0.000000000000e+00 -0.000000000000e+00 1.450459291628e-01 0.000000000000e+00 0.000000000000e+00 0.000000000000e+00 0.000000000000e+00 0.000000000000e+00 0.000000000000e+00 
9.125000000000e+00 6.302251502242e-02 4.818507197042e+00 -5.477120070081e-02 1.054159118008e+05 9.787501406392e+04 1.023040066506e+05 3.999166986718e+03 5.972213515390e+02 2.600000000000e+06 0.000000000000e+00 -8.752000000000e-01 -8.752000000000e-01 0.000000000000e+00 0.000000000000e+00 0.000000000000e+00 -0.000000000000e+00 1.456370047268e-01 0.000000000000e+00 0.000000000000e+00 0.000000000000e+00 0.000000000000e+00 0.000000000000e+00 0.000000000000e+00 
9.130000000000e+00 6.331831243705e-02 5.116464962139e+00 -6.253685582778e-02 1.078499592485e+05 9.950949527417e+04 1.024029188813e+05 3.994282567331e+03 5.960075738500e+02 2.600000000000e+06 0.000000000000e+00 -8.752000000000e-01 -8.752000000000e-01 0.000000000000e+00 0.000000000000e+00 0.000000000000e+00 -0.000000000000e+00 1.463206994957e-01 0.000000000000e+00 0.000000000000e+00 0.000000000000e+00 0.000000000000e+00 0.000000000000e+00 0.000000000000e+00 
9.135000000000e+00 6.365139957771e-02 5.413530559772e+00 -6.963667021823e-02 1.104062627860e+05 1.013273307964e+05 1.025191268896e+05 3.988853126767e+03 5.947011137030e+02 2.600000000000e+06 0.000000000000e+00 -8.752000000000e-01 -8.752000000000e-01 0.000000000000e+00 0.000000000000e+00 0.000000000000e+00 -0.000000000000e+00 1.470901459513e-01 0.000000000000e+00 0.000000000000e+00 0.000000000000e+00 0.000000000000e+00 0.000000000000e+00 0.000000000000e+00 
9.140000000000e+00 6.401799191227e-02 5.700857921475e+00 -7.593485112235e-02 1.130456383426e+05 1.033007054262e+05 1.026531905366e+05 3.982954879318e+03 5.933393494805e+02 2.600000000000e+06 0.000000000000e+00 -8.752000000000e-01 -8.752000000000e-01 0.000000000000e+00 0.000000000000e+00 0.000000000000e+00 -0.000000000000e+00 1.479365141024e-01 0.000000000000e+00 0.000000000000e+00 0.000000000000e+00 0.000000000000e+00 0.000000000000e+00 0.000000000000e+00 
9.145000000000e+00 6.441358909620e-02 5.970602383813e+00 -8.135313053624e-02 1.157320421281e+05 1.053987025535e+05 1.028054559326e+05 3.976673270442e+03 5.919623431946e+02 2.600000000000e+06 0.000000000000e+00 -8.752000000000e-01 -8.752000000000e-01 0.000000000000e+00 0.000000000000e+00 0.000000000000e+00 -0.000000000000e+00 1.488495679459e-01 0.000000000000e+00 0.000000000000e+00 0.000000000000e+00 0.000000000000e+00 0.000000000000e+00 0.000000000000e+00 
9.150000000000e+00 6.483345583146e-02 6.216461584605e+00 -8.585738783027e-02 1.184341035178e+05 1.075903455589e+05 1.029761304588e+05 3.970094806833e+03 5.906097935200e+02 2.600000000000e+06 0.000000000000e+00 -8.752000000000e-01 -8.752000000000e-01 0.000000000000e+00 0.000000000000e+00 0.000000000000e+00 -0.000000000000e+00 1.498188200737e-01 0.000000000000e+00 0.000000000000e+00 0.000000000000e+00 0.000000000000e+00 0.000000000000e+00 0.000000000000e+00 
9.155000000000e+00 6.527298791233e-02 6.433757514380e+00 -8.946044888270e-02 1.211272558293e+05 1.098467728471e+05 1.031653487309e+05 3.963300844987e+03 5.893188775240e+02 2.600000000000e+06 0.000000000000e+00 -8.752000000000e-01 -8.752000000000e-01 0.000000000000e+00 0.000000000000e+00 0.000000000000e+00 -0.000000000000e+00 1.508337433277e-01 0.000000000000e+00 0.000000000000e+00 0.000000000000e+00 0.000000000000e+00 0.000000000000e+00 0.000000000000e+00 
9.160000000000e+00 6.572765671518e-02 6.619419868677e+00 -9.212582442406e-02 1.237844874552e+05 1.121410484424e+05 1.033730861582e+05 3.956369804534e+03 5.881237284837e+02 2.600000000000e+06 0.000000000000e+00 -8.752000000000e-01 -8.752000000000e-01 0.000000000000e+00 0.000000000000e+00 0.000000000000e+00 -0.000000000000e+00 1.518838668625e-01 0.000000000000e+00 0.000000000000e+00 0.000000000000e+00 0.000000000000e+00 0.000000000000e+00 0.000000000000e+00 
9.165000000000e+00 6.619294860632e-02 6.771954555315e+00 -9.389491859709e-02 1.263874188156e+05 1.144479123994e+05 1.035990585050e+05 3.949375780485e+03 5.870548331229e+02 2.600000000000e+06 0.000000000000e+00 -8.752000000000e-01 -8.752000000000e-01 0.000000000000e+00 0.000000000000e+00 0.000000000000e+00 -0.000000000000e+00 1.529589608520e-01 0.000000000000e+00 0.000000000000e+00 0.000000000000e+00 0.000000000000e+00 0.000000000000e+00 0.000000000000e+00 
9.170000000000e+00 6.666442776089e-02 6.891377936668e+00 -9.477427246959e-02 1.289161846519e+05 1.167441045623e+05 1.038426727402e+05 3.942389315894e+03 5.861380868482e+02 2.600000000000e+06 0.000000000000e+00 -8.752000000000e-01 -8.752000000000e-01 0.000000000000e+00 0.000000000000e+00 0.000000000000e+00 -0.000000000000e+00 1.540484891081e-01 0.000000000000e+00 0.000000000000e+00 0.000000000000e+00 0.000000000000e+00 0.000000000000e+00 0.000000000000e+00 
9.175000000000e+00 6.713771998211e-02 6.978822215292e+00 -9.479354745984e-02 1.313543386170e+05 1.190082350821e+05 1.041029427796e+05 3.935476636444e+03 5.853941056731e+02 2.600000000000e+06 0.000000000000e+00 -8.752000000000e-01 -8.752000000000e-01 0.000000000000e+00 0.000000000000e+00 0.000000000000e+00 -0.000000000000e+00 1.551421677159e-01 0.000000000000e+00 0.000000000000e+00 0.000000000000e+00 0.000000000000e+00 0.000000000000e+00 0.000000000000e+00 
9.180000000000e+00 6.760864865416e-02 7.036383196813e+00 -9.399165077195e-02 1.336880086382e+05 1.212213345346e+05 1.043784948112e+05 3.928697930003e+03 5.848373967073e+02 2.600000000000e+06 0.000000000000e+00 -8.752000000000e-01 -8.752000000000e-01 0.000000000000e+00 0.000000000000e+00 0.000000000000e+00 -0.000000000000e+00 1.562303049301e-01 0.000000000000e+00 0.000000000000e+00 0.000000000000e+00 0.000000000000e+00 0.000000000000e+00 0.000000000000e+00 
9.185000000000e+00 6.807328471694e-02 7.066881597558e+00 -9.242053036643e-02 1.359061629411e+05 1.233669151889e+05 1.046675525097e+05 3.922106755374e+03 5.844759879123e+02 2.600000000000e+06 0.000000000000e+00 -8.752000000000e-01 -8.752000000000e-01 0.000000000000e+00 0.000000000000e+00 0.000000000000e+00 -0.000000000000e+00 1.573038063705e-01 0.000000000000e+00 0.000000000000e+00 0.000000000000e+00 0.000000000000e+00 0.000000000000e+00 0.000000000000e+00 
9.190000000000e+00 6.852796999507e-02 7.073570769458e+00 -9.013796567914e-02 1.379998020390e+05 1.254308733669e+05 1.049679270063e+05 3.915750094954e+03 5.843113230759e+02 2.600000000000e+06 0.000000000000e+00 -8.752000000000e-01 -8.752000000000e-01 0.000000000000e+00 0.000000000000e+00 0.000000000000e+00 -0.000000000000e+00 1.583542176560e-01 0.000000000000e+00 0.000000000000e+00 0.000000000000e+00 0.000000000000e+00 0.000000000000e+00 0.000000000000e+00 
9.195000000000e+00 6.896938633268e-02 7.059955951833e+00 -8.721854650543e-02 1.399629625668e+05 1.274015792618e+05 1.052770605894e+05 3.909667548466e+03 5.843383954451e+02 2.600000000000e+06 0.000000000000e+00 -8.752000000000e-01 -8.752000000000e-01 0.000000000000e+00 0.000000000000e+00 0.000000000000e+00 -0.000000000000e+00 1.593738793746e-01 0.000000000000e+00 0.000000000000e+00 0.000000000000e+00 0.000000000000e+00 0.000000000000e+00 0.000000000000e+00 
9.200000000000e+00 6.939458689623e-02 7.029533103782e+00 -8.373513759761e-02 1.417910707026e+05 1.292697764822e+05 1.055920762671e+05 3.903891597384e+03 5.845462162064e+02 2.600000000000e+06 0.000000000000e+00 -8.752000000000e-01 -8.752000000000e-01 0.000000000000e+00 0.000000000000e+00 0.000000000000e+00 -0.000000000000e+00 1.603559967621e-01 0.000000000000e+00 0.000000000000e+00 0.000000000000e+00 0.000000000000e+00 0.000000000000e+00 0.000000000000e+00 
9.205000000000e+00 6.980095309360e-02 6.985504265282e+00 -7.975796951333e-02 1.434805062684e+05 1.310281631671e+05 1.059097948258e+05 3.898448633409e+03 5.849184666418e+02 2.600000000000e+06 0.000000000000e+00 -8.752000000000e-01 -8.752000000000e-01 0.000000000000e+00 0.000000000000e+00 0.000000000000e+00 -0.000000000000e+00 1.612945138667e-01 0.000000000000e+00 0.000000000000e+00 0.000000000000e+00 0.000000000000e+00 0.000000000000e+00 0.000000000000e+00 
9.210000000000e+00 7.018624501440e-02 6.930754649150e+00 -7.536960702736e-02 1.450299747331e+05 1.326714042751e+05 1.062268391695e+05 3.893358464802e+03 5.854343576045e+02 2.600000000000e+06 0.000000000000e+00 -8.752000000000e-01 -8.752000000000e-01 0.000000000000e+00 0.000000000000e+00 0.000000000000e+00 -0.000000000000e+00 1.621842671126e-01 0.000000000000e+00 0.000000000000e+00 0.000000000000e+00 0.000000000000e+00 0.000000000000e+00 0.000000000000e+00 
9.215000000000e+00 7.054862624326e-02 6.867755803491e+00 -7.064328540699e-02 1.464387792650e+05 1.341960396211e+05 1.065397455413e+05 3.888634761188e+03 5.860697107194e+02 2.600000000000e+06 0.000000000000e+00 -8.752000000000e-01 -8.752000000000e-01 0.000000000000e+00 0.000000000000e+00 0.000000000000e+00 -0.000000000000e+00 1.630210465239e-01 0.000000000000e+00 0.000000000000e+00 0.000000000000e+00 0.000000000000e+00 0.000000000000e+00 0.000000000000e+00 
9.220000000000e+00 7.088662077411e-02 6.798516154417e+00 -6.565182820361e-02 1.477073356580e+05 1.356001287272e+05 1.068450318980e+05 3.884285919928e+03 5.867980421060e+02 2.600000000000e+06 0.000000000000e+00 -8.752000000000e-01 -8.752000000000e-01 0.000000000000e+00 0.000000000000e+00 0.000000000000e+00 -0.000000000000e+00 1.638014667457e-01 0.000000000000e+00 0.000000000000e+00 0.000000000000e+00 0.000000000000e+00 0.000000000000e+00 0.000000000000e+00 
9.225000000000e+00 7.119911316080e-02 6.724624041460e+00 -6.046746624922e-02 1.488371798388e+05 1.368831113041e+05 1.071393071321e+05 3.880315454679e+03 5.875917151807e+02 2.600000000000e+06 0.000000000000e+00 -8.752000000000e-01 -8.752000000000e-01 0.000000000000e+00 0.000000000000e+00 0.000000000000e+00 -0.000000000000e+00 1.645229740851e-01 0.000000000000e+00 0.000000000000e+00 0.000000000000e+00 0.000000000000e+00 0.000000000000e+00 0.000000000000e+00 
9.230000000000e+00 7.148533814682e-02 6.647265060772e+00 -5.515594832262e-02 1.498305015694e+05 1.380456493314e+05 1.074193745987e+05 3.876722572649e+03 5.884230677636e+02 2.600000000000e+06 0.000000000000e+00 -8.752000000000e-01 -8.752000000000e-01 0.000000000000e+00 0.000000000000e+00 0.000000000000e+00 -0.000000000000e+00 1.651838127299e-01 0.000000000000e+00 0.000000000000e+00 0.000000000000e+00 0.000000000000e+00 0.000000000000e+00 0.000000000000e+00 
9.235000000000e+00 7.174483385891e-02 6.567305368086e+00 -4.977613493617e-02 1.506899663150e+05 1.390893491536e+05 1.076822954055e+05 3.873503085769e+03 5.892653494331e+02 2.600000000000e+06 0.000000000000e+00 -8.752000000000e-01 -8.752000000000e-01 0.000000000000e+00 0.000000000000e+00 0.000000000000e+00 -0.000000000000e+00 1.657829057749e-01 0.000000000000e+00 0.000000000000e+00 0.000000000000e+00 0.000000000000e+00 0.000000000000e+00 0.000000000000e+00 
9.240000000000e+00 7.197738033004e-02 6.485300002116e+00 -4.437100109931e-02 1.514178004931e+05 1.400164565359e+05 1.079254217435e+05 3.870650560734e+03 5.900934302982e+02 2.600000000000e+06 0.000000000000e+00 -8.752000000000e-01 -8.752000000000e-01 0.000000000000e+00 0.000000000000e+00 0.000000000000e+00 -0.000000000000e+00 1.663197462188e-01 0.000000000000e+00 0.000000000000e+00 0.000000000000e+00 0.000000000000e+00 0.000000000000e+00 0.000000000000e+00 
9.245000000000e+00 7.218295691596e-02 6.401542233149e+00 -3.898011255377e-02 1.520166630124e+05 1.408296546649e+05 1.081464316581e+05 3.868156844445e+03 5.908843738589e+02 2.600000000000e+06 0.000000000000e+00 -8.752000000000e-01 -8.752000000000e-01 0.000000000000e+00 0.000000000000e+00 0.000000000000e+00 -0.000000000000e+00 1.667942905751e-01 0.000000000000e+00 0.000000000000e+00 0.000000000000e+00 0.000000000000e+00 0.000000000000e+00 0.000000000000e+00 
9.250000000000e+00 7.236174227485e-02 6.316201369206e+00 -3.363976626368e-02 1.524897363961e+05 1.415320481826e+05 1.083433948350e+05 3.866012189704e+03 5.916180143818e+02 2.600000000000e+06 0.000000000000e+00 -8.752000000000e-01 -8.752000000000e-01 0.000000000000e+00 0.000000000000e+00 0.000000000000e+00 -0.000000000000e+00 1.672069566017e-01 0.000000000000e+00 0.000000000000e+00 0.000000000000e+00 0.000000000000e+00 0.000000000000e+00 0.000000000000e+00 
9.255000000000e+00 7.251407397186e-02 6.229364956879e+00 -2.838155541392e-02 1.528404894511e+05 1.421269995721e+05 1.085147816055e+05 3.864205868882e+03 5.922772409261e+02 2.600000000000e+06 0.000000000000e+00 -8.752000000000e-01 -8.752000000000e-01 0.000000000000e+00 0.000000000000e+00 0.000000000000e+00 -0.000000000000e+00 1.675585282094e-01 0.000000000000e+00 0.000000000000e+00 0.000000000000e+00 0.000000000000e+00 0.000000000000e+00 0.000000000000e+00 
9.260000000000e+00 7.264044757272e-02 6.141137569571e+00 -2.323432219507e-02 1.530728909201e+05 1.426181318374e+05 1.086595000680e+05 3.862726205901e+03 5.928482931955e+02 2.600000000000e+06 0.000000000000e+00 -8.752000000000e-01 -8.752000000000e-01 0.000000000000e+00 0.000000000000e+00 0.000000000000e+00 -0.000000000000e+00 1.678501531259e-01 0.000000000000e+00 0.000000000000e+00 0.000000000000e+00 0.000000000000e+00 0.000000000000e+00 0.000000000000e+00 
9.265000000000e+00 7.274151677746e-02 6.051699671611e+00 -1.823370568104e-02 1.531922017806e+05 1.430093414075e+05 1.087769219910e+05 3.861560457133e+03 5.933209465441e+02 2.600000000000e+06 0.000000000000e+00 -8.752000000000e-01 -8.752000000000e-01 0.000000000000e+00 0.000000000000e+00 0.000000000000e+00 -0.000000000000e+00 1.680833401163e-01 0.000000000000e+00 0.000000000000e+00 0.000000000000e+00 0.000000000000e+00 0.000000000000e+00 0.000000000000e+00 
9.270000000000e+00 7.281809981499e-02 5.961392863988e+00 -1.340964208754e-02 1.532040846388e+05 1.433048408069e+05 1.088669031326e+05 3.860694904732e+03 5.936886110288e+02 2.600000000000e+06 0.000000000000e+00 -8.752000000000e-01 -8.752000000000e-01 0.000000000000e+00 0.000000000000e+00 0.000000000000e+00 -0.000000000000e+00 1.682599708703e-01 0.000000000000e+00 0.000000000000e+00 0.000000000000e+00 0.000000000000e+00 0.000000000000e+00 0.000000000000e+00 
9.275000000000e+00 7.287113012873e-02 5.870612587515e+00 -8.766768694126e-03 1.531128893109e+05 1.435089920132e+05 1.089297245909e+05 3.860115700043e+03 5.939480448469e+02 2.600000000000e+06 0.000000000000e+00 -8.752000000000e-01 -8.752000000000e-01 0.000000000000e+00 0.000000000000e+00 0.000000000000e+00 -0.000000000000e+00 1.683822183697e-01 0.000000000000e+00 0.000000000000e+00 0.000000000000e+00 0.000000000000e+00 0.000000000000e+00 0.000000000000e+00 
9.280000000000e+00 7.290153608626e-02 5.779687844697e+00 -4.334747394519e-03 1.529249462918e+05 1.436258734311e+05 1.089659352619e+05 3.859809533297e+03 5.940985919706e+02 2.600000000000e+06 0.000000000000e+00 -8.752000000000e-01 -8.752000000000e-01 0.000000000000e+00 0.000000000000e+00 0.000000000000e+00 -0.000000000000e+00 1.684522182523e-01 0.000000000000e+00 0.000000000000e+00 0.000000000000e+00 0.000000000000e+00 0.000000000000e+00 0.000000000000e+00 
9.285000000000e+00 7.291063808673e-02 5.689740286543e+00 -1.304564089899e-04 1.526476634673e+05 1.436608373605e+05 1.089768020401e+05 3.859759262354e+03 5.941439133550e+02 2.600000000000e+06 0.000000000000e+00 -8.752000000000e-01 -8.752000000000e-01 0.000000000000e+00 0.000000000000e+00 0.000000000000e+00 -0.000000000000e+00 1.684735212042e-01 0.000000000000e+00 0.000000000000e+00 0.000000000000e+00 0.000000000000e+00 0.000000000000e+00 0.000000000000e+00 
9.290000000000e+00 7.290038246356e-02 5.601765695190e+00 3.676571587023e-03 1.523034383892e+05 1.436214411641e+05 1.089645588584e+05 3.859938592169e+03 5.940928561672e+02 2.600000000000e+06 0.000000000000e+00 -8.752000000000e-01 -8.752000000000e-01 0.000000000000e+00 0.000000000000e+00 0.000000000000e+00 -0.000000000000e+00 1.684504399258e-01 0.000000000000e+00 0.000000000000e+00 0.000000000000e+00 0.000000000000e+00 0.000000000000e+00 0.000000000000e+00 
9.295000000000e+00 7.287176109287e-02 5.516648504308e+00 7.227425729842e-03 1.518861047550e+05 1.435114187357e+05 1.089304745948e+05 3.860337797411e+03 5.939511555818e+02 2.600000000000e+06 0.000000000000e+00 -8.752000000000e-01 -8.752000000000e-01 0.000000000000e+00 0.000000000000e+00 0.000000000000e+00 -0.000000000000e+00 1.683846745042e-01 0.000000000000e+00 0.000000000000e+00 0.000000000000e+00 0.000000000000e+00 0.000000000000e+00 0.000000000000e+00 
9.300000000000e+00 7.282622955496e-02 5.435100482013e+00 1.045466709780e-02 1.514079520071e+05 1.433361627968e+05 1.088765065243e+05 3.860938914567e+03 5.937281253629e+02 2.600000000000e+06 0.000000000000e+00 -8.752000000000e-01 -8.752000000000e-01 0.000000000000e+00 0.000000000000e+00 0.000000000000e+00 -0.000000000000e+00 1.682797637253e-01 0.000000000000e+00 0.000000000000e+00 0.000000000000e+00 0.000000000000e+00 0.000000000000e+00 0.000000000000e+00 
9.305000000000e+00 7.276555701067e-02 5.357902017733e+00 1.332112152537e-02 1.508806252576e+05 1.431021881255e+05 1.088050740533e+05 3.861720855948e+03 5.934354731304e+02 2.600000000000e+06 0.000000000000e+00 -8.752000000000e-01 -8.752000000000e-01 0.000000000000e+00 0.000000000000e+00 0.000000000000e+00 -0.000000000000e+00 1.681398476851e-01 0.000000000000e+00 0.000000000000e+00 0.000000000000e+00 0.000000000000e+00 0.000000000000e+00 0.000000000000e+00 
9.310000000000e+00 7.269156376271e-02 5.285860975693e+00 1.583038125012e-02 1.503129768379e+05 1.428161629076e+05 1.087186986469e+05 3.862662616435e+03 5.930855592747e+02 2.600000000000e+06 0.000000000000e+00 -8.752000000000e-01 -8.752000000000e-01 0.000000000000e+00 0.000000000000e+00 0.000000000000e+00 -0.000000000000e+00 1.679691284601e-01 0.000000000000e+00 0.000000000000e+00 0.000000000000e+00 0.000000000000e+00 0.000000000000e+00 0.000000000000e+00 
9.315000000000e+00 7.260600925640e-02 5.219476726997e+00 1.799815186015e-02 1.497126803481e+05 1.424845106193e+05 1.086198322699e+05 3.863744115952e+03 5.926904871094e+02 2.600000000000e+06 0.000000000000e+00 -8.752000000000e-01 -8.752000000000e-01 0.000000000000e+00 0.000000000000e+00 0.000000000000e+00 -0.000000000000e+00 1.677716421218e-01 0.000000000000e+00 0.000000000000e+00 0.000000000000e+00 0.000000000000e+00 0.000000000000e+00 0.000000000000e+00 
9.320000000000e+00 7.251055499433e-02 5.159003062855e+00 1.984282000676e-02 1.490867493584e+05 1.421132920410e+05 1.085107849197e+05 3.864946434221e+03 5.922616544329e+02 2.600000000000e+06 0.000000000000e+00 -8.752000000000e-01 -8.752000000000e-01 0.000000000000e+00 0.000000000000e+00 0.000000000000e+00 -0.000000000000e+00 1.675512286200e-01 0.000000000000e+00 0.000000000000e+00 0.000000000000e+00 0.000000000000e+00 0.000000000000e+00 0.000000000000e+00 
9.325000000000e+00 7.240677250752e-02 5.104491317840e+00 2.137930633283e-02 1.484420384688e+05 1.417082550879e+05 1.083937131044e+05 3.866251563654e+03 5.918095941536e+02 2.600000000000e+06 0.000000000000e+00 -8.752000000000e-01 -8.752000000000e-01 0.000000000000e+00 0.000000000000e+00 0.000000000000e+00 -0.000000000000e+00 1.673115336625e-01 0.000000000000e+00 0.000000000000e+00 0.000000000000e+00 0.000000000000e+00 0.000000000000e+00 0.000000000000e+00 
9.330000000000e+00 7.229615013777e-02 5.055830281378e+00 2.262730829596e-02 1.477846279719e+05 1.412748754861e+05 1.082706132363e+05 3.867642401565e+03 5.913438662948e+02 2.600000000000e+06 0.000000000000e+00 -8.752000000000e-01 -8.752000000000e-01 0.000000000000e+00 0.000000000000e+00 0.000000000000e+00 -0.000000000000e+00 1.670560069772e-01 0.000000000000e+00 0.000000000000e+00 0.000000000000e+00 0.000000000000e+00 0.000000000000e+00 0.000000000000e+00 
9.335000000000e+00 7.218006995623e-02 5.012765503789e+00 2.360751950448e-02 1.471199892468e+05 1.408182759505e+05 1.081432877636e+05 3.869102955859e+03 5.908728787783e+02 2.600000000000e+06 0.000000000000e+00 -8.752000000000e-01 -8.752000000000e-01 0.000000000000e+00 0.000000000000e+00 0.000000000000e+00 -0.000000000000e+00 1.667878501590e-01 0.000000000000e+00 0.000000000000e+00 0.000000000000e+00 0.000000000000e+00 0.000000000000e+00 0.000000000000e+00 
9.340000000000e+00 7.205981075280e-02 4.974957127376e+00 2.434023553046e-02 1.464531016195e+05 1.403432424050e+05 1.080133464829e+05 3.870618278979e+03 5.904038752999e+02 2.600000000000e+06 0.000000000000e+00 -8.752000000000e-01 -8.752000000000e-01 0.000000000000e+00 0.000000000000e+00 0.000000000000e+00 -0.000000000000e+00 1.665100240541e-01 0.000000000000e+00 0.000000000000e+00 0.000000000000e+00 0.000000000000e+00 0.000000000000e+00 0.000000000000e+00 
9.345000000000e+00 7.193655674431e-02 4.942028801378e+00 2.484500990935e-02 1.457885194899e+05 1.398542597392e+05 1.078822177134e+05 3.872174355807e+03 5.899429799252e+02 2.600000000000e+06 0.000000000000e+00 -8.752000000000e-01 -8.752000000000e-01 0.000000000000e+00 0.000000000000e+00 0.000000000000e+00 -0.000000000000e+00 1.662252669326e-01 0.000000000000e+00 0.000000000000e+00 0.000000000000e+00 0.000000000000e+00 0.000000000000e+00 0.000000000000e+00 
9.350000000000e+00 7.181138794835e-02 4.913581680275e+00 2.514304838238e-02 1.451301332326e+05 1.393554723375e+05 1.077511427234e+05 3.873758270022e+03 5.894951994197e+02 2.600000000000e+06 0.000000000000e+00 -8.752000000000e-01 -8.752000000000e-01 0.000000000000e+00 0.000000000000e+00 0.000000000000e+00 -0.000000000000e+00 1.659360740301e-01 0.000000000000e+00 0.000000000000e+00 0.000000000000e+00 0.000000000000e+00 0.000000000000e+00 0.000000000000e+00 
9.355000000000e+00 7.168527427558e-02 4.889212600932e+00 2.525664859689e-02 1.444811798623e+05 1.388506560876e+05 1.076211772698e+05 3.875358290816e+03 5.890644703182e+02 2.600000000000e+06 0.000000000000e+00 -8.752000000000e-01 -8.752000000000e-01 0.000000000000e+00 0.000000000000e+00 0.000000000000e+00 -0.000000000000e+00 1.656446923945e-01 0.000000000000e+00 0.000000000000e+00 0.000000000000e+00 0.000000000000e+00 0.000000000000e+00 0.000000000000e+00 
9.360000000000e+00 7.155906943241e-02 4.868506260270e+00 2.520815418237e-02 1.438442924188e+05 1.383431869977e+05 1.074931951480e+05 3.876963962224e+03 5.886537275851e+02 2.600000000000e+06 0.000000000000e+00 -8.752000000000e-01 -8.752000000000e-01 0.000000000000e+00 0.000000000000e+00 0.000000000000e+00 -0.000000000000e+00 1.653530992940e-01 0.000000000000e+00 0.000000000000e+00 0.000000000000e+00 0.000000000000e+00 0.000000000000e+00 0.000000000000e+00 
9.365000000000e+00 7.143352587056e-02 4.851069371490e+00 2.501701404849e-02 1.432218080902e+05 1.378360928079e+05 1.073679141234e+05 3.878565900461e+03 5.882650530352e+02 2.600000000000e+06 0.000000000000e+00 -8.752000000000e-01 -8.752000000000e-01 0.000000000000e+00 0.000000000000e+00 0.000000000000e+00 -0.000000000000e+00 1.650630363078e-01 0.000000000000e+00 0.000000000000e+00 0.000000000000e+00 0.000000000000e+00 0.000000000000e+00 0.000000000000e+00 
9.370000000000e+00 7.130929967928e-02 4.836534602019e+00 2.470217816721e-02 1.426156053910e+05 1.373320642194e+05 1.072459110482e+05 3.880155796260e+03 5.878997862749e+02 2.600000000000e+06 0.000000000000e+00 -8.752000000000e-01 -8.752000000000e-01 0.000000000000e+00 0.000000000000e+00 0.000000000000e+00 -0.000000000000e+00 1.647760210745e-01 0.000000000000e+00 0.000000000000e+00 0.000000000000e+00 0.000000000000e+00 0.000000000000e+00 0.000000000000e+00 
9.375000000000e+00 7.118696400554e-02 4.824580609060e+00 2.427928283898e-02 1.420273968425e+05 1.368335007318e+05 1.071276447585e+05 3.881726230039e+03 5.875586561313e+02 2.600000000000e+06 0.000000000000e+00 -8.752000000000e-01 -8.752000000000e-01 0.000000000000e+00 0.000000000000e+00 0.000000000000e+00 -0.000000000000e+00 1.644933790398e-01 0.000000000000e+00 0.000000000000e+00 0.000000000000e+00 0.000000000000e+00 0.000000000000e+00 0.000000000000e+00 
9.380000000000e+00 7.106701962166e-02 4.814936026901e+00 2.376171665553e-02 1.414587008359e+05 1.363425457526e+05 1.070134748653e+05 3.883270577182e+03 5.872418920138e+02 2.600000000000e+06 0.000000000000e+00 -8.752000000000e-01 -8.752000000000e-01 0.000000000000e+00 0.000000000000e+00 0.000000000000e+00 -0.000000000000e+00 1.642162673602e-01 0.000000000000e+00 0.000000000000e+00 0.000000000000e+00 0.000000000000e+00 0.000000000000e+00 0.000000000000e+00 
9.385000000000e+00 7.094989983379e-02 4.807368651189e+00 2.316413404457e-02 1.409105874201e+05 1.358610992496e+05 1.069036740322e+05 3.884783020166e+03 5.869493102253e+02 2.600000000000e+06 0.000000000000e+00 -8.752000000000e-01 -8.752000000000e-01 0.000000000000e+00 0.000000000000e+00 0.000000000000e+00 -0.000000000000e+00 1.639456853507e-01 0.000000000000e+00 0.000000000000e+00 0.000000000000e+00 0.000000000000e+00 0.000000000000e+00 0.000000000000e+00 
9.390000000000e+00 7.083596006095e-02 4.801654155930e+00 2.250208592138e-02 1.403836533403e+05 1.353907673965e+05 1.067984253768e+05 3.886258701760e+03 5.866803579130e+02 2.600000000000e+06 0.000000000000e+00 -8.752000000000e-01 -8.752000000000e-01 0.000000000000e+00 0.000000000000e+00 0.000000000000e+00 -0.000000000000e+00 1.636824535375e-01 0.000000000000e+00 0.000000000000e+00 0.000000000000e+00 0.000000000000e+00 0.000000000000e+00 0.000000000000e+00 
9.395000000000e+00 7.072548025917e-02 4.797566367974e+00 2.179071291824e-02 1.398781381435e+05 1.349328645638e+05 1.066978318116e+05 3.887693697774e+03 5.864341889424e+02 2.600000000000e+06 0.000000000000e+00 -8.752000000000e-01 -8.752000000000e-01 0.000000000000e+00 0.000000000000e+00 0.000000000000e+00 -0.000000000000e+00 1.634272155143e-01 0.000000000000e+00 0.000000000000e+00 0.000000000000e+00 0.000000000000e+00 0.000000000000e+00 0.000000000000e+00 
9.400000000000e+00 7.061864388124e-02 4.794824461950e+00 2.105200679486e-02 1.393932314707e+05 1.344883179648e+05 1.066019036393e+05 3.889085424142e+03 5.862096844672e+02 2.600000000000e+06 0.000000000000e+00 -8.752000000000e-01 -8.752000000000e-01 0.000000000000e+00 0.000000000000e+00 0.000000000000e+00 -0.000000000000e+00 1.631803926776e-01 0.000000000000e+00 0.000000000000e+00 0.000000000000e+00 0.000000000000e+00 0.000000000000e+00 0.000000000000e+00 
9.405000000000e+00 7.051552144808e-02 4.793071915169e+00 2.031049409556e-02 1.389273310595e+05 1.340575899863e+05 1.065105510263e+05 3.890432814706e+03 5.860054913233e+02 2.600000000000e+06 0.000000000000e+00 -8.752000000000e-01 -8.752000000000e-01 0.000000000000e+00 0.000000000000e+00 0.000000000000e+00 -0.000000000000e+00 1.629421482494e-01 0.000000000000e+00 0.000000000000e+00 0.000000000000e+00 0.000000000000e+00 0.000000000000e+00 0.000000000000e+00 
9.410000000000e+00 7.041602688405e-02 4.791789791457e+00 1.960321766612e-02 1.384770089574e+05 1.336404852578e+05 1.064235530638e+05 3.891737074888e+03 5.858200143735e+02 2.600000000000e+06 0.000000000000e+00 -8.752000000000e-01 -8.752000000000e-01 0.000000000000e+00 0.000000000000e+00 0.000000000000e+00 -0.000000000000e+00 1.627122831676e-01 0.000000000000e+00 0.000000000000e+00 0.000000000000e+00 0.000000000000e+00 0.000000000000e+00 0.000000000000e+00 
9.415000000000e+00 7.031984772173e-02 4.790194945278e+00 1.898136407160e-02 1.380365114494e+05 1.332358445501e+05 1.063405062457e+05 3.893002665807e+03 5.856513837453e+02 2.600000000000e+06 0.000000000000e+00 -8.752000000000e-01 -8.752000000000e-01 0.000000000000e+00 0.000000000000e+00 0.000000000000e+00 -0.000000000000e+00 1.624900751636e-01 0.000000000000e+00 0.000000000000e+00 0.000000000000e+00 0.000000000000e+00 0.000000000000e+00 0.000000000000e+00 
9.420000000000e+00 7.022636738068e-02 4.787140907848e+00 1.851480820713e-02 1.375969789812e+05 1.328412002345e+05 1.062607693461e+05 3.894238450465e+03 5.854974417957e+02 2.600000000000e+06 0.000000000000e+00 -8.752000000000e-01 -8.752000000000e-01 0.000000000000e+00 0.000000000000e+00 0.000000000000e+00 -0.000000000000e+00 1.622740985572e-01 0.000000000000e+00 0.000000000000e+00 0.000000000000e+00 0.000000000000e+00 0.000000000000e+00 0.000000000000e+00 
9.425000000000e+00 7.013454732514e-02 4.780985681279e+00 1.829688551195e-02 1.371454358671e+05 1.324522561235e+05 1.061833779935e+05 3.895459393325e+03 5.853557047390e+02 2.600000000000e+06 0.000000000000e+00 -8.752000000000e-01 -8.752000000000e-01 0.000000000000e+00 0.000000000000e+00 0.000000000000e+00 -0.000000000000e+00 1.620619483517e-01 0.000000000000e+00 0.000000000000e+00 0.000000000000e+00 0.000000000000e+00 0.000000000000e+00 0.000000000000e+00 
9.430000000000e+00 7.004288772337e-02 4.769570636642e+00 1.842403194384e-02 1.366662221246e+05 1.320626921453e+05 1.061070301768e+05 3.896686854193e+03 5.852234950887e+02 2.600000000000e+06 0.000000000000e+00 -8.752000000000e-01 -8.752000000000e-01 0.000000000000e+00 0.000000000000e+00 0.000000000000e+00 -0.000000000000e+00 1.618501224830e-01 0.000000000000e+00 0.000000000000e+00 0.000000000000e+00 0.000000000000e+00 0.000000000000e+00 0.000000000000e+00 
9.435000000000e+00 6.994941408732e-02 4.750365492724e+00 1.898988201177e-02 1.361413868092e+05 1.316640752378e+05 1.060300954753e+05 3.897948761185e+03 5.850981341562e+02 2.600000000000e+06 0.000000000000e+00 -8.752000000000e-01 -8.752000000000e-01 0.000000000000e+00 0.000000000000e+00 0.000000000000e+00 -0.000000000000e+00 1.616340184436e-01 0.000000000000e+00 0.000000000000e+00 0.000000000000e+00 0.000000000000e+00 0.000000000000e+00 0.000000000000e+00 
9.440000000000e+00 6.985178007530e-02 4.720806322282e+00 2.004414341158e-02 1.355545560058e+05 1.312462618492e+05 1.059507214756e+05 3.899277701204e+03 5.849773080389e+02 2.600000000000e+06 0.000000000000e+00 -8.752000000000e-01 -8.752000000000e-01 0.000000000000e+00 0.000000000000e+00 0.000000000000e+00 -0.000000000000e+00 1.614082040444e-01 0.000000000000e+00 0.000000000000e+00 0.000000000000e+00 0.000000000000e+00 0.000000000000e+00 0.000000000000e+00 
9.445000000000e+00 6.974757374442e-02 4.678935614753e+00 2.156548387663e-02 1.348947285002e+05 1.307986755602e+05 1.058671013231e+05 3.900706467922e+03 5.848596434389e+02 2.600000000000e+06 0.000000000000e+00 -8.752000000000e-01 -8.752000000000e-01 0.000000000000e+00 0.000000000000e+00 0.000000000000e+00 -0.000000000000e+00 1.611671189573e-01 0.000000000000e+00 0.000000000000e+00 0.000000000000e+00 0.000000000000e+00 0.000000000000e+00 0.000000000000e+00 
9.450000000000e+00 6.963471369095e-02 4.624053572355e+00 2.344662881288e-02 1.341595707629e+05 1.303119914201e+05 1.057777983704e+05 3.902262521338e+03 5.847452320894e+02 2.600000000000e+06 0.000000000000e+00 -8.752000000000e-01 -8.752000000000e-01 0.000000000000e+00 0.000000000000e+00 0.000000000000e+00 -0.000000000000e+00 1.609059944575e-01 0.000000000000e+00 0.000000000000e+00 0.000000000000e+00 0.000000000000e+00 0.000000000000e+00 0.000000000000e+00 
9.455000000000e+00 6.951188986942e-02 4.557270166122e+00 2.549814690834e-02 1.333574568488e+05 1.297800496779e+05 1.056820812412e+05 3.903962024047e+03 5.846359441467e+02 2.600000000000e+06 0.000000000000e+00 -8.752000000000e-01 -8.752000000000e-01 0.000000000000e+00 0.000000000000e+00 0.000000000000e+00 -0.000000000000e+00 1.606218577953e-01 0.000000000000e+00 0.000000000000e+00 0.000000000000e+00 0.000000000000e+00 0.000000000000e+00 0.000000000000e+00 
9.460000000000e+00 6.937890338294e-02 4.481740890855e+00 2.748067053793e-02 1.325066905917e+05 1.292013858158e+05 1.055801458161e+05 3.905805540874e+03 5.845352952335e+02 2.600000000000e+06 0.000000000000e+00 -8.752000000000e-01 -8.752000000000e-01 0.000000000000e+00 0.000000000000e+00 0.000000000000e+00 -0.000000000000e+00 1.603143104008e-01 0.000000000000e+00 0.000000000000e+00 0.000000000000e+00 0.000000000000e+00 0.000000000000e+00 0.000000000000e+00 
9.465000000000e+00 6.923673587796e-02 4.402275328841e+00 2.916321799285e-02 1.316311753270e+05 1.285796385649e+05 1.054730979221e+05 3.907777692053e+03 5.844477718360e+02 2.600000000000e+06 0.000000000000e+00 -8.752000000000e-01 -8.752000000000e-01 0.000000000000e+00 0.000000000000e+00 0.000000000000e+00 -0.000000000000e+00 1.599856739906e-01 0.000000000000e+00 0.000000000000e+00 0.000000000000e+00 0.000000000000e+00 0.000000000000e+00 0.000000000000e+00 
9.470000000000e+00 6.908748778452e-02 4.324723789868e+00 3.033040942195e-02 1.307595950049e+05 1.279234171833e+05 1.053628217780e+05 3.909847754917e+03 5.843779064401e+02 2.600000000000e+06 0.000000000000e+00 -8.752000000000e-01 -8.752000000000e-01 0.000000000000e+00 0.000000000000e+00 0.000000000000e+00 -0.000000000000e+00 1.596408151556e-01 0.000000000000e+00 0.000000000000e+00 0.000000000000e+00 0.000000000000e+00 0.000000000000e+00 0.000000000000e+00 
9.475000000000e+00 6.893416632073e-02 4.255266966933e+00 3.084196390712e-02 1.299194207529e+05 1.272455170797e+05 1.052517386313e+05 3.911973131079e+03 5.843292840983e+02 2.600000000000e+06 0.000000000000e+00 -8.752000000000e-01 -8.752000000000e-01 0.000000000000e+00 0.000000000000e+00 0.000000000000e+00 -0.000000000000e+00 1.592867043626e-01 0.000000000000e+00 0.000000000000e+00 0.000000000000e+00 0.000000000000e+00 0.000000000000e+00 0.000000000000e+00 
9.480000000000e+00 6.878025233101e-02 4.199250677950e+00 3.064814886666e-02 1.291333182656e+05 1.265611272946e+05 1.051424297814e+05 3.914105295050e+03 5.843037266333e+02 2.600000000000e+06 0.000000000000e+00 -8.752000000000e-01 -8.752000000000e-01 0.000000000000e+00 0.000000000000e+00 0.000000000000e+00 -0.000000000000e+00 1.589313132933e-01 0.000000000000e+00 0.000000000000e+00 0.000000000000e+00 0.000000000000e+00 0.000000000000e+00 0.000000000000e+00 
9.485000000000e+00 6.862930992874e-02 4.160589744397e+00 2.978758557932e-02 1.284171774274e+05 1.258861572842e+05 1.050373355903e+05 3.916195067156e+03 5.843009573010e+02 2.600000000000e+06 0.000000000000e+00 -8.752000000000e-01 -8.752000000000e-01 0.000000000000e+00 0.000000000000e+00 0.000000000000e+00 -0.000000000000e+00 1.585828122657e-01 0.000000000000e+00 0.000000000000e+00 0.000000000000e+00 0.000000000000e+00 0.000000000000e+00 0.000000000000e+00 
9.490000000000e+00 6.848454670882e-02 4.141341016734e+00 2.833961517953e-02 1.277816809870e+05 1.252352640125e+05 1.049384652829e+05 3.918198062876e+03 5.843187418643e+02 2.600000000000e+06 0.000000000000e+00 -8.752000000000e-01 -8.752000000000e-01 0.000000000000e+00 0.000000000000e+00 0.000000000000e+00 -0.000000000000e+00 1.582485704653e-01 0.000000000000e+00 0.000000000000e+00 0.000000000000e+00 0.000000000000e+00 0.000000000000e+00 0.000000000000e+00 
9.495000000000e+00 6.834855683503e-02 4.141612162739e+00 2.642339881790e-02 1.272309292234e+05 1.246206253749e+05 1.048472706154e+05 3.920078475351e+03 5.843534260417e+02 2.600000000000e+06 0.000000000000e+00 -8.752000000000e-01 -8.752000000000e-01 0.000000000000e+00 0.000000000000e+00 0.000000000000e+00 -0.000000000000e+00 1.579345892144e-01 0.000000000000e+00 0.000000000000e+00 0.000000000000e+00 0.000000000000e+00 0.000000000000e+00 0.000000000000e+00 
9.500000000000e+00 6.822325452587e-02 4.159842707139e+00 2.417256187925e-02 1.267641441140e+05 1.240515358966e+05 1.047646627920e+05 3.921809880287e+03 5.844005989099e+02 2.600000000000e+06 0.000000000000e+00 -8.752000000000e-01 -8.752000000000e-01 0.000000000000e+00 0.000000000000e+00 0.000000000000e+00 -0.000000000000e+00 1.576453016517e-01 0.000000000000e+00 0.000000000000e+00 0.000000000000e+00 0.000000000000e+00 0.000000000000e+00 0.000000000000e+00 
9.505000000000e+00 6.810992400857e-02 4.193287317807e+00 2.170698548046e-02 1.263782828378e+05 1.235345288511e+05 1.046911023407e+05 3.923374342057e+03 5.844556802686e+02 2.600000000000e+06 0.000000000000e+00 -8.752000000000e-01 -8.752000000000e-01 0.000000000000e+00 0.000000000000e+00 0.000000000000e+00 -0.000000000000e+00 1.573836731358e-01 0.000000000000e+00 0.000000000000e+00 0.000000000000e+00 0.000000000000e+00 0.000000000000e+00 0.000000000000e+00 
9.510000000000e+00 6.800926492083e-02 4.238451758962e+00 1.914202680729e-02 1.260674889941e+05 1.230734939421e+05 1.046266735555e+05 3.924762117726e+03 5.845143831269e+02 2.600000000000e+06 0.000000000000e+00 -8.752000000000e-01 -8.752000000000e-01 0.000000000000e+00 0.000000000000e+00 0.000000000000e+00 -0.000000000000e+00 1.571513451231e-01 0.000000000000e+00 0.000000000000e+00 0.000000000000e+00 0.000000000000e+00 0.000000000000e+00 0.000000000000e+00 
9.515000000000e+00 6.792143015407e-02 4.291519265740e+00 1.658258660546e-02 1.258238004732e+05 1.226697797702e+05 1.045711416488e+05 3.925971181472e+03 5.845730509045e+02 2.600000000000e+06 0.000000000000e+00 -8.752000000000e-01 -8.752000000000e-01 0.000000000000e+00 0.000000000000e+00 0.000000000000e+00 -0.000000000000e+00 1.569486533479e-01 0.000000000000e+00 0.000000000000e+00 0.000000000000e+00 0.000000000000e+00 0.000000000000e+00 0.000000000000e+00 
9.520000000000e+00 6.784607990232e-02 4.348652818918e+00 1.412073381890e-02 1.256376540653e+05 1.223223913655e+05 1.045240085693e+05 3.927006523315e+03 5.846288610082e+02 2.600000000000e+06 0.000000000000e+00 -8.752000000000e-01 -8.752000000000e-01 0.000000000000e+00 0.000000000000e+00 0.000000000000e+00 -0.000000000000e+00 1.567747855882e-01 0.000000000000e+00 0.000000000000e+00 0.000000000000e+00 0.000000000000e+00 0.000000000000e+00 0.000000000000e+00 
9.525000000000e+00 6.778248524343e-02 4.406281998587e+00 1.182941439522e-02 1.254989941102e+05 1.220284377746e+05 1.044845888702e+05 3.927878630069e+03 5.846798739205e+02 2.600000000000e+06 0.000000000000e+00 -8.752000000000e-01 -8.752000000000e-01 0.000000000000e+00 0.000000000000e+00 0.000000000000e+00 -0.000000000000e+00 1.566280456905e-01 0.000000000000e+00 0.000000000000e+00 0.000000000000e+00 0.000000000000e+00 0.000000000000e+00 0.000000000000e+00 
9.530000000000e+00 6.772962122304e-02 4.461346584477e+00 9.762083091457e-03 1.253978230558e+05 1.217835517165e+05 1.044520695055e+05 3.928602163734e+03 5.847249863837e+02 2.600000000000e+06 0.000000000000e+00 -8.752000000000e-01 -8.752000000000e-01 0.000000000000e+00 0.000000000000e+00 0.000000000000e+00 -0.000000000000e+00 1.565061381599e-01 0.000000000000e+00 0.000000000000e+00 0.000000000000e+00 0.000000000000e+00 0.000000000000e+00 0.000000000000e+00 
9.535000000000e+00 6.768630397625e-02 4.511453536303e+00 7.940426737105e-03 1.253260037485e+05 1.215825284740e+05 1.044255901471e+05 3.929193790472e+03 5.847637744974e+02 2.600000000000e+06 0.000000000000e+00 -8.752000000000e-01 -8.752000000000e-01 0.000000000000e+00 0.000000000000e+00 0.000000000000e+00 -0.000000000000e+00 1.564064005242e-01 0.000000000000e+00 0.000000000000e+00 0.000000000000e+00 0.000000000000e+00 0.000000000000e+00 0.000000000000e+00 
9.540000000000e+00 6.765126943388e-02 4.554857894985e+00 6.390144175146e-03 1.252746220601e+05 1.214197043020e+05 1.044042835426e+05 3.929671582504e+03 5.847963416203e+02 2.600000000000e+06 0.000000000000e+00 -8.752000000000e-01 -8.752000000000e-01 0.000000000000e+00 0.000000000000e+00 0.000000000000e+00 -0.000000000000e+00 1.563257895596e-01 0.000000000000e+00 0.000000000000e+00 0.000000000000e+00 0.000000000000e+00 0.000000000000e+00 0.000000000000e+00 
9.545000000000e+00 6.762318207461e-02 4.590442105650e+00 5.122902933330e-03 1.252355909476e+05 1.212890129854e+05 1.043872724296e+05 3.930054570369e+03 5.848232204316e+02 2.600000000000e+06 0.000000000000e+00 -8.752000000000e-01 -8.752000000000e-01 0.000000000000e+00 0.000000000000e+00 0.000000000000e+00 -0.000000000000e+00 1.562611627597e-01 0.000000000000e+00 0.000000000000e+00 0.000000000000e+00 0.000000000000e+00 0.000000000000e+00 0.000000000000e+00 
9.550000000000e+00 6.760071002655e-02 4.617704215291e+00 4.130816278461e-03 1.252025299883e+05 1.211843507913e+05 1.043737072458e+05 3.930361541976e+03 5.848452173670e+02 2.600000000000e+06 0.000000000000e+00 -8.752000000000e-01 -8.752000000000e-01 0.000000000000e+00 0.000000000000e+00 0.000000000000e+00 -0.000000000000e+00 1.562094355970e-01 0.000000000000e+00 0.000000000000e+00 0.000000000000e+00 0.000000000000e+00 0.000000000000e+00 0.000000000000e+00 
9.555000000000e+00 6.758247348220e-02 4.636638719966e+00 3.410048118087e-03 1.251684662112e+05 1.210993503803e+05 1.043627281403e+05 3.930612123924e+03 5.848633889864e+02 2.600000000000e+06 0.000000000000e+00 -8.752000000000e-01 -8.752000000000e-01 0.000000000000e+00 0.000000000000e+00 0.000000000000e+00 -0.000000000000e+00 1.561674248823e-01 0.000000000000e+00 0.000000000000e+00 0.000000000000e+00 0.000000000000e+00 0.000000000000e+00 0.000000000000e+00 
9.560000000000e+00 6.756718656142e-02 4.647627029201e+00 2.931026892001e-03 1.251291451556e+05 1.210280533605e+05 1.043535450214e+05 3.930824248400e+03 5.848788424185e+02 2.600000000000e+06 0.000000000000e+00 -8.752000000000e-01 -8.752000000000e-01 0.000000000000e+00 0.000000000000e+00 0.000000000000e+00 -0.000000000000e+00 1.561321899729e-01 0.000000000000e+00 0.000000000000e+00 0.000000000000e+00 0.000000000000e+00 0.000000000000e+00 0.000000000000e+00 
9.565000000000e+00 6.755369054556e-02 4.651349413916e+00 2.668384559338e-03 1.250806276494e+05 1.209650750102e+05 1.043454530115e+05 3.931014127412e+03 5.848926526521e+02 2.600000000000e+06 0.000000000000e+00 -8.752000000000e-01 -8.752000000000e-01 0.000000000000e+00 0.000000000000e+00 0.000000000000e+00 -0.000000000000e+00 1.561010497687e-01 0.000000000000e+00 0.000000000000e+00 0.000000000000e+00 0.000000000000e+00 0.000000000000e+00 0.000000000000e+00 
9.570000000000e+00 6.754096368445e-02 4.648690962545e+00 2.595155148125e-03 1.250198376122e+05 1.209056566673e+05 1.043378352813e+05 3.931196006279e+03 5.849058192883e+02 2.600000000000e+06 0.000000000000e+00 -8.752000000000e-01 -8.752000000000e-01 0.000000000000e+00 0.000000000000e+00 0.000000000000e+00 -0.000000000000e+00 1.560716451202e-01 0.000000000000e+00 0.000000000000e+00 0.000000000000e+00 0.000000000000e+00 0.000000000000e+00 0.000000000000e+00 
9.575000000000e+00 6.752812708385e-02 4.640659624781e+00 2.681409182892e-03 1.249447082419e+05 1.208456972431e+05 1.043301647317e+05 3.931382049032e+03 5.849192403401e+02 2.600000000000e+06 0.000000000000e+00 -8.752000000000e-01 -8.752000000000e-01 0.000000000000e+00 0.000000000000e+00 0.000000000000e+00 -0.000000000000e+00 1.560419515281e-01 0.000000000000e+00 0.000000000000e+00 0.000000000000e+00 0.000000000000e+00 0.000000000000e+00 0.000000000000e+00 
9.580000000000e+00 6.751445898949e-02 4.628273251992e+00 2.899007088394e-03 1.248538458026e+05 1.207818221885e+05 1.043220115008e+05 3.931582203475e+03 5.849336860781e+02 2.600000000000e+06 0.000000000000e+00 -8.752000000000e-01 -8.752000000000e-01 0.000000000000e+00 0.000000000000e+00 0.000000000000e+00 -0.000000000000e+00 1.560103097937e-01 0.000000000000e+00 0.000000000000e+00 0.000000000000e+00 0.000000000000e+00 0.000000000000e+00 0.000000000000e+00 
9.585000000000e+00 6.749937351528e-02 4.612522856961e+00 3.220352242876e-03 1.247465236924e+05 1.207112852621e+05 1.043130297303e+05 3.931804485243e+03 5.849498155754e+02 2.600000000000e+06 0.000000000000e+00 -8.752000000000e-01 -8.752000000000e-01 0.000000000000e+00 0.000000000000e+00 0.000000000000e+00 -0.000000000000e+00 1.559753755469e-01 0.000000000000e+00 0.000000000000e+00 0.000000000000e+00 0.000000000000e+00 0.000000000000e+00 0.000000000000e+00 
9.590000000000e+00 6.748241594966e-02 4.594316393015e+00 3.620855130832e-03 1.246224447393e+05 1.206319470950e+05 1.043029545240e+05 3.932055083288e+03 5.849681790535e+02 2.600000000000e+06 0.000000000000e+00 -8.752000000000e-01 -8.752000000000e-01 0.000000000000e+00 0.000000000000e+00 0.000000000000e+00 -0.000000000000e+00 1.559361016038e-01 0.000000000000e+00 0.000000000000e+00 0.000000000000e+00 0.000000000000e+00 0.000000000000e+00 0.000000000000e+00 
9.595000000000e+00 6.746325140961e-02 4.574441533686e+00 4.078997656492e-03 1.244816758374e+05 1.205422225124e+05 1.042915950029e+05 3.932338523405e+03 5.849892279767e+02 2.600000000000e+06 0.000000000000e+00 -8.752000000000e-01 -8.752000000000e-01 0.000000000000e+00 0.000000000000e+00 0.000000000000e+00 -0.000000000000e+00 1.558917159105e-01 0.000000000000e+00 0.000000000000e+00 0.000000000000e+00 0.000000000000e+00 0.000000000000e+00 0.000000000000e+00 
9.600000000000e+00 6.744164590321e-02 4.553554867875e+00 4.576079140294e-03 1.243245704070e+05 1.204409923720e+05 1.042788228319e+05 3.932657935918e+03 5.850133331695e+02 2.600000000000e+06 0.000000000000e+00 -8.752000000000e-01 -8.752000000000e-01 0.000000000000e+00 0.000000000000e+00 0.000000000000e+00 -0.000000000000e+00 1.558416800179e-01 0.000000000000e+00 0.000000000000e+00 0.000000000000e+00 0.000000000000e+00 0.000000000000e+00 0.000000000000e+00 
9.605000000000e+00 6.741745182627e-02 4.532173401823e+00 5.096550908695e-03 1.241516636565e+05 1.203275362638e+05 1.042645633241e+05 3.933015268525e+03 5.850407975245e+02 2.600000000000e+06 0.000000000000e+00 -8.752000000000e-01 -8.752000000000e-01 0.000000000000e+00 0.000000000000e+00 0.000000000000e+00 -0.000000000000e+00 1.557856556855e-01 0.000000000000e+00 0.000000000000e+00 0.000000000000e+00 0.000000000000e+00 0.000000000000e+00 0.000000000000e+00 
9.610000000000e+00 6.739059140899e-02 4.510682175167e+00 5.628199172428e-03 1.239635700554e+05 1.202014557472e+05 1.042487852681e+05 3.933411526002e+03 5.850718702786e+02 2.600000000000e+06 0.000000000000e+00 -8.752000000000e-01 -8.752000000000e-01 0.000000000000e+00 0.000000000000e+00 0.000000000000e+00 -0.000000000000e+00 1.557234682849e-01 0.000000000000e+00 0.000000000000e+00 0.000000000000e+00 0.000000000000e+00 0.000000000000e+00 0.000000000000e+00 
9.615000000000e+00 6.736104247043e-02 4.489342311840e+00 6.161314718155e-03 1.237609804491e+05 1.200626084827e+05 1.042314920817e+05 3.933846960416e+03 5.851067583099e+02 2.600000000000e+06 0.000000000000e+00 -8.752000000000e-01 -8.752000000000e-01 0.000000000000e+00 0.000000000000e+00 0.000000000000e+00 -0.000000000000e+00 1.556550707794e-01 0.000000000000e+00 0.000000000000e+00 0.000000000000e+00 0.000000000000e+00 0.000000000000e+00 0.000000000000e+00 
9.620000000000e+00 6.732882161861e-02 4.468311826462e+00 6.688768884107e-03 1.235445671704e+05 1.199110303388e+05 1.042127114825e+05 3.934321312674e+03 5.851456405676e+02 2.600000000000e+06 0.000000000000e+00 -8.752000000000e-01 -8.752000000000e-01 0.000000000000e+00 0.000000000000e+00 0.000000000000e+00 -0.000000000000e+00 1.555805019930e-01 0.000000000000e+00 0.000000000000e+00 0.000000000000e+00 0.000000000000e+00 0.000000000000e+00 0.000000000000e+00 
9.625000000000e+00 6.729397638206e-02 4.447666245613e+00 7.205128431016e-03 1.233150193843e+05 1.197468993679e+05 1.041924904297e+05 3.934833910028e+03 5.851886724474e+02 2.600000000000e+06 0.000000000000e+00 -8.752000000000e-01 -8.752000000000e-01 0.000000000000e+00 0.000000000000e+00 0.000000000000e+00 -0.000000000000e+00 1.554998720495e-01 0.000000000000e+00 0.000000000000e+00 0.000000000000e+00 0.000000000000e+00 0.000000000000e+00 0.000000000000e+00 
9.630000000000e+00 6.725657620973e-02 4.427417825683e+00 7.706768584734e-03 1.230729859627e+05 1.195704944030e+05 1.041708894362e+05 3.935383795912e+03 5.852359918423e+02 2.600000000000e+06 0.000000000000e+00 -8.752000000000e-01 -8.752000000000e-01 0.000000000000e+00 0.000000000000e+00 0.000000000000e+00 -0.000000000000e+00 1.554133414037e-01 0.000000000000e+00 0.000000000000e+00 0.000000000000e+00 0.000000000000e+00 0.000000000000e+00 0.000000000000e+00 
9.635000000000e+00 6.721670479995e-02 4.407538314587e+00 8.191178335328e-03 1.228190951986e+05 1.193821597662e+05 1.041479777200e+05 3.935969828080e+03 5.852877243057e+02 2.600000000000e+06 0.000000000000e+00 -8.752000000000e-01 -8.752000000000e-01 0.000000000000e+00 0.000000000000e+00 0.000000000000e+00 -0.000000000000e+00 1.553211037031e-01 0.000000000000e+00 0.000000000000e+00 0.000000000000e+00 0.000000000000e+00 0.000000000000e+00 0.000000000000e+00 
9.640000000000e+00 6.717445612312e-02 4.387977990664e+00 8.656510726868e-03 1.225539729277e+05 1.191822872612e+05 1.041238305561e+05 3.936590727395e+03 5.853439842530e+02 2.600000000000e+06 0.000000000000e+00 -8.752000000000e-01 -8.752000000000e-01 0.000000000000e+00 0.000000000000e+00 0.000000000000e+00 -0.000000000000e+00 1.552233764006e-01 0.000000000000e+00 0.000000000000e+00 0.000000000000e+00 0.000000000000e+00 0.000000000000e+00 0.000000000000e+00 
9.645000000000e+00 6.712993154181e-02 4.368680666176e+00 9.101338882527e-03 1.222782486670e+05 1.189713032653e+05 1.040985273007e+05 3.937245114180e+03 5.854048752003e+02 2.600000000000e+06 0.000000000000e+00 -8.752000000000e-01 -8.752000000000e-01 0.000000000000e+00 0.000000000000e+00 0.000000000000e+00 -0.000000000000e+00 1.551203939565e-01 0.000000000000e+00 0.000000000000e+00 0.000000000000e+00 0.000000000000e+00 0.000000000000e+00 0.000000000000e+00 
9.650000000000e+00 6.708323898400e-02 4.349596688443e+00 9.524292605369e-03 1.219925831158e+05 1.187496654839e+05 1.040721506185e+05 3.937931512943e+03 5.854704875762e+02 2.600000000000e+06 0.000000000000e+00 -8.752000000000e-01 -8.752000000000e-01 0.000000000000e+00 0.000000000000e+00 0.000000000000e+00 -0.000000000000e+00 1.550124060474e-01 0.000000000000e+00 0.000000000000e+00 0.000000000000e+00 0.000000000000e+00 0.000000000000e+00 0.000000000000e+00 
9.655000000000e+00 6.703449194218e-02 4.330689937708e+00 9.924295239134e-03 1.216976425767e+05 1.185178588639e+05 1.040447856263e+05 3.938648369253e+03 5.855408969221e+02 2.600000000000e+06 0.000000000000e+00 -8.752000000000e-01 -8.752000000000e-01 0.000000000000e+00 0.000000000000e+00 0.000000000000e+00 -0.000000000000e+00 1.548996756476e-01 0.000000000000e+00 0.000000000000e+00 0.000000000000e+00 0.000000000000e+00 0.000000000000e+00 0.000000000000e+00 
9.660000000000e+00 6.698380944104e-02 4.311941981200e+00 1.030003451834e-02 1.213941452259e+05 1.182763960934e+05 1.040165195965e+05 3.939394040337e+03 5.856161608695e+02 2.600000000000e+06 0.000000000000e+00 -8.752000000000e-01 -8.752000000000e-01 0.000000000000e+00 0.000000000000e+00 0.000000000000e+00 -0.000000000000e+00 1.547824780573e-01 0.000000000000e+00 0.000000000000e+00 0.000000000000e+00 0.000000000000e+00 0.000000000000e+00 0.000000000000e+00 
9.665000000000e+00 6.693131572604e-02 4.293354627627e+00 1.065021350137e-02 1.210828380582e+05 1.180258167785e+05 1.039874415132e+05 3.940166802179e+03 5.856963165872e+02 2.600000000000e+06 0.000000000000e+00 -8.752000000000e-01 -8.752000000000e-01 0.000000000000e+00 0.000000000000e+00 0.000000000000e+00 -0.000000000000e+00 1.546611032358e-01 0.000000000000e+00 0.000000000000e+00 0.000000000000e+00 0.000000000000e+00 0.000000000000e+00 0.000000000000e+00 
9.670000000000e+00 6.687714264990e-02 4.274950199573e+00 1.097359530730e-02 1.207645061695e+05 1.177666995294e+05 1.039576431192e+05 3.940964813877e+03 5.857813740709e+02 2.600000000000e+06 0.000000000000e+00 -8.752000000000e-01 -8.752000000000e-01 0.000000000000e+00 0.000000000000e+00 0.000000000000e+00 -0.000000000000e+00 1.545358528458e-01 0.000000000000e+00 0.000000000000e+00 0.000000000000e+00 0.000000000000e+00 0.000000000000e+00 0.000000000000e+00 
9.675000000000e+00 6.682142774506e-02 4.256766537823e+00 1.126912107931e-02 1.204399525535e+05 1.174996534953e+05 1.039272175690e+05 3.941786146135e+03 5.858713159340e+02 2.600000000000e+06 0.000000000000e+00 -8.752000000000e-01 -8.752000000000e-01 0.000000000000e+00 0.000000000000e+00 0.000000000000e+00 -0.000000000000e+00 1.544070432410e-01 0.000000000000e+00 0.000000000000e+00 0.000000000000e+00 0.000000000000e+00 0.000000000000e+00 0.000000000000e+00 
9.680000000000e+00 6.676431496986e-02 4.238853394297e+00 1.153558468326e-02 1.201100309737e+05 1.172253226452e+05 1.038962595795e+05 3.942628763663e+03 5.859660932992e+02 2.600000000000e+06 0.000000000000e+00 -8.752000000000e-01 -8.752000000000e-01 0.000000000000e+00 0.000000000000e+00 0.000000000000e+00 -0.000000000000e+00 1.542750058855e-01 0.000000000000e+00 0.000000000000e+00 0.000000000000e+00 0.000000000000e+00 0.000000000000e+00 0.000000000000e+00 
9.685000000000e+00 6.670595597769e-02 4.221269628266e+00 1.177214031952e-02 1.197756087614e+05 1.169443926145e+05 1.038648658568e+05 3.943490513134e+03 5.860656207017e+02 2.600000000000e+06 0.000000000000e+00 -8.752000000000e-01 -8.752000000000e-01 0.000000000000e+00 0.000000000000e+00 0.000000000000e+00 -0.000000000000e+00 1.541400863830e-01 0.000000000000e+00 0.000000000000e+00 0.000000000000e+00 0.000000000000e+00 0.000000000000e+00 0.000000000000e+00 
9.690000000000e+00 6.664650236338e-02 4.204078120350e+00 1.197803022093e-02 1.194375492919e+05 1.166575540465e+05 1.038331307068e+05 3.944369231487e+03 5.861697867932e+02 2.600000000000e+06 0.000000000000e+00 -8.752000000000e-01 -8.752000000000e-01 0.000000000000e+00 0.000000000000e+00 0.000000000000e+00 -0.000000000000e+00 1.540026427822e-01 0.000000000000e+00 0.000000000000e+00 0.000000000000e+00 0.000000000000e+00 0.000000000000e+00 0.000000000000e+00 
9.695000000000e+00 6.658610881216e-02 4.187338098194e+00 1.215288473017e-02 1.190967027015e+05 1.163655181919e+05 1.038011476092e+05 3.945262703622e+03 5.862784475311e+02 2.600000000000e+06 0.000000000000e+00 -8.752000000000e-01 -8.752000000000e-01 0.000000000000e+00 0.000000000000e+00 0.000000000000e+00 -0.000000000000e+00 1.538630364388e-01 0.000000000000e+00 0.000000000000e+00 0.000000000000e+00 0.000000000000e+00 0.000000000000e+00 0.000000000000e+00 
9.700000000000e+00 6.652493050945e-02 4.171104012261e+00 1.229675993316e-02 1.187538886461e+05 1.160690048351e+05 1.037690077289e+05 3.946168700401e+03 5.863914294234e+02 2.600000000000e+06 0.000000000000e+00 -8.752000000000e-01 -8.752000000000e-01 0.000000000000e+00 0.000000000000e+00 0.000000000000e+00 -0.000000000000e+00 1.537216247162e-01 0.000000000000e+00 0.000000000000e+00 0.000000000000e+00 0.000000000000e+00 0.000000000000e+00 0.000000000000e+00 
9.705000000000e+00 6.646312155842e-02 4.155420951205e+00 1.240999840983e-02 1.184098999546e+05 1.157687349145e+05 1.037367990362e+05 3.947084999317e+03 5.865085317907e+02 2.600000000000e+06 0.000000000000e+00 -8.752000000000e-01 -8.752000000000e-01 0.000000000000e+00 0.000000000000e+00 0.000000000000e+00 -0.000000000000e+00 1.535787627914e-01 0.000000000000e+00 0.000000000000e+00 0.000000000000e+00 0.000000000000e+00 0.000000000000e+00 0.000000000000e+00 
9.710000000000e+00 6.640083308144e-02 4.140322404069e+00 1.249332327449e-02 1.180654839473e+05 1.154654214543e+05 1.037046053244e+05 3.948009413934e+03 5.866295303208e+02 2.600000000000e+06 0.000000000000e+00 -8.752000000000e-01 -8.752000000000e-01 0.000000000000e+00 0.000000000000e+00 0.000000000000e+00 -0.000000000000e+00 1.534347989737e-01 0.000000000000e+00 0.000000000000e+00 0.000000000000e+00 0.000000000000e+00 0.000000000000e+00 0.000000000000e+00 
9.715000000000e+00 6.633821095685e-02 4.125828633732e+00 1.254806313918e-02 1.177213100011e+05 1.151597585386e+05 1.036725051083e+05 3.948939831243e+03 5.867541821115e+02 2.600000000000e+06 0.000000000000e+00 -8.752000000000e-01 -8.752000000000e-01 0.000000000000e+00 0.000000000000e+00 0.000000000000e+00 -0.000000000000e+00 1.532900699685e-01 0.000000000000e+00 0.000000000000e+00 0.000000000000e+00 0.000000000000e+00 0.000000000000e+00 0.000000000000e+00 
9.720000000000e+00 6.627539382650e-02 4.111945342357e+00 1.257584392858e-02 1.173779855540e+05 1.148524114096e+05 1.036405707342e+05 3.949874236804e+03 5.868822309975e+02 2.600000000000e+06 0.000000000000e+00 -8.752000000000e-01 -8.752000000000e-01 0.000000000000e+00 0.000000000000e+00 0.000000000000e+00 -0.000000000000e+00 1.531448958865e-01 0.000000000000e+00 0.000000000000e+00 0.000000000000e+00 0.000000000000e+00 0.000000000000e+00 0.000000000000e+00 
9.725000000000e+00 6.621251107220e-02 4.098663716723e+00 1.257864880143e-02 1.170360393741e+05 1.145440062290e+05 1.036088675382e+05 3.950810746674e+03 5.870134136729e+02 2.600000000000e+06 0.000000000000e+00 -8.752000000000e-01 -8.752000000000e-01 0.000000000000e+00 0.000000000000e+00 0.000000000000e+00 -0.000000000000e+00 1.529995759825e-01 0.000000000000e+00 0.000000000000e+00 0.000000000000e+00 0.000000000000e+00 0.000000000000e+00 0.000000000000e+00 
9.730000000000e+00 6.614968095883e-02 4.085960953137e+00 1.255882977555e-02 1.166959098717e+05 1.142351204757e+05 1.035774531484e+05 3.951747636424e+03 5.871474661559e+02 2.600000000000e+06 0.000000000000e+00 -8.752000000000e-01 -8.752000000000e-01 0.000000000000e+00 0.000000000000e+00 0.000000000000e+00 -0.000000000000e+00 1.528543838430e-01 0.000000000000e+00 0.000000000000e+00 0.000000000000e+00 0.000000000000e+00 0.000000000000e+00 0.000000000000e+00 
9.735000000000e+00 6.608700920822e-02 4.073802241166e+00 1.251896480360e-02 1.163579494143e+05 1.139262753035e+05 1.035463770518e+05 3.952683361548e+03 5.872841299083e+02 2.600000000000e+06 0.000000000000e+00 -8.752000000000e-01 -8.752000000000e-01 0.000000000000e+00 0.000000000000e+00 0.000000000000e+00 -0.000000000000e+00 1.527095633830e-01 0.000000000000e+00 0.000000000000e+00 0.000000000000e+00 0.000000000000e+00 0.000000000000e+00 0.000000000000e+00 
9.740000000000e+00 6.602458835562e-02 4.062142297381e+00 1.246184055977e-02 1.160224217374e+05 1.136179316390e+05 1.035156805811e+05 3.953616568423e+03 5.874231566264e+02 2.600000000000e+06 0.000000000000e+00 -8.752000000000e-01 -8.752000000000e-01 0.000000000000e+00 0.000000000000e+00 0.000000000000e+00 -0.000000000000e+00 1.525653274853e-01 0.000000000000e+00 0.000000000000e+00 0.000000000000e+00 0.000000000000e+00 0.000000000000e+00 0.000000000000e+00 
9.745000000000e+00 6.596249681852e-02 4.050927100899e+00 1.239029444712e-02 1.156895103330e+05 1.133104847885e+05 1.034853967740e+05 3.954546107403e+03 5.875643138614e+02 2.600000000000e+06 0.000000000000e+00 -8.752000000000e-01 -8.752000000000e-01 0.000000000000e+00 0.000000000000e+00 0.000000000000e+00 -0.000000000000e+00 1.524218566924e-01 0.000000000000e+00 0.000000000000e+00 0.000000000000e+00 0.000000000000e+00 0.000000000000e+00 0.000000000000e+00 
9.750000000000e+00 6.590079843612e-02 4.040095712572e+00 1.230714141236e-02 1.153593219060e+05 1.130042613058e+05 1.034555504771e+05 3.955471040351e+03 5.877073897447e+02 2.600000000000e+06 0.000000000000e+00 -8.752000000000e-01 -8.752000000000e-01 0.000000000000e+00 0.000000000000e+00 0.000000000000e+00 -0.000000000000e+00 1.522792976089e-01 0.000000000000e+00 0.000000000000e+00 0.000000000000e+00 0.000000000000e+00 0.000000000000e+00 0.000000000000e+00 
9.755000000000e+00 6.583954227487e-02 4.029583075737e+00 1.221539720079e-02 1.150318647802e+05 1.126995171474e+05 1.034261585775e+05 3.956390649042e+03 5.878521971223e+02 2.600000000000e+06 0.000000000000e+00 -8.752000000000e-01 -8.752000000000e-01 0.000000000000e+00 0.000000000000e+00 0.000000000000e+00 -0.000000000000e+00 1.521377626711e-01 0.000000000000e+00 0.000000000000e+00 0.000000000000e+00 0.000000000000e+00 0.000000000000e+00 0.000000000000e+00 
9.760000000000e+00 6.577876293970e-02 4.019321108130e+00 1.211785810287e-02 1.147070876104e+05 1.123964383402e+05 1.033972304685e+05 3.957304425469e+03 5.879985764052e+02 2.600000000000e+06 0.000000000000e+00 -8.752000000000e-01 -8.752000000000e-01 0.000000000000e+00 0.000000000000e+00 0.000000000000e+00 -0.000000000000e+00 1.519973315455e-01 0.000000000000e+00 0.000000000000e+00 0.000000000000e+00 0.000000000000e+00 0.000000000000e+00 0.000000000000e+00 
9.765000000000e+00 6.571848147378e-02 4.009242176046e+00 1.201718766153e-02 1.143848761401e+05 1.120951446225e+05 1.033687687721e+05 3.958212061423e+03 5.881463967609e+02 2.600000000000e+06 0.000000000000e+00 -8.752000000000e-01 -8.752000000000e-01 0.000000000000e+00 0.000000000000e+00 0.000000000000e+00 -0.000000000000e+00 1.518580523250e-01 0.000000000000e+00 0.000000000000e+00 0.000000000000e+00 0.000000000000e+00 0.000000000000e+00 0.000000000000e+00 
9.770000000000e+00 6.565870612366e-02 3.999279963606e+00 1.191590518590e-02 1.140650580258e+05 1.117956924818e+05 1.033407699657e+05 3.959113438359e+03 5.882955572823e+02 2.600000000000e+06 0.000000000000e+00 -8.752000000000e-01 -8.752000000000e-01 0.000000000000e+00 0.000000000000e+00 0.000000000000e+00 -0.000000000000e+00 1.517199433807e-01 0.000000000000e+00 0.000000000000e+00 0.000000000000e+00 0.000000000000e+00 0.000000000000e+00 0.000000000000e+00 
9.775000000000e+00 6.559943280273e-02 3.989371311460e+00 1.181631691734e-02 1.137474112051e+05 1.114980767391e+05 1.033132248406e+05 3.960008620732e+03 5.884459886103e+02 2.600000000000e+06 0.000000000000e+00 -8.752000000000e-01 -8.752000000000e-01 0.000000000000e+00 0.000000000000e+00 0.000000000000e+00 -0.000000000000e+00 1.515829978009e-01 0.000000000000e+00 0.000000000000e+00 0.000000000000e+00 0.000000000000e+00 0.000000000000e+00 0.000000000000e+00 
9.780000000000e+00 6.554064697405e-02 3.979455563082e+00 1.172055025576e-02 1.134316708813e+05 1.112022393283e+05 1.032861195907e+05 3.960897829405e+03 5.885976506329e+02 2.600000000000e+06 0.000000000000e+00 -8.752000000000e-01 -8.752000000000e-01 0.000000000000e+00 0.000000000000e+00 0.000000000000e+00 -0.000000000000e+00 1.514471831762e-01 0.000000000000e+00 0.000000000000e+00 0.000000000000e+00 0.000000000000e+00 0.000000000000e+00 0.000000000000e+00 
9.785000000000e+00 6.548232428031e-02 3.969477244879e+00 1.163057588973e-02 1.131175307317e+05 1.109080718876e+05 1.032594362794e+05 3.961781433589e+03 5.887505329208e+02 2.600000000000e+06 0.000000000000e+00 -8.752000000000e-01 -8.752000000000e-01 0.000000000000e+00 0.000000000000e+00 0.000000000000e+00 -0.000000000000e+00 1.513124397206e-01 0.000000000000e+00 0.000000000000e+00 0.000000000000e+00 0.000000000000e+00 0.000000000000e+00 0.000000000000e+00 
9.790000000000e+00 6.542443122060e-02 3.959386440916e+00 1.154791940421e-02 1.128046724542e+05 1.106154186398e+05 1.032331533067e+05 3.962659936859e+03 5.889046547997e+02 2.600000000000e+06 0.000000000000e+00 -8.752000000000e-01 -8.752000000000e-01 0.000000000000e+00 0.000000000000e+00 0.000000000000e+00 -0.000000000000e+00 1.511786888386e-01 0.000000000000e+00 0.000000000000e+00 0.000000000000e+00 0.000000000000e+00 0.000000000000e+00 0.000000000000e+00 
9.795000000000e+00 6.536692727122e-02 3.949139042878e+00 1.147389026921e-02 1.124927567208e+05 1.103240866480e+05 1.032072465031e+05 3.963533949556e+03 5.890600612568e+02 2.600000000000e+06 0.000000000000e+00 -8.752000000000e-01 -8.752000000000e-01 0.000000000000e+00 0.000000000000e+00 0.000000000000e+00 -0.000000000000e+00 1.510458360697e-01 0.000000000000e+00 0.000000000000e+00 0.000000000000e+00 0.000000000000e+00 0.000000000000e+00 0.000000000000e+00 
9.800000000000e+00 6.530976622685e-02 3.938697143935e+00 1.140947347349e-02 1.121814403050e+05 1.100338522559e+05 1.031816898273e+05 3.964404167236e+03 5.892168204392e+02 2.600000000000e+06 0.000000000000e+00 -8.752000000000e-01 -8.752000000000e-01 0.000000000000e+00 0.000000000000e+00 0.000000000000e+00 -0.000000000000e+00 1.509137744749e-01 0.000000000000e+00 0.000000000000e+00 0.000000000000e+00 0.000000000000e+00 0.000000000000e+00 0.000000000000e+00 
9.805000000000e+00 6.525289754252e-02 3.928029319214e+00 1.135546004167e-02 1.118703716644e+05 1.097444676224e+05 1.031564560347e+05 3.965271352869e+03 5.893750208019e+02 2.600000000000e+06 0.000000000000e+00 -8.752000000000e-01 -8.752000000000e-01 0.000000000000e+00 0.000000000000e+00 0.000000000000e+00 -0.000000000000e+00 1.507823868824e-01 0.000000000000e+00 0.000000000000e+00 0.000000000000e+00 0.000000000000e+00 0.000000000000e+00 0.000000000000e+00 
9.810000000000e+00 6.519626757456e-02 3.917110470578e+00 1.131234838389e-02 1.115592067474e+05 1.094556668291e+05 1.031315172716e+05 3.966136316621e+03 5.895347682128e+02 2.600000000000e+06 0.000000000000e+00 -8.752000000000e-01 -8.752000000000e-01 0.000000000000e+00 0.000000000000e+00 0.000000000000e+00 -0.000000000000e+00 1.506515487097e-01 0.000000000000e+00 0.000000000000e+00 0.000000000000e+00 0.000000000000e+00 0.000000000000e+00 0.000000000000e+00 
9.815000000000e+00 6.513982093790e-02 3.905921716436e+00 1.128038692301e-02 1.112476127147e+05 1.091671726623e+05 1.031068456967e+05 3.966999896028e+03 5.896961824334e+02 2.600000000000e+06 0.000000000000e+00 -8.752000000000e-01 -8.752000000000e-01 0.000000000000e+00 0.000000000000e+00 0.000000000000e+00 -0.000000000000e+00 1.505211314650e-01 0.000000000000e+00 0.000000000000e+00 0.000000000000e+00 0.000000000000e+00 0.000000000000e+00 0.000000000000e+00 
9.820000000000e+00 6.508350278666e-02 3.894450112126e+00 1.125955140930e-02 1.109352827916e+05 1.088787082151e+05 1.030824144746e+05 3.967862920759e+03 5.898593906033e+02 2.600000000000e+06 0.000000000000e+00 -8.752000000000e-01 -8.752000000000e-01 0.000000000000e+00 0.000000000000e+00 0.000000000000e+00 -0.000000000000e+00 1.503910062733e-01 0.000000000000e+00 0.000000000000e+00 0.000000000000e+00 0.000000000000e+00 0.000000000000e+00 0.000000000000e+00 
9.825000000000e+00 6.502725794336e-02 3.882688360753e+00 1.124980116322e-02 1.106219081744e+05 1.085899924418e+05 1.030581973751e+05 3.968726230129e+03 5.900245295335e+02 2.600000000000e+06 0.000000000000e+00 -8.752000000000e-01 -8.752000000000e-01 0.000000000000e+00 0.000000000000e+00 0.000000000000e+00 -0.000000000000e+00 1.502610451208e-01 0.000000000000e+00 0.000000000000e+00 0.000000000000e+00 0.000000000000e+00 0.000000000000e+00 0.000000000000e+00 
9.830000000000e+00 6.497103178623e-02 3.870634447177e+00 1.125072218221e-02 1.103072155602e+05 1.083007447029e+05 1.030341691401e+05 3.969590653536e+03 5.901917429615e+02 2.600000000000e+06 0.000000000000e+00 -8.752000000000e-01 -8.752000000000e-01 0.000000000000e+00 0.000000000000e+00 0.000000000000e+00 -0.000000000000e+00 1.501311226327e-01 0.000000000000e+00 0.000000000000e+00 0.000000000000e+00 0.000000000000e+00 0.000000000000e+00 0.000000000000e+00 
9.835000000000e+00 6.491477234059e-02 3.858291390558e+00 1.126170929726e-02 1.099909624179e+05 1.080106955769e+05 1.030103063444e+05 3.970456981170e+03 5.903611749797e+02 2.600000000000e+06 0.000000000000e+00 -8.752000000000e-01 -8.752000000000e-01 0.000000000000e+00 0.000000000000e+00 0.000000000000e+00 -0.000000000000e+00 1.500011193870e-01 0.000000000000e+00 0.000000000000e+00 0.000000000000e+00 0.000000000000e+00 0.000000000000e+00 0.000000000000e+00 
9.840000000000e+00 6.485843110875e-02 3.845666892167e+00 1.128200819395e-02 1.096729379811e+05 1.077195912844e+05 1.029865876892e+05 3.971325951608e+03 5.905329668870e+02 2.600000000000e+06 0.000000000000e+00 -8.752000000000e-01 -8.752000000000e-01 0.000000000000e+00 0.000000000000e+00 0.000000000000e+00 -0.000000000000e+00 1.498709238852e-01 0.000000000000e+00 0.000000000000e+00 0.000000000000e+00 0.000000000000e+00 0.000000000000e+00 0.000000000000e+00 
9.845000000000e+00 6.480196374042e-02 3.832772861590e+00 1.131073881959e-02 1.093529650638e+05 1.074271973367e+05 1.029629942168e+05 3.972198241461e+03 5.907072543747e+02 2.600000000000e+06 0.000000000000e+00 -8.752000000000e-01 -8.752000000000e-01 0.000000000000e+00 0.000000000000e+00 0.000000000000e+00 -0.000000000000e+00 1.497404341355e-01 0.000000000000e+00 0.000000000000e+00 0.000000000000e+00 0.000000000000e+00 0.000000000000e+00 0.000000000000e+00 
9.850000000000e+00 6.474533057673e-02 3.819624869210e+00 1.134693653984e-02 1.090308995549e+05 1.071333015722e+05 1.029395094618e+05 3.973074457204e+03 5.908841649833e+02 2.600000000000e+06 0.000000000000e+00 -8.752000000000e-01 -8.752000000000e-01 0.000000000000e+00 0.000000000000e+00 0.000000000000e+00 -0.000000000000e+00 1.496095589313e-01 0.000000000000e+00 0.000000000000e+00 0.000000000000e+00 0.000000000000e+00 0.000000000000e+00 0.000000000000e+00 
9.855000000000e+00 6.468849705852e-02 3.806241679577e+00 1.138953351441e-02 1.087066346463e+05 1.068377165237e+05 1.029161195393e+05 3.973955128039e+03 5.910638158880e+02 2.600000000000e+06 0.000000000000e+00 -8.752000000000e-01 -8.752000000000e-01 0.000000000000e+00 0.000000000000e+00 0.000000000000e+00 -0.000000000000e+00 1.494782188124e-01 0.000000000000e+00 0.000000000000e+00 0.000000000000e+00 0.000000000000e+00 0.000000000000e+00 0.000000000000e+00 
9.860000000000e+00 6.463143423146e-02 3.792645010514e+00 1.143739315074e-02 1.083801007633e+05 1.065402823193e+05 1.028928132659e+05 3.974840698092e+03 5.912463112975e+02 2.600000000000e+06 0.000000000000e+00 -8.752000000000e-01 -8.752000000000e-01 0.000000000000e+00 0.000000000000e+00 0.000000000000e+00 -0.000000000000e+00 1.493463472442e-01 0.000000000000e+00 0.000000000000e+00 0.000000000000e+00 0.000000000000e+00 0.000000000000e+00 0.000000000000e+00 
9.865000000000e+00 6.457411898485e-02 3.778859045431e+00 1.148932735271e-02 1.080512655836e+05 1.062408682307e+05 1.028695821655e+05 3.975731522391e+03 5.914317406182e+02 2.600000000000e+06 0.000000000000e+00 -8.752000000000e-01 -8.752000000000e-01 0.000000000000e+00 0.000000000000e+00 0.000000000000e+00 -0.000000000000e+00 1.492138911758e-01 0.000000000000e+00 0.000000000000e+00 0.000000000000e+00 0.000000000000e+00 0.000000000000e+00 0.000000000000e+00 
9.870000000000e+00 6.451653422144e-02 3.764909945689e+00 1.154412916322e-02 1.077201322525e+05 1.059393738804e+05 1.028464204440e+05 3.976627864143e+03 5.916201768010e+02 2.600000000000e+06 0.000000000000e+00 -8.752000000000e-01 -8.752000000000e-01 0.000000000000e+00 0.000000000000e+00 0.000000000000e+00 -0.000000000000e+00 1.490808114353e-01 0.000000000000e+00 0.000000000000e+00 0.000000000000e+00 0.000000000000e+00 0.000000000000e+00 0.000000000000e+00 
9.875000000000e+00 6.445866913214e-02 3.750826030316e+00 1.160053014514e-02 1.073867451461e+05 1.056357310189e+05 1.028233250036e+05 3.977529889083e+03 5.918116743064e+02 2.600000000000e+06 0.000000000000e+00 -8.752000000000e-01 -8.752000000000e-01 0.000000000000e+00 0.000000000000e+00 0.000000000000e+00 -0.000000000000e+00 1.489470839137e-01 0.000000000000e+00 0.000000000000e+00 0.000000000000e+00 0.000000000000e+00 0.000000000000e+00 0.000000000000e+00 
9.880000000000e+00 6.440051875797e-02 3.736635416332e+00 1.165743082285e-02 1.070511663639e+05 1.053299015765e+05 1.028002951719e+05 3.978437675479e+03 5.920062694102e+02 2.600000000000e+06 0.000000000000e+00 -8.752000000000e-01 -8.752000000000e-01 0.000000000000e+00 0.000000000000e+00 0.000000000000e+00 -0.000000000000e+00 1.488126994931e-01 0.000000000000e+00 0.000000000000e+00 0.000000000000e+00 0.000000000000e+00 0.000000000000e+00 0.000000000000e+00 
9.885000000000e+00 6.434208342826e-02 3.722366161206e+00 1.171377731443e-02 1.067134841228e+05 1.050218750373e+05 1.027773323909e+05 3.979351220211e+03 5.922039810302e+02 2.600000000000e+06 0.000000000000e+00 -8.752000000000e-01 -8.752000000000e-01 0.000000000000e+00 0.000000000000e+00 0.000000000000e+00 -0.000000000000e+00 1.486776588357e-01 0.000000000000e+00 0.000000000000e+00 0.000000000000e+00 0.000000000000e+00 0.000000000000e+00 0.000000000000e+00 
9.890000000000e+00 6.428336901491e-02 3.708046740314e+00 1.176845837534e-02 1.063738239815e+05 1.047116700989e+05 1.027544402341e+05 3.980270432458e+03 5.924048088721e+02 2.600000000000e+06 0.000000000000e+00 -8.752000000000e-01 -8.752000000000e-01 0.000000000000e+00 0.000000000000e+00 0.000000000000e+00 -0.000000000000e+00 1.485419751594e-01 0.000000000000e+00 0.000000000000e+00 0.000000000000e+00 0.000000000000e+00 0.000000000000e+00 0.000000000000e+00 
9.895000000000e+00 6.422438769291e-02 3.693705839154e+00 1.182034987869e-02 1.060323493532e+05 1.043993390410e+05 1.027316246151e+05 3.981195121891e+03 5.926087297626e+02 2.600000000000e+06 0.000000000000e+00 -8.752000000000e-01 -8.752000000000e-01 0.000000000000e+00 0.000000000000e+00 0.000000000000e+00 -0.000000000000e+00 1.484056752781e-01 0.000000000000e+00 0.000000000000e+00 0.000000000000e+00 0.000000000000e+00 0.000000000000e+00 0.000000000000e+00 
9.900000000000e+00 6.416515642570e-02 3.679372096134e+00 1.186851269642e-02 1.056892347415e+05 1.040849600679e+05 1.027088931126e+05 3.982125025045e+03 5.928157018077e+02 2.600000000000e+06 0.000000000000e+00 -8.752000000000e-01 -8.752000000000e-01 0.000000000000e+00 0.000000000000e+00 0.000000000000e+00 -0.000000000000e+00 1.482687979299e-01 0.000000000000e+00 0.000000000000e+00 0.000000000000e+00 0.000000000000e+00 0.000000000000e+00 0.000000000000e+00 
9.905000000000e+00 6.410569640793e-02 3.665073033138e+00 1.191213245413e-02 1.053446682882e+05 1.037686346466e+05 1.026862546878e+05 3.983059812520e+03 5.930256654934e+02 2.600000000000e+06 0.000000000000e+00 -8.752000000000e-01 -8.752000000000e-01 0.000000000000e+00 0.000000000000e+00 0.000000000000e+00 -0.000000000000e+00 1.481313923438e-01 0.000000000000e+00 0.000000000000e+00 0.000000000000e+00 0.000000000000e+00 0.000000000000e+00 0.000000000000e+00 
9.910000000000e+00 6.404603311728e-02 3.650833664620e+00 1.195059322478e-02 1.049988453365e+05 1.034504880608e+05 1.026637196413e+05 3.983999088907e+03 5.932385427311e+02 2.600000000000e+06 0.000000000000e+00 -8.752000000000e-01 -8.752000000000e-01 0.000000000000e+00 0.000000000000e+00 0.000000000000e+00 -0.000000000000e+00 1.479935163614e-01 0.000000000000e+00 0.000000000000e+00 0.000000000000e+00 0.000000000000e+00 0.000000000000e+00 0.000000000000e+00 
9.915000000000e+00 6.398619347398e-02 3.636676510275e+00 1.198324380335e-02 1.046519740409e+05 1.031306544955e+05 1.026412984919e+05 3.984942433127e+03 5.934542463780e+02 2.600000000000e+06 0.000000000000e+00 -8.752000000000e-01 -8.752000000000e-01 0.000000000000e+00 0.000000000000e+00 0.000000000000e+00 -0.000000000000e+00 1.478552345381e-01 0.000000000000e+00 0.000000000000e+00 0.000000000000e+00 0.000000000000e+00 0.000000000000e+00 0.000000000000e+00 
9.920000000000e+00 6.392620884334e-02 3.622622228499e+00 1.200961812861e-02 1.043042721504e+05 1.028092932520e+05 1.026190030689e+05 3.985889354558e+03 5.936726690078e+02 2.600000000000e+06 0.000000000000e+00 -8.752000000000e-01 -8.752000000000e-01 0.000000000000e+00 0.000000000000e+00 0.000000000000e+00 -0.000000000000e+00 1.477166186722e-01 0.000000000000e+00 0.000000000000e+00 0.000000000000e+00 0.000000000000e+00 0.000000000000e+00 0.000000000000e+00 
9.925000000000e+00 6.386611242730e-02 3.608688948081e+00 1.202922333816e-02 1.039559719417e+05 1.024865750242e+05 1.025968454930e+05 3.986839330169e+03 5.938936917694e+02 2.600000000000e+06 0.000000000000e+00 -8.752000000000e-01 -8.752000000000e-01 0.000000000000e+00 0.000000000000e+00 0.000000000000e+00 -0.000000000000e+00 1.475777458895e-01 0.000000000000e+00 0.000000000000e+00 0.000000000000e+00 0.000000000000e+00 0.000000000000e+00 0.000000000000e+00 
9.930000000000e+00 6.380593865770e-02 3.594892304942e+00 1.204181601180e-02 1.036072909161e+05 1.021626787653e+05 1.025748379331e+05 3.987791818585e+03 5.941171863581e+02 2.600000000000e+06 0.000000000000e+00 -8.752000000000e-01 -8.752000000000e-01 0.000000000000e+00 0.000000000000e+00 0.000000000000e+00 -0.000000000000e+00 1.474386956630e-01 0.000000000000e+00 0.000000000000e+00 0.000000000000e+00 0.000000000000e+00 0.000000000000e+00 0.000000000000e+00 
9.935000000000e+00 6.374572336662e-02 3.581245795743e+00 1.204712177896e-02 1.032584590591e+05 1.018377927066e+05 1.025529926553e+05 3.988746252484e+03 5.943430141987e+02 2.600000000000e+06 0.000000000000e+00 -8.752000000000e-01 -8.752000000000e-01 0.000000000000e+00 0.000000000000e+00 0.000000000000e+00 -0.000000000000e+00 1.472995506540e-01 0.000000000000e+00 0.000000000000e+00 0.000000000000e+00 0.000000000000e+00 0.000000000000e+00 0.000000000000e+00 
9.940000000000e+00 6.368550324012e-02 3.567760518490e+00 1.204504736150e-02 1.029096958242e+05 1.015121115062e+05 1.025313218144e+05 3.989702050703e+03 5.945710283291e+02 2.600000000000e+06 0.000000000000e+00 -8.752000000000e-01 -8.752000000000e-01 0.000000000000e+00 0.000000000000e+00 0.000000000000e+00 -0.000000000000e+00 1.471603954841e-01 0.000000000000e+00 0.000000000000e+00 0.000000000000e+00 0.000000000000e+00 0.000000000000e+00 0.000000000000e+00 
9.945000000000e+00 6.362531508674e-02 3.554445003581e+00 1.203560607197e-02 1.025612128460e+05 1.011858323500e+05 1.025098371883e+05 3.990658628518e+03 5.948010761224e+02 2.600000000000e+06 0.000000000000e+00 -8.752000000000e-01 -8.752000000000e-01 0.000000000000e+00 0.000000000000e+00 0.000000000000e+00 -0.000000000000e+00 1.470213154854e-01 0.000000000000e+00 0.000000000000e+00 0.000000000000e+00 0.000000000000e+00 0.000000000000e+00 0.000000000000e+00 
9.950000000000e+00 6.356519526548e-02 3.541305301331e+00 1.201893818713e-02 1.022132086394e+05 1.008591518613e+05 1.024885499837e+05 3.991615407097e+03 5.950330015560e+02 2.600000000000e+06 0.000000000000e+00 -8.752000000000e-01 -8.752000000000e-01 0.000000000000e+00 0.000000000000e+00 0.000000000000e+00 -0.000000000000e+00 1.468823945716e-01 0.000000000000e+00 0.000000000000e+00 0.000000000000e+00 0.000000000000e+00 0.000000000000e+00 0.000000000000e+00 
9.955000000000e+00 6.350517931019e-02 3.528345108549e+00 1.199523614533e-02 1.018658733869e+05 1.005322640343e+05 1.024674707191e+05 3.992571818288e+03 5.952666468412e+02 2.600000000000e+06 0.000000000000e+00 -8.752000000000e-01 -8.752000000000e-01 0.000000000000e+00 0.000000000000e+00 0.000000000000e+00 -0.000000000000e+00 1.467437146510e-01 0.000000000000e+00 0.000000000000e+00 0.000000000000e+00 0.000000000000e+00 0.000000000000e+00 0.000000000000e+00 
9.960000000000e+00 6.344530155556e-02 3.515565849517e+00 1.196478359673e-02 1.015193829925e+05 1.002053581441e+05 1.024466091168e+05 3.993527311367e+03 5.955018541289e+02 2.600000000000e+06 0.000000000000e+00 -8.752000000000e-01 -8.752000000000e-01 0.000000000000e+00 0.000000000000e+00 0.000000000000e+00 -0.000000000000e+00 1.466053549235e-01 0.000000000000e+00 0.000000000000e+00 0.000000000000e+00 0.000000000000e+00 0.000000000000e+00 0.000000000000e+00 
9.965000000000e+00 6.338559473211e-02 3.502966816276e+00 1.192791943655e-02 1.011739000091e+05 9.987861645624e+04 1.024259739886e+05 3.994481359071e+03 5.957384674197e+02 2.600000000000e+06 0.000000000000e+00 -8.752000000000e-01 -8.752000000000e-01 0.000000000000e+00 0.000000000000e+00 0.000000000000e+00 -0.000000000000e+00 1.464673908969e-01 0.000000000000e+00 0.000000000000e+00 0.000000000000e+00 0.000000000000e+00 0.000000000000e+00 0.000000000000e+00 
9.970000000000e+00 6.332608973104e-02 3.490545364274e+00 1.188504978980e-02 1.008295710118e+05 9.955221283340e+04 1.024055731881e+05 3.995433461777e+03 5.959763338749e+02 2.600000000000e+06 0.000000000000e+00 -8.752000000000e-01 -8.752000000000e-01 0.000000000000e+00 0.000000000000e+00 0.000000000000e+00 -0.000000000000e+00 1.463298937984e-01 0.000000000000e+00 0.000000000000e+00 0.000000000000e+00 0.000000000000e+00 0.000000000000e+00 0.000000000000e+00 
9.975000000000e+00 6.326681530689e-02 3.478297198127e+00 1.183659172392e-02 1.004865300697e+05 9.922631098077e+04 1.023854135434e+05 3.996383151546e+03 5.962153054250e+02 2.600000000000e+06 0.000000000000e+00 -8.752000000000e-01 -8.752000000000e-01 0.000000000000e+00 0.000000000000e+00 0.000000000000e+00 -0.000000000000e+00 1.461929299784e-01 0.000000000000e+00 0.000000000000e+00 0.000000000000e+00 0.000000000000e+00 0.000000000000e+00 0.000000000000e+00 
9.980000000000e+00 6.320779784960e-02 3.466216341714e+00 1.178311393976e-02 1.001448839006e+05 9.890106304837e+04 1.023655008185e+05 3.997329998474e+03 5.964552401494e+02 2.600000000000e+06 0.000000000000e+00 -8.752000000000e-01 -8.752000000000e-01 0.000000000000e+00 0.000000000000e+00 0.000000000000e+00 -0.000000000000e+00 1.460565603618e-01 0.000000000000e+00 0.000000000000e+00 0.000000000000e+00 0.000000000000e+00 0.000000000000e+00 0.000000000000e+00 
9.985000000000e+00 6.314906092420e-02 3.454295104998e+00 1.172510507211e-02 9.980473102793e+04 9.857660692968e+04 1.023458395995e+05 3.998273614429e+03 5.966960046510e+02 2.600000000000e+06 0.000000000000e+00 -8.752000000000e-01 -8.752000000000e-01 0.000000000000e+00 0.000000000000e+00 0.000000000000e+00 -0.000000000000e+00 1.459208393242e-01 0.000000000000e+00 0.000000000000e+00 0.000000000000e+00 0.000000000000e+00 0.000000000000e+00 0.000000000000e+00 
9.990000000000e+00 6.309062573675e-02 3.442525193130e+00 1.166306710161e-02 9.946615552448e+04 9.825306865821e+04 1.023264334937e+05 3.999213647483e+03 5.969374726697e+02 2.600000000000e+06 0.000000000000e+00 -8.752000000000e-01 -8.752000000000e-01 0.000000000000e+00 0.000000000000e+00 0.000000000000e+00 -0.000000000000e+00 1.457858157591e-01 0.000000000000e+00 0.000000000000e+00 0.000000000000e+00 0.000000000000e+00 0.000000000000e+00 0.000000000000e+00 
9.995000000000e+00 6.303251087585e-02 3.430897537648e+00 1.159752881617e-02 9.912922406931e+04 9.793056081436e+04 1.023072850820e+05 4.000149786611e+03 5.971795266205e+02 2.600000000000e+06 0.000000000000e+00 -8.752000000000e-01 -8.752000000000e-01 0.000000000000e+00 0.000000000000e+00 0.000000000000e+00 -0.000000000000e+00 1.456515325163e-01 0.000000000000e+00 0.000000000000e+00 0.000000000000e+00 0.000000000000e+00 0.000000000000e+00 0.000000000000e+00 
1.000000000000e+01 6.297473225022e-02 3.419402437031e+00 1.152903845505e-02 9.879398613217e+04 9.760918200447e+04 1.022883959382e+05 4.001081762898e+03 5.974220583442e+02 2.600000000000e+06 0.000000000000e+00 -8.752000000000e-01 -8.752000000000e-01 0.000000000000e+00 0.000000000000e+00 0.000000000000e+00 -0.000000000000e+00 1.455180262838e-01 0.000000000000e+00 0.000000000000e+00 0.000000000000e+00 0.000000000000e+00 0.000000000000e+00 0.000000000000e+00 
