9.000000000000e+00 1.474901442967e-02 2.408376783574e-02 1.245239701749e-03 1.052126630172e+05 1.074852612703e+05 1.000000000000e+05 8.654121378055e+03 5.245500278575e+02 1.800000000000e+06 0.000000000000e+00 -8.752000000000e-01 -8.752000000000e-01 0.000000000000e+00 0.000000000000e+00 0.000000000000e+00 -0.000000000000e+00 2.198843481490e-02 0.000000000000e+00 0.000000000000e+00 0.000000000000e+00 0.000000000000e+00 0.000000000000e+00 0.000000000000e+00 
9.005000000000e+00 1.474295878470e-02 2.419319522641e-02 1.220985779102e-03 1.051380024239e+05 1.073677096385e+05 1.000000000000e+05 8.655012910069e+03 5.247130106981e+02 1.800000000000e+06 0.000000000000e+00 -8.752000000000e-01 -8.752000000000e-01 0.000000000000e+00 0.000000000000e+00 0.000000000000e+00 -0.000000000000e+00 2.197940681134e-02 0.000000000000e+00 0.000000000000e+00 0.000000000000e+00 0.000000000000e+00 0.000000000000e+00 0.000000000000e+00 
9.010000000000e+00 1.473700118385e-02 2.426137559177e-02 1.203931754426e-03 1.050520454918e+05 1.072519427695e+05 1.000000000000e+05 8.655891490983e+03 5.248734470985e+02 1.800000000000e+06 0.000000000000e+00 -8.752000000000e-01 -8.752000000000e-01 0.000000000000e+00 0.000000000000e+00 0.000000000000e+00 -0.000000000000e+00 2.197052497598e-02 0.000000000000e+00 0.000000000000e+00 0.000000000000e+00 0.000000000000e+00 0.000000000000e+00 0.000000000000e+00 
9.015000000000e+00 1.473110783585e-02 2.428671396960e-02 1.193656251714e-03 1.049548784340e+05 1.071373086932e+05 1.000000000000e+05 8.656762038429e+03 5.250322433902e+02 1.800000000000e+06 0.000000000000e+00 -8.752000000000e-01 -8.752000000000e-01 0.000000000000e+00 0.000000000000e+00 0.000000000000e+00 -0.000000000000e+00 2.196173893139e-02 0.000000000000e+00 0.000000000000e+00 0.000000000000e+00 0.000000000000e+00 0.000000000000e+00 0.000000000000e+00 
9.020000000000e+00 1.472524575154e-02 2.426983625930e-02 1.190132553545e-03 1.048458811843e+05 1.070231683762e+05 1.000000000000e+05 8.657629421447e+03 5.251902863705e+02 1.800000000000e+06 0.000000000000e+00 -8.752000000000e-01 -8.752000000000e-01 0.000000000000e+00 0.000000000000e+00 0.000000000000e+00 -0.000000000000e+00 2.195299949601e-02 0.000000000000e+00 0.000000000000e+00 0.000000000000e+00 0.000000000000e+00 0.000000000000e+00 0.000000000000e+00 
9.025000000000e+00 1.471938212370e-02 2.421185721613e-02 1.193300753816e-03 1.047244958827e+05 1.069088837491e+05 1.000000000000e+05 8.658498486854e+03 5.253484599415e+02 1.800000000000e+06 0.000000000000e+00 -8.752000000000e-01 -8.752000000000e-01 0.000000000000e+00 0.000000000000e+00 0.000000000000e+00 -0.000000000000e+00 2.194425775945e-02 0.000000000000e+00 0.000000000000e+00 0.000000000000e+00 0.000000000000e+00 0.000000000000e+00 0.000000000000e+00 
9.030000000000e+00 1.471348469666e-02 2.411579207750e-02 1.202947931425e-03 1.045904534497e+05 1.067938249483e+05 1.000000000000e+05 8.659373986073e+03 5.255076351077e+02 1.800000000000e+06 0.000000000000e+00 -8.752000000000e-01 -8.752000000000e-01 0.000000000000e+00 0.000000000000e+00 0.000000000000e+00 -0.000000000000e+00 2.193546563368e-02 0.000000000000e+00 0.000000000000e+00 0.000000000000e+00 0.000000000000e+00 0.000000000000e+00 0.000000000000e+00 
9.035000000000e+00 1.470752315716e-02 2.398085536405e-02 1.218520078046e-03 1.044441462521e+05 1.066773975180e+05 1.000000000000e+05 8.660260340007e+03 5.256686323835e+02 1.800000000000e+06 0.000000000000e+00 -8.752000000000e-01 -8.752000000000e-01 0.000000000000e+00 0.000000000000e+00 0.000000000000e+00 -0.000000000000e+00 2.192657792641e-02 0.000000000000e+00 0.000000000000e+00 0.000000000000e+00 0.000000000000e+00 0.000000000000e+00 0.000000000000e+00 
9.040000000000e+00 1.470146915119e-02 2.380479416503e-02 1.239807505998e-03 1.042853732165e+05 1.065590428756e+05 1.000000000000e+05 8.661161740562e+03 5.258322212301e+02 1.800000000000e+06 0.000000000000e+00 -8.752000000000e-01 -8.752000000000e-01 0.000000000000e+00 0.000000000000e+00 0.000000000000e+00 -0.000000000000e+00 2.191755236635e-02 0.000000000000e+00 0.000000000000e+00 0.000000000000e+00 0.000000000000e+00 0.000000000000e+00 0.000000000000e+00 
9.045000000000e+00 1.469529486917e-02 2.359030510767e-02 1.266694439715e-03 1.041137692380e+05 1.064382107207e+05 1.000000000000e+05 8.662082322165e+03 5.259991582314e+02 1.800000000000e+06 0.000000000000e+00 -8.752000000000e-01 -8.752000000000e-01 0.000000000000e+00 0.000000000000e+00 0.000000000000e+00 -0.000000000000e+00 2.190834749383e-02 0.000000000000e+00 0.000000000000e+00 0.000000000000e+00 0.000000000000e+00 0.000000000000e+00 0.000000000000e+00 
9.050000000000e+00 1.468897365379e-02 2.333987909522e-02 1.298929327492e-03 1.039292381518e+05 1.063143708990e+05 1.000000000000e+05 8.663026036602e+03 5.261701706832e+02 1.800000000000e+06 0.000000000000e+00 -8.752000000000e-01 -8.752000000000e-01 0.000000000000e+00 0.000000000000e+00 0.000000000000e+00 -0.000000000000e+00 2.189892356703e-02 0.000000000000e+00 0.000000000000e+00 0.000000000000e+00 0.000000000000e+00 0.000000000000e+00 0.000000000000e+00 
9.055000000000e+00 1.468248018693e-02 2.305521773939e-02 1.335828017742e-03 1.037325024401e+05 1.061870170612e+05 1.000000000000e+05 8.663996579816e+03 5.263459515362e+02 1.800000000000e+06 0.000000000000e+00 -8.752000000000e-01 -8.752000000000e-01 0.000000000000e+00 0.000000000000e+00 0.000000000000e+00 -0.000000000000e+00 2.188924284067e-02 0.000000000000e+00 0.000000000000e+00 0.000000000000e+00 0.000000000000e+00 0.000000000000e+00 0.000000000000e+00 
9.060000000000e+00 1.467579055492e-02 2.273853725853e-02 1.377326535504e-03 1.035231713626e+05 1.060556679424e+05 1.000000000000e+05 8.664997543127e+03 5.265271576284e+02 1.800000000000e+06 0.000000000000e+00 -8.752000000000e-01 -8.752000000000e-01 0.000000000000e+00 0.000000000000e+00 0.000000000000e+00 -0.000000000000e+00 2.187926966327e-02 0.000000000000e+00 0.000000000000e+00 0.000000000000e+00 0.000000000000e+00 0.000000000000e+00 0.000000000000e+00 
9.065000000000e+00 1.466888220395e-02 2.239182781773e-02 1.423303866457e-03 1.033009822051e+05 1.059198664807e+05 1.000000000000e+05 8.666032316451e+03 5.267144108959e+02 1.800000000000e+06 0.000000000000e+00 -8.752000000000e-01 -8.752000000000e-01 0.000000000000e+00 0.000000000000e+00 0.000000000000e+00 -0.000000000000e+00 2.186897041068e-02 0.000000000000e+00 0.000000000000e+00 0.000000000000e+00 0.000000000000e+00 0.000000000000e+00 0.000000000000e+00 
9.070000000000e+00 1.466173392144e-02 2.201719349609e-02 1.473475229691e-03 1.030659966727e+05 1.057791794357e+05 1.000000000000e+05 8.667104074743e+03 5.269082988871e+02 1.800000000000e+06 0.000000000000e+00 -8.752000000000e-01 -8.752000000000e-01 0.000000000000e+00 0.000000000000e+00 0.000000000000e+00 -0.000000000000e+00 2.185831345833e-02 0.000000000000e+00 0.000000000000e+00 0.000000000000e+00 0.000000000000e+00 0.000000000000e+00 0.000000000000e+00 
9.075000000000e+00 1.465432594322e-02 2.161644598718e-02 1.527552805182e-03 1.028183079006e+05 1.056331994819e+05 1.000000000000e+05 8.668215786660e+03 5.271093718663e+02 1.800000000000e+06 0.000000000000e+00 -8.752000000000e-01 -8.752000000000e-01 0.000000000000e+00 0.000000000000e+00 0.000000000000e+00 -0.000000000000e+00 2.184726934097e-02 0.000000000000e+00 0.000000000000e+00 0.000000000000e+00 0.000000000000e+00 0.000000000000e+00 0.000000000000e+00 
9.080000000000e+00 1.464663985626e-02 2.119123404532e-02 1.585253768630e-03 1.025580237476e+05 1.054815432848e+05 1.000000000000e+05 8.669370230287e+03 5.273181454564e+02 1.800000000000e+06 0.000000000000e+00 -8.752000000000e-01 -8.752000000000e-01 0.000000000000e+00 0.000000000000e+00 0.000000000000e+00 -0.000000000000e+00 2.183581060773e-02 0.000000000000e+00 0.000000000000e+00 0.000000000000e+00 0.000000000000e+00 0.000000000000e+00 0.000000000000e+00 
9.085000000000e+00 1.463865890284e-02 2.074359051300e-02 1.646253047413e-03 1.022853601272e+05 1.053238575014e+05 1.000000000000e+05 8.670569940534e+03 5.275350923759e+02 1.800000000000e+06 0.000000000000e+00 -8.752000000000e-01 -8.752000000000e-01 0.000000000000e+00 0.000000000000e+00 0.000000000000e+00 -0.000000000000e+00 2.182391227547e-02 0.000000000000e+00 0.000000000000e+00 0.000000000000e+00 0.000000000000e+00 0.000000000000e+00 0.000000000000e+00 
9.090000000000e+00 1.463036780758e-02 2.027528718072e-02 1.710213297178e-03 1.020005826466e+05 1.051598153954e+05 1.000000000000e+05 8.671817239362e+03 5.277606471119e+02 1.800000000000e+06 0.000000000000e+00 -8.752000000000e-01 -8.752000000000e-01 0.000000000000e+00 0.000000000000e+00 0.000000000000e+00 -0.000000000000e+00 2.181155157107e-02 0.000000000000e+00 0.000000000000e+00 0.000000000000e+00 0.000000000000e+00 0.000000000000e+00 0.000000000000e+00 
9.095000000000e+00 1.462175289923e-02 1.978822405862e-02 1.776832760259e-03 1.017039208758e+05 1.049891192786e+05 1.000000000000e+05 8.673114224811e+03 5.279952025796e+02 1.800000000000e+06 0.000000000000e+00 -8.752000000000e-01 -8.752000000000e-01 0.000000000000e+00 0.000000000000e+00 0.000000000000e+00 -0.000000000000e+00 2.179870811285e-02 0.000000000000e+00 0.000000000000e+00 0.000000000000e+00 0.000000000000e+00 0.000000000000e+00 0.000000000000e+00 
9.100000000000e+00 1.461280203990e-02 1.928423541209e-02 1.845791366842e-03 1.013956666434e+05 1.048114991683e+05 1.000000000000e+05 8.674462773034e+03 5.282391119997e+02 1.800000000000e+06 0.000000000000e+00 -8.752000000000e-01 -8.752000000000e-01 0.000000000000e+00 0.000000000000e+00 0.000000000000e+00 -0.000000000000e+00 2.178536380514e-02 0.000000000000e+00 0.000000000000e+00 0.000000000000e+00 0.000000000000e+00 0.000000000000e+00 0.000000000000e+00 
9.105000000000e+00 1.460350466946e-02 1.876499533291e-02 1.916782950897e-03 1.010761157127e+05 1.046267137408e+05 1.000000000000e+05 8.675864536297e+03 5.284926876287e+02 1.800000000000e+06 0.000000000000e+00 -8.752000000000e-01 -8.752000000000e-01 0.000000000000e+00 0.000000000000e+00 0.000000000000e+00 -0.000000000000e+00 2.177150290448e-02 0.000000000000e+00 0.000000000000e+00 0.000000000000e+00 0.000000000000e+00 0.000000000000e+00 0.000000000000e+00 
9.110000000000e+00 1.459385189786e-02 1.823311872356e-02 1.989471399672e-03 1.007456511957e+05 1.044345522693e+05 1.000000000000e+05 8.677320921996e+03 5.287561981579e+02 1.800000000000e+06 0.000000000000e+00 -8.752000000000e-01 -8.752000000000e-01 0.000000000000e+00 0.000000000000e+00 0.000000000000e+00 -0.000000000000e+00 2.175711215721e-02 0.000000000000e+00 0.000000000000e+00 0.000000000000e+00 0.000000000000e+00 0.000000000000e+00 0.000000000000e+00 
9.115000000000e+00 1.458383615609e-02 1.769013909229e-02 2.063574072386e-03 1.004045823211e+05 1.042348277970e+05 1.000000000000e+05 8.678833157253e+03 5.290298781440e+02 1.800000000000e+06 0.000000000000e+00 -8.752000000000e-01 -8.752000000000e-01 0.000000000000e+00 0.000000000000e+00 0.000000000000e+00 -0.000000000000e+00 2.174218027914e-02 0.000000000000e+00 0.000000000000e+00 0.000000000000e+00 0.000000000000e+00 0.000000000000e+00 0.000000000000e+00 
9.120000000000e+00 1.457345152486e-02 1.713760488338e-02 2.138751793478e-03 1.000533554159e+05 1.040273838134e+05 1.000000000000e+05 8.680402222220e+03 5.293139189294e+02 1.800000000000e+06 0.000000000000e+00 -8.752000000000e-01 -8.752000000000e-01 0.000000000000e+00 0.000000000000e+00 0.000000000000e+00 -0.000000000000e+00 2.172669844556e-02 0.000000000000e+00 0.000000000000e+00 0.000000000000e+00 0.000000000000e+00 0.000000000000e+00 0.000000000000e+00 
9.125000000000e+00 1.456269359928e-02 1.657674932402e-02 2.214708388029e-03 9.969236705341e+04 1.038120917314e+05 1.000000000000e+05 8.682028884984e+03 5.296084722005e+02 1.800000000000e+06 0.000000000000e+00 -8.752000000000e-01 -8.752000000000e-01 0.000000000000e+00 0.000000000000e+00 0.000000000000e+00 -0.000000000000e+00 2.171066008948e-02 0.000000000000e+00 0.000000000000e+00 0.000000000000e+00 0.000000000000e+00 0.000000000000e+00 0.000000000000e+00 
9.130000000000e+00 1.455155944152e-02 1.600986414659e-02 2.291150983965e-03 9.932203709110e+04 1.035888501299e+05 1.000000000000e+05 8.683713701807e+03 5.299136511330e+02 1.800000000000e+06 0.000000000000e+00 -8.752000000000e-01 -8.752000000000e-01 0.000000000000e+00 0.000000000000e+00 0.000000000000e+00 -0.000000000000e+00 2.169406083104e-02 0.000000000000e+00 0.000000000000e+00 0.000000000000e+00 0.000000000000e+00 0.000000000000e+00 0.000000000000e+00 
9.135000000000e+00 1.454004754976e-02 1.543950689692e-02 2.367785400445e-03 9.894281712804e+04 1.033575843433e+05 1.000000000000e+05 8.685457020230e+03 5.302295310747e+02 1.800000000000e+06 0.000000000000e+00 -8.752000000000e-01 -8.752000000000e-01 0.000000000000e+00 0.000000000000e+00 0.000000000000e+00 -0.000000000000e+00 2.167689843130e-02 0.000000000000e+00 0.000000000000e+00 0.000000000000e+00 0.000000000000e+00 0.000000000000e+00 0.000000000000e+00 
9.140000000000e+00 1.452815795869e-02 1.486739156421e-02 2.444314140989e-03 9.855519689639e+04 1.031182487195e+05 1.000000000000e+05 8.687258962704e+03 5.305561466001e+02 1.800000000000e+06 0.000000000000e+00 -8.752000000000e-01 -8.752000000000e-01 0.000000000000e+00 0.000000000000e+00 0.000000000000e+00 -0.000000000000e+00 2.165917294194e-02 0.000000000000e+00 0.000000000000e+00 0.000000000000e+00 0.000000000000e+00 0.000000000000e+00 0.000000000000e+00 
9.145000000000e+00 1.451589207646e-02 1.429519834552e-02 2.520451917829e-03 9.815967253812e+04 1.028708236159e+05 1.000000000000e+05 8.689119452447e+03 5.308934957701e+02 1.800000000000e+06 0.000000000000e+00 -8.752000000000e-01 -8.752000000000e-01 0.000000000000e+00 0.000000000000e+00 0.000000000000e+00 -0.000000000000e+00 2.164088646232e-02 0.000000000000e+00 0.000000000000e+00 0.000000000000e+00 0.000000000000e+00 0.000000000000e+00 0.000000000000e+00 
9.150000000000e+00 1.450325268561e-02 1.372462806077e-02 2.595929852523e-03 9.775673922548e+04 1.026153156985e+05 1.000000000000e+05 8.691038212879e+03 5.312415398879e+02 1.800000000000e+06 0.000000000000e+00 -8.752000000000e-01 -8.752000000000e-01 0.000000000000e+00 0.000000000000e+00 0.000000000000e+00 -0.000000000000e+00 2.162204314074e-02 0.000000000000e+00 0.000000000000e+00 0.000000000000e+00 0.000000000000e+00 0.000000000000e+00 0.000000000000e+00 
9.155000000000e+00 1.449024401979e-02 1.315747915175e-02 2.670469435280e-03 9.734694198909e+04 1.023517598091e+05 1.000000000000e+05 8.693014750771e+03 5.316002011376e+02 1.800000000000e+06 0.000000000000e+00 -8.752000000000e-01 -8.752000000000e-01 0.000000000000e+00 0.000000000000e+00 0.000000000000e+00 -0.000000000000e+00 2.160264910457e-02 0.000000000000e+00 0.000000000000e+00 0.000000000000e+00 0.000000000000e+00 0.000000000000e+00 0.000000000000e+00 
9.160000000000e+00 1.447687131557e-02 1.259557134155e-02 2.743781973267e-03 9.693086820067e+04 1.020802102122e+05 1.000000000000e+05 8.695048422589e+03 5.319693746872e+02 1.800000000000e+06 0.000000000000e+00 -8.752000000000e-01 -8.752000000000e-01 0.000000000000e+00 0.000000000000e+00 0.000000000000e+00 -0.000000000000e+00 2.158271259956e-02 0.000000000000e+00 0.000000000000e+00 0.000000000000e+00 0.000000000000e+00 0.000000000000e+00 0.000000000000e+00 
9.165000000000e+00 1.446314169078e-02 1.204063718828e-02 2.815577598263e-03 9.650914972487e+04 1.018007587726e+05 1.000000000000e+05 8.697138301745e+03 5.323489041742e+02 1.800000000000e+06 0.000000000000e+00 -8.752000000000e-01 -8.752000000000e-01 0.000000000000e+00 0.000000000000e+00 0.000000000000e+00 -0.000000000000e+00 2.156224396158e-02 0.000000000000e+00 0.000000000000e+00 0.000000000000e+00 0.000000000000e+00 0.000000000000e+00 0.000000000000e+00 
9.170000000000e+00 1.444906354762e-02 1.149487526830e-02 2.885544885618e-03 9.608248963792e+04 1.015135232815e+05 1.000000000000e+05 8.699283263972e+03 5.327385978379e+02 1.800000000000e+06 0.000000000000e+00 -8.752000000000e-01 -8.752000000000e-01 0.000000000000e+00 0.000000000000e+00 0.000000000000e+00 -0.000000000000e+00 2.154125572100e-02 0.000000000000e+00 0.000000000000e+00 0.000000000000e+00 0.000000000000e+00 0.000000000000e+00 0.000000000000e+00 
9.175000000000e+00 1.443464684894e-02 1.096049314450e-02 2.953330884005e-03 9.565170669643e+04 1.012186535195e+05 1.000000000000e+05 8.701481940680e+03 5.331382205422e+02 1.800000000000e+06 0.000000000000e+00 -8.752000000000e-01 -8.752000000000e-01 0.000000000000e+00 0.000000000000e+00 0.000000000000e+00 -0.000000000000e+00 2.151976273490e-02 0.000000000000e+00 0.000000000000e+00 0.000000000000e+00 0.000000000000e+00 0.000000000000e+00 0.000000000000e+00 
9.180000000000e+00 1.441990359184e-02 1.043979098491e-02 3.018499703691e-03 9.521782494537e+04 1.009163414816e+05 1.000000000000e+05 8.703732638521e+03 5.335474802339e+02 1.800000000000e+06 0.000000000000e+00 -8.752000000000e-01 -8.752000000000e-01 0.000000000000e+00 0.000000000000e+00 0.000000000000e+00 -0.000000000000e+00 2.149778289292e-02 0.000000000000e+00 0.000000000000e+00 0.000000000000e+00 0.000000000000e+00 0.000000000000e+00 0.000000000000e+00 
9.185000000000e+00 1.440484808028e-02 9.935608728851e-03 3.080548408399e-03 9.478205170111e+04 1.006068276488e+05 1.000000000000e+05 8.706033297794e+03 5.339660198509e+02 1.800000000000e+06 0.000000000000e+00 -8.752000000000e-01 -8.752000000000e-01 0.000000000000e+00 0.000000000000e+00 0.000000000000e+00 -0.000000000000e+00 2.147533752350e-02 0.000000000000e+00 0.000000000000e+00 0.000000000000e+00 0.000000000000e+00 0.000000000000e+00 0.000000000000e+00 
9.190000000000e+00 1.438949758642e-02 9.451997132753e-03 3.138798178247e-03 9.434599993042e+04 1.002904154090e+05 1.000000000000e+05 8.708381371590e+03 5.343933983065e+02 1.800000000000e+06 0.000000000000e+00 -8.752000000000e-01 -8.752000000000e-01 0.000000000000e+00 0.000000000000e+00 0.000000000000e+00 -0.000000000000e+00 2.145245237950e-02 0.000000000000e+00 0.000000000000e+00 0.000000000000e+00 0.000000000000e+00 0.000000000000e+00 0.000000000000e+00 
9.195000000000e+00 1.437387308686e-02 8.993976687162e-03 3.192417558337e-03 9.391166402217e+04 9.996748729050e+04 1.000000000000e+05 8.710773713116e+03 5.348290691831e+02 1.800000000000e+06 0.000000000000e+00 -8.752000000000e-01 -8.752000000000e-01 0.000000000000e+00 0.000000000000e+00 0.000000000000e+00 -0.000000000000e+00 2.142915873568e-02 0.000000000000e+00 0.000000000000e+00 0.000000000000e+00 0.000000000000e+00 0.000000000000e+00 0.000000000000e+00 
9.200000000000e+00 1.435800023994e-02 8.567803768452e-03 3.240364701355e-03 9.348155463680e+04 9.963852649707e+04 1.000000000000e+05 8.713206412374e+03 5.352723524635e+02 1.800000000000e+06 0.000000000000e+00 -8.752000000000e-01 -8.752000000000e-01 0.000000000000e+00 0.000000000000e+00 0.000000000000e+00 -0.000000000000e+00 2.140549484531e-02 0.000000000000e+00 0.000000000000e+00 0.000000000000e+00 0.000000000000e+00 0.000000000000e+00 0.000000000000e+00 
9.205000000000e+00 1.434191056127e-02 8.181353578054e-03 3.281327026835e-03 9.305884430879e+04 9.930414296204e+04 1.000000000000e+05 8.715674600551e+03 5.357224004147e+02 1.800000000000e+06 0.000000000000e+00 -8.752000000000e-01 -8.752000000000e-01 0.000000000000e+00 0.000000000000e+00 0.000000000000e+00 -0.000000000000e+00 2.138150769253e-02 0.000000000000e+00 0.000000000000e+00 0.000000000000e+00 0.000000000000e+00 0.000000000000e+00 0.000000000000e+00 
9.210000000000e+00 1.432564278591e-02 7.844383507170e-03 3.313715037129e-03 9.264741550430e+04 9.896510376770e+04 1.000000000000e+05 8.718172232537e+03 5.361781578847e+02 1.800000000000e+06 0.000000000000e+00 -8.752000000000e-01 -8.752000000000e-01 0.000000000000e+00 0.000000000000e+00 0.000000000000e+00 -0.000000000000e+00 2.135725502285e-02 0.000000000000e+00 0.000000000000e+00 0.000000000000e+00 0.000000000000e+00 0.000000000000e+00 0.000000000000e+00 
9.215000000000e+00 1.430924426706e-02 7.568376703868e-03 3.335649557274e-03 9.225192263587e+04 9.862236486859e+04 1.000000000000e+05 8.720691860837e+03 5.366383211662e+02 1.800000000000e+06 0.000000000000e+00 -8.752000000000e-01 -8.752000000000e-01 0.000000000000e+00 0.000000000000e+00 0.000000000000e+00 -0.000000000000e+00 2.133280742824e-02 0.000000000000e+00 0.000000000000e+00 0.000000000000e+00 0.000000000000e+00 0.000000000000e+00 0.000000000000e+00 
9.220000000000e+00 1.429277247327e-02 7.367219345702e-03 3.344938732765e-03 9.187787633781e+04 9.827710542198e+04 1.000000000000e+05 8.723224390751e+03 5.371012936849e+02 1.800000000000e+06 0.000000000000e+00 -8.752000000000e-01 -8.752000000000e-01 0.000000000000e+00 0.000000000000e+00 0.000000000000e+00 -0.000000000000e+00 2.130825057919e-02 0.000000000000e+00 0.000000000000e+00 0.000000000000e+00 0.000000000000e+00 0.000000000000e+00 0.000000000000e+00 
9.225000000000e+00 1.427629658546e-02 7.257503768894e-03 3.339039081078e-03 9.153176093016e+04 9.793076476070e+04 1.000000000000e+05 8.725758815732e+03 5.375651384703e+02 1.800000000000e+06 0.000000000000e+00 -8.752000000000e-01 -8.752000000000e-01 0.000000000000e+00 0.000000000000e+00 0.000000000000e+00 -0.000000000000e+00 2.128368760566e-02 0.000000000000e+00 0.000000000000e+00 0.000000000000e+00 0.000000000000e+00 0.000000000000e+00 0.000000000000e+00 
9.230000000000e+00 1.425989911416e-02 7.258200187654e-03 3.315167121491e-03 9.122086362557e+04 9.758508030769e+04 1.000000000000e+05 8.728281971653e+03 5.380275296718e+02 1.800000000000e+06 0.000000000000e+00 -8.752000000000e-01 -8.752000000000e-01 0.000000000000e+00 0.000000000000e+00 0.000000000000e+00 -0.000000000000e+00 2.125924150856e-02 0.000000000000e+00 0.000000000000e+00 0.000000000000e+00 0.000000000000e+00 0.000000000000e+00 0.000000000000e+00 
9.235000000000e+00 1.424367635958e-02 7.389930876248e-03 3.270416922619e-03 9.095306388086e+04 9.724210140589e+04 1.000000000000e+05 8.730778469519e+03 5.384857364791e+02 1.800000000000e+06 0.000000000000e+00 -8.752000000000e-01 -8.752000000000e-01 0.000000000000e+00 0.000000000000e+00 0.000000000000e+00 -0.000000000000e+00 2.123505612195e-02 0.000000000000e+00 0.000000000000e+00 0.000000000000e+00 0.000000000000e+00 0.000000000000e+00 0.000000000000e+00 
9.240000000000e+00 1.422774000201e-02 7.673985146548e-03 3.201680758376e-03 9.073702240574e+04 9.690422699803e+04 1.000000000000e+05 8.733230422922e+03 5.389365751595e+02 1.800000000000e+06 0.000000000000e+00 -8.752000000000e-01 -8.752000000000e-01 0.000000000000e+00 0.000000000000e+00 0.000000000000e+00 -0.000000000000e+00 2.121129754734e-02 0.000000000000e+00 0.000000000000e+00 0.000000000000e+00 0.000000000000e+00 0.000000000000e+00 0.000000000000e+00 
9.245000000000e+00 1.421221704410e-02 8.134191029921e-03 3.105641828585e-03 9.058219411058e+04 9.657420827104e+04 1.000000000000e+05 8.735617442138e+03 5.393764077986e+02 1.800000000000e+06 0.000000000000e+00 -8.752000000000e-01 -8.752000000000e-01 0.000000000000e+00 0.000000000000e+00 0.000000000000e+00 -0.000000000000e+00 2.118815528588e-02 0.000000000000e+00 0.000000000000e+00 0.000000000000e+00 0.000000000000e+00 0.000000000000e+00 0.000000000000e+00 
9.250000000000e+00 1.419725064472e-02 8.796764200508e-03 2.979033528443e-03 9.049834191131e+04 9.625516955624e+04 1.000000000000e+05 8.737916535538e+03 5.398011163140e+02 1.800000000000e+06 0.000000000000e+00 -8.752000000000e-01 -8.752000000000e-01 0.000000000000e+00 0.000000000000e+00 0.000000000000e+00 -0.000000000000e+00 2.116584276468e-02 0.000000000000e+00 0.000000000000e+00 0.000000000000e+00 0.000000000000e+00 0.000000000000e+00 0.000000000000e+00 
9.255000000000e+00 1.418300342943e-02 9.691286707222e-03 2.817397888316e-03 9.049800055606e+04 9.595068146376e+04 1.000000000000e+05 8.740101390196e+03 5.402060066148e+02 1.800000000000e+06 0.000000000000e+00 -8.752000000000e-01 -8.752000000000e-01 0.000000000000e+00 0.000000000000e+00 0.000000000000e+00 -0.000000000000e+00 2.114460243258e-02 0.000000000000e+00 0.000000000000e+00 0.000000000000e+00 0.000000000000e+00 0.000000000000e+00 0.000000000000e+00 
9.260000000000e+00 1.416964742723e-02 1.082012565397e-02 2.621924099225e-03 9.058300197369e+04 9.566454678388e+04 1.000000000000e+05 8.742145023430e+03 5.405860938958e+02 1.800000000000e+06 0.000000000000e+00 -8.752000000000e-01 -8.752000000000e-01 0.000000000000e+00 0.000000000000e+00 0.000000000000e+00 -0.000000000000e+00 2.112469075745e-02 0.000000000000e+00 0.000000000000e+00 0.000000000000e+00 0.000000000000e+00 0.000000000000e+00 0.000000000000e+00 
9.265000000000e+00 1.415735347241e-02 1.219791505179e-02 2.390029113247e-03 9.076242549965e+04 9.540057014651e+04 1.000000000000e+05 8.744019940277e+03 5.409364067615e+02 1.800000000000e+06 0.000000000000e+00 -8.752000000000e-01 -8.752000000000e-01 0.000000000000e+00 0.000000000000e+00 0.000000000000e+00 -0.000000000000e+00 2.110636242607e-02 0.000000000000e+00 0.000000000000e+00 0.000000000000e+00 0.000000000000e+00 0.000000000000e+00 0.000000000000e+00 
9.270000000000e+00 1.414630990069e-02 1.383869498546e-02 2.118694876325e-03 9.104655130679e+04 9.516295420258e+04 1.000000000000e+05 8.745695777608e+03 5.412514584846e+02 1.800000000000e+06 0.000000000000e+00 -8.752000000000e-01 -8.752000000000e-01 0.000000000000e+00 0.000000000000e+00 0.000000000000e+00 -0.000000000000e+00 2.108989821701e-02 0.000000000000e+00 0.000000000000e+00 0.000000000000e+00 0.000000000000e+00 0.000000000000e+00 0.000000000000e+00 
9.275000000000e+00 1.413671924790e-02 1.575452021990e-02 1.805459065751e-03 9.144483551367e+04 9.495622421376e+04 1.000000000000e+05 8.747139994383e+03 5.415253444989e+02 1.800000000000e+06 0.000000000000e+00 -8.752000000000e-01 -8.752000000000e-01 0.000000000000e+00 0.000000000000e+00 0.000000000000e+00 -0.000000000000e+00 2.107560007901e-02 0.000000000000e+00 0.000000000000e+00 0.000000000000e+00 0.000000000000e+00 0.000000000000e+00 0.000000000000e+00 
9.280000000000e+00 1.412879080883e-02 1.794710381132e-02 1.448943550179e-03 9.196467616979e+04 9.478505979139e+04 1.000000000000e+05 8.748319146885e+03 5.417519608292e+02 1.800000000000e+06 0.000000000000e+00 -8.752000000000e-01 -8.752000000000e-01 0.000000000000e+00 0.000000000000e+00 0.000000000000e+00 -0.000000000000e+00 2.106378003730e-02 0.000000000000e+00 0.000000000000e+00 0.000000000000e+00 0.000000000000e+00 0.000000000000e+00 0.000000000000e+00 
9.285000000000e+00 1.412274077744e-02 2.043490514384e-02 1.048670746350e-03 9.261172634077e+04 9.465428661967e+04 1.000000000000e+05 8.749198880876e+03 5.419250085876e+02 1.800000000000e+06 0.000000000000e+00 -8.752000000000e-01 -8.752000000000e-01 0.000000000000e+00 0.000000000000e+00 0.000000000000e+00 -0.000000000000e+00 2.105476040270e-02 0.000000000000e+00 0.000000000000e+00 0.000000000000e+00 0.000000000000e+00 0.000000000000e+00 0.000000000000e+00 
9.290000000000e+00 1.411877656948e-02 2.322244443390e-02 6.049272076880e-04 9.338977334369e+04 9.456852341038e+04 1.000000000000e+05 8.749746409190e+03 5.420384530415e+02 1.800000000000e+06 0.000000000000e+00 -8.752000000000e-01 -8.752000000000e-01 0.000000000000e+00 0.000000000000e+00 0.000000000000e+00 -0.000000000000e+00 2.104885039910e-02 0.000000000000e+00 0.000000000000e+00 0.000000000000e+00 0.000000000000e+00 0.000000000000e+00 0.000000000000e+00 
9.295000000000e+00 1.411721333670e-02 2.628593312722e-02 1.228122310467e-04 9.429533792126e+04 9.453468733324e+04 1.000000000000e+05 8.749913032885e+03 5.420832007835e+02 1.800000000000e+06 0.000000000000e+00 -8.752000000000e-01 -8.752000000000e-01 0.000000000000e+00 0.000000000000e+00 0.000000000000e+00 -0.000000000000e+00 2.104637237522e-02 0.000000000000e+00 0.000000000000e+00 0.000000000000e+00 0.000000000000e+00 0.000000000000e+00 0.000000000000e+00 
9.300000000000e+00 1.411829913223e-02 2.970596644466e-02 -3.957629181842e-04 9.532940578586e+04 9.455819030053e+04 1.000000000000e+05 8.749660225462e+03 5.420521189991e+02 1.800000000000e+06 0.000000000000e+00 -8.752000000000e-01 -8.752000000000e-01 0.000000000000e+00 0.000000000000e+00 0.000000000000e+00 -0.000000000000e+00 2.104758495113e-02 0.000000000000e+00 0.000000000000e+00 0.000000000000e+00 0.000000000000e+00 0.000000000000e+00 0.000000000000e+00 
9.305000000000e+00 1.412209856528e-02 3.334729102842e-02 -9.536072852100e-04 9.649792287528e+04 9.464039682426e+04 1.000000000000e+05 8.748977633528e+03 5.419433838211e+02 1.800000000000e+06 0.000000000000e+00 -8.752000000000e-01 -8.752000000000e-01 0.000000000000e+00 0.000000000000e+00 0.000000000000e+00 -0.000000000000e+00 2.105275020707e-02 0.000000000000e+00 0.000000000000e+00 0.000000000000e+00 0.000000000000e+00 0.000000000000e+00 0.000000000000e+00 
9.310000000000e+00 1.412879885547e-02 3.725013740807e-02 -1.545511281005e-03 9.779358476831e+04 9.478523362885e+04 1.000000000000e+05 8.747837396102e+03 5.417517307431e+02 1.800000000000e+06 0.000000000000e+00 -8.752000000000e-01 -8.752000000000e-01 0.000000000000e+00 0.000000000000e+00 0.000000000000e+00 -0.000000000000e+00 2.106215115537e-02 0.000000000000e+00 0.000000000000e+00 0.000000000000e+00 0.000000000000e+00 0.000000000000e+00 0.000000000000e+00 
9.315000000000e+00 1.413854547900e-02 4.139136577942e-02 -2.168691746883e-03 9.921262919824e+04 9.499561622090e+04 1.000000000000e+05 8.746218183657e+03 5.414731714054e+02 1.800000000000e+06 0.000000000000e+00 -8.752000000000e-01 -8.752000000000e-01 0.000000000000e+00 0.000000000000e+00 0.000000000000e+00 -0.000000000000e+00 2.107602876654e-02 0.000000000000e+00 0.000000000000e+00 0.000000000000e+00 0.000000000000e+00 0.000000000000e+00 0.000000000000e+00 
9.320000000000e+00 1.415147690696e-02 4.575072061712e-02 -2.819485916501e-03 1.007491529827e+05 9.527418618731e+04 1.000000000000e+05 8.744100358472e+03 5.411040103745e+02 1.800000000000e+06 0.000000000000e+00 -8.752000000000e-01 -8.752000000000e-01 0.000000000000e+00 0.000000000000e+00 0.000000000000e+00 -0.000000000000e+00 2.109460000655e-02 0.000000000000e+00 0.000000000000e+00 0.000000000000e+00 0.000000000000e+00 0.000000000000e+00 0.000000000000e+00 
9.325000000000e+00 1.416771833390e-02 5.030367670388e-02 -3.494001929798e-03 1.023962628043e+05 9.562316292706e+04 1.000000000000e+05 8.741466894284e+03 5.406410343528e+02 1.800000000000e+06 0.000000000000e+00 -8.752000000000e-01 -8.752000000000e-01 0.000000000000e+00 0.000000000000e+00 0.000000000000e+00 -0.000000000000e+00 2.111805178839e-02 0.000000000000e+00 0.000000000000e+00 0.000000000000e+00 0.000000000000e+00 0.000000000000e+00 0.000000000000e+00 
9.330000000000e+00 1.418707533355e-02 5.502698634280e-02 -4.188053111192e-03 1.041396867870e+05 9.603778304948e+04 1.000000000000e+05 8.738350938750e+03 5.400902286853e+02 1.800000000000e+06 0.000000000000e+00 -8.752000000000e-01 -8.752000000000e-01 0.000000000000e+00 0.000000000000e+00 0.000000000000e+00 -0.000000000000e+00 2.114654178586e-02 0.000000000000e+00 0.000000000000e+00 0.000000000000e+00 0.000000000000e+00 0.000000000000e+00 0.000000000000e+00 
9.335000000000e+00 1.420958375576e-02 5.989242826523e-02 -4.897526529848e-03 1.059700320708e+05 9.651813522227e+04 1.000000000000e+05 8.734750173862e+03 5.394510878564e+02 1.800000000000e+06 0.000000000000e+00 -8.752000000000e-01 -8.752000000000e-01 0.000000000000e+00 0.000000000000e+00 0.000000000000e+00 -0.000000000000e+00 2.118019463364e-02 0.000000000000e+00 0.000000000000e+00 0.000000000000e+00 0.000000000000e+00 0.000000000000e+00 0.000000000000e+00 
9.340000000000e+00 1.423561065108e-02 6.486520640699e-02 -5.618609984480e-03 1.078850296182e+05 9.707121438075e+04 1.000000000000e+05 8.730611519505e+03 5.387138254842e+02 1.800000000000e+06 0.000000000000e+00 -8.752000000000e-01 -8.752000000000e-01 0.000000000000e+00 0.000000000000e+00 0.000000000000e+00 -0.000000000000e+00 2.121910787747e-02 0.000000000000e+00 0.000000000000e+00 0.000000000000e+00 0.000000000000e+00 0.000000000000e+00 0.000000000000e+00 
9.345000000000e+00 1.426520167190e-02 6.991712180272e-02 -6.347210424156e-03 1.098750946253e+05 9.769697507328e+04 1.000000000000e+05 8.725932418560e+03 5.378779207655e+02 1.800000000000e+06 0.000000000000e+00 -8.752000000000e-01 -8.752000000000e-01 0.000000000000e+00 0.000000000000e+00 0.000000000000e+00 -0.000000000000e+00 2.126334972332e-02 0.000000000000e+00 0.000000000000e+00 0.000000000000e+00 0.000000000000e+00 0.000000000000e+00 0.000000000000e+00 
9.350000000000e+00 1.429838204727e-02 7.501994602685e-02 -7.079221945634e-03 1.119301442371e+05 9.839479726059e+04 1.000000000000e+05 8.720714000163e+03 5.369435405700e+02 1.800000000000e+06 0.000000000000e+00 -8.752000000000e-01 -8.752000000000e-01 0.000000000000e+00 0.000000000000e+00 0.000000000000e+00 -0.000000000000e+00 2.131295835314e-02 0.000000000000e+00 0.000000000000e+00 0.000000000000e+00 0.000000000000e+00 0.000000000000e+00 0.000000000000e+00 
9.355000000000e+00 1.433515719805e-02 8.014387108267e-02 -7.810562838852e-03 1.140397406699e+05 9.916351178744e+04 1.000000000000e+05 8.714960935390e+03 5.359115134451e+02 1.800000000000e+06 0.000000000000e+00 -8.752000000000e-01 -8.752000000000e-01 0.000000000000e+00 0.000000000000e+00 0.000000000000e+00 -0.000000000000e+00 2.136794174335e-02 0.000000000000e+00 0.000000000000e+00 0.000000000000e+00 0.000000000000e+00 0.000000000000e+00 0.000000000000e+00 
9.360000000000e+00 1.437551274445e-02 8.525980138797e-02 -8.537260465686e-03 1.161933138107e+05 1.000014170495e+05 1.000000000000e+05 8.708681364715e+03 5.347833177495e+02 1.800000000000e+06 0.000000000000e+00 -8.752000000000e-01 -8.752000000000e-01 0.000000000000e+00 0.000000000000e+00 0.000000000000e+00 -0.000000000000e+00 2.142827851263e-02 0.000000000000e+00 0.000000000000e+00 0.000000000000e+00 0.000000000000e+00 0.000000000000e+00 0.000000000000e+00 
9.365000000000e+00 1.441941500398e-02 9.033846218408e-02 -9.255425862955e-03 1.183801818876e+05 1.009063096970e+05 1.000000000000e+05 8.701886754074e+03 5.335610531417e+02 1.800000000000e+06 0.000000000000e+00 -8.752000000000e-01 -8.752000000000e-01 0.000000000000e+00 0.000000000000e+00 0.000000000000e+00 -0.000000000000e+00 2.149391840209e-02 0.000000000000e+00 0.000000000000e+00 0.000000000000e+00 0.000000000000e+00 0.000000000000e+00 0.000000000000e+00 
9.370000000000e+00 1.446681135208e-02 9.535106649833e-02 -9.961153289388e-03 1.205894287257e+05 1.018755157109e+05 1.000000000000e+05 8.694591771583e+03 5.322474134025e+02 1.800000000000e+06 0.000000000000e+00 -8.752000000000e-01 -8.752000000000e-01 0.000000000000e+00 0.000000000000e+00 0.000000000000e+00 -0.000000000000e+00 2.156478275913e-02 0.000000000000e+00 0.000000000000e+00 0.000000000000e+00 0.000000000000e+00 0.000000000000e+00 0.000000000000e+00 
9.375000000000e+00 1.451762970481e-02 1.002689655542e-01 -1.065052084057e-02 1.228099579842e+05 1.029059065730e+05 1.000000000000e+05 8.686814269684e+03 5.308456811678e+02 1.800000000000e+06 0.000000000000e+00 -8.752000000000e-01 -8.752000000000e-01 0.000000000000e+00 0.000000000000e+00 0.000000000000e+00 -0.000000000000e+00 2.164076409174e-02 0.000000000000e+00 0.000000000000e+00 0.000000000000e+00 0.000000000000e+00 0.000000000000e+00 0.000000000000e+00 
9.380000000000e+00 1.457177881696e-02 1.050623792895e-01 -1.131955518795e-02 1.250304946851e+05 1.039939350451e+05 1.000000000000e+05 8.678575137658e+03 5.293596976688e+02 1.800000000000e+06 0.000000000000e+00 -8.752000000000e-01 -8.752000000000e-01 0.000000000000e+00 0.000000000000e+00 0.000000000000e+00 -0.000000000000e+00 2.172172590739e-02 0.000000000000e+00 0.000000000000e+00 0.000000000000e+00 0.000000000000e+00 0.000000000000e+00 0.000000000000e+00 
9.385000000000e+00 1.462914780727e-02 1.097014186975e-01 -1.196428880788e-02 1.272397433399e+05 1.051356575908e+05 1.000000000000e+05 8.669898246821e+03 5.277938518130e+02 1.800000000000e+06 0.000000000000e+00 -8.752000000000e-01 -8.752000000000e-01 0.000000000000e+00 0.000000000000e+00 0.000000000000e+00 -0.000000000000e+00 2.180750263921e-02 0.000000000000e+00 0.000000000000e+00 0.000000000000e+00 0.000000000000e+00 0.000000000000e+00 0.000000000000e+00 
9.390000000000e+00 1.468960601775e-02 1.141553512579e-01 -1.258064344008e-02 1.294262264473e+05 1.063267656543e+05 1.000000000000e+05 8.660810363073e+03 5.261530581972e+02 1.800000000000e+06 0.000000000000e+00 -8.752000000000e-01 -8.752000000000e-01 0.000000000000e+00 0.000000000000e+00 0.000000000000e+00 -0.000000000000e+00 2.189789908211e-02 0.000000000000e+00 0.000000000000e+00 0.000000000000e+00 0.000000000000e+00 0.000000000000e+00 0.000000000000e+00 
9.395000000000e+00 1.475300334452e-02 1.183892305030e-01 -1.316485399616e-02 1.315791208265e+05 1.075626274854e+05 1.000000000000e+05 8.651340900263e+03 5.244427210522e+02 1.800000000000e+06 0.000000000000e+00 -8.752000000000e-01 -8.752000000000e-01 0.000000000000e+00 0.000000000000e+00 0.000000000000e+00 -0.000000000000e+00 2.199269105498e-02 0.000000000000e+00 0.000000000000e+00 0.000000000000e+00 0.000000000000e+00 0.000000000000e+00 0.000000000000e+00 
9.400000000000e+00 1.481917086170e-02 1.223618026950e-01 -1.371265029609e-02 1.336868115295e+05 1.088383358022e+05 1.000000000000e+05 8.641521817939e+03 5.226686898469e+02 1.800000000000e+06 0.000000000000e+00 -8.752000000000e-01 -8.752000000000e-01 0.000000000000e+00 0.000000000000e+00 0.000000000000e+00 -0.000000000000e+00 2.209162634583e-02 0.000000000000e+00 0.000000000000e+00 0.000000000000e+00 0.000000000000e+00 0.000000000000e+00 0.000000000000e+00 
9.405000000000e+00 1.488791685532e-02 1.260484556090e-01 -1.421947862117e-02 1.357372945222e+05 1.101486676801e+05 1.000000000000e+05 8.631388029193e+03 5.208373370179e+02 1.800000000000e+06 0.000000000000e+00 -8.752000000000e-01 -8.752000000000e-01 0.000000000000e+00 0.000000000000e+00 0.000000000000e+00 -0.000000000000e+00 2.219441831035e-02 0.000000000000e+00 0.000000000000e+00 0.000000000000e+00 0.000000000000e+00 0.000000000000e+00 0.000000000000e+00 
9.410000000000e+00 1.495902608685e-02 1.294370148728e-01 -1.468050612257e-02 1.377182286476e+05 1.114881097194e+05 1.000000000000e+05 8.620977352934e+03 5.189555463373e+02 1.800000000000e+06 0.000000000000e+00 -8.752000000000e-01 -8.752000000000e-01 0.000000000000e+00 0.000000000000e+00 0.000000000000e+00 -0.000000000000e+00 2.230074504003e-02 0.000000000000e+00 0.000000000000e+00 0.000000000000e+00 0.000000000000e+00 0.000000000000e+00 0.000000000000e+00 
9.415000000000e+00 1.503226419410e-02 1.325001543447e-01 -1.509241105375e-02 1.396202302882e+05 1.128509783155e+05 1.000000000000e+05 8.610329457660e+03 5.170305661908e+02 1.800000000000e+06 0.000000000000e+00 -8.752000000000e-01 -8.752000000000e-01 0.000000000000e+00 0.000000000000e+00 0.000000000000e+00 -0.000000000000e+00 2.241025634574e-02 0.000000000000e+00 0.000000000000e+00 0.000000000000e+00 0.000000000000e+00 0.000000000000e+00 0.000000000000e+00 
9.420000000000e+00 1.510737808635e-02 1.351999602884e-01 -1.545103903054e-02 1.414326709675e+05 1.142314591270e+05 1.000000000000e+05 8.599486026243e+03 5.150699726328e+02 1.800000000000e+06 0.000000000000e+00 -8.752000000000e-01 -8.752000000000e-01 0.000000000000e+00 0.000000000000e+00 0.000000000000e+00 -0.000000000000e+00 2.252257393454e-02 0.000000000000e+00 0.000000000000e+00 0.000000000000e+00 0.000000000000e+00 0.000000000000e+00 0.000000000000e+00 
9.425000000000e+00 1.518424224140e-02 1.375017321932e-01 -1.575257618927e-02 1.431480287862e+05 1.156262744559e+05 1.000000000000e+05 8.588469640015e+03 5.130778663415e+02 1.800000000000e+06 0.000000000000e+00 -8.752000000000e-01 -8.752000000000e-01 0.000000000000e+00 0.000000000000e+00 0.000000000000e+00 -0.000000000000e+00 2.263729025603e-02 0.000000000000e+00 0.000000000000e+00 0.000000000000e+00 0.000000000000e+00 0.000000000000e+00 0.000000000000e+00 
9.430000000000e+00 1.526250781432e-02 1.393809912883e-01 -1.599366721083e-02 1.447566057750e+05 1.170282947571e+05 1.000000000000e+05 8.577333925528e+03 5.110639819708e+02 1.800000000000e+06 0.000000000000e+00 -8.752000000000e-01 -8.752000000000e-01 0.000000000000e+00 0.000000000000e+00 0.000000000000e+00 -0.000000000000e+00 2.275397177064e-02 0.000000000000e+00 0.000000000000e+00 0.000000000000e+00 0.000000000000e+00 0.000000000000e+00 0.000000000000e+00 
9.435000000000e+00 1.534178543983e-02 1.408196089072e-01 -1.617152177550e-02 1.462496352410e+05 1.184300120463e+05 1.000000000000e+05 8.566136823301e+03 5.090388238966e+02 1.800000000000e+06 0.000000000000e+00 -8.752000000000e-01 -8.752000000000e-01 0.000000000000e+00 0.000000000000e+00 0.000000000000e+00 -0.000000000000e+00 2.287216208890e-02 0.000000000000e+00 0.000000000000e+00 0.000000000000e+00 0.000000000000e+00 0.000000000000e+00 0.000000000000e+00 
9.440000000000e+00 1.542175764976e-02 1.418010114996e-01 -1.628422687296e-02 1.476214219740e+05 1.198255345607e+05 1.000000000000e+05 8.554924661923e+03 5.070107861469e+02 1.800000000000e+06 0.000000000000e+00 -8.752000000000e-01 -8.752000000000e-01 0.000000000000e+00 0.000000000000e+00 0.000000000000e+00 -0.000000000000e+00 2.299138791271e-02 0.000000000000e+00 0.000000000000e+00 0.000000000000e+00 0.000000000000e+00 0.000000000000e+00 0.000000000000e+00 
9.445000000000e+00 1.550209837706e-02 1.423158796136e-01 -1.633007149718e-02 1.488668538901e+05 1.212091219073e+05 1.000000000000e+05 8.543743751590e+03 5.049882394124e+02 1.800000000000e+06 0.000000000000e+00 -8.752000000000e-01 -8.752000000000e-01 0.000000000000e+00 0.000000000000e+00 0.000000000000e+00 -0.000000000000e+00 2.311116312286e-02 0.000000000000e+00 0.000000000000e+00 0.000000000000e+00 0.000000000000e+00 0.000000000000e+00 0.000000000000e+00 
9.450000000000e+00 1.558247491103e-02 1.423649137597e-01 -1.630827460604e-02 1.499826031698e+05 1.225752199864e+05 1.000000000000e+05 8.532639990917e+03 5.029794782989e+02 1.800000000000e+06 0.000000000000e+00 -8.752000000000e-01 -8.752000000000e-01 0.000000000000e+00 0.000000000000e+00 0.000000000000e+00 -0.000000000000e+00 2.323099169370e-02 0.000000000000e+00 0.000000000000e+00 0.000000000000e+00 0.000000000000e+00 0.000000000000e+00 0.000000000000e+00 
9.455000000000e+00 1.566255411218e-02 1.419544265699e-01 -1.621936241975e-02 1.509677415737e+05 1.239185610701e+05 1.000000000000e+05 8.521657967588e+03 5.009925680124e+02 1.800000000000e+06 0.000000000000e+00 -8.752000000000e-01 -8.752000000000e-01 0.000000000000e+00 0.000000000000e+00 0.000000000000e+00 -0.000000000000e+00 2.335037719117e-02 0.000000000000e+00 0.000000000000e+00 0.000000000000e+00 0.000000000000e+00 0.000000000000e+00 0.000000000000e+00 
9.460000000000e+00 1.574200773531e-02 1.410954882388e-01 -1.606437467582e-02 1.518223718894e+05 1.252342382422e+05 1.000000000000e+05 8.510840391101e+03 4.990352219872e+02 1.800000000000e+06 0.000000000000e+00 -8.752000000000e-01 -8.752000000000e-01 0.000000000000e+00 0.000000000000e+00 0.000000000000e+00 -0.000000000000e+00 2.346882990686e-02 0.000000000000e+00 0.000000000000e+00 0.000000000000e+00 0.000000000000e+00 0.000000000000e+00 0.000000000000e+00 
9.465000000000e+00 1.582051506511e-02 1.398003292704e-01 -1.584565334684e-02 1.525488819755e+05 1.265177272677e+05 1.000000000000e+05 8.500227700989e+03 4.971147525506e+02 1.800000000000e+06 0.000000000000e+00 -8.752000000000e-01 -8.752000000000e-01 0.000000000000e+00 0.000000000000e+00 0.000000000000e+00 -0.000000000000e+00 2.358587184969e-02 0.000000000000e+00 0.000000000000e+00 0.000000000000e+00 0.000000000000e+00 0.000000000000e+00 0.000000000000e+00 
9.470000000000e+00 1.589776937828e-02 1.380844524895e-01 -1.556584499110e-02 1.531502840838e+05 1.277649652186e+05 1.000000000000e+05 8.489857432920e+03 4.952379330651e+02 1.800000000000e+06 0.000000000000e+00 -8.752000000000e-01 -8.752000000000e-01 0.000000000000e+00 0.000000000000e+00 0.000000000000e+00 -0.000000000000e+00 2.370104574402e-02 0.000000000000e+00 0.000000000000e+00 0.000000000000e+00 0.000000000000e+00 0.000000000000e+00 0.000000000000e+00 
9.475000000000e+00 1.597347609218e-02 1.359823555862e-01 -1.522767805468e-02 1.536297720235e+05 1.289722890031e+05 1.000000000000e+05 8.479764618969e+03 4.934110672653e+02 1.800000000000e+06 0.000000000000e+00 -8.752000000000e-01 -8.752000000000e-01 0.000000000000e+00 0.000000000000e+00 0.000000000000e+00 -0.000000000000e+00 2.381391241397e-02 0.000000000000e+00 0.000000000000e+00 0.000000000000e+00 0.000000000000e+00 0.000000000000e+00 0.000000000000e+00 
9.480000000000e+00 1.604735501556e-02 1.335207327301e-01 -1.483418435088e-02 1.539910708725e+05 1.301364405050e+05 1.000000000000e+05 8.469981573965e+03 4.916399590366e+02 1.800000000000e+06 0.000000000000e+00 -8.752000000000e-01 -8.752000000000e-01 0.000000000000e+00 0.000000000000e+00 0.000000000000e+00 -0.000000000000e+00 2.392405413895e-02 0.000000000000e+00 0.000000000000e+00 0.000000000000e+00 0.000000000000e+00 0.000000000000e+00 0.000000000000e+00 
9.485000000000e+00 1.611914391164e-02 1.307430772484e-01 -1.438906693315e-02 1.542390278395e+05 1.312545900972e+05 1.000000000000e+05 8.460537500026e+03 4.899298530620e+02 1.800000000000e+06 0.000000000000e+00 -8.752000000000e-01 -8.752000000000e-01 0.000000000000e+00 0.000000000000e+00 0.000000000000e+00 -0.000000000000e+00 2.403107996561e-02 0.000000000000e+00 0.000000000000e+00 0.000000000000e+00 0.000000000000e+00 0.000000000000e+00 0.000000000000e+00 
9.490000000000e+00 1.618859804317e-02 1.277050565734e-01 -1.389803747151e-02 1.543816711289e+05 1.323242960120e+05 1.000000000000e+05 8.451458502101e+03 4.882854728997e+02 1.800000000000e+06 0.000000000000e+00 -8.752000000000e-01 -8.752000000000e-01 0.000000000000e+00 0.000000000000e+00 0.000000000000e+00 -0.000000000000e+00 2.413462502966e-02 0.000000000000e+00 0.000000000000e+00 0.000000000000e+00 0.000000000000e+00 0.000000000000e+00 0.000000000000e+00 
9.495000000000e+00 1.625552431400e-02 1.244597654093e-01 -1.337196275253e-02 1.544355110286e+05 1.333439902238e+05 1.000000000000e+05 8.442762838136e+03 4.867102456928e+02 1.800000000000e+06 0.000000000000e+00 -8.752000000000e-01 -8.752000000000e-01 0.000000000000e+00 0.000000000000e+00 0.000000000000e+00 -0.000000000000e+00 2.423440145544e-02 0.000000000000e+00 0.000000000000e+00 0.000000000000e+00 0.000000000000e+00 0.000000000000e+00 0.000000000000e+00 
9.500000000000e+00 1.631975538798e-02 1.210310467985e-01 -1.281297429405e-02 1.544031710324e+05 1.343125344449e+05 1.000000000000e+05 8.434466393676e+03 4.852069529747e+02 1.800000000000e+06 0.000000000000e+00 -8.752000000000e-01 -8.752000000000e-01 0.000000000000e+00 0.000000000000e+00 0.000000000000e+00 -0.000000000000e+00 2.433015977136e-02 0.000000000000e+00 0.000000000000e+00 0.000000000000e+00 0.000000000000e+00 0.000000000000e+00 0.000000000000e+00 
9.505000000000e+00 1.638113738789e-02 1.174229039335e-01 -1.222422780167e-02 1.542888606324e+05 1.352290067945e+05 1.000000000000e+05 8.426583070016e+03 4.837780422493e+02 1.800000000000e+06 0.000000000000e+00 -8.752000000000e-01 -8.752000000000e-01 0.000000000000e+00 0.000000000000e+00 0.000000000000e+00 -0.000000000000e+00 2.442167057096e-02 0.000000000000e+00 0.000000000000e+00 0.000000000000e+00 0.000000000000e+00 0.000000000000e+00 0.000000000000e+00 
9.510000000000e+00 1.643953326993e-02 1.136620739756e-01 -1.160957501591e-02 1.540978644548e+05 1.360927325462e+05 1.000000000000e+05 8.419124477739e+03 4.824255654262e+02 1.800000000000e+06 0.000000000000e+00 -8.752000000000e-01 -8.752000000000e-01 0.000000000000e+00 0.000000000000e+00 0.000000000000e+00 -0.000000000000e+00 2.450872954374e-02 0.000000000000e+00 0.000000000000e+00 0.000000000000e+00 0.000000000000e+00 0.000000000000e+00 0.000000000000e+00 
9.515000000000e+00 1.649482979799e-02 1.097892459033e-01 -1.097412427179e-02 1.538374746080e+05 1.369033665612e+05 1.000000000000e+05 8.412099053821e+03 4.811510353816e+02 1.800000000000e+06 0.000000000000e+00 -8.752000000000e-01 -8.752000000000e-01 0.000000000000e+00 0.000000000000e+00 0.000000000000e+00 -0.000000000000e+00 2.459116787264e-02 0.000000000000e+00 0.000000000000e+00 0.000000000000e+00 0.000000000000e+00 0.000000000000e+00 0.000000000000e+00 
9.520000000000e+00 1.654693439589e-02 1.058263602661e-01 -1.032131702322e-02 1.535124229256e+05 1.376608263592e+05 1.000000000000e+05 8.405512945609e+03 4.799555168078e+02 1.800000000000e+06 0.000000000000e+00 -8.752000000000e-01 -8.752000000000e-01 0.000000000000e+00 0.000000000000e+00 0.000000000000e+00 -0.000000000000e+00 2.466884754135e-02 0.000000000000e+00 0.000000000000e+00 0.000000000000e+00 0.000000000000e+00 0.000000000000e+00 0.000000000000e+00 
9.525000000000e+00 1.659577150397e-02 1.017929027299e-01 -9.654716357330e-03 1.531276432279e+05 1.383652231370e+05 1.000000000000e+05 8.399370309383e+03 4.788397241687e+02 1.800000000000e+06 0.000000000000e+00 -8.752000000000e-01 -8.752000000000e-01 0.000000000000e+00 0.000000000000e+00 0.000000000000e+00 -0.000000000000e+00 2.474165590238e-02 0.000000000000e+00 0.000000000000e+00 0.000000000000e+00 0.000000000000e+00 0.000000000000e+00 0.000000000000e+00 
9.530000000000e+00 1.664128146168e-02 9.772563374483e-02 -8.977681981865e-03 1.526877704696e+05 1.390168335740e+05 1.000000000000e+05 8.393673550802e+03 4.778040582923e+02 1.800000000000e+06 0.000000000000e+00 -8.752000000000e-01 -8.752000000000e-01 0.000000000000e+00 0.000000000000e+00 0.000000000000e+00 -0.000000000000e+00 2.480950401137e-02 0.000000000000e+00 0.000000000000e+00 0.000000000000e+00 0.000000000000e+00 0.000000000000e+00 0.000000000000e+00 
9.535000000000e+00 1.668342481802e-02 9.364695086310e-02 -8.294148541985e-03 1.521983982037e+05 1.396161512001e+05 1.000000000000e+05 8.388422722870e+03 4.768485178965e+02 1.800000000000e+06 0.000000000000e+00 -8.752000000000e-01 -8.752000000000e-01 0.000000000000e+00 0.000000000000e+00 0.000000000000e+00 -0.000000000000e+00 2.487233305314e-02 0.000000000000e+00 0.000000000000e+00 0.000000000000e+00 0.000000000000e+00 0.000000000000e+00 0.000000000000e+00 
9.540000000000e+00 1.672217634779e-02 8.957300677556e-02 -7.606522343684e-03 1.516628210096e+05 1.401637923283e+05 1.000000000000e+05 8.383616600780e+03 4.759728437073e+02 1.800000000000e+06 0.000000000000e+00 -8.752000000000e-01 -8.752000000000e-01 0.000000000000e+00 0.000000000000e+00 0.000000000000e+00 -0.000000000000e+00 2.493010542094e-02 0.000000000000e+00 0.000000000000e+00 0.000000000000e+00 0.000000000000e+00 0.000000000000e+00 0.000000000000e+00 
9.545000000000e+00 1.675752783731e-02 8.550564918678e-02 -6.918657842318e-03 1.510866119549e+05 1.406605298745e+05 1.000000000000e+05 8.379251968380e+03 4.751764609968e+02 1.800000000000e+06 0.000000000000e+00 -8.752000000000e-01 -8.752000000000e-01 0.000000000000e+00 0.000000000000e+00 0.000000000000e+00 -0.000000000000e+00 2.498280886947e-02 0.000000000000e+00 0.000000000000e+00 0.000000000000e+00 0.000000000000e+00 0.000000000000e+00 0.000000000000e+00 
9.550000000000e+00 1.678948599444e-02 8.144433737070e-02 -6.232620614728e-03 1.504727127620e+05 1.411072594863e+05 1.000000000000e+05 8.375324325374e+03 4.744585312158e+02 1.800000000000e+06 0.000000000000e+00 -8.752000000000e-01 -8.752000000000e-01 0.000000000000e+00 0.000000000000e+00 0.000000000000e+00 -0.000000000000e+00 2.503045339909e-02 0.000000000000e+00 0.000000000000e+00 0.000000000000e+00 0.000000000000e+00 0.000000000000e+00 0.000000000000e+00 
9.555000000000e+00 1.681806482571e-02 7.739415594469e-02 -5.550125569074e-03 1.498235438978e+05 1.415048913288e+05 1.000000000000e+05 8.371828666983e+03 4.738181252844e+02 1.800000000000e+06 0.000000000000e+00 -8.752000000000e-01 -8.752000000000e-01 0.000000000000e+00 0.000000000000e+00 0.000000000000e+00 -0.000000000000e+00 2.507305989130e-02 0.000000000000e+00 0.000000000000e+00 0.000000000000e+00 0.000000000000e+00 0.000000000000e+00 0.000000000000e+00 
9.560000000000e+00 1.684328880970e-02 7.335884270687e-02 -4.873061857884e-03 1.491418484345e+05 1.418543950197e+05 1.000000000000e+05 8.368759017425e+03 4.732541523540e+02 1.800000000000e+06 0.000000000000e+00 -8.752000000000e-01 -8.752000000000e-01 0.000000000000e+00 0.000000000000e+00 0.000000000000e+00 -0.000000000000e+00 2.511066483976e-02 0.000000000000e+00 0.000000000000e+00 0.000000000000e+00 0.000000000000e+00 0.000000000000e+00 0.000000000000e+00 
9.565000000000e+00 1.686518759258e-02 6.934903346413e-02 -4.202058872299e-03 1.484284894526e+05 1.421567273163e+05 1.000000000000e+05 8.366109275875e+03 4.727654778620e+02 1.800000000000e+06 0.000000000000e+00 -8.752000000000e-01 -8.752000000000e-01 0.000000000000e+00 0.000000000000e+00 0.000000000000e+00 -0.000000000000e+00 2.514331244224e-02 0.000000000000e+00 0.000000000000e+00 0.000000000000e+00 0.000000000000e+00 0.000000000000e+00 0.000000000000e+00 
9.570000000000e+00 1.688379650123e-02 6.537049045975e-02 -3.539273803390e-03 1.476866363817e+05 1.424128418133e+05 1.000000000000e+05 8.363872783849e+03 4.723509102290e+02 1.800000000000e+06 0.000000000000e+00 -8.752000000000e-01 -8.752000000000e-01 0.000000000000e+00 0.000000000000e+00 0.000000000000e+00 -0.000000000000e+00 2.517105536544e-02 0.000000000000e+00 0.000000000000e+00 0.000000000000e+00 0.000000000000e+00 0.000000000000e+00 0.000000000000e+00 
9.575000000000e+00 1.689916480213e-02 6.143220458710e-02 -2.886370145674e-03 1.469188564309e+05 1.426238049616e+05 1.000000000000e+05 8.362041547109e+03 4.720090151747e+02 1.800000000000e+06 0.000000000000e+00 -8.752000000000e-01 -8.752000000000e-01 0.000000000000e+00 0.000000000000e+00 0.000000000000e+00 -0.000000000000e+00 2.519396705789e-02 0.000000000000e+00 0.000000000000e+00 0.000000000000e+00 0.000000000000e+00 0.000000000000e+00 0.000000000000e+00 
9.580000000000e+00 1.691134089891e-02 5.753731313715e-02 -2.241487136593e-03 1.461224297853e+05 1.427905954822e+05 1.000000000000e+05 8.360608458208e+03 4.717384430430e+02 1.800000000000e+06 0.000000000000e+00 -8.752000000000e-01 -8.752000000000e-01 0.000000000000e+00 0.000000000000e+00 0.000000000000e+00 -0.000000000000e+00 2.521211968169e-02 0.000000000000e+00 0.000000000000e+00 0.000000000000e+00 0.000000000000e+00 0.000000000000e+00 0.000000000000e+00 
9.585000000000e+00 1.692037585878e-02 5.369914506309e-02 -1.600900731705e-03 1.452918928817e+05 1.429141570380e+05 1.000000000000e+05 8.359566625158e+03 4.715378468698e+02 1.800000000000e+06 0.000000000000e+00 -8.752000000000e-01 -8.752000000000e-01 0.000000000000e+00 0.000000000000e+00 0.000000000000e+00 -0.000000000000e+00 2.522558936991e-02 0.000000000000e+00 0.000000000000e+00 0.000000000000e+00 0.000000000000e+00 0.000000000000e+00 0.000000000000e+00 
9.590000000000e+00 1.692632644435e-02 4.990136205553e-02 -9.724024143419e-04 1.444389414357e+05 1.429954434897e+05 1.000000000000e+05 8.358907265413e+03 4.714058119408e+02 1.800000000000e+06 0.000000000000e+00 -8.752000000000e-01 -8.752000000000e-01 0.000000000000e+00 0.000000000000e+00 0.000000000000e+00 -0.000000000000e+00 2.523446074661e-02 0.000000000000e+00 0.000000000000e+00 0.000000000000e+00 0.000000000000e+00 0.000000000000e+00 0.000000000000e+00 
9.595000000000e+00 1.692924712006e-02 4.614873753844e-02 -3.537329573012e-04 1.435602820580e+05 1.430353135294e+05 1.000000000000e+05 8.358623447892e+03 4.713410299477e+02 1.800000000000e+06 0.000000000000e+00 -8.752000000000e-01 -8.752000000000e-01 0.000000000000e+00 0.000000000000e+00 0.000000000000e+00 -0.000000000000e+00 2.523881500959e-02 0.000000000000e+00 0.000000000000e+00 0.000000000000e+00 0.000000000000e+00 0.000000000000e+00 0.000000000000e+00 
9.600000000000e+00 1.692920507213e-02 4.247419372485e-02 2.501015100043e-04 1.426635672607e+05 1.430347396612e+05 1.000000000000e+05 8.358705989822e+03 4.713419624808e+02 1.800000000000e+06 0.000000000000e+00 -8.752000000000e-01 -8.752000000000e-01 0.000000000000e+00 0.000000000000e+00 0.000000000000e+00 -0.000000000000e+00 2.523875232282e-02 0.000000000000e+00 0.000000000000e+00 0.000000000000e+00 0.000000000000e+00 0.000000000000e+00 0.000000000000e+00 
9.605000000000e+00 1.692625106413e-02 3.887429235320e-02 8.442486709696e-04 1.417411477483e+05 1.429944142410e+05 1.000000000000e+05 8.359149293217e+03 4.714074841158e+02 1.800000000000e+06 0.000000000000e+00 -8.752000000000e-01 -8.752000000000e-01 0.000000000000e+00 0.000000000000e+00 0.000000000000e+00 -0.000000000000e+00 2.523434836670e-02 0.000000000000e+00 0.000000000000e+00 0.000000000000e+00 0.000000000000e+00 0.000000000000e+00 0.000000000000e+00 
9.610000000000e+00 1.692037713785e-02 3.532626708747e-02 1.415776372092e-03 1.408113946408e+05 1.429141745185e+05 1.000000000000e+05 8.359952977315e+03 4.715378184820e+02 1.800000000000e+06 0.000000000000e+00 -8.752000000000e-01 -8.752000000000e-01 0.000000000000e+00 0.000000000000e+00 0.000000000000e+00 -0.000000000000e+00 2.522568710056e-02 0.000000000000e+00 0.000000000000e+00 0.000000000000e+00 0.000000000000e+00 0.000000000000e+00 0.000000000000e+00 
9.615000000000e+00 1.691155499988e-02 3.182677654594e-02 1.972280123626e-03 1.398619067148e+05 1.427935254936e+05 1.000000000000e+05 8.361122056367e+03 4.717336878034e+02 1.800000000000e+06 0.000000000000e+00 -8.752000000000e-01 -8.752000000000e-01 0.000000000000e+00 0.000000000000e+00 0.000000000000e+00 -0.000000000000e+00 2.521286146330e-02 0.000000000000e+00 0.000000000000e+00 0.000000000000e+00 0.000000000000e+00 0.000000000000e+00 0.000000000000e+00 
9.620000000000e+00 1.689987733372e-02 2.838918570440e-02 2.515402286633e-03 1.388907764152e+05 1.426335739382e+05 1.000000000000e+05 8.362645958274e+03 4.719931741322e+02 1.800000000000e+06 0.000000000000e+00 -8.752000000000e-01 -8.752000000000e-01 0.000000000000e+00 0.000000000000e+00 0.000000000000e+00 -0.000000000000e+00 2.519597195323e-02 0.000000000000e+00 0.000000000000e+00 0.000000000000e+00 0.000000000000e+00 0.000000000000e+00 0.000000000000e+00 
9.625000000000e+00 1.688553527174e-02 2.501960650336e-02 3.044715382268e-03 1.379005720434e+05 1.424367351634e+05 1.000000000000e+05 8.364501755874e+03 4.723122065024e+02 1.800000000000e+06 0.000000000000e+00 -8.752000000000e-01 -8.752000000000e-01 0.000000000000e+00 0.000000000000e+00 0.000000000000e+00 -0.000000000000e+00 2.517512645912e-02 0.000000000000e+00 0.000000000000e+00 0.000000000000e+00 0.000000000000e+00 0.000000000000e+00 0.000000000000e+00 
9.630000000000e+00 1.686919987417e-02 2.171318203730e-02 3.559792577256e-03 1.369007549684e+05 1.422120102710e+05 1.000000000000e+05 8.366606689046e+03 4.726760388454e+02 1.800000000000e+06 0.000000000000e+00 -8.752000000000e-01 -8.752000000000e-01 0.000000000000e+00 0.000000000000e+00 0.000000000000e+00 -0.000000000000e+00 2.515043186732e-02 0.000000000000e+00 0.000000000000e+00 0.000000000000e+00 0.000000000000e+00 0.000000000000e+00 0.000000000000e+00 
9.635000000000e+00 1.685036505171e-02 1.847983353690e-02 4.059906802219e-03 1.358846091037e+05 1.419522001764e+05 1.000000000000e+05 8.369024891599e+03 4.730961484283e+02 1.800000000000e+06 0.000000000000e+00 -8.752000000000e-01 -8.752000000000e-01 0.000000000000e+00 0.000000000000e+00 0.000000000000e+00 -0.000000000000e+00 2.512199776839e-02 0.000000000000e+00 0.000000000000e+00 0.000000000000e+00 0.000000000000e+00 0.000000000000e+00 0.000000000000e+00 
9.640000000000e+00 1.682910560045e-02 1.532573139659e-02 4.544503073291e-03 1.348533381191e+05 1.416580393014e+05 1.000000000000e+05 8.371748273754e+03 4.735711243700e+02 1.800000000000e+06 0.000000000000e+00 -8.752000000000e-01 -8.752000000000e-01 0.000000000000e+00 0.000000000000e+00 0.000000000000e+00 -0.000000000000e+00 2.508993700004e-02 0.000000000000e+00 0.000000000000e+00 0.000000000000e+00 0.000000000000e+00 0.000000000000e+00 0.000000000000e+00 
9.645000000000e+00 1.680550020077e-02 1.225693693789e-02 5.012648601229e-03 1.338087915520e+05 1.413302888880e+05 1.000000000000e+05 8.374768321663e+03 4.740994918395e+02 1.800000000000e+06 0.000000000000e+00 -8.752000000000e-01 -8.752000000000e-01 0.000000000000e+00 0.000000000000e+00 0.000000000000e+00 -0.000000000000e+00 2.505436808751e-02 0.000000000000e+00 0.000000000000e+00 0.000000000000e+00 0.000000000000e+00 0.000000000000e+00 0.000000000000e+00 
9.650000000000e+00 1.677939991073e-02 9.282557081311e-03 5.463386338060e-03 1.327495421844e+05 1.409665080994e+05 1.000000000000e+05 8.378105232720e+03 4.746849063776e+02 1.800000000000e+06 0.000000000000e+00 -8.752000000000e-01 -8.752000000000e-01 0.000000000000e+00 0.000000000000e+00 0.000000000000e+00 -0.000000000000e+00 2.501541665237e-02 0.000000000000e+00 0.000000000000e+00 0.000000000000e+00 0.000000000000e+00 0.000000000000e+00 0.000000000000e+00 
9.655000000000e+00 1.675109201738e-02 6.411706440194e-03 5.895885096154e-03 1.316803655150e+05 1.405702994816e+05 1.000000000000e+05 8.381724575270e+03 4.753212701226e+02 1.800000000000e+06 0.000000000000e+00 -8.752000000000e-01 -8.752000000000e-01 0.000000000000e+00 0.000000000000e+00 0.000000000000e+00 -0.000000000000e+00 2.497321408552e-02 0.000000000000e+00 0.000000000000e+00 0.000000000000e+00 0.000000000000e+00 0.000000000000e+00 0.000000000000e+00 
9.660000000000e+00 1.672069828922e-02 3.640279230486e-03 6.308566031103e-03 1.306048341645e+05 1.401429643968e+05 1.000000000000e+05 8.385612574748e+03 4.760061917844e+02 1.800000000000e+06 0.000000000000e+00 -8.752000000000e-01 -8.752000000000e-01 0.000000000000e+00 0.000000000000e+00 0.000000000000e+00 -0.000000000000e+00 2.492790187069e-02 0.000000000000e+00 0.000000000000e+00 0.000000000000e+00 0.000000000000e+00 0.000000000000e+00 0.000000000000e+00 
9.665000000000e+00 1.668831887950e-02 9.743898499791e-04 6.700921516981e-03 1.295246502661e+05 1.396854959921e+05 1.000000000000e+05 8.389758329387e+03 4.767377698855e+02 1.800000000000e+06 0.000000000000e+00 -8.752000000000e-01 -8.752000000000e-01 0.000000000000e+00 0.000000000000e+00 0.000000000000e+00 -0.000000000000e+00 2.487962932045e-02 0.000000000000e+00 0.000000000000e+00 0.000000000000e+00 0.000000000000e+00 0.000000000000e+00 0.000000000000e+00 
9.670000000000e+00 1.665405762261e-02 -1.570351730111e-03 7.075043514484e-03 1.284376735787e+05 1.391989362288e+05 1.000000000000e+05 8.394150813798e+03 4.775140214301e+02 1.800000000000e+06 0.000000000000e+00 -8.752000000000e-01 -8.752000000000e-01 0.000000000000e+00 0.000000000000e+00 0.000000000000e+00 -0.000000000000e+00 2.482855123538e-02 0.000000000000e+00 0.000000000000e+00 0.000000000000e+00 0.000000000000e+00 0.000000000000e+00 0.000000000000e+00 
9.675000000000e+00 1.661802392728e-02 -3.987080982768e-03 7.426543025115e-03 1.273517487408e+05 1.386844082889e+05 1.000000000000e+05 8.398777429115e+03 4.783328341645e+02 1.800000000000e+06 0.000000000000e+00 -8.752000000000e-01 -8.752000000000e-01 0.000000000000e+00 0.000000000000e+00 0.000000000000e+00 -0.000000000000e+00 2.477483072649e-02 0.000000000000e+00 0.000000000000e+00 0.000000000000e+00 0.000000000000e+00 0.000000000000e+00 0.000000000000e+00 
9.680000000000e+00 1.658033074205e-02 -6.264915127796e-03 7.754324223301e-03 1.262698771323e+05 1.381430934956e+05 1.000000000000e+05 8.403625507982e+03 4.791920076072e+02 1.800000000000e+06 0.000000000000e+00 -8.752000000000e-01 -8.752000000000e-01 0.000000000000e+00 0.000000000000e+00 0.000000000000e+00 -0.000000000000e+00 2.471863618207e-02 0.000000000000e+00 0.000000000000e+00 0.000000000000e+00 0.000000000000e+00 0.000000000000e+00 0.000000000000e+00 
9.685000000000e+00 1.654109796274e-02 -8.399599923544e-03 8.057309473290e-03 1.251952283456e+05 1.375762862498e+05 1.000000000000e+05 8.408681428038e+03 4.800891701850e+02 1.800000000000e+06 0.000000000000e+00 -8.752000000000e-01 -8.752000000000e-01 0.000000000000e+00 0.000000000000e+00 0.000000000000e+00 -0.000000000000e+00 2.466014634775e-02 0.000000000000e+00 0.000000000000e+00 0.000000000000e+00 0.000000000000e+00 0.000000000000e+00 0.000000000000e+00 
9.690000000000e+00 1.650045042899e-02 -1.038531957924e-02 8.334570753152e-03 1.241309146462e+05 1.369853720248e+05 1.000000000000e+05 8.413930855362e+03 4.810218190926e+02 1.800000000000e+06 0.000000000000e+00 -8.752000000000e-01 -8.752000000000e-01 0.000000000000e+00 0.000000000000e+00 0.000000000000e+00 -0.000000000000e+00 2.459954733956e-02 0.000000000000e+00 0.000000000000e+00 0.000000000000e+00 0.000000000000e+00 0.000000000000e+00 0.000000000000e+00 
9.695000000000e+00 1.645851710377e-02 -1.221554641119e-02 8.585482925965e-03 1.230797437217e+05 1.363718218306e+05 1.000000000000e+05 8.419358842944e+03 4.819873336744e+02 1.800000000000e+06 0.000000000000e+00 -8.752000000000e-01 -8.752000000000e-01 0.000000000000e+00 0.000000000000e+00 0.000000000000e+00 -0.000000000000e+00 2.453703142079e-02 0.000000000000e+00 0.000000000000e+00 0.000000000000e+00 0.000000000000e+00 0.000000000000e+00 0.000000000000e+00 
9.700000000000e+00 1.641543014460e-02 -1.388467864580e-02 8.809327644842e-03 1.220448163833e+05 1.357371846876e+05 1.000000000000e+05 8.424949872547e+03 4.829829916950e+02 1.800000000000e+06 0.000000000000e+00 -8.752000000000e-01 -8.752000000000e-01 0.000000000000e+00 0.000000000000e+00 0.000000000000e+00 -0.000000000000e+00 2.447279561725e-02 0.000000000000e+00 0.000000000000e+00 0.000000000000e+00 0.000000000000e+00 0.000000000000e+00 0.000000000000e+00 
9.705000000000e+00 1.637132390981e-02 -1.538956455299e-02 9.005744763323e-03 1.210288134259e+05 1.350830785826e+05 1.000000000000e+05 8.430688019832e+03 4.840059876314e+02 1.800000000000e+06 0.000000000000e+00 -8.752000000000e-01 -8.752000000000e-01 0.000000000000e+00 0.000000000000e+00 0.000000000000e+00 -0.000000000000e+00 2.440704023588e-02 0.000000000000e+00 0.000000000000e+00 0.000000000000e+00 0.000000000000e+00 0.000000000000e+00 0.000000000000e+00 
9.710000000000e+00 1.632633453717e-02 -1.672745076112e-02 9.174419596987e-03 1.200344706971e+05 1.344111893092e+05 1.000000000000e+05 8.436556947154e+03 4.850534382503e+02 1.800000000000e+06 0.000000000000e+00 -8.752000000000e-01 -8.752000000000e-01 0.000000000000e+00 0.000000000000e+00 0.000000000000e+00 -0.000000000000e+00 2.433996823644e-02 0.000000000000e+00 0.000000000000e+00 0.000000000000e+00 0.000000000000e+00 0.000000000000e+00 0.000000000000e+00 
9.715000000000e+00 1.628059912310e-02 -1.789538461170e-02 9.315290746345e-03 1.190642390338e+05 1.337232628634e+05 1.000000000000e+05 8.442540019777e+03 4.861223979330e+02 1.800000000000e+06 0.000000000000e+00 -8.752000000000e-01 -8.752000000000e-01 0.000000000000e+00 0.000000000000e+00 0.000000000000e+00 -0.000000000000e+00 2.427178400787e-02 0.000000000000e+00 0.000000000000e+00 0.000000000000e+00 0.000000000000e+00 0.000000000000e+00 0.000000000000e+00 
9.720000000000e+00 1.623425452768e-02 -1.889509370266e-02 9.428478972307e-03 1.181203691028e+05 1.330210914112e+05 1.000000000000e+05 8.448620437555e+03 4.872098834636e+02 1.800000000000e+06 0.000000000000e+00 -8.752000000000e-01 -8.752000000000e-01 0.000000000000e+00 0.000000000000e+00 0.000000000000e+00 -0.000000000000e+00 2.420269158680e-02 0.000000000000e+00 0.000000000000e+00 0.000000000000e+00 0.000000000000e+00 0.000000000000e+00 0.000000000000e+00 
9.725000000000e+00 1.618743871711e-02 -1.972638265161e-02 9.514066749287e-03 1.172052765886e+05 1.323065370661e+05 1.000000000000e+05 8.454781017086e+03 4.883128398464e+02 1.800000000000e+06 0.000000000000e+00 -8.752000000000e-01 -8.752000000000e-01 0.000000000000e+00 0.000000000000e+00 0.000000000000e+00 -0.000000000000e+00 2.413289665888e-02 0.000000000000e+00 0.000000000000e+00 0.000000000000e+00 0.000000000000e+00 0.000000000000e+00 0.000000000000e+00 
9.730000000000e+00 1.614028599286e-02 -2.038651033889e-02 9.572693444177e-03 1.163205135477e+05 1.315814619187e+05 1.000000000000e+05 8.461004889094e+03 4.894282505530e+02 1.800000000000e+06 0.000000000000e+00 -8.752000000000e-01 -8.752000000000e-01 0.000000000000e+00 0.000000000000e+00 0.000000000000e+00 -0.000000000000e+00 2.406259944624e-02 0.000000000000e+00 0.000000000000e+00 0.000000000000e+00 0.000000000000e+00 0.000000000000e+00 0.000000000000e+00 
9.735000000000e+00 1.609292771256e-02 -2.087815685829e-02 9.604679704764e-03 1.154681587324e+05 1.308477398276e+05 1.000000000000e+05 8.467275284527e+03 4.905531201387e+02 1.800000000000e+06 0.000000000000e+00 -8.752000000000e-01 -8.752000000000e-01 0.000000000000e+00 0.000000000000e+00 0.000000000000e+00 -0.000000000000e+00 2.399199578224e-02 0.000000000000e+00 0.000000000000e+00 0.000000000000e+00 0.000000000000e+00 0.000000000000e+00 0.000000000000e+00 
9.740000000000e+00 1.604549259293e-02 -2.120554960964e-02 9.610944111502e-03 1.146493550689e+05 1.301072617355e+05 1.000000000000e+05 8.473575618760e+03 4.916844668020e+02 1.800000000000e+06 0.000000000000e+00 -8.752000000000e-01 -8.752000000000e-01 0.000000000000e+00 0.000000000000e+00 0.000000000000e+00 -0.000000000000e+00 2.392127756300e-02 0.000000000000e+00 0.000000000000e+00 0.000000000000e+00 0.000000000000e+00 0.000000000000e+00 0.000000000000e+00 
9.745000000000e+00 1.599810487894e-02 -2.137378735306e-02 9.592341973853e-03 1.138653202566e+05 1.293619071008e+05 1.000000000000e+05 8.479889647597e+03 4.928193663231e+02 1.800000000000e+06 0.000000000000e+00 -8.752000000000e-01 -8.752000000000e-01 0.000000000000e+00 0.000000000000e+00 0.000000000000e+00 -0.000000000000e+00 2.385063001803e-02 0.000000000000e+00 0.000000000000e+00 0.000000000000e+00 0.000000000000e+00 0.000000000000e+00 0.000000000000e+00 
9.750000000000e+00 1.595088429335e-02 -2.138578148260e-02 9.549790996389e-03 1.131171379255e+05 1.286135419311e+05 1.000000000000e+05 8.486201498317e+03 4.939549545363e+02 1.800000000000e+06 0.000000000000e+00 -8.752000000000e-01 -8.752000000000e-01 0.000000000000e+00 0.000000000000e+00 0.000000000000e+00 -0.000000000000e+00 2.378023163493e-02 0.000000000000e+00 0.000000000000e+00 0.000000000000e+00 0.000000000000e+00 0.000000000000e+00 0.000000000000e+00 
9.755000000000e+00 1.590394568465e-02 -2.124823082291e-02 9.484425910348e-03 1.124054907890e+05 1.278640115312e+05 1.000000000000e+05 8.492495747483e+03 4.950884374707e+02 1.800000000000e+06 0.000000000000e+00 -8.752000000000e-01 -8.752000000000e-01 0.000000000000e+00 0.000000000000e+00 0.000000000000e+00 -0.000000000000e+00 2.371025363453e-02 0.000000000000e+00 0.000000000000e+00 0.000000000000e+00 0.000000000000e+00 0.000000000000e+00 0.000000000000e+00 
9.760000000000e+00 1.585739855727e-02 -2.096882076750e-02 9.397309351019e-03 1.117311112108e+05 1.271151307016e+05 1.000000000000e+05 8.498757456065e+03 4.962171048780e+02 1.800000000000e+06 0.000000000000e+00 -8.752000000000e-01 -8.752000000000e-01 0.000000000000e+00 0.000000000000e+00 0.000000000000e+00 -0.000000000000e+00 2.364085927052e-02 0.000000000000e+00 0.000000000000e+00 0.000000000000e+00 0.000000000000e+00 0.000000000000e+00 0.000000000000e+00 
9.765000000000e+00 1.581134620136e-02 -2.055488186638e-02 9.289733868077e-03 1.110942649015e+05 1.263686667132e+05 1.000000000000e+05 8.504972343131e+03 4.973383541006e+02 1.800000000000e+06 0.000000000000e+00 -8.752000000000e-01 -8.752000000000e-01 0.000000000000e+00 0.000000000000e+00 0.000000000000e+00 -0.000000000000e+00 2.357220253207e-02 0.000000000000e+00 0.000000000000e+00 0.000000000000e+00 0.000000000000e+00 0.000000000000e+00 0.000000000000e+00 
9.770000000000e+00 1.576588584379e-02 -2.001396411786e-02 9.162909794898e-03 1.104952536031e+05 1.256263380536e+05 1.000000000000e+05 8.511126739401e+03 4.984496896983e+02 1.800000000000e+06 0.000000000000e+00 -8.752000000000e-01 -8.752000000000e-01 0.000000000000e+00 0.000000000000e+00 0.000000000000e+00 -0.000000000000e+00 2.350442836901e-02 0.000000000000e+00 0.000000000000e+00 0.000000000000e+00 0.000000000000e+00 0.000000000000e+00 0.000000000000e+00 
9.775000000000e+00 1.572110825523e-02 -1.935398193025e-02 9.018212678316e-03 1.099339937612e+05 1.248898040048e+05 1.000000000000e+05 8.517207693229e+03 4.995487365818e+02 1.800000000000e+06 0.000000000000e+00 -8.752000000000e-01 -8.752000000000e-01 0.000000000000e+00 0.000000000000e+00 0.000000000000e+00 -0.000000000000e+00 2.343767210594e-02 0.000000000000e+00 0.000000000000e+00 0.000000000000e+00 0.000000000000e+00 0.000000000000e+00 0.000000000000e+00 
9.780000000000e+00 1.567709718705e-02 -1.858326018685e-02 8.857082520983e-03 1.094101616043e+05 1.241606508575e+05 1.000000000000e+05 8.523203053503e+03 5.006332577569e+02 1.800000000000e+06 0.000000000000e+00 -8.752000000000e-01 -8.752000000000e-01 0.000000000000e+00 0.000000000000e+00 0.000000000000e+00 -0.000000000000e+00 2.337205860285e-02 0.000000000000e+00 0.000000000000e+00 0.000000000000e+00 0.000000000000e+00 0.000000000000e+00 0.000000000000e+00 
9.785000000000e+00 1.563392952843e-02 -1.771107265210e-02 8.680918659332e-03 1.089233629894e+05 1.234403895824e+05 1.000000000000e+05 8.529101454808e+03 5.017011546763e+02 1.800000000000e+06 0.000000000000e+00 -8.752000000000e-01 -8.752000000000e-01 0.000000000000e+00 0.000000000000e+00 0.000000000000e+00 -0.000000000000e+00 2.330770228419e-02 0.000000000000e+00 0.000000000000e+00 0.000000000000e+00 0.000000000000e+00 0.000000000000e+00 0.000000000000e+00 
9.790000000000e+00 1.559167455235e-02 -1.674678312878e-02 8.491235999817e-03 1.084728527419e+05 1.227304381025e+05 1.000000000000e+05 8.534892464899e+03 5.027504902598e+02 1.800000000000e+06 0.000000000000e+00 -8.752000000000e-01 -8.752000000000e-01 0.000000000000e+00 0.000000000000e+00 0.000000000000e+00 -0.000000000000e+00 2.324470688099e-02 0.000000000000e+00 0.000000000000e+00 0.000000000000e+00 0.000000000000e+00 0.000000000000e+00 0.000000000000e+00 
9.795000000000e+00 1.555039478183e-02 -1.569950554897e-02 8.289436417255e-03 1.080579262040e+05 1.220321304522e+05 1.000000000000e+05 8.540566455831e+03 5.037794719127e+02 1.800000000000e+06 0.000000000000e+00 -8.752000000000e-01 -8.752000000000e-01 0.000000000000e+00 0.000000000000e+00 0.000000000000e+00 -0.000000000000e+00 2.318316534435e-02 0.000000000000e+00 0.000000000000e+00 0.000000000000e+00 0.000000000000e+00 0.000000000000e+00 0.000000000000e+00 
9.800000000000e+00 1.551014610886e-02 -1.457864669185e-02 8.077021548343e-03 1.076775602840e+05 1.213467137223e+05 1.000000000000e+05 8.546114638712e+03 5.047864527915e+02 1.800000000000e+06 0.000000000000e+00 -8.752000000000e-01 -8.752000000000e-01 0.000000000000e+00 0.000000000000e+00 0.000000000000e+00 -0.000000000000e+00 2.312316100230e-02 0.000000000000e+00 0.000000000000e+00 0.000000000000e+00 0.000000000000e+00 0.000000000000e+00 0.000000000000e+00 
9.805000000000e+00 1.547097644938e-02 -1.339176764606e-02 7.855402233384e-03 1.073307048426e+05 1.206753199095e+05 1.000000000000e+05 8.551529244566e+03 5.057699697938e+02 1.800000000000e+06 0.000000000000e+00 -8.752000000000e-01 -8.752000000000e-01 0.000000000000e+00 0.000000000000e+00 0.000000000000e+00 -0.000000000000e+00 2.306476529152e-02 0.000000000000e+00 0.000000000000e+00 0.000000000000e+00 0.000000000000e+00 0.000000000000e+00 0.000000000000e+00 
9.810000000000e+00 1.543292689284e-02 -1.214796140736e-02 7.626034068188e-03 1.070160716986e+05 1.200189801019e+05 1.000000000000e+05 8.556803406116e+03 5.067287192224e+02 1.800000000000e+06 0.000000000000e+00 -8.752000000000e-01 -8.752000000000e-01 0.000000000000e+00 0.000000000000e+00 0.000000000000e+00 -0.000000000000e+00 2.300803947114e-02 0.000000000000e+00 0.000000000000e+00 0.000000000000e+00 0.000000000000e+00 0.000000000000e+00 0.000000000000e+00 
9.815000000000e+00 1.539603185707e-02 -1.085567968739e-02 7.390085566103e-03 1.067327008786e+05 1.193786222110e+05 1.000000000000e+05 8.561931108237e+03 5.076615569096e+02 1.800000000000e+06 0.000000000000e+00 -8.752000000000e-01 -8.752000000000e-01 0.000000000000e+00 0.000000000000e+00 0.000000000000e+00 -0.000000000000e+00 2.295303485376e-02 0.000000000000e+00 0.000000000000e+00 0.000000000000e+00 0.000000000000e+00 0.000000000000e+00 0.000000000000e+00 
9.820000000000e+00 1.536031931497e-02 -9.523787241612e-03 7.149087415961e-03 1.064788561541e+05 1.187550701948e+05 1.000000000000e+05 8.566907268162e+03 5.085674962997e+02 1.800000000000e+06 0.000000000000e+00 -8.752000000000e-01 -8.752000000000e-01 0.000000000000e+00 0.000000000000e+00 0.000000000000e+00 -0.000000000000e+00 2.289979314335e-02 0.000000000000e+00 0.000000000000e+00 0.000000000000e+00 0.000000000000e+00 0.000000000000e+00 0.000000000000e+00 
9.825000000000e+00 1.532581098217e-02 -8.156323883286e-03 6.903829078190e-03 1.062539169815e+05 1.181490429032e+05 1.000000000000e+05 8.571727567325e+03 5.094457072514e+02 1.800000000000e+06 0.000000000000e+00 -8.752000000000e-01 -8.752000000000e-01 0.000000000000e+00 0.000000000000e+00 0.000000000000e+00 -0.000000000000e+00 2.284834671513e-02 0.000000000000e+00 0.000000000000e+00 0.000000000000e+00 0.000000000000e+00 0.000000000000e+00 0.000000000000e+00 
9.830000000000e+00 1.529252333205e-02 -6.766129076362e-03 6.655705119422e-03 1.060560902065e+05 1.175611678832e+05 1.000000000000e+05 8.576388518319e+03 5.102954934161e+02 1.800000000000e+06 0.000000000000e+00 -8.752000000000e-01 -8.752000000000e-01 0.000000000000e+00 0.000000000000e+00 0.000000000000e+00 -0.000000000000e+00 2.279872012884e-02 0.000000000000e+00 0.000000000000e+00 0.000000000000e+00 0.000000000000e+00 0.000000000000e+00 0.000000000000e+00 
9.835000000000e+00 1.526046642747e-02 -5.362189562173e-03 6.406114733770e-03 1.058834112701e+05 1.169919571090e+05 1.000000000000e+05 8.580887557379e+03 5.111163249450e+02 1.800000000000e+06 0.000000000000e+00 -8.752000000000e-01 -8.752000000000e-01 0.000000000000e+00 0.000000000000e+00 0.000000000000e+00 -0.000000000000e+00 2.275092838701e-02 0.000000000000e+00 0.000000000000e+00 0.000000000000e+00 0.000000000000e+00 0.000000000000e+00 0.000000000000e+00 
9.840000000000e+00 1.522964337675e-02 -3.951586885382e-03 6.156369912673e-03 1.057338931961e+05 1.164417934445e+05 1.000000000000e+05 8.585223122669e+03 5.119078554792e+02 1.800000000000e+06 0.000000000000e+00 -8.752000000000e-01 -8.752000000000e-01 0.000000000000e+00 0.000000000000e+00 0.000000000000e+00 -0.000000000000e+00 2.270497612398e-02 0.000000000000e+00 0.000000000000e+00 0.000000000000e+00 0.000000000000e+00 0.000000000000e+00 0.000000000000e+00 
9.845000000000e+00 1.520005092985e-02 -2.542199690582e-03 5.907732969684e-03 1.056054747320e+05 1.159109375988e+05 1.000000000000e+05 8.589394588919e+03 5.126699097305e+02 1.800000000000e+06 0.000000000000e+00 -8.752000000000e-01 -8.752000000000e-01 0.000000000000e+00 0.000000000000e+00 0.000000000000e+00 -0.000000000000e+00 2.266085849471e-02 0.000000000000e+00 0.000000000000e+00 0.000000000000e+00 0.000000000000e+00 0.000000000000e+00 0.000000000000e+00 
9.850000000000e+00 1.517168168840e-02 -1.139783146237e-03 5.660798026793e-03 1.054971461341e+05 1.153995648648e+05 1.000000000000e+05 8.593401873021e+03 5.134024288253e+02 1.800000000000e+06 0.000000000000e+00 -8.752000000000e-01 -8.752000000000e-01 0.000000000000e+00 0.000000000000e+00 0.000000000000e+00 -0.000000000000e+00 2.261856446960e-02 0.000000000000e+00 0.000000000000e+00 0.000000000000e+00 0.000000000000e+00 0.000000000000e+00 0.000000000000e+00 
9.855000000000e+00 1.514452436801e-02 2.526881404893e-04 5.416581223862e-03 1.054070589720e+05 1.149077679018e+05 1.000000000000e+05 8.597245562878e+03 5.141054650126e+02 1.800000000000e+06 0.000000000000e+00 -8.752000000000e-01 -8.752000000000e-01 0.000000000000e+00 0.000000000000e+00 0.000000000000e+00 -0.000000000000e+00 2.257807722556e-02 0.000000000000e+00 0.000000000000e+00 0.000000000000e+00 0.000000000000e+00 0.000000000000e+00 0.000000000000e+00 
9.860000000000e+00 1.511856364135e-02 1.631715339873e-03 5.175631265856e-03 1.053340780658e+05 1.144355522096e+05 1.000000000000e+05 8.600926815305e+03 5.147791869946e+02 1.800000000000e+06 0.000000000000e+00 -8.752000000000e-01 -8.752000000000e-01 0.000000000000e+00 0.000000000000e+00 0.000000000000e+00 -0.000000000000e+00 2.253937391210e-02 0.000000000000e+00 0.000000000000e+00 0.000000000000e+00 0.000000000000e+00 0.000000000000e+00 0.000000000000e+00 
9.865000000000e+00 1.509378132166e-02 2.993997768805e-03 4.938503524573e-03 1.052769798516e+05 1.139828562723e+05 1.000000000000e+05 8.604447260664e+03 5.154238502400e+02 1.800000000000e+06 0.000000000000e+00 -8.752000000000e-01 -8.752000000000e-01 0.000000000000e+00 0.000000000000e+00 0.000000000000e+00 -0.000000000000e+00 2.250242741574e-02 0.000000000000e+00 0.000000000000e+00 0.000000000000e+00 0.000000000000e+00 0.000000000000e+00 0.000000000000e+00 
9.870000000000e+00 1.507015657121e-02 4.335452646366e-03 4.705832960464e-03 1.052343282460e+05 1.135495545084e+05 1.000000000000e+05 8.607808986505e+03 5.160397921705e+02 1.800000000000e+06 0.000000000000e+00 -8.752000000000e-01 -8.752000000000e-01 0.000000000000e+00 0.000000000000e+00 0.000000000000e+00 -0.000000000000e+00 2.246720667081e-02 0.000000000000e+00 0.000000000000e+00 0.000000000000e+00 0.000000000000e+00 0.000000000000e+00 0.000000000000e+00 
9.875000000000e+00 1.504766562806e-02 5.651323573632e-03 4.478154079544e-03 1.052047876881e+05 1.131354515774e+05 1.000000000000e+05 8.611014552334e+03 5.166274397548e+02 1.800000000000e+06 0.000000000000e+00 -8.752000000000e-01 -8.752000000000e-01 0.000000000000e+00 0.000000000000e+00 0.000000000000e+00 -0.000000000000e+00 2.243367625207e-02 0.000000000000e+00 0.000000000000e+00 0.000000000000e+00 0.000000000000e+00 0.000000000000e+00 0.000000000000e+00 
9.880000000000e+00 1.502628194388e-02 6.936661378816e-03 4.256079294208e-03 1.051868123778e+05 1.127402843317e+05 1.000000000000e+05 8.614066997835e+03 5.171873063046e+02 1.800000000000e+06 0.000000000000e+00 -8.752000000000e-01 -8.752000000000e-01 0.000000000000e+00 0.000000000000e+00 0.000000000000e+00 -0.000000000000e+00 2.240179658024e-02 0.000000000000e+00 0.000000000000e+00 0.000000000000e+00 0.000000000000e+00 0.000000000000e+00 0.000000000000e+00 
9.885000000000e+00 1.500597627094e-02 8.188035681040e-03 4.040084153301e-03 1.051790296425e+05 1.123637230274e+05 1.000000000000e+05 8.616969799466e+03 5.177199894468e+02 1.800000000000e+06 0.000000000000e+00 -8.752000000000e-01 -8.752000000000e-01 0.000000000000e+00 0.000000000000e+00 0.000000000000e+00 -0.000000000000e+00 2.237152405163e-02 0.000000000000e+00 0.000000000000e+00 0.000000000000e+00 0.000000000000e+00 0.000000000000e+00 0.000000000000e+00 
9.890000000000e+00 1.498671734974e-02 9.401499565575e-03 3.830515188836e-03 1.051802429568e+05 1.120053839026e+05 1.000000000000e+05 8.619726772244e+03 5.182261531613e+02 1.800000000000e+06 0.000000000000e+00 -8.752000000000e-01 -8.752000000000e-01 0.000000000000e+00 0.000000000000e+00 0.000000000000e+00 -0.000000000000e+00 2.234281206333e-02 0.000000000000e+00 0.000000000000e+00 0.000000000000e+00 0.000000000000e+00 0.000000000000e+00 0.000000000000e+00 
9.895000000000e+00 1.496847221509e-02 1.057260552659e-02 3.627825936894e-03 1.051890199091e+05 1.116648349873e+05 1.000000000000e+05 8.622342059633e+03 5.187065195894e+02 1.800000000000e+06 0.000000000000e+00 -8.752000000000e-01 -8.752000000000e-01 0.000000000000e+00 0.000000000000e+00 0.000000000000e+00 -0.000000000000e+00 2.231561146947e-02 0.000000000000e+00 0.000000000000e+00 0.000000000000e+00 0.000000000000e+00 0.000000000000e+00 0.000000000000e+00 
9.900000000000e+00 1.495120543370e-02 1.170059458385e-02 3.432432044083e-03 1.052039359513e+05 1.113415820770e+05 1.000000000000e+05 8.624820221354e+03 5.191618888936e+02 1.800000000000e+06 0.000000000000e+00 -8.752000000000e-01 -8.752000000000e-01 0.000000000000e+00 0.000000000000e+00 0.000000000000e+00 -0.000000000000e+00 2.228986944468e-02 0.000000000000e+00 0.000000000000e+00 0.000000000000e+00 0.000000000000e+00 0.000000000000e+00 0.000000000000e+00 
9.905000000000e+00 1.493487976715e-02 1.278261836410e-02 3.244693511842e-03 1.052236207757e+05 1.110350813369e+05 1.000000000000e+05 8.627166133293e+03 5.195931215737e+02 1.800000000000e+06 0.000000000000e+00 -8.752000000000e-01 -8.752000000000e-01 0.000000000000e+00 0.000000000000e+00 0.000000000000e+00 -0.000000000000e+00 2.226553047243e-02 0.000000000000e+00 0.000000000000e+00 0.000000000000e+00 0.000000000000e+00 0.000000000000e+00 0.000000000000e+00 
9.910000000000e+00 1.491945666927e-02 1.381671740241e-02 3.064703308750e-03 1.052471490927e+05 1.107447490765e+05 1.000000000000e+05 8.629384881414e+03 5.200011249413e+02 1.800000000000e+06 0.000000000000e+00 -8.752000000000e-01 -8.752000000000e-01 0.000000000000e+00 0.000000000000e+00 0.000000000000e+00 -0.000000000000e+00 2.224253708647e-02 0.000000000000e+00 0.000000000000e+00 0.000000000000e+00 0.000000000000e+00 0.000000000000e+00 0.000000000000e+00 
9.915000000000e+00 1.490489739790e-02 1.480226409479e-02 2.892668912479e-03 1.052733813766e+05 1.104699833341e+05 1.000000000000e+05 8.631481654087e+03 5.203868231536e+02 1.800000000000e+06 0.000000000000e+00 -8.752000000000e-01 -8.752000000000e-01 0.000000000000e+00 0.000000000000e+00 0.000000000000e+00 -0.000000000000e+00 2.222083152846e-02 0.000000000000e+00 0.000000000000e+00 0.000000000000e+00 0.000000000000e+00 0.000000000000e+00 0.000000000000e+00 
9.920000000000e+00 1.489116181610e-02 1.573962808909e-02 2.728828230966e-03 1.053010911203e+05 1.102101420240e+05 1.000000000000e+05 8.633461901135e+03 5.207511883300e+02 1.800000000000e+06 0.000000000000e+00 -8.752000000000e-01 -8.752000000000e-01 0.000000000000e+00 0.000000000000e+00 0.000000000000e+00 -0.000000000000e+00 2.220035396057e-02 0.000000000000e+00 0.000000000000e+00 0.000000000000e+00 0.000000000000e+00 0.000000000000e+00 0.000000000000e+00 
9.925000000000e+00 1.487820892828e-02 1.662992747614e-02 2.573339538674e-03 1.053291739033e+05 1.099645537030e+05 1.000000000000e+05 8.635331236437e+03 5.210952258081e+02 1.800000000000e+06 0.000000000000e+00 -8.752000000000e-01 -8.752000000000e-01 0.000000000000e+00 0.000000000000e+00 0.000000000000e+00 -0.000000000000e+00 2.218104326491e-02 0.000000000000e+00 0.000000000000e+00 0.000000000000e+00 0.000000000000e+00 0.000000000000e+00 0.000000000000e+00 
9.930000000000e+00 1.486599720703e-02 1.747246327792e-02 2.426279261168e-03 1.053566593925e+05 1.097325245050e+05 1.000000000000e+05 8.637095386762e+03 5.214199648565e+02 1.800000000000e+06 0.000000000000e+00 -8.752000000000e-01 -8.752000000000e-01 0.000000000000e+00 0.000000000000e+00 0.000000000000e+00 -0.000000000000e+00 2.216283753072e-02 0.000000000000e+00 0.000000000000e+00 0.000000000000e+00 0.000000000000e+00 0.000000000000e+00 0.000000000000e+00 
9.935000000000e+00 1.485448484227e-02 1.826618340637e-02 2.287701270936e-03 1.053826105960e+05 1.095133436658e+05 1.000000000000e+05 8.638760161025e+03 5.217264514045e+02 1.800000000000e+06 0.000000000000e+00 -8.752000000000e-01 -8.752000000000e-01 0.000000000000e+00 0.000000000000e+00 0.000000000000e+00 -0.000000000000e+00 2.214567442583e-02 0.000000000000e+00 0.000000000000e+00 0.000000000000e+00 0.000000000000e+00 0.000000000000e+00 0.000000000000e+00 
9.940000000000e+00 1.484362976124e-02 1.901061564586e-02 2.157664885398e-03 1.054060743235e+05 1.093062847072e+05 1.000000000000e+05 8.640331448377e+03 5.220157468586e+02 1.800000000000e+06 0.000000000000e+00 -8.752000000000e-01 -8.752000000000e-01 0.000000000000e+00 0.000000000000e+00 0.000000000000e+00 -0.000000000000e+00 2.212949122644e-02 0.000000000000e+00 0.000000000000e+00 0.000000000000e+00 0.000000000000e+00 0.000000000000e+00 0.000000000000e+00 
9.945000000000e+00 1.483338984328e-02 1.970530763220e-02 2.036156158100e-03 1.054262281124e+05 1.091106103208e+05 1.000000000000e+05 8.641815171741e+03 5.222889217438e+02 1.800000000000e+06 0.000000000000e+00 -8.752000000000e-01 -8.752000000000e-01 0.000000000000e+00 0.000000000000e+00 0.000000000000e+00 -0.000000000000e+00 2.211422513736e-02 0.000000000000e+00 0.000000000000e+00 0.000000000000e+00 0.000000000000e+00 0.000000000000e+00 0.000000000000e+00 
9.950000000000e+00 1.482372288033e-02 2.035070401323e-02 1.923194117248e-03 1.054421879989e+05 1.089255723870e+05 1.000000000000e+05 8.643217306585e+03 5.225470561361e+02 1.800000000000e+06 0.000000000000e+00 -8.752000000000e-01 -8.752000000000e-01 0.000000000000e+00 0.000000000000e+00 0.000000000000e+00 -0.000000000000e+00 2.209981323305e-02 0.000000000000e+00 0.000000000000e+00 0.000000000000e+00 0.000000000000e+00 0.000000000000e+00 0.000000000000e+00 
9.955000000000e+00 1.481458681719e-02 2.094643614164e-02 1.818568646589e-03 1.054534883131e+05 1.087504173136e+05 1.000000000000e+05 8.644543803148e+03 5.227912326530e+02 1.800000000000e+06 0.000000000000e+00 -8.752000000000e-01 -8.752000000000e-01 0.000000000000e+00 0.000000000000e+00 0.000000000000e+00 -0.000000000000e+00 2.208619281594e-02 0.000000000000e+00 0.000000000000e+00 0.000000000000e+00 0.000000000000e+00 0.000000000000e+00 0.000000000000e+00 
9.960000000000e+00 1.480593993318e-02 2.149171338727e-02 1.721780540760e-03 1.054601959765e+05 1.085843902426e+05 1.000000000000e+05 8.645800547750e+03 5.230225310219e+02 1.800000000000e+06 0.000000000000e+00 -8.752000000000e-01 -8.752000000000e-01 0.000000000000e+00 0.000000000000e+00 0.000000000000e+00 -0.000000000000e+00 2.207330168709e-02 0.000000000000e+00 0.000000000000e+00 0.000000000000e+00 0.000000000000e+00 0.000000000000e+00 0.000000000000e+00 
9.965000000000e+00 1.479774073986e-02 2.198737388969e-02 1.633490744211e-03 1.054602787578e+05 1.084267337763e+05 1.000000000000e+05 8.646993594523e+03 5.232420302651e+02 1.800000000000e+06 0.000000000000e+00 -8.752000000000e-01 -8.752000000000e-01 0.000000000000e+00 0.000000000000e+00 0.000000000000e+00 -0.000000000000e+00 2.206107799387e-02 0.000000000000e+00 0.000000000000e+00 0.000000000000e+00 0.000000000000e+00 0.000000000000e+00 0.000000000000e+00 
9.970000000000e+00 1.478994811987e-02 2.243339976906e-02 1.553603462447e-03 1.054530831999e+05 1.082766912740e+05 1.000000000000e+05 8.648128852669e+03 5.234508044856e+02 1.800000000000e+06 0.000000000000e+00 -8.752000000000e-01 -8.752000000000e-01 0.000000000000e+00 0.000000000000e+00 0.000000000000e+00 -0.000000000000e+00 2.204946043683e-02 0.000000000000e+00 0.000000000000e+00 0.000000000000e+00 0.000000000000e+00 0.000000000000e+00 0.000000000000e+00 
9.975000000000e+00 1.478252136821e-02 2.283011572765e-02 1.482037180066e-03 1.054379387205e+05 1.081335082365e+05 1.000000000000e+05 8.649212194662e+03 5.236499212929e+02 1.800000000000e+06 0.000000000000e+00 -8.752000000000e-01 -8.752000000000e-01 0.000000000000e+00 0.000000000000e+00 0.000000000000e+00 -0.000000000000e+00 2.203838833126e-02 0.000000000000e+00 0.000000000000e+00 0.000000000000e+00 0.000000000000e+00 0.000000000000e+00 0.000000000000e+00 
9.980000000000e+00 1.477542027274e-02 2.317783953870e-02 1.418743089249e-03 1.054141254190e+05 1.079964343981e+05 1.000000000000e+05 8.650249445134e+03 5.238404392167e+02 1.800000000000e+06 0.000000000000e+00 -8.752000000000e-01 -8.752000000000e-01 0.000000000000e+00 0.000000000000e+00 0.000000000000e+00 -0.000000000000e+00 2.202780172729e-02 0.000000000000e+00 0.000000000000e+00 0.000000000000e+00 0.000000000000e+00 0.000000000000e+00 0.000000000000e+00 
9.985000000000e+00 1.476860517137e-02 2.347694117824e-02 1.363555223541e-03 1.053811477929e+05 1.078647253221e+05 1.000000000000e+05 8.651246347848e+03 5.240234057842e+02 1.800000000000e+06 0.000000000000e+00 -8.752000000000e-01 -8.752000000000e-01 0.000000000000e+00 0.000000000000e+00 0.000000000000e+00 -0.000000000000e+00 2.201764149502e-02 0.000000000000e+00 0.000000000000e+00 0.000000000000e+00 0.000000000000e+00 0.000000000000e+00 0.000000000000e+00 
9.990000000000e+00 1.476203693232e-02 2.372797359552e-02 1.316344840944e-03 1.053384534972e+05 1.077376424603e+05 1.000000000000e+05 8.652208590344e+03 5.241998577010e+02 1.800000000000e+06 0.000000000000e+00 -8.752000000000e-01 -8.752000000000e-01 0.000000000000e+00 0.000000000000e+00 0.000000000000e+00 -0.000000000000e+00 2.200784929523e-02 0.000000000000e+00 0.000000000000e+00 0.000000000000e+00 0.000000000000e+00 0.000000000000e+00 0.000000000000e+00 
9.995000000000e+00 1.475567677755e-02 2.393035088494e-02 1.277041115887e-03 1.052853916490e+05 1.076144501136e+05 1.000000000000e+05 8.653141831753e+03 5.243708252975e+02 1.800000000000e+06 0.000000000000e+00 -8.752000000000e-01 -8.752000000000e-01 0.000000000000e+00 0.000000000000e+00 0.000000000000e+00 -0.000000000000e+00 2.199836731600e-02 0.000000000000e+00 0.000000000000e+00 0.000000000000e+00 0.000000000000e+00 0.000000000000e+00 0.000000000000e+00 
1.000000000000e+01 1.474948652948e-02 2.408465478188e-02 1.245565383604e-03 1.052213370402e+05 1.074944205328e+05 1.000000000000e+05 8.654051655178e+03 5.245373256422e+02 1.800000000000e+06 0.000000000000e+00 -8.752000000000e-01 -8.752000000000e-01 0.000000000000e+00 0.000000000000e+00 0.000000000000e+00 -0.000000000000e+00 2.198913864062e-02 0.000000000000e+00 0.000000000000e+00 0.000000000000e+00 0.000000000000e+00 0.000000000000e+00 0.000000000000e+00 
