9.000000000000e+00 1.950892683737e-02 2.735709039598e-01 3.178133543116e-03 6.957449115640e+04 6.923232838891e+04 1.015447942937e+05 6.425361609100e+03 6.727274101350e+02 2.600000000000e+06 0.000000000000e+00 -8.752000000000e-01 -8.752000000000e-01 0.000000000000e+00 0.000000000000e+00 0.000000000000e+00 -0.000000000000e+00 2.059038996418e-02 0.000000000000e+00 0.000000000000e+00 0.000000000000e+00 0.000000000000e+00 0.000000000000e+00 0.000000000000e+00 
9.005000000000e+00 1.949455583750e-02 2.723758021158e-01 3.127207480444e-03 6.924546759959e+04 6.889515601588e+04 1.015349810407e+05 6.426560629613e+03 6.730161021408e+02 2.600000000000e+06 0.000000000000e+00 -8.752000000000e-01 -8.752000000000e-01 0.000000000000e+00 0.000000000000e+00 0.000000000000e+00 -0.000000000000e+00 2.057522231653e-02 0.000000000000e+00 0.000000000000e+00 0.000000000000e+00 0.000000000000e+00 0.000000000000e+00 0.000000000000e+00 
9.010000000000e+00 1.948042749123e-02 2.712068406828e-01 3.077181195853e-03 6.892148331382e+04 6.856307873452e+04 1.015253911482e+05 6.427740545961e+03 6.733007497171e+02 2.600000000000e+06 0.000000000000e+00 -8.752000000000e-01 -8.752000000000e-01 0.000000000000e+00 0.000000000000e+00 0.000000000000e+00 -0.000000000000e+00 2.056031077366e-02 0.000000000000e+00 0.000000000000e+00 0.000000000000e+00 0.000000000000e+00 0.000000000000e+00 0.000000000000e+00 
9.015000000000e+00 1.946653716266e-02 2.700621892250e-01 3.028196522401e-03 6.860239563703e+04 6.823601646722e+04 1.015160182380e+05 6.428901695859e+03 6.735814021137e+02 2.600000000000e+06 0.000000000000e+00 -8.752000000000e-01 -8.752000000000e-01 0.000000000000e+00 0.000000000000e+00 0.000000000000e+00 -0.000000000000e+00 2.054565044271e-02 0.000000000000e+00 0.000000000000e+00 0.000000000000e+00 0.000000000000e+00 0.000000000000e+00 0.000000000000e+00 
9.020000000000e+00 1.945287941209e-02 2.689399309081e-01 2.980378063168e-03 6.828804770581e+04 6.791386901678e+04 1.015068555503e+05 6.430044486016e+03 6.738581268921e+02 2.600000000000e+06 0.000000000000e+00 -8.752000000000e-01 -8.752000000000e-01 0.000000000000e+00 0.000000000000e+00 0.000000000000e+00 -0.000000000000e+00 2.053123558242e-02 0.000000000000e+00 0.000000000000e+00 0.000000000000e+00 0.000000000000e+00 0.000000000000e+00 0.000000000000e+00 
9.025000000000e+00 1.943944800878e-02 2.678381017703e-01 2.933886467676e-03 6.797824841658e+04 6.759651623000e+04 1.014978959611e+05 6.431169393579e+03 6.741310098215e+02 2.600000000000e+06 0.000000000000e+00 -8.752000000000e-01 -8.752000000000e-01 0.000000000000e+00 0.000000000000e+00 0.000000000000e+00 -0.000000000000e+00 2.051705961664e-02 0.000000000000e+00 0.000000000000e+00 0.000000000000e+00 0.000000000000e+00 0.000000000000e+00 0.000000000000e+00 
9.030000000000e+00 1.942623611165e-02 2.667547597135e-01 2.888808568332e-03 6.767281850040e+04 6.728382214915e+04 1.014891321109e+05 6.432276946507e+03 6.744001513363e+02 2.600000000000e+06 0.000000000000e+00 -8.752000000000e-01 -8.752000000000e-01 0.000000000000e+00 0.000000000000e+00 0.000000000000e+00 -0.000000000000e+00 2.050311532508e-02 0.000000000000e+00 0.000000000000e+00 0.000000000000e+00 0.000000000000e+00 0.000000000000e+00 0.000000000000e+00 
9.035000000000e+00 1.941323646339e-02 2.656880327849e-01 2.845249697834e-03 6.737156014897e+04 6.697563952917e+04 1.014805565365e+05 6.433367711337e+03 6.746656626520e+02 2.600000000000e+06 0.000000000000e+00 -8.752000000000e-01 -8.752000000000e-01 0.000000000000e+00 0.000000000000e+00 0.000000000000e+00 -0.000000000000e+00 2.048939504810e-02 0.000000000000e+00 0.000000000000e+00 0.000000000000e+00 0.000000000000e+00 0.000000000000e+00 0.000000000000e+00 
9.040000000000e+00 1.940044135602e-02 2.646360314005e-01 2.803315980157e-03 6.707426285248e+04 6.667180897244e+04 1.014721616489e+05 6.434442295412e+03 6.749276665014e+02 2.600000000000e+06 0.000000000000e+00 -8.752000000000e-01 -8.752000000000e-01 0.000000000000e+00 0.000000000000e+00 0.000000000000e+00 -0.000000000000e+00 2.047589065044e-02 0.000000000000e+00 0.000000000000e+00 0.000000000000e+00 0.000000000000e+00 0.000000000000e+00 0.000000000000e+00 
9.045000000000e+00 1.938784266211e-02 2.635969464377e-01 2.763053712279e-03 6.678072727596e+04 6.637215962315e+04 1.014639397553e+05 6.435501341733e+03 6.751862965276e+02 2.600000000000e+06 0.000000000000e+00 -8.752000000000e-01 -8.752000000000e-01 0.000000000000e+00 0.000000000000e+00 0.000000000000e+00 -0.000000000000e+00 2.046259355411e-02 0.000000000000e+00 0.000000000000e+00 0.000000000000e+00 0.000000000000e+00 0.000000000000e+00 0.000000000000e+00 
9.050000000000e+00 1.937543294985e-02 2.625707992476e-01 2.723167545461e-03 6.649128279954e+04 6.607653570843e+04 1.014558837810e+05 6.436545380115e+03 6.754416743350e+02 2.600000000000e+06 0.000000000000e+00 -8.752000000000e-01 -8.752000000000e-01 0.000000000000e+00 0.000000000000e+00 0.000000000000e+00 -0.000000000000e+00 2.044949591536e-02 0.000000000000e+00 0.000000000000e+00 0.000000000000e+00 0.000000000000e+00 0.000000000000e+00 0.000000000000e+00 
9.055000000000e+00 1.936326458184e-02 2.616262734569e-01 2.651107980402e-03 6.621969110367e+04 6.578620785221e+04 1.014480253197e+05 6.437568557904e+03 6.756926886686e+02 2.600000000000e+06 0.000000000000e+00 -8.752000000000e-01 -8.752000000000e-01 0.000000000000e+00 0.000000000000e+00 0.000000000000e+00 -0.000000000000e+00 2.043665299944e-02 0.000000000000e+00 0.000000000000e+00 0.000000000000e+00 0.000000000000e+00 0.000000000000e+00 0.000000000000e+00 
9.060000000000e+00 1.935174865237e-02 2.611358017341e-01 2.433629677454e-03 6.601951017391e+04 6.551103249269e+04 1.014406252761e+05 6.438531250822e+03 6.759307930484e+02 2.600000000000e+06 0.000000000000e+00 -8.752000000000e-01 -8.752000000000e-01 0.000000000000e+00 0.000000000000e+00 0.000000000000e+00 -0.000000000000e+00 2.042449868949e-02 0.000000000000e+00 0.000000000000e+00 0.000000000000e+00 0.000000000000e+00 0.000000000000e+00 0.000000000000e+00 
9.065000000000e+00 1.934201959267e-02 2.618983762579e-01 1.906425492332e-03 6.598187688471e+04 6.527824026112e+04 1.014344014253e+05 6.439330407021e+03 6.761323670342e+02 2.600000000000e+06 0.000000000000e+00 -8.752000000000e-01 -8.752000000000e-01 0.000000000000e+00 0.000000000000e+00 0.000000000000e+00 -0.000000000000e+00 2.041423030351e-02 0.000000000000e+00 0.000000000000e+00 0.000000000000e+00 0.000000000000e+00 0.000000000000e+00 0.000000000000e+00 
9.070000000000e+00 1.933595416883e-02 2.651398837530e-01 9.190026098425e-04 6.621106308845e+04 6.513296375642e+04 1.014305341810e+05 6.439800599454e+03 6.762582271266e+02 2.600000000000e+06 0.000000000000e+00 -8.752000000000e-01 -8.752000000000e-01 0.000000000000e+00 0.000000000000e+00 0.000000000000e+00 -0.000000000000e+00 2.040782864542e-02 0.000000000000e+00 0.000000000000e+00 0.000000000000e+00 0.000000000000e+00 0.000000000000e+00 0.000000000000e+00 
9.075000000000e+00 1.933547533631e-02 2.716502534315e-01 -5.745687511114e-04 6.677207312765e+04 6.512149018005e+04 1.014302293044e+05 6.439776929542e+03 6.762681693791e+02 2.600000000000e+06 0.000000000000e+00 -8.752000000000e-01 -8.752000000000e-01 0.000000000000e+00 0.000000000000e+00 0.000000000000e+00 -0.000000000000e+00 2.040732326897e-02 0.000000000000e+00 0.000000000000e+00 0.000000000000e+00 0.000000000000e+00 0.000000000000e+00 0.000000000000e+00 
9.080000000000e+00 1.934298045612e-02 2.819669724059e-01 -2.610776034929e-03 6.773693872590e+04 6.530124416953e+04 1.014350149698e+05 6.439055315250e+03 6.761124422428e+02 2.600000000000e+06 0.000000000000e+00 -8.752000000000e-01 -8.752000000000e-01 0.000000000000e+00 0.000000000000e+00 0.000000000000e+00 -0.000000000000e+00 2.041524443215e-02 0.000000000000e+00 0.000000000000e+00 0.000000000000e+00 0.000000000000e+00 0.000000000000e+00 0.000000000000e+00 
9.085000000000e+00 1.936135097976e-02 2.967658670205e-01 -5.098636396770e-03 6.913876940114e+04 6.574050988661e+04 1.014467931619e+05 6.437397748735e+03 6.757322175315e+02 2.600000000000e+06 0.000000000000e+00 -8.752000000000e-01 -8.752000000000e-01 0.000000000000e+00 0.000000000000e+00 0.000000000000e+00 -0.000000000000e+00 2.043463331806e-02 0.000000000000e+00 0.000000000000e+00 0.000000000000e+00 0.000000000000e+00 0.000000000000e+00 0.000000000000e+00 
9.090000000000e+00 1.939285414706e-02 3.159412672427e-01 -7.927179931133e-03 7.098529691107e+04 6.649141102783e+04 1.014672050146e+05 6.434621852383e+03 6.750833422266e+02 2.600000000000e+06 0.000000000000e+00 -8.752000000000e-01 -8.752000000000e-01 0.000000000000e+00 0.000000000000e+00 0.000000000000e+00 -0.000000000000e+00 2.046762440864e-02 0.000000000000e+00 0.000000000000e+00 0.000000000000e+00 0.000000000000e+00 0.000000000000e+00 0.000000000000e+00 
9.095000000000e+00 1.943897718805e-02 3.389627735986e-01 -1.091592049136e-02 7.323595365019e+04 6.758538202688e+04 1.014975828127e+05 6.430618033806e+03 6.741405887509e+02 2.600000000000e+06 0.000000000000e+00 -8.752000000000e-01 -8.752000000000e-01 0.000000000000e+00 0.000000000000e+00 0.000000000000e+00 -0.000000000000e+00 2.051547909250e-02 0.000000000000e+00 0.000000000000e+00 0.000000000000e+00 0.000000000000e+00 0.000000000000e+00 0.000000000000e+00 
9.100000000000e+00 1.950000755217e-02 3.650173699614e-01 -1.388624848633e-02 7.582010780727e+04 6.902313627869e+04 1.015386967681e+05 6.425381787823e+03 6.729064849315e+02 2.600000000000e+06 0.000000000000e+00 -8.752000000000e-01 -8.752000000000e-01 0.000000000000e+00 0.000000000000e+00 0.000000000000e+00 -0.000000000000e+00 2.057868899769e-02 0.000000000000e+00 0.000000000000e+00 0.000000000000e+00 0.000000000000e+00 0.000000000000e+00 0.000000000000e+00 
9.105000000000e+00 1.957554105369e-02 3.930294619753e-01 -1.670202265000e-02 7.866627287838e+04 7.078726087109e+04 1.015910643329e+05 6.418968199251e+03 6.714004194593e+02 2.600000000000e+06 0.000000000000e+00 -8.752000000000e-01 -8.752000000000e-01 0.000000000000e+00 0.000000000000e+00 0.000000000000e+00 -0.000000000000e+00 2.065700114857e-02 0.000000000000e+00 0.000000000000e+00 0.000000000000e+00 0.000000000000e+00 0.000000000000e+00 0.000000000000e+00 
9.110000000000e+00 1.966447012786e-02 4.218914844491e-01 -1.923501756260e-02 8.169021613936e+04 7.284283217965e+04 1.016548863407e+05 6.411492702015e+03 6.696579142401e+02 2.600000000000e+06 0.000000000000e+00 -8.752000000000e-01 -8.752000000000e-01 0.000000000000e+00 0.000000000000e+00 0.000000000000e+00 -0.000000000000e+00 2.074931750681e-02 0.000000000000e+00 0.000000000000e+00 0.000000000000e+00 0.000000000000e+00 0.000000000000e+00 0.000000000000e+00 
9.115000000000e+00 1.976513088469e-02 4.505569765225e-01 -2.138309106547e-02 8.480682049922e+04 7.514204607739e+04 1.017300571610e+05 6.403115779381e+03 6.677262460259e+02 2.600000000000e+06 0.000000000000e+00 -8.752000000000e-01 -8.752000000000e-01 0.000000000000e+00 0.000000000000e+00 0.000000000000e+00 -0.000000000000e+00 2.085395067609e-02 0.000000000000e+00 0.000000000000e+00 0.000000000000e+00 0.000000000000e+00 0.000000000000e+00 0.000000000000e+00 
9.120000000000e+00 1.987544338077e-02 4.781071810513e-01 -2.308259096313e-02 8.793899777623e+04 7.762869695816e+04 1.018161527032e+05 6.394028469158e+03 6.656600409569e+02 2.600000000000e+06 0.000000000000e+00 -8.752000000000e-01 -8.752000000000e-01 0.000000000000e+00 0.000000000000e+00 0.000000000000e+00 -0.000000000000e+00 2.096877815843e-02 0.000000000000e+00 0.000000000000e+00 0.000000000000e+00 0.000000000000e+00 0.000000000000e+00 0.000000000000e+00 
9.125000000000e+00 1.999304221330e-02 5.037820209845e-01 -2.429481401165e-02 9.101612776731e+04 8.024225210135e+04 1.019124057650e+05 6.384440083036e+03 6.635170993241e+02 2.600000000000e+06 0.000000000000e+00 -8.752000000000e-01 -8.752000000000e-01 0.000000000000e+00 0.000000000000e+00 0.000000000000e+00 -0.000000000000e+00 2.109139712420e-02 0.000000000000e+00 0.000000000000e+00 0.000000000000e+00 0.000000000000e+00 0.000000000000e+00 0.000000000000e+00 
9.130000000000e+00 2.011547390362e-02 5.270382078930e-01 -2.501947591448e-02 9.398339803592e+04 8.292304984467e+04 1.020177482432e+05 6.374560043351e+03 6.613532984684e+02 2.600000000000e+06 0.000000000000e+00 -8.752000000000e-01 -8.752000000000e-01 0.000000000000e+00 0.000000000000e+00 0.000000000000e+00 -0.000000000000e+00 2.121930238280e-02 0.000000000000e+00 0.000000000000e+00 0.000000000000e+00 0.000000000000e+00 0.000000000000e+00 0.000000000000e+00 
9.135000000000e+00 2.024037495758e-02 5.475153357505e-01 -2.527073849534e-02 9.679640847693e+04 8.561653046528e+04 1.021308774408e+05 6.364583852003e+03 6.592184856292e+02 2.600000000000e+06 0.000000000000e+00 -8.752000000000e-01 -8.752000000000e-01 0.000000000000e+00 0.000000000000e+00 0.000000000000e+00 -0.000000000000e+00 2.135000819292e-02 0.000000000000e+00 0.000000000000e+00 0.000000000000e+00 0.000000000000e+00 0.000000000000e+00 0.000000000000e+00 
9.140000000000e+00 2.036554647540e-02 5.650126066927e-01 -2.507788899379e-02 9.942230703533e+04 8.827474832284e+04 1.022502760957e+05 6.354687220853e+03 6.571548196127e+02 2.600000000000e+06 0.000000000000e+00 -8.752000000000e-01 -8.752000000000e-01 0.000000000000e+00 0.000000000000e+00 0.000000000000e+00 -0.000000000000e+00 2.148113192127e-02 0.000000000000e+00 0.000000000000e+00 0.000000000000e+00 0.000000000000e+00 0.000000000000e+00 0.000000000000e+00 
9.145000000000e+00 2.048888698906e-02 5.794795650283e-01 -2.449326087508e-02 1.018402827045e+05 9.085464465749e+04 1.023741228949e+05 6.345031581405e+03 6.551978008158e+02 2.600000000000e+06 0.000000000000e+00 -8.752000000000e-01 -8.752000000000e-01 0.000000000000e+00 0.000000000000e+00 0.000000000000e+00 -0.000000000000e+00 2.161048317256e-02 0.000000000000e+00 0.000000000000e+00 0.000000000000e+00 0.000000000000e+00 0.000000000000e+00 0.000000000000e+00 
9.150000000000e+00 2.060847837029e-02 5.909930311658e-01 -2.358122810425e-02 1.040386321832e+05 9.331947355030e+04 1.025003656478e+05 6.335758450074e+03 6.533749794821e+02 2.600000000000e+06 0.000000000000e+00 -8.752000000000e-01 -8.752000000000e-01 0.000000000000e+00 0.000000000000e+00 0.000000000000e+00 -0.000000000000e+00 2.173613943811e-02 0.000000000000e+00 0.000000000000e+00 0.000000000000e+00 0.000000000000e+00 0.000000000000e+00 0.000000000000e+00 
9.155000000000e+00 2.072275224933e-02 5.997438827867e-01 -2.238758490718e-02 1.060068836327e+05 9.564163331001e+04 1.026269317269e+05 6.326978818933e+03 6.517040425470e+02 2.600000000000e+06 0.000000000000e+00 -8.752000000000e-01 -8.752000000000e-01 0.000000000000e+00 0.000000000000e+00 0.000000000000e+00 -0.000000000000e+00 2.185647929077e-02 0.000000000000e+00 0.000000000000e+00 0.000000000000e+00 0.000000000000e+00 0.000000000000e+00 0.000000000000e+00 
9.160000000000e+00 2.083043407122e-02 6.059644032269e-01 -2.098019639962e-02 1.077482291170e+05 9.780079019276e+04 1.027517466588e+05 6.318777312000e+03 6.501947437874e+02 2.600000000000e+06 0.000000000000e+00 -8.752000000000e-01 -8.752000000000e-01 0.000000000000e+00 0.000000000000e+00 0.000000000000e+00 -0.000000000000e+00 2.197018337636e-02 0.000000000000e+00 0.000000000000e+00 0.000000000000e+00 0.000000000000e+00 0.000000000000e+00 0.000000000000e+00 
9.165000000000e+00 2.093065118495e-02 6.099291858552e-01 -1.942668404369e-02 1.092734113935e+05 9.978537818130e+04 1.028729535415e+05 6.311206139970e+03 6.488485877349e+02 2.600000000000e+06 0.000000000000e+00 -8.752000000000e-01 -8.752000000000e-01 0.000000000000e+00 0.000000000000e+00 0.000000000000e+00 -0.000000000000e+00 2.207629381915e-02 0.000000000000e+00 0.000000000000e+00 0.000000000000e+00 0.000000000000e+00 0.000000000000e+00 0.000000000000e+00 
9.170000000000e+00 2.102286284799e-02 6.119611348206e-01 -1.778959683925e-02 1.105973276825e+05 1.015905683991e+05 1.029889442788e+05 6.304291954697e+03 6.476611542120e+02 2.600000000000e+06 0.000000000000e+00 -8.752000000000e-01 -8.752000000000e-01 0.000000000000e+00 0.000000000000e+00 0.000000000000e+00 -0.000000000000e+00 2.217419142436e-02 0.000000000000e+00 0.000000000000e+00 0.000000000000e+00 0.000000000000e+00 0.000000000000e+00 0.000000000000e+00 
9.175000000000e+00 2.110679888711e-02 6.123816550501e-01 -1.612057976478e-02 1.117357229820e+05 1.032166133956e+05 1.030983816452e+05 6.298041679943e+03 6.466240234167e+02 2.600000000000e+06 0.000000000000e+00 -8.752000000000e-01 -8.752000000000e-01 0.000000000000e+00 0.000000000000e+00 0.000000000000e+00 -0.000000000000e+00 2.226354064160e-02 0.000000000000e+00 0.000000000000e+00 0.000000000000e+00 0.000000000000e+00 0.000000000000e+00 0.000000000000e+00 
9.180000000000e+00 2.118243003736e-02 6.114990500693e-01 -1.446456469028e-02 1.127060579701e+05 1.046679676850e+05 1.032002423921e+05 6.292445244293e+03 6.457260414596e+02 2.600000000000e+06 0.000000000000e+00 -8.752000000000e-01 -8.752000000000e-01 0.000000000000e+00 0.000000000000e+00 0.000000000000e+00 -0.000000000000e+00 2.234426221515e-02 0.000000000000e+00 0.000000000000e+00 0.000000000000e+00 0.000000000000e+00 0.000000000000e+00 0.000000000000e+00 
9.185000000000e+00 2.124994000582e-02 6.096031347094e-01 -1.285883367138e-02 1.135267124181e+05 1.059525532642e+05 1.032938461475e+05 6.287478158668e+03 6.449543570820e+02 2.600000000000e+06 0.000000000000e+00 -8.752000000000e-01 -8.752000000000e-01 0.000000000000e+00 0.000000000000e+00 0.000000000000e+00 -0.000000000000e+00 2.241650039649e-02 0.000000000000e+00 0.000000000000e+00 0.000000000000e+00 0.000000000000e+00 0.000000000000e+00 0.000000000000e+00 
9.190000000000e+00 2.130965993414e-02 6.069511058563e-01 -1.133247784503e-02 1.142156116645e+05 1.070804099369e+05 1.033788122755e+05 6.283106667486e+03 6.442956553804e+02 2.600000000000e+06 0.000000000000e+00 -8.752000000000e-01 -8.752000000000e-01 0.000000000000e+00 0.000000000000e+00 0.000000000000e+00 -0.000000000000e+00 2.248057167654e-02 0.000000000000e+00 0.000000000000e+00 0.000000000000e+00 0.000000000000e+00 0.000000000000e+00 0.000000000000e+00 
9.195000000000e+00 2.136200982131e-02 6.037514770328e-01 -9.902168519903e-03 1.147878030664e+05 1.080625757788e+05 1.034550020945e+05 6.279292308303e+03 6.437370411645e+02 2.600000000000e+06 0.000000000000e+00 -8.752000000000e-01 -8.752000000000e-01 0.000000000000e+00 0.000000000000e+00 0.000000000000e+00 -0.000000000000e+00 2.253690335426e-02 0.000000000000e+00 0.000000000000e+00 0.000000000000e+00 0.000000000000e+00 0.000000000000e+00 0.000000000000e+00 
9.200000000000e+00 2.140747962026e-02 6.001606549674e-01 -8.570159210685e-03 1.152545838638e+05 1.089107710012e+05 1.035225010086e+05 6.275993320154e+03 6.432663069270e+02 2.600000000000e+06 0.000000000000e+00 -8.752000000000e-01 -8.752000000000e-01 0.000000000000e+00 0.000000000000e+00 0.000000000000e+00 -0.000000000000e+00 2.258598250801e-02 0.000000000000e+00 0.000000000000e+00 0.000000000000e+00 0.000000000000e+00 0.000000000000e+00 0.000000000000e+00 
9.205000000000e+00 2.144657391225e-02 5.962875534528e-01 -7.336001515665e-03 1.156263890623e+05 1.096364286770e+05 1.035815358686e+05 6.273168154912e+03 6.428724674580e+02 2.600000000000e+06 0.000000000000e+00 -8.752000000000e-01 -8.752000000000e-01 0.000000000000e+00 0.000000000000e+00 0.000000000000e+00 -0.000000000000e+00 2.262831481544e-02 0.000000000000e+00 0.000000000000e+00 0.000000000000e+00 0.000000000000e+00 0.000000000000e+00 0.000000000000e+00 
9.210000000000e+00 2.147978721216e-02 5.922068082023e-01 -6.198449685867e-03 1.159129929218e+05 1.102503193776e+05 1.036324276981e+05 6.270777053761e+03 6.425458745079e+02 2.600000000000e+06 0.000000000000e+00 -8.752000000000e-01 -8.752000000000e-01 0.000000000000e+00 0.000000000000e+00 0.000000000000e+00 -0.000000000000e+00 2.266440196286e-02 0.000000000000e+00 0.000000000000e+00 0.000000000000e+00 0.000000000000e+00 0.000000000000e+00 0.000000000000e+00 
9.215000000000e+00 2.150759557520e-02 5.879731322689e-01 -5.150322199629e-03 1.161217136656e+05 1.107624774942e+05 1.036755656071e+05 6.268782688430e+03 6.422781369041e+02 2.600000000000e+06 0.000000000000e+00 -8.752000000000e-01 -8.752000000000e-01 0.000000000000e+00 0.000000000000e+00 0.000000000000e+00 -0.000000000000e+00 2.269473077703e-02 0.000000000000e+00 0.000000000000e+00 0.000000000000e+00 0.000000000000e+00 0.000000000000e+00 0.000000000000e+00 
9.220000000000e+00 2.153043315402e-02 5.836146488194e-01 -4.184403447783e-03 1.162589299902e+05 1.111818435288e+05 1.037113562612e+05 6.267151497662e+03 6.420621794023e+02 2.600000000000e+06 0.000000000000e+00 -8.752000000000e-01 -8.752000000000e-01 0.000000000000e+00 0.000000000000e+00 0.000000000000e+00 -0.000000000000e+00 2.271975340157e-02 0.000000000000e+00 0.000000000000e+00 0.000000000000e+00 0.000000000000e+00 0.000000000000e+00 0.000000000000e+00 
9.225000000000e+00 2.154869918603e-02 5.791433351135e-01 -3.292530522564e-03 1.163299482658e+05 1.115164582527e+05 1.037402206455e+05 6.265853071731e+03 6.418920140144e+02 2.600000000000e+06 0.000000000000e+00 -8.752000000000e-01 -8.752000000000e-01 0.000000000000e+00 0.000000000000e+00 0.000000000000e+00 -0.000000000000e+00 2.273987819163e-02 0.000000000000e+00 0.000000000000e+00 0.000000000000e+00 0.000000000000e+00 0.000000000000e+00 0.000000000000e+00 
9.230000000000e+00 2.156273749904e-02 5.745548222977e-01 -2.463903944975e-03 1.163380673660e+05 1.117731412449e+05 1.037625491760e+05 6.264861594357e+03 6.417627898438e+02 2.600000000000e+06 0.000000000000e+00 -8.752000000000e-01 -8.752000000000e-01 0.000000000000e+00 0.000000000000e+00 0.000000000000e+00 -0.000000000000e+00 2.275544998227e-02 0.000000000000e+00 0.000000000000e+00 0.000000000000e+00 0.000000000000e+00 0.000000000000e+00 0.000000000000e+00 
9.235000000000e+00 2.157283051128e-02 5.698218848165e-01 -1.684324303537e-03 1.162842276154e+05 1.119574269940e+05 1.037786807710e+05 6.264156208962e+03 6.416707216760e+02 2.600000000000e+06 0.000000000000e+00 -8.752000000000e-01 -8.752000000000e-01 0.000000000000e+00 0.000000000000e+00 0.000000000000e+00 -0.000000000000e+00 2.276674473636e-02 0.000000000000e+00 0.000000000000e+00 0.000000000000e+00 0.000000000000e+00 0.000000000000e+00 0.000000000000e+00 
9.240000000000e+00 2.157922374715e-02 5.649394367899e-01 -9.527674967691e-04 1.161728961471e+05 1.120740473217e+05 1.037889330250e+05 6.263718537916e+03 6.416127669476e+02 2.600000000000e+06 0.000000000000e+00 -8.752000000000e-01 -8.752000000000e-01 0.000000000000e+00 0.000000000000e+00 0.000000000000e+00 -0.000000000000e+00 2.277401116237e-02 0.000000000000e+00 0.000000000000e+00 0.000000000000e+00 0.000000000000e+00 0.000000000000e+00 0.000000000000e+00 
9.245000000000e+00 2.158213616060e-02 5.599119467760e-01 -2.662740504263e-04 1.160073525828e+05 1.121271444462e+05 1.037936121599e+05 6.263532444235e+03 6.415864597179e+02 2.600000000000e+06 0.000000000000e+00 -8.752000000000e-01 -8.752000000000e-01 0.000000000000e+00 0.000000000000e+00 0.000000000000e+00 -0.000000000000e+00 2.277749847622e-02 0.000000000000e+00 0.000000000000e+00 0.000000000000e+00 0.000000000000e+00 0.000000000000e+00 0.000000000000e+00 
9.250000000000e+00 2.158178994225e-02 5.547466599680e-01 3.864683646947e-04 1.157882011645e+05 1.121208333748e+05 1.037930556319e+05 6.263582061973e+03 6.415895839585e+02 2.600000000000e+06 0.000000000000e+00 -8.752000000000e-01 -8.752000000000e-01 0.000000000000e+00 0.000000000000e+00 0.000000000000e+00 -0.000000000000e+00 2.277748492522e-02 0.000000000000e+00 0.000000000000e+00 0.000000000000e+00 0.000000000000e+00 0.000000000000e+00 0.000000000000e+00 
9.255000000000e+00 2.157832820274e-02 5.494004272144e-01 9.891275564422e-04 1.155234490627e+05 1.120577167466e+05 1.037874953307e+05 6.263856400036e+03 6.416208680268e+02 2.600000000000e+06 0.000000000000e+00 -8.752000000000e-01 -8.752000000000e-01 0.000000000000e+00 0.000000000000e+00 0.000000000000e+00 -0.000000000000e+00 2.277443840560e-02 0.000000000000e+00 0.000000000000e+00 0.000000000000e+00 0.000000000000e+00 0.000000000000e+00 0.000000000000e+00 
9.260000000000e+00 2.157263395027e-02 5.439547372766e-01 1.555218952718e-03 1.152260933237e+05 1.119538401067e+05 1.037783659821e+05 6.264291877439e+03 6.416725079828e+02 2.600000000000e+06 0.000000000000e+00 -8.752000000000e-01 -8.752000000000e-01 0.000000000000e+00 0.000000000000e+00 0.000000000000e+00 -0.000000000000e+00 2.276849719720e-02 0.000000000000e+00 0.000000000000e+00 0.000000000000e+00 0.000000000000e+00 0.000000000000e+00 0.000000000000e+00 
9.265000000000e+00 2.156442211513e-02 5.385519367271e-01 2.065669326669e-03 1.148965404866e+05 1.118039153051e+05 1.037652371278e+05 6.264908727274e+03 6.417473739505e+02 2.600000000000e+06 0.000000000000e+00 -8.752000000000e-01 -8.752000000000e-01 0.000000000000e+00 0.000000000000e+00 0.000000000000e+00 -0.000000000000e+00 2.275983014496e-02 0.000000000000e+00 0.000000000000e+00 0.000000000000e+00 0.000000000000e+00 0.000000000000e+00 0.000000000000e+00 
9.270000000000e+00 2.155382259470e-02 5.331700887546e-01 2.527001389085e-03 1.145351053421e+05 1.116101857406e+05 1.037483550082e+05 6.265698037431e+03 6.418446954225e+02 2.600000000000e+06 0.000000000000e+00 -8.752000000000e-01 -8.752000000000e-01 0.000000000000e+00 0.000000000000e+00 0.000000000000e+00 -0.000000000000e+00 2.274864304784e-02 0.000000000000e+00 0.000000000000e+00 0.000000000000e+00 0.000000000000e+00 0.000000000000e+00 0.000000000000e+00 
9.275000000000e+00 2.154111717434e-02 5.278577434394e-01 2.924278344332e-03 1.141521306936e+05 1.113776502842e+05 1.037282135764e+05 6.266639072443e+03 6.419623702680e+02 2.600000000000e+06 0.000000000000e+00 -8.752000000000e-01 -8.752000000000e-01 0.000000000000e+00 0.000000000000e+00 0.000000000000e+00 -0.000000000000e+00 2.273523331176e-02 0.000000000000e+00 0.000000000000e+00 0.000000000000e+00 0.000000000000e+00 0.000000000000e+00 0.000000000000e+00 
9.280000000000e+00 2.152664046789e-02 5.227037702788e-01 3.249334988876e-03 1.137568481807e+05 1.111122759487e+05 1.037053895802e+05 6.267707492303e+03 6.420977979265e+02 2.600000000000e+06 0.000000000000e+00 -8.752000000000e-01 -8.752000000000e-01 0.000000000000e+00 0.000000000000e+00 0.000000000000e+00 -0.000000000000e+00 2.271995409963e-02 0.000000000000e+00 0.000000000000e+00 0.000000000000e+00 0.000000000000e+00 0.000000000000e+00 0.000000000000e+00 
9.285000000000e+00 2.151075492254e-02 5.177933946225e-01 3.498384525920e-03 1.133576660018e+05 1.108205592423e+05 1.036804972539e+05 6.268877042250e+03 6.422480499570e+02 2.600000000000e+06 0.000000000000e+00 -8.752000000000e-01 -8.752000000000e-01 0.000000000000e+00 0.000000000000e+00 0.000000000000e+00 -0.000000000000e+00 2.270318795065e-02 0.000000000000e+00 0.000000000000e+00 0.000000000000e+00 0.000000000000e+00 0.000000000000e+00 0.000000000000e+00 
9.290000000000e+00 2.149384683159e-02 5.132148745011e-01 3.666862576467e-03 1.129637773720e+05 1.105094693422e+05 1.036541772758e+05 6.270119613670e+03 6.424098560482e+02 2.600000000000e+06 0.000000000000e+00 -8.752000000000e-01 -8.752000000000e-01 0.000000000000e+00 0.000000000000e+00 0.000000000000e+00 -0.000000000000e+00 2.268534257201e-02 0.000000000000e+00 0.000000000000e+00 0.000000000000e+00 0.000000000000e+00 0.000000000000e+00 0.000000000000e+00 
9.295000000000e+00 2.147630255758e-02 5.090301466142e-01 3.759061255224e-03 1.125815336698e+05 1.101860235312e+05 1.036270561577e+05 6.271407316736e+03 6.425797924110e+02 2.600000000000e+06 0.000000000000e+00 -8.752000000000e-01 -8.752000000000e-01 0.000000000000e+00 0.000000000000e+00 0.000000000000e+00 -0.000000000000e+00 2.266682574395e-02 0.000000000000e+00 0.000000000000e+00 0.000000000000e+00 0.000000000000e+00 0.000000000000e+00 0.000000000000e+00 
9.300000000000e+00 2.145850301291e-02 5.053000117312e-01 3.775468096219e-03 1.122184677611e+05 1.098571923259e+05 1.035997360077e+05 6.272712394084e+03 6.427543162573e+02 2.600000000000e+06 0.000000000000e+00 -8.752000000000e-01 -8.752000000000e-01 0.000000000000e+00 0.000000000000e+00 0.000000000000e+00 -0.000000000000e+00 2.264803949448e-02 0.000000000000e+00 0.000000000000e+00 0.000000000000e+00 0.000000000000e+00 0.000000000000e+00 0.000000000000e+00 
9.305000000000e+00 2.144080270673e-02 5.020569982415e-01 3.725113804521e-03 1.118788199990e+05 1.095295141907e+05 1.035727622075e+05 6.274009218895e+03 6.429299687919e+02 2.600000000000e+06 0.000000000000e+00 -8.752000000000e-01 -8.752000000000e-01 0.000000000000e+00 0.000000000000e+00 0.000000000000e+00 -0.000000000000e+00 2.262935798473e-02 0.000000000000e+00 0.000000000000e+00 0.000000000000e+00 0.000000000000e+00 0.000000000000e+00 0.000000000000e+00 
9.310000000000e+00 2.142354336326e-02 4.993047162794e-01 3.615151378519e-03 1.115672138182e+05 1.092093444012e+05 1.035466454631e+05 6.275272912007e+03 6.431032533913e+02 2.600000000000e+06 0.000000000000e+00 -8.752000000000e-01 -8.752000000000e-01 0.000000000000e+00 0.000000000000e+00 0.000000000000e+00 -0.000000000000e+00 2.261114188213e-02 0.000000000000e+00 0.000000000000e+00 0.000000000000e+00 0.000000000000e+00 0.000000000000e+00 0.000000000000e+00 
9.315000000000e+00 2.140698636714e-02 4.970254135243e-01 3.456620914229e-03 1.112853910494e+05 1.089015941053e+05 1.035217621070e+05 6.276484540527e+03 6.432713406074e+02 2.600000000000e+06 0.000000000000e+00 -8.752000000000e-01 -8.752000000000e-01 0.000000000000e+00 0.000000000000e+00 0.000000000000e+00 -0.000000000000e+00 2.259366706099e-02 0.000000000000e+00 0.000000000000e+00 0.000000000000e+00 0.000000000000e+00 0.000000000000e+00 0.000000000000e+00 
9.320000000000e+00 2.139133013900e-02 4.951896598343e-01 3.261640705789e-03 1.110334673841e+05 1.086100363376e+05 1.034983852082e+05 6.277629773107e+03 6.434319455765e+02 2.600000000000e+06 0.000000000000e+00 -8.752000000000e-01 -8.752000000000e-01 0.000000000000e+00 0.000000000000e+00 0.000000000000e+00 -0.000000000000e+00 2.257714294124e-02 0.000000000000e+00 0.000000000000e+00 0.000000000000e+00 0.000000000000e+00 0.000000000000e+00 0.000000000000e+00 
9.325000000000e+00 2.137672167133e-02 4.937569403119e-01 3.040855960474e-03 1.108109960824e+05 1.083375068536e+05 1.034767058233e+05 6.278697965802e+03 6.435832532322e+02 2.600000000000e+06 0.000000000000e+00 -8.752000000000e-01 -8.752000000000e-01 0.000000000000e+00 0.000000000000e+00 0.000000000000e+00 -0.000000000000e+00 2.256172466381e-02 0.000000000000e+00 0.000000000000e+00 0.000000000000e+00 0.000000000000e+00 0.000000000000e+00 0.000000000000e+00 
9.330000000000e+00 2.136325726893e-02 4.926801952962e-01 2.803917185581e-03 1.106168213907e+05 1.080859061844e+05 1.034568373897e+05 6.279682151690e+03 6.437239464367e+02 2.600000000000e+06 0.000000000000e+00 -8.752000000000e-01 -8.752000000000e-01 0.000000000000e+00 0.000000000000e+00 0.000000000000e+00 -0.000000000000e+00 2.254751387208e-02 0.000000000000e+00 0.000000000000e+00 0.000000000000e+00 0.000000000000e+00 0.000000000000e+00 0.000000000000e+00 
9.335000000000e+00 2.135098999219e-02 4.919056075190e-01 2.560234525149e-03 1.104489771711e+05 1.078563286554e+05 1.034388294519e+05 6.280578542605e+03 6.438531581740e+02 2.600000000000e+06 0.000000000000e+00 -8.752000000000e-01 -8.752000000000e-01 0.000000000000e+00 0.000000000000e+00 0.000000000000e+00 -0.000000000000e+00 2.253456656778e-02 0.000000000000e+00 0.000000000000e+00 0.000000000000e+00 0.000000000000e+00 0.000000000000e+00 0.000000000000e+00 
9.340000000000e+00 2.133992901024e-02 4.913790079281e-01 2.318103534449e-03 1.103049610731e+05 1.076490424723e+05 1.034226687798e+05 6.281386560747e+03 6.439705010676e+02 2.600000000000e+06 0.000000000000e+00 -8.752000000000e-01 -8.752000000000e-01 0.000000000000e+00 0.000000000000e+00 0.000000000000e+00 -0.000000000000e+00 2.252289242836e-02 0.000000000000e+00 0.000000000000e+00 0.000000000000e+00 0.000000000000e+00 0.000000000000e+00 0.000000000000e+00 
9.345000000000e+00 2.133004898631e-02 4.910459737844e-01 2.085061051940e-03 1.101818074371e+05 1.074636596841e+05 1.034082946014e+05 6.282108171455e+03 6.440759846168e+02 2.600000000000e+06 0.000000000000e+00 -8.752000000000e-01 -8.752000000000e-01 0.000000000000e+00 0.000000000000e+00 0.000000000000e+00 -0.000000000000e+00 2.251246471250e-02 0.000000000000e+00 0.000000000000e+00 0.000000000000e+00 0.000000000000e+00 0.000000000000e+00 0.000000000000e+00 
9.350000000000e+00 2.132129096966e-02 4.908675770169e-01 1.865220085570e-03 1.100769892897e+05 1.072991493098e+05 1.033956007853e+05 6.282747723511e+03 6.441700155341e+02 2.600000000000e+06 0.000000000000e+00 -8.752000000000e-01 -8.752000000000e-01 0.000000000000e+00 0.000000000000e+00 0.000000000000e+00 -0.000000000000e+00 2.250322120157e-02 0.000000000000e+00 0.000000000000e+00 0.000000000000e+00 0.000000000000e+00 0.000000000000e+00 0.000000000000e+00 
9.355000000000e+00 2.131354836303e-02 4.907940909591e-01 1.664283055359e-03 1.099864763738e+05 1.071535711024e+05 1.033844161277e+05 6.283313183155e+03 6.442535554378e+02 2.600000000000e+06 0.000000000000e+00 -8.752000000000e-01 -8.752000000000e-01 0.000000000000e+00 0.000000000000e+00 0.000000000000e+00 -0.000000000000e+00 2.249504938919e-02 0.000000000000e+00 0.000000000000e+00 0.000000000000e+00 0.000000000000e+00 0.000000000000e+00 0.000000000000e+00 
9.360000000000e+00 2.130671396350e-02 4.907597766791e-01 1.484204040264e-03 1.099074585851e+05 1.070249589110e+05 1.033745725297e+05 6.283812451408e+03 6.443276159030e+02 2.600000000000e+06 0.000000000000e+00 -8.752000000000e-01 -8.752000000000e-01 0.000000000000e+00 0.000000000000e+00 0.000000000000e+00 -0.000000000000e+00 2.248783612970e-02 0.000000000000e+00 0.000000000000e+00 0.000000000000e+00 0.000000000000e+00 0.000000000000e+00 0.000000000000e+00 
9.365000000000e+00 2.130067632629e-02 4.907245886721e-01 1.328203956647e-03 1.098366136558e+05 1.069112543478e+05 1.033658991506e+05 6.284253819155e+03 6.443932912897e+02 2.600000000000e+06 0.000000000000e+00 -8.752000000000e-01 -8.752000000000e-01 0.000000000000e+00 0.000000000000e+00 0.000000000000e+00 -0.000000000000e+00 2.248146380047e-02 0.000000000000e+00 0.000000000000e+00 0.000000000000e+00 0.000000000000e+00 0.000000000000e+00 0.000000000000e+00 
9.370000000000e+00 2.129531766499e-02 4.906589652422e-01 1.196533548249e-03 1.097714707479e+05 1.068102689384e+05 1.033582189051e+05 6.284645957628e+03 6.444517763134e+02 2.600000000000e+06 0.000000000000e+00 -8.752000000000e-01 -8.752000000000e-01 0.000000000000e+00 0.000000000000e+00 0.000000000000e+00 -0.000000000000e+00 2.247580808568e-02 0.000000000000e+00 0.000000000000e+00 0.000000000000e+00 0.000000000000e+00 0.000000000000e+00 0.000000000000e+00 
9.375000000000e+00 2.129051750225e-02 4.905324916565e-01 1.092933926481e-03 1.097083429480e+05 1.067197544436e+05 1.033513532654e+05 6.284997890297e+03 6.445043215395e+02 2.600000000000e+06 0.000000000000e+00 -8.752000000000e-01 -8.752000000000e-01 0.000000000000e+00 0.000000000000e+00 0.000000000000e+00 -0.000000000000e+00 2.247074182942e-02 0.000000000000e+00 0.000000000000e+00 0.000000000000e+00 0.000000000000e+00 0.000000000000e+00 0.000000000000e+00 
9.380000000000e+00 2.128613921852e-02 4.903155898895e-01 1.018686122989e-03 1.096440282674e+05 1.066371504802e+05 1.033451026702e+05 6.285319760815e+03 6.445523767954e+02 2.600000000000e+06 0.000000000000e+00 -8.752000000000e-01 -8.752000000000e-01 0.000000000000e+00 0.000000000000e+00 0.000000000000e+00 -0.000000000000e+00 2.246612083872e-02 0.000000000000e+00 0.000000000000e+00 0.000000000000e+00 0.000000000000e+00 0.000000000000e+00 0.000000000000e+00 
9.385000000000e+00 2.128203143090e-02 4.899832569035e-01 9.762365265527e-04 1.095746348724e+05 1.065596111395e+05 1.033392483194e+05 6.285622867462e+03 6.445975741587e+02 2.600000000000e+06 0.000000000000e+00 -8.752000000000e-01 -8.752000000000e-01 0.000000000000e+00 0.000000000000e+00 0.000000000000e+00 -0.000000000000e+00 2.246178533889e-02 0.000000000000e+00 0.000000000000e+00 0.000000000000e+00 0.000000000000e+00 0.000000000000e+00 0.000000000000e+00 
9.390000000000e+00 2.127803559842e-02 4.894926300918e-01 9.676655541432e-04 1.094962433724e+05 1.064841490584e+05 1.033335628686e+05 6.285919039574e+03 6.446416427068e+02 2.600000000000e+06 0.000000000000e+00 -8.752000000000e-01 -8.752000000000e-01 0.000000000000e+00 0.000000000000e+00 0.000000000000e+00 -0.000000000000e+00 2.245756800034e-02 0.000000000000e+00 0.000000000000e+00 0.000000000000e+00 0.000000000000e+00 0.000000000000e+00 0.000000000000e+00 
9.395000000000e+00 2.127398892395e-02 4.888033226185e-01 9.987447614465e-04 1.094036169742e+05 1.064076905843e+05 1.033278144538e+05 6.286220576151e+03 6.446863753881e+02 2.600000000000e+06 0.000000000000e+00 -8.752000000000e-01 -8.752000000000e-01 0.000000000000e+00 0.000000000000e+00 0.000000000000e+00 -0.000000000000e+00 2.245329700142e-02 0.000000000000e+00 0.000000000000e+00 0.000000000000e+00 0.000000000000e+00 0.000000000000e+00 0.000000000000e+00 
9.400000000000e+00 2.126969789146e-02 4.878582117621e-01 1.080859525752e-03 1.092890206066e+05 1.063265753177e+05 1.033217292125e+05 6.286542284615e+03 6.447339228020e+02 2.600000000000e+06 0.000000000000e+00 -8.752000000000e-01 -8.752000000000e-01 0.000000000000e+00 0.000000000000e+00 0.000000000000e+00 -0.000000000000e+00 2.244876809867e-02 0.000000000000e+00 0.000000000000e+00 0.000000000000e+00 0.000000000000e+00 0.000000000000e+00 0.000000000000e+00 
9.405000000000e+00 2.126489654724e-02 4.865603709565e-01 1.231498444363e-03 1.091412017432e+05 1.062357647402e+05 1.033149328189e+05 6.286904603399e+03 6.447872631882e+02 2.600000000000e+06 0.000000000000e+00 -8.752000000000e-01 -8.752000000000e-01 0.000000000000e+00 0.000000000000e+00 0.000000000000e+00 -0.000000000000e+00 2.244370059543e-02 0.000000000000e+00 0.000000000000e+00 0.000000000000e+00 0.000000000000e+00 0.000000000000e+00 0.000000000000e+00 
9.410000000000e+00 2.125921769950e-02 4.847480359488e-01 1.474863079290e-03 1.089445868632e+05 1.061282910399e+05 1.033069113603e+05 6.287335779305e+03 6.448505405755e+02 2.600000000000e+06 0.000000000000e+00 -8.752000000000e-01 -8.752000000000e-01 0.000000000000e+00 0.000000000000e+00 0.000000000000e+00 -0.000000000000e+00 2.243770694490e-02 0.000000000000e+00 0.000000000000e+00 0.000000000000e+00 0.000000000000e+00 0.000000000000e+00 0.000000000000e+00 
9.415000000000e+00 2.125212056291e-02 4.821783641413e-01 1.855863821444e-03 1.086731217656e+05 1.059938746003e+05 1.032969124766e+05 6.287877808003e+03 6.449299080154e+02 2.600000000000e+06 0.000000000000e+00 -8.752000000000e-01 -8.752000000000e-01 0.000000000000e+00 0.000000000000e+00 0.000000000000e+00 -0.000000000000e+00 2.243021638372e-02 0.000000000000e+00 0.000000000000e+00 0.000000000000e+00 0.000000000000e+00 0.000000000000e+00 0.000000000000e+00 
9.420000000000e+00 2.124285840264e-02 4.785949565666e-01 2.412560779423e-03 1.082987214185e+05 1.058182842420e+05 1.032839065820e+05 6.288587850569e+03 6.450339648484e+02 2.600000000000e+06 0.000000000000e+00 -8.752000000000e-01 -8.752000000000e-01 0.000000000000e+00 0.000000000000e+00 0.000000000000e+00 -0.000000000000e+00 2.242044078234e-02 0.000000000000e+00 0.000000000000e+00 0.000000000000e+00 0.000000000000e+00 0.000000000000e+00 0.000000000000e+00 
9.425000000000e+00 2.123041555847e-02 4.736266422554e-01 3.187206568711e-03 1.077862162309e+05 1.055820926925e+05 1.032665111107e+05 6.289543455315e+03 6.451746049324e+02 2.600000000000e+06 0.000000000000e+00 -8.752000000000e-01 -8.752000000000e-01 0.000000000000e+00 0.000000000000e+00 0.000000000000e+00 -0.000000000000e+00 2.240730817817e-02 0.000000000000e+00 0.000000000000e+00 0.000000000000e+00 0.000000000000e+00 0.000000000000e+00 0.000000000000e+00 
9.430000000000e+00 2.121370108507e-02 4.669096304996e-01 4.186780809270e-03 1.071103273091e+05 1.052642698641e+05 1.032432815506e+05 6.290826827373e+03 6.453650541755e+02 2.600000000000e+06 0.000000000000e+00 -8.752000000000e-01 -8.752000000000e-01 0.000000000000e+00 0.000000000000e+00 0.000000000000e+00 -0.000000000000e+00 2.238966715012e-02 0.000000000000e+00 0.000000000000e+00 0.000000000000e+00 0.000000000000e+00 0.000000000000e+00 0.000000000000e+00 
9.435000000000e+00 2.119167511222e-02 4.582575575258e-01 5.379699657514e-03 1.062592717807e+05 1.048444900236e+05 1.032129097902e+05 6.292515499564e+03 6.456186856684e+02 2.600000000000e+06 0.000000000000e+00 -8.752000000000e-01 -8.752000000000e-01 0.000000000000e+00 0.000000000000e+00 0.000000000000e+00 -0.000000000000e+00 2.236642018351e-02 0.000000000000e+00 0.000000000000e+00 0.000000000000e+00 0.000000000000e+00 0.000000000000e+00 0.000000000000e+00 
9.440000000000e+00 2.116356392658e-02 4.477915882719e-01 6.673571991563e-03 1.052466426797e+05 1.043071449633e+05 1.031745395470e+05 6.294665613290e+03 6.459467579883e+02 2.600000000000e+06 0.000000000000e+00 -8.752000000000e-01 -8.752000000000e-01 0.000000000000e+00 0.000000000000e+00 0.000000000000e+00 -0.000000000000e+00 2.233675067477e-02 0.000000000000e+00 0.000000000000e+00 0.000000000000e+00 0.000000000000e+00 0.000000000000e+00 0.000000000000e+00 
9.445000000000e+00 2.112919442460e-02 4.360217570702e-01 7.920089693505e-03 1.041169693993e+05 1.036477377904e+05 1.031282185431e+05 6.297287078083e+03 6.463544727605e+02 2.600000000000e+06 0.000000000000e+00 -8.752000000000e-01 -8.752000000000e-01 0.000000000000e+00 0.000000000000e+00 0.000000000000e+00 -0.000000000000e+00 2.230047579161e-02 0.000000000000e+00 0.000000000000e+00 0.000000000000e+00 0.000000000000e+00 0.000000000000e+00 0.000000000000e+00 
9.450000000000e+00 2.108920362792e-02 4.238168963789e-01 8.940756978351e-03 1.029420278005e+05 1.028770922266e+05 1.030751298979e+05 6.300328403042e+03 6.468379308407e+02 2.600000000000e+06 0.000000000000e+00 -8.752000000000e-01 -8.752000000000e-01 0.000000000000e+00 0.000000000000e+00 0.000000000000e+00 -0.000000000000e+00 2.225826821279e-02 0.000000000000e+00 0.000000000000e+00 0.000000000000e+00 0.000000000000e+00 0.000000000000e+00 0.000000000000e+00 
9.455000000000e+00 2.104505180109e-02 4.122872202089e-01 9.585826612344e-03 1.018019732986e+05 1.020220008464e+05 1.030175120065e+05 6.303677073635e+03 6.473828877381e+02 2.600000000000e+06 0.000000000000e+00 -8.752000000000e-01 -8.752000000000e-01 0.000000000000e+00 0.000000000000e+00 0.000000000000e+00 -0.000000000000e+00 2.221166890120e-02 0.000000000000e+00 0.000000000000e+00 0.000000000000e+00 0.000000000000e+00 0.000000000000e+00 0.000000000000e+00 
9.460000000000e+00 2.099876158443e-02 4.024681911774e-01 9.774921638397e-03 1.007665393523e+05 1.011206611702e+05 1.029582057024e+05 6.307179697446e+03 6.479667043933e+02 2.600000000000e+06 0.000000000000e+00 -8.752000000000e-01 -8.752000000000e-01 0.000000000000e+00 0.000000000000e+00 0.000000000000e+00 -0.000000000000e+00 2.216281263302e-02 0.000000000000e+00 0.000000000000e+00 0.000000000000e+00 0.000000000000e+00 0.000000000000e+00 0.000000000000e+00 
9.465000000000e+00 2.095256188936e-02 3.951125165806e-01 9.537322336970e-03 9.987372594060e+04 1.002161149250e+05 1.029001206499e+05 6.310669701859e+03 6.485619451467e+02 2.600000000000e+06 0.000000000000e+00 -8.752000000000e-01 -8.752000000000e-01 0.000000000000e+00 0.000000000000e+00 0.000000000000e+00 -0.000000000000e+00 2.211405189332e-02 0.000000000000e+00 0.000000000000e+00 0.000000000000e+00 0.000000000000e+00 0.000000000000e+00 0.000000000000e+00 
9.470000000000e+00 2.090857054164e-02 3.905809312713e-01 8.893339567031e-03 9.916286430385e+04 9.935015885638e+04 1.028458204265e+05 6.313986578099e+03 6.491402575358e+02 2.600000000000e+06 0.000000000000e+00 -8.752000000000e-01 -8.752000000000e-01 0.000000000000e+00 0.000000000000e+00 0.000000000000e+00 -0.000000000000e+00 2.206762191728e-02 0.000000000000e+00 0.000000000000e+00 0.000000000000e+00 0.000000000000e+00 0.000000000000e+00 0.000000000000e+00 
9.475000000000e+00 2.086852154063e-02 3.888730726492e-01 7.935916520499e-03 9.864068845183e+04 9.855783740211e+04 1.027972275093e+05 6.317000119522e+03 6.496764054388e+02 2.600000000000e+06 0.000000000000e+00 -8.752000000000e-01 -8.752000000000e-01 0.000000000000e+00 0.000000000000e+00 0.000000000000e+00 -0.000000000000e+00 2.202535282766e-02 0.000000000000e+00 0.000000000000e+00 0.000000000000e+00 0.000000000000e+00 0.000000000000e+00 0.000000000000e+00 
9.480000000000e+00 2.083363639273e-02 3.896918698003e-01 6.774985234309e-03 9.829699991118e+04 9.786457439248e+04 1.027555433868e+05 6.319618793766e+03 6.501508478108e+02 2.600000000000e+06 0.000000000000e+00 -8.752000000000e-01 -8.752000000000e-01 0.000000000000e+00 0.000000000000e+00 0.000000000000e+00 -0.000000000000e+00 2.198853384002e-02 0.000000000000e+00 0.000000000000e+00 0.000000000000e+00 0.000000000000e+00 0.000000000000e+00 0.000000000000e+00 
9.485000000000e+00 2.080460231950e-02 3.925513673197e-01 5.519586371143e-03 9.811006552817e+04 9.728537372482e+04 1.027213012880e+05 6.321791493547e+03 6.505509371112e+02 2.600000000000e+06 0.000000000000e+00 -8.752000000000e-01 -8.752000000000e-01 0.000000000000e+00 0.000000000000e+00 0.000000000000e+00 -0.000000000000e+00 2.195789026877e-02 0.000000000000e+00 0.000000000000e+00 0.000000000000e+00 0.000000000000e+00 0.000000000000e+00 0.000000000000e+00 
9.490000000000e+00 2.078161697820e-02 3.968711937981e-01 4.268399153835e-03 9.805076837227e+04 9.682540589302e+04 1.026944799836e+05 6.323504374562e+03 6.508710137032e+02 2.600000000000e+06 0.000000000000e+00 -8.752000000000e-01 -8.752000000000e-01 0.000000000000e+00 0.000000000000e+00 0.000000000000e+00 -0.000000000000e+00 2.193363072962e-02 0.000000000000e+00 0.000000000000e+00 0.000000000000e+00 0.000000000000e+00 0.000000000000e+00 0.000000000000e+00 
9.495000000000e+00 2.076447862634e-02 4.020710310740e-01 3.100316050732e-03 9.808785939390e+04 9.648161691239e+04 1.026746450779e+05 6.324773960572e+03 6.511115779802e+02 2.600000000000e+06 0.000000000000e+00 -8.752000000000e-01 -8.752000000000e-01 0.000000000000e+00 0.000000000000e+00 0.000000000000e+00 -0.000000000000e+00 2.191554230129e-02 0.000000000000e+00 0.000000000000e+00 0.000000000000e+00 0.000000000000e+00 0.000000000000e+00 0.000000000000e+00 
9.500000000000e+00 2.075273287958e-02 4.076256568107e-01 2.104226645896e-03 9.818096864588e+04 9.624559229002e+04 1.026611314354e+05 6.325637192777e+03 6.512773856677e+02 2.600000000000e+06 0.000000000000e+00 -8.752000000000e-01 -8.752000000000e-01 0.000000000000e+00 0.000000000000e+00 0.000000000000e+00 -0.000000000000e+00 2.190314541614e-02 0.000000000000e+00 0.000000000000e+00 0.000000000000e+00 0.000000000000e+00 0.000000000000e+00 0.000000000000e+00 
9.505000000000e+00 2.074544502155e-02 4.131467452190e-01 1.281536317699e-03 9.830951895796e+04 9.609897893470e+04 1.026527792860e+05 6.326165076873e+03 6.513806460090e+02 2.600000000000e+06 0.000000000000e+00 -8.752000000000e-01 -8.752000000000e-01 0.000000000000e+00 0.000000000000e+00 0.000000000000e+00 -0.000000000000e+00 2.189545354541e-02 0.000000000000e+00 0.000000000000e+00 0.000000000000e+00 0.000000000000e+00 0.000000000000e+00 0.000000000000e+00 
9.510000000000e+00 2.074155594612e-02 4.181879808583e-01 6.260168933505e-04 9.845293043365e+04 9.602068792302e+04 1.026483324597e+05 6.326438356469e+03 6.514358690806e+02 2.600000000000e+06 0.000000000000e+00 -8.752000000000e-01 -8.752000000000e-01 0.000000000000e+00 0.000000000000e+00 0.000000000000e+00 -0.000000000000e+00 2.189134887247e-02 0.000000000000e+00 0.000000000000e+00 0.000000000000e+00 0.000000000000e+00 0.000000000000e+00 0.000000000000e+00 
9.515000000000e+00 2.074022521775e-02 4.224700394200e-01 1.366898525828e-04 9.859351566009e+04 9.599389060675e+04 1.026468125117e+05 6.326521450747e+03 6.514547838772e+02 2.600000000000e+06 0.000000000000e+00 -8.752000000000e-01 -8.752000000000e-01 0.000000000000e+00 0.000000000000e+00 0.000000000000e+00 -0.000000000000e+00 2.188994437233e-02 0.000000000000e+00 0.000000000000e+00 0.000000000000e+00 0.000000000000e+00 0.000000000000e+00 0.000000000000e+00 
9.520000000000e+00 2.074071289240e-02 4.258493498559e-01 -2.027507402174e-04 9.872107123728e+04 9.600371157016e+04 1.026473694338e+05 6.326470585112e+03 6.514478510061e+02 2.600000000000e+06 0.000000000000e+00 -8.752000000000e-01 -8.752000000000e-01 0.000000000000e+00 0.000000000000e+00 0.000000000000e+00 -0.000000000000e+00 2.189045908170e-02 0.000000000000e+00 0.000000000000e+00 0.000000000000e+00 0.000000000000e+00 0.000000000000e+00 0.000000000000e+00 
9.525000000000e+00 2.074232454529e-02 4.284024264680e-01 -3.883302431108e-04 9.881941150422e+04 9.603616350387e+04 1.026492107256e+05 6.326339335410e+03 6.514249487423e+02 2.600000000000e+06 0.000000000000e+00 -8.752000000000e-01 -8.752000000000e-01 0.000000000000e+00 0.000000000000e+00 0.000000000000e+00 -0.000000000000e+00 2.189216007941e-02 0.000000000000e+00 0.000000000000e+00 0.000000000000e+00 0.000000000000e+00 0.000000000000e+00 0.000000000000e+00 
9.530000000000e+00 2.074447418315e-02 4.301876476722e-01 -4.522736170040e-04 9.888719086427e+04 9.607943840868e+04 1.026516685513e+05 6.326171518566e+03 6.513944236841e+02 2.600000000000e+06 0.000000000000e+00 -8.752000000000e-01 -8.752000000000e-01 0.000000000000e+00 0.000000000000e+00 0.000000000000e+00 -0.000000000000e+00 2.189442888625e-02 0.000000000000e+00 0.000000000000e+00 0.000000000000e+00 0.000000000000e+00 0.000000000000e+00 0.000000000000e+00 
9.535000000000e+00 2.074668748737e-02 4.312808579553e-01 -4.218256675571e-04 9.892373747467e+04 9.612398330670e+04 1.026542014340e+05 6.326002544270e+03 6.513630210828e+02 2.600000000000e+06 0.000000000000e+00 -8.752000000000e-01 -8.752000000000e-01 0.000000000000e+00 0.000000000000e+00 0.000000000000e+00 -0.000000000000e+00 2.189676488869e-02 0.000000000000e+00 0.000000000000e+00 0.000000000000e+00 0.000000000000e+00 0.000000000000e+00 0.000000000000e+00 
9.540000000000e+00 2.074860326021e-02 4.317819005270e-01 -3.243675124437e-04 9.893083508704e+04 9.616253052330e+04 1.026563956802e+05 6.325859101499e+03 6.513358616299e+02 2.600000000000e+06 0.000000000000e+00 -8.752000000000e-01 -8.752000000000e-01 0.000000000000e+00 0.000000000000e+00 0.000000000000e+00 -0.000000000000e+00 2.189878686535e-02 0.000000000000e+00 0.000000000000e+00 0.000000000000e+00 0.000000000000e+00 0.000000000000e+00 0.000000000000e+00 
9.545000000000e+00 2.074996932180e-02 4.318025616163e-01 -1.841686906550e-04 9.891150606367e+04 9.619001158991e+04 1.026579613624e+05 6.325759609760e+03 6.513165076291e+02 2.600000000000e+06 0.000000000000e+00 -8.752000000000e-01 -8.752000000000e-01 0.000000000000e+00 0.000000000000e+00 0.000000000000e+00 -0.000000000000e+00 2.190022865646e-02 0.000000000000e+00 0.000000000000e+00 0.000000000000e+00 0.000000000000e+00 0.000000000000e+00 0.000000000000e+00 
9.550000000000e+00 2.075062862298e-02 4.314541090752e-01 -2.170164455250e-05 9.886947657022e+04 9.620327313924e+04 1.026587173198e+05 6.325715323476e+03 6.513071704966e+02 2.600000000000e+06 0.000000000000e+00 -8.752000000000e-01 -8.752000000000e-01 0.000000000000e+00 0.000000000000e+00 0.000000000000e+00 -0.000000000000e+00 2.190092450668e-02 0.000000000000e+00 0.000000000000e+00 0.000000000000e+00 0.000000000000e+00 0.000000000000e+00 0.000000000000e+00 
9.555000000000e+00 2.075050877314e-02 4.308123524099e-01 1.468131075694e-04 9.880879788357e+04 9.620086249131e+04 1.026585798843e+05 6.325731162396e+03 6.513088676520e+02 2.600000000000e+06 0.000000000000e+00 -8.752000000000e-01 -8.752000000000e-01 0.000000000000e+00 0.000000000000e+00 0.000000000000e+00 -0.000000000000e+00 2.190079801243e-02 0.000000000000e+00 0.000000000000e+00 0.000000000000e+00 0.000000000000e+00 0.000000000000e+00 0.000000000000e+00 
9.560000000000e+00 2.074959924186e-02 4.299888194609e-01 3.130167224184e-04 9.873211924033e+04 9.618256713606e+04 1.026575371166e+05 6.325807609592e+03 6.513217498104e+02 2.600000000000e+06 0.000000000000e+00 -8.752000000000e-01 -8.752000000000e-01 0.000000000000e+00 0.000000000000e+00 0.000000000000e+00 -0.000000000000e+00 2.189983805974e-02 0.000000000000e+00 0.000000000000e+00 0.000000000000e+00 0.000000000000e+00 0.000000000000e+00 0.000000000000e+00 
9.565000000000e+00 2.074794147456e-02 4.290796271336e-01 4.725146186872e-04 9.864182486888e+04 9.614921575526e+04 1.026556375039e+05 6.325941317987e+03 6.513452413251e+02 2.600000000000e+06 0.000000000000e+00 -8.752000000000e-01 -8.752000000000e-01 0.000000000000e+00 0.000000000000e+00 0.000000000000e+00 -0.000000000000e+00 2.189808839152e-02 0.000000000000e+00 0.000000000000e+00 0.000000000000e+00 0.000000000000e+00 0.000000000000e+00 0.000000000000e+00 
9.570000000000e+00 2.074559645869e-02 4.281373711377e-01 6.193506832444e-04 9.854125292464e+04 9.610202677629e+04 1.026529525849e+05 6.326127383852e+03 6.513784973524e+02 2.600000000000e+06 0.000000000000e+00 -8.752000000000e-01 -8.752000000000e-01 0.000000000000e+00 0.000000000000e+00 0.000000000000e+00 -0.000000000000e+00 2.189561337594e-02 0.000000000000e+00 0.000000000000e+00 0.000000000000e+00 0.000000000000e+00 0.000000000000e+00 0.000000000000e+00 
9.575000000000e+00 2.074264043586e-02 4.271986007564e-01 7.507874538109e-04 9.843295703387e+04 9.604252347853e+04 1.026495717688e+05 6.326359861443e+03 6.514204614761e+02 2.600000000000e+06 0.000000000000e+00 -8.752000000000e-01 -8.752000000000e-01 0.000000000000e+00 0.000000000000e+00 0.000000000000e+00 -0.000000000000e+00 2.189249348102e-02 0.000000000000e+00 0.000000000000e+00 0.000000000000e+00 0.000000000000e+00 0.000000000000e+00 0.000000000000e+00 
9.580000000000e+00 2.073915286508e-02 4.262844088287e-01 8.663616910712e-04 9.831877674934e+04 9.597229316537e+04 1.026455882814e+05 6.326632648361e+03 6.514700332266e+02 2.600000000000e+06 0.000000000000e+00 -8.752000000000e-01 -8.752000000000e-01 0.000000000000e+00 0.000000000000e+00 0.000000000000e+00 -0.000000000000e+00 2.188881257046e-02 0.000000000000e+00 0.000000000000e+00 0.000000000000e+00 0.000000000000e+00 0.000000000000e+00 0.000000000000e+00 
9.585000000000e+00 2.073520884844e-02 4.254039440001e-01 9.667349785952e-04 9.820007300980e+04 9.589283574341e+04 1.026410902978e+05 6.326940020626e+03 6.515261732177e+02 2.600000000000e+06 0.000000000000e+00 -8.752000000000e-01 -8.752000000000e-01 0.000000000000e+00 0.000000000000e+00 0.000000000000e+00 -0.000000000000e+00 2.188464990951e-02 0.000000000000e+00 0.000000000000e+00 0.000000000000e+00 0.000000000000e+00 0.000000000000e+00 0.000000000000e+00 
9.590000000000e+00 2.073087179090e-02 4.245527096136e-01 1.055811955532e-03 9.807683953050e+04 9.580541644897e+04 1.026361524538e+05 6.327277279589e+03 6.515880062493e+02 2.600000000000e+06 0.000000000000e+00 -8.752000000000e-01 -8.752000000000e-01 0.000000000000e+00 0.000000000000e+00 0.000000000000e+00 -0.000000000000e+00 2.188007241787e-02 0.000000000000e+00 0.000000000000e+00 0.000000000000e+00 0.000000000000e+00 0.000000000000e+00 0.000000000000e+00 
9.595000000000e+00 2.072619284707e-02 4.237242698358e-01 1.134506848108e-03 9.794984280924e+04 9.571105478962e+04 1.026308351976e+05 6.327640549033e+03 6.516548289820e+02 2.600000000000e+06 0.000000000000e+00 -8.752000000000e-01 -8.752000000000e-01 0.000000000000e+00 0.000000000000e+00 0.000000000000e+00 -0.000000000000e+00 2.187513408574e-02 0.000000000000e+00 0.000000000000e+00 0.000000000000e+00 0.000000000000e+00 0.000000000000e+00 0.000000000000e+00 
9.600000000000e+00 2.072120994132e-02 4.229045422943e-01 1.206885415640e-03 9.781847909058e+04 9.561050458461e+04 1.026251837143e+05 6.328027092865e+03 6.517261243801e+02 2.600000000000e+06 0.000000000000e+00 -8.752000000000e-01 -8.752000000000e-01 0.000000000000e+00 0.000000000000e+00 0.000000000000e+00 -0.000000000000e+00 2.186987493964e-02 0.000000000000e+00 0.000000000000e+00 0.000000000000e+00 0.000000000000e+00 0.000000000000e+00 0.000000000000e+00 
9.605000000000e+00 2.071594667259e-02 4.220783869992e-01 1.275463541459e-03 9.768237408962e+04 9.550423139715e+04 1.026192267743e+05 6.328435215391e+03 6.518015784379e+02 2.600000000000e+06 0.000000000000e+00 -8.752000000000e-01 -8.752000000000e-01 0.000000000000e+00 0.000000000000e+00 0.000000000000e+00 -0.000000000000e+00 2.186431988648e-02 0.000000000000e+00 0.000000000000e+00 0.000000000000e+00 0.000000000000e+00 0.000000000000e+00 0.000000000000e+00 
9.610000000000e+00 2.071040624920e-02 4.212398187957e-01 1.341738267798e-03 9.754106969161e+04 9.539228925248e+04 1.026129700241e+05 6.328864751104e+03 6.518811689639e+02 2.600000000000e+06 0.000000000000e+00 -8.752000000000e-01 -8.752000000000e-01 0.000000000000e+00 0.000000000000e+00 0.000000000000e+00 -0.000000000000e+00 2.185847231211e-02 0.000000000000e+00 0.000000000000e+00 0.000000000000e+00 0.000000000000e+00 0.000000000000e+00 0.000000000000e+00 
9.615000000000e+00 2.070458092939e-02 4.203659058402e-01 1.407336572308e-03 9.739382758963e+04 9.527451029337e+04 1.026064068541e+05 6.329316384790e+03 6.519650323914e+02 2.600000000000e+06 0.000000000000e+00 -8.752000000000e-01 -8.752000000000e-01 0.000000000000e+00 0.000000000000e+00 0.000000000000e+00 -0.000000000000e+00 2.185232428951e-02 0.000000000000e+00 0.000000000000e+00 0.000000000000e+00 0.000000000000e+00 0.000000000000e+00 0.000000000000e+00 
9.620000000000e+00 2.069846569757e-02 4.194423119998e-01 1.474082466474e-03 9.723989777884e+04 9.515078079941e+04 1.025995338988e+05 6.329790600991e+03 6.520532679784e+02 2.600000000000e+06 0.000000000000e+00 -8.752000000000e-01 -8.752000000000e-01 0.000000000000e+00 0.000000000000e+00 0.000000000000e+00 -0.000000000000e+00 2.184587006427e-02 0.000000000000e+00 0.000000000000e+00 0.000000000000e+00 0.000000000000e+00 0.000000000000e+00 0.000000000000e+00 
9.625000000000e+00 2.069204903831e-02 4.184594859623e-01 1.543188863840e-03 9.707860080856e+04 9.502085445774e+04 1.025923406763e+05 6.330288363738e+03 6.521460710369e+02 2.600000000000e+06 0.000000000000e+00 -8.752000000000e-01 -8.752000000000e-01 0.000000000000e+00 0.000000000000e+00 0.000000000000e+00 -0.000000000000e+00 2.183909770218e-02 0.000000000000e+00 0.000000000000e+00 0.000000000000e+00 0.000000000000e+00 0.000000000000e+00 0.000000000000e+00 
9.630000000000e+00 2.068531465952e-02 4.174093038361e-01 1.615763593194e-03 9.690918917811e+04 9.488438672346e+04 1.025848116178e+05 6.330811004672e+03 6.522437091671e+02 2.600000000000e+06 0.000000000000e+00 -8.752000000000e-01 -8.752000000000e-01 0.000000000000e+00 0.000000000000e+00 0.000000000000e+00 -0.000000000000e+00 2.183199000801e-02 0.000000000000e+00 0.000000000000e+00 0.000000000000e+00 0.000000000000e+00 0.000000000000e+00 0.000000000000e+00 
9.635000000000e+00 2.067824399263e-02 4.162863443045e-01 1.692126237316e-03 9.673113738165e+04 9.474098504360e+04 1.025769289413e+05 6.331360004010e+03 6.523464869518e+02 2.600000000000e+06 0.000000000000e+00 -8.752000000000e-01 -8.752000000000e-01 0.000000000000e+00 0.000000000000e+00 0.000000000000e+00 -0.000000000000e+00 2.182452738384e-02 0.000000000000e+00 0.000000000000e+00 0.000000000000e+00 0.000000000000e+00 0.000000000000e+00 0.000000000000e+00 
9.640000000000e+00 2.067081833635e-02 4.150878255065e-01 1.772177378501e-03 9.654406012519e+04 9.459025204943e+04 1.025686750908e+05 6.331936840137e+03 6.524547153860e+02 2.600000000000e+06 0.000000000000e+00 -8.752000000000e-01 -8.752000000000e-01 0.000000000000e+00 0.000000000000e+00 0.000000000000e+00 -0.000000000000e+00 2.181669009172e-02 0.000000000000e+00 0.000000000000e+00 0.000000000000e+00 0.000000000000e+00 0.000000000000e+00 0.000000000000e+00 
9.645000000000e+00 2.066302046420e-02 4.138129995708e-01 1.855646468668e-03 9.634766101770e+04 9.443181805376e+04 1.025600345427e+05 6.332542875451e+03 6.525686886928e+02 2.600000000000e+06 0.000000000000e+00 -8.752000000000e-01 -8.752000000000e-01 0.000000000000e+00 0.000000000000e+00 0.000000000000e+00 -0.000000000000e+00 2.180845995021e-02 0.000000000000e+00 0.000000000000e+00 0.000000000000e+00 0.000000000000e+00 0.000000000000e+00 0.000000000000e+00 
9.650000000000e+00 2.065483505083e-02 4.124626944592e-01 1.942088734355e-03 9.614174296568e+04 9.426534969721e+04 1.025509942750e+05 6.333179323291e+03 6.526886780733e+02 2.600000000000e+06 0.000000000000e+00 -8.752000000000e-01 -8.752000000000e-01 0.000000000000e+00 0.000000000000e+00 0.000000000000e+00 -0.000000000000e+00 2.179982078441e-02 0.000000000000e+00 0.000000000000e+00 0.000000000000e+00 0.000000000000e+00 0.000000000000e+00 0.000000000000e+00 
9.655000000000e+00 2.064624316218e-02 4.110533331575e-01 2.029293544302e-03 9.592664306085e+04 9.409043775141e+04 1.025415377018e+05 6.333847611328e+03 6.528150127270e+02 2.600000000000e+06 0.000000000000e+00 -8.752000000000e-01 -8.752000000000e-01 0.000000000000e+00 0.000000000000e+00 0.000000000000e+00 -0.000000000000e+00 2.179075261068e-02 0.000000000000e+00 0.000000000000e+00 0.000000000000e+00 0.000000000000e+00 0.000000000000e+00 0.000000000000e+00 
9.660000000000e+00 2.063722564962e-02 4.095726449428e-01 2.117722678536e-03 9.570176357672e+04 9.390666576541e+04 1.025316484843e+05 6.334549295406e+03 6.529480308591e+02 2.600000000000e+06 0.000000000000e+00 -8.752000000000e-01 -8.752000000000e-01 0.000000000000e+00 0.000000000000e+00 0.000000000000e+00 -0.000000000000e+00 2.178123521888e-02 0.000000000000e+00 0.000000000000e+00 0.000000000000e+00 0.000000000000e+00 0.000000000000e+00 0.000000000000e+00 
9.665000000000e+00 2.062778716628e-02 4.080238562278e-01 2.205807167306e-03 9.546772350107e+04 9.371410009983e+04 1.025213367522e+05 6.335284012748e+03 6.530877240504e+02 2.600000000000e+06 0.000000000000e+00 -8.752000000000e-01 -8.752000000000e-01 0.000000000000e+00 0.000000000000e+00 0.000000000000e+00 -0.000000000000e+00 2.177127352009e-02 0.000000000000e+00 0.000000000000e+00 0.000000000000e+00 0.000000000000e+00 0.000000000000e+00 0.000000000000e+00 
9.670000000000e+00 2.061792941309e-02 4.064100482339e-01 2.293334301737e-03 9.522460639730e+04 9.351274580551e+04 1.025106095536e+05 6.336051685078e+03 6.532341294351e+02 2.600000000000e+06 0.000000000000e+00 -8.752000000000e-01 -8.752000000000e-01 0.000000000000e+00 0.000000000000e+00 0.000000000000e+00 -0.000000000000e+00 2.176086930953e-02 0.000000000000e+00 0.000000000000e+00 0.000000000000e+00 0.000000000000e+00 0.000000000000e+00 0.000000000000e+00 
9.675000000000e+00 2.060765154417e-02 4.047358945764e-01 2.380117670649e-03 9.497243081547e+04 9.330255458489e+04 1.024994713488e+05 6.336852435246e+03 6.533873243212e+02 2.600000000000e+06 0.000000000000e+00 -8.752000000000e-01 -8.752000000000e-01 0.000000000000e+00 0.000000000000e+00 0.000000000000e+00 -0.000000000000e+00 2.175002169443e-02 0.000000000000e+00 0.000000000000e+00 0.000000000000e+00 0.000000000000e+00 0.000000000000e+00 0.000000000000e+00 
9.680000000000e+00 2.059695492911e-02 4.030056422022e-01 2.465887497215e-03 9.471129123177e+04 9.308352204127e+04 1.024879291912e+05 6.337686213735e+03 6.535473554610e+02 2.600000000000e+06 0.000000000000e+00 -8.752000000000e-01 -8.752000000000e-01 0.000000000000e+00 0.000000000000e+00 0.000000000000e+00 -0.000000000000e+00 2.173873212031e-02 0.000000000000e+00 0.000000000000e+00 0.000000000000e+00 0.000000000000e+00 0.000000000000e+00 0.000000000000e+00 
9.685000000000e+00 2.058584296426e-02 4.012230163364e-01 2.550418666762e-03 9.444130965759e+04 9.285568409240e+04 1.024759924675e+05 6.338552817786e+03 6.537142412231e+02 2.600000000000e+06 0.000000000000e+00 -8.752000000000e-01 -8.752000000000e-01 0.000000000000e+00 0.000000000000e+00 0.000000000000e+00 -0.000000000000e+00 2.172700417179e-02 0.000000000000e+00 0.000000000000e+00 0.000000000000e+00 0.000000000000e+00 0.000000000000e+00 0.000000000000e+00 
9.690000000000e+00 2.057432036939e-02 3.993911624141e-01 2.633595294906e-03 9.416259805164e+04 9.261910281243e+04 1.024636720891e+05 6.339451948047e+03 6.538879815412e+02 2.600000000000e+06 0.000000000000e+00 -8.752000000000e-01 -8.752000000000e-01 0.000000000000e+00 0.000000000000e+00 0.000000000000e+00 -0.000000000000e+00 2.171484283027e-02 0.000000000000e+00 0.000000000000e+00 0.000000000000e+00 0.000000000000e+00 0.000000000000e+00 0.000000000000e+00 
9.695000000000e+00 2.056239360194e-02 3.975135169310e-01 2.715127581995e-03 9.387536637826e+04 9.237387517753e+04 1.024509808877e+05 6.340383164605e+03 6.540685511110e+02 2.600000000000e+06 0.000000000000e+00 -8.752000000000e-01 -8.752000000000e-01 0.000000000000e+00 0.000000000000e+00 0.000000000000e+00 -0.000000000000e+00 2.170225491115e-02 0.000000000000e+00 0.000000000000e+00 0.000000000000e+00 0.000000000000e+00 0.000000000000e+00 0.000000000000e+00 
9.700000000000e+00 2.055006969481e-02 3.955925804898e-01 2.795056858701e-03 9.357972112310e+04 9.212010942232e+04 1.024379323288e+05 6.341345996949e+03 6.542559164087e+02 2.600000000000e+06 0.000000000000e+00 -8.752000000000e-01 -8.752000000000e-01 0.000000000000e+00 0.000000000000e+00 0.000000000000e+00 -0.000000000000e+00 2.168924783720e-02 0.000000000000e+00 0.000000000000e+00 0.000000000000e+00 0.000000000000e+00 0.000000000000e+00 0.000000000000e+00 
9.705000000000e+00 2.053735603439e-02 3.936304489063e-01 2.873344486300e-03 9.327580410151e+04 9.185792060546e+04 1.024245402488e+05 6.342339944642e+03 6.544500387391e+02 2.600000000000e+06 0.000000000000e+00 -8.752000000000e-01 -8.752000000000e-01 0.000000000000e+00 0.000000000000e+00 0.000000000000e+00 -0.000000000000e+00 2.167582940428e-02 0.000000000000e+00 0.000000000000e+00 0.000000000000e+00 0.000000000000e+00 0.000000000000e+00 0.000000000000e+00 
9.710000000000e+00 2.052426038634e-02 3.916290235663e-01 2.949962031994e-03 9.296376162436e+04 9.158743126242e+04 1.024108188570e+05 6.343364478625e+03 6.546508735543e+02 2.600000000000e+06 0.000000000000e+00 -8.752000000000e-01 -8.752000000000e-01 0.000000000000e+00 0.000000000000e+00 0.000000000000e+00 -0.000000000000e+00 2.166200780852e-02 0.000000000000e+00 0.000000000000e+00 0.000000000000e+00 0.000000000000e+00 0.000000000000e+00 0.000000000000e+00 
9.715000000000e+00 2.051079073348e-02 3.895901000252e-01 3.024900212462e-03 9.264373791169e+04 9.130876817721e+04 1.023967825418e+05 6.344419053971e+03 6.548583726582e+02 2.600000000000e+06 0.000000000000e+00 -8.752000000000e-01 -8.752000000000e-01 0.000000000000e+00 0.000000000000e+00 0.000000000000e+00 -0.000000000000e+00 2.164779147527e-02 0.000000000000e+00 0.000000000000e+00 0.000000000000e+00 0.000000000000e+00 0.000000000000e+00 0.000000000000e+00 
9.720000000000e+00 2.049695609148e-02 3.875154024062e-01 3.098153220308e-03 9.231589847703e+04 9.102207940399e+04 1.023824466922e+05 6.345503045265e+03 6.550724713097e+02 2.600000000000e+06 0.000000000000e+00 -8.752000000000e-01 -8.752000000000e-01 0.000000000000e+00 0.000000000000e+00 0.000000000000e+00 -0.000000000000e+00 2.163318991997e-02 0.000000000000e+00 0.000000000000e+00 0.000000000000e+00 0.000000000000e+00 0.000000000000e+00 0.000000000000e+00 
9.725000000000e+00 2.048276517796e-02 3.854061847052e-01 3.169690520077e-03 9.198041113195e+04 9.072750686988e+04 1.023678262853e+05 6.346615849094e+03 6.552931084217e+02 2.600000000000e+06 0.000000000000e+00 -8.752000000000e-01 -8.752000000000e-01 0.000000000000e+00 0.000000000000e+00 0.000000000000e+00 -0.000000000000e+00 2.161821234349e-02 0.000000000000e+00 0.000000000000e+00 0.000000000000e+00 0.000000000000e+00 0.000000000000e+00 0.000000000000e+00 
9.730000000000e+00 2.046822575791e-02 3.832639552529e-01 3.239514690532e-03 9.163741133030e+04 9.042517277418e+04 1.023529352123e+05 6.347756937580e+03 6.555202367462e+02 2.600000000000e+06 0.000000000000e+00 -8.752000000000e-01 -8.752000000000e-01 0.000000000000e+00 0.000000000000e+00 0.000000000000e+00 -0.000000000000e+00 2.160286694129e-02 0.000000000000e+00 0.000000000000e+00 0.000000000000e+00 0.000000000000e+00 0.000000000000e+00 0.000000000000e+00 
9.735000000000e+00 2.045334590460e-02 3.810902020857e-01 3.307611179470e-03 9.128704739302e+04 9.011520577082e+04 1.023377875739e+05 6.348925757726e+03 6.557538032343e+02 2.600000000000e+06 0.000000000000e+00 -8.752000000000e-01 -8.752000000000e-01 0.000000000000e+00 0.000000000000e+00 0.000000000000e+00 -0.000000000000e+00 2.158716223415e-02 0.000000000000e+00 0.000000000000e+00 0.000000000000e+00 0.000000000000e+00 0.000000000000e+00 0.000000000000e+00 
9.740000000000e+00 2.043813397115e-02 3.788864284433e-01 3.373949615520e-03 9.092947955624e+04 8.979774049836e+04 1.023223976295e+05 6.350121733437e+03 6.559937492214e+02 2.600000000000e+06 0.000000000000e+00 -8.752000000000e-01 -8.752000000000e-01 0.000000000000e+00 0.000000000000e+00 0.000000000000e+00 -0.000000000000e+00 2.157110703825e-02 0.000000000000e+00 0.000000000000e+00 0.000000000000e+00 0.000000000000e+00 0.000000000000e+00 0.000000000000e+00 
9.745000000000e+00 2.042259860541e-02 3.766541877730e-01 3.438491575454e-03 9.056487768635e+04 8.947291801071e+04 1.023067797914e+05 6.351344264412e+03 6.562400099397e+02 2.600000000000e+06 0.000000000000e+00 -8.752000000000e-01 -8.752000000000e-01 0.000000000000e+00 0.000000000000e+00 0.000000000000e+00 -0.000000000000e+00 2.155471048083e-02 0.000000000000e+00 0.000000000000e+00 0.000000000000e+00 0.000000000000e+00 0.000000000000e+00 0.000000000000e+00 
9.750000000000e+00 2.040674865940e-02 3.743950543773e-01 3.501220847146e-03 9.019340870249e+04 8.914088400414e+04 1.022909485132e+05 6.352592734219e+03 6.564925157070e+02 2.600000000000e+06 0.000000000000e+00 -8.752000000000e-01 -8.752000000000e-01 0.000000000000e+00 0.000000000000e+00 0.000000000000e+00 -0.000000000000e+00 2.153798190461e-02 0.000000000000e+00 0.000000000000e+00 0.000000000000e+00 0.000000000000e+00 0.000000000000e+00 0.000000000000e+00 
9.755000000000e+00 2.039059326342e-02 3.721106852813e-01 3.562030203907e-03 8.981527835930e+04 8.880179048503e+04 1.022749183452e+05 6.353866499679e+03 6.567511905169e+02 2.600000000000e+06 0.000000000000e+00 -8.752000000000e-01 -8.752000000000e-01 0.000000000000e+00 0.000000000000e+00 0.000000000000e+00 -0.000000000000e+00 2.152093094602e-02 0.000000000000e+00 0.000000000000e+00 0.000000000000e+00 0.000000000000e+00 0.000000000000e+00 0.000000000000e+00 
9.760000000000e+00 2.037414210176e-02 3.698014996455e-01 3.621201435357e-03 8.943056745162e+04 8.845580170194e+04 1.022587041853e+05 6.355164888171e+03 6.570159473433e+02 2.600000000000e+06 0.000000000000e+00 -8.752000000000e-01 -8.752000000000e-01 0.000000000000e+00 0.000000000000e+00 0.000000000000e+00 -0.000000000000e+00 2.150356782619e-02 0.000000000000e+00 0.000000000000e+00 0.000000000000e+00 0.000000000000e+00 0.000000000000e+00 0.000000000000e+00 
9.765000000000e+00 2.035740620626e-02 3.674711333742e-01 3.678220888217e-03 8.903966920691e+04 8.810311107488e+04 1.022423220242e+05 6.356487086999e+03 6.572866749101e+02 2.600000000000e+06 0.000000000000e+00 -8.752000000000e-01 -8.752000000000e-01 0.000000000000e+00 0.000000000000e+00 0.000000000000e+00 -0.000000000000e+00 2.148590418852e-02 0.000000000000e+00 0.000000000000e+00 0.000000000000e+00 0.000000000000e+00 0.000000000000e+00 0.000000000000e+00 
9.770000000000e+00 2.034039604946e-02 3.651215788542e-01 3.733138818617e-03 8.864276583740e+04 8.774390125439e+04 1.022257870420e+05 6.357832347921e+03 6.575632680818e+02 2.600000000000e+06 0.000000000000e+00 -8.752000000000e-01 -8.752000000000e-01 0.000000000000e+00 0.000000000000e+00 0.000000000000e+00 -0.000000000000e+00 2.146795108606e-02 0.000000000000e+00 0.000000000000e+00 0.000000000000e+00 0.000000000000e+00 0.000000000000e+00 0.000000000000e+00 
9.775000000000e+00 2.032312246117e-02 3.627548462799e-01 3.785830552651e-03 8.824011060394e+04 8.737836349762e+04 1.022091144996e+05 6.359199885043e+03 6.578456129474e+02 2.600000000000e+06 0.000000000000e+00 -8.752000000000e-01 -8.752000000000e-01 0.000000000000e+00 0.000000000000e+00 0.000000000000e+00 -0.000000000000e+00 2.144971994899e-02 0.000000000000e+00 0.000000000000e+00 0.000000000000e+00 0.000000000000e+00 0.000000000000e+00 0.000000000000e+00 
9.780000000000e+00 2.030559673859e-02 3.603729987695e-01 3.836203493972e-03 8.783195703394e+04 8.700670016218e+04 1.021923198225e+05 6.360588874108e+03 6.581335847349e+02 2.600000000000e+06 0.000000000000e+00 -8.752000000000e-01 -8.752000000000e-01 0.000000000000e+00 0.000000000000e+00 0.000000000000e+00 -0.000000000000e+00 2.143122270075e-02 0.000000000000e+00 0.000000000000e+00 0.000000000000e+00 0.000000000000e+00 0.000000000000e+00 0.000000000000e+00 
9.785000000000e+00 2.028783067438e-02 3.579782243568e-01 3.884101859600e-03 8.741859363579e+04 8.662912548931e+04 1.021754186028e+05 6.361998446055e+03 6.584270470293e+02 2.600000000000e+06 0.000000000000e+00 -8.752000000000e-01 -8.752000000000e-01 0.000000000000e+00 0.000000000000e+00 0.000000000000e+00 -0.000000000000e+00 2.141247178771e-02 0.000000000000e+00 0.000000000000e+00 0.000000000000e+00 0.000000000000e+00 0.000000000000e+00 0.000000000000e+00 
9.790000000000e+00 2.026983667478e-02 3.555728027687e-01 3.929479230799e-03 8.700028521429e+04 8.624586831802e+04 1.021584266862e+05 6.363427684224e+03 6.587258494802e+02 2.600000000000e+06 0.000000000000e+00 -8.752000000000e-01 -8.752000000000e-01 0.000000000000e+00 0.000000000000e+00 0.000000000000e+00 -0.000000000000e+00 2.139348030385e-02 0.000000000000e+00 0.000000000000e+00 0.000000000000e+00 0.000000000000e+00 0.000000000000e+00 0.000000000000e+00 
9.795000000000e+00 2.025162740352e-02 3.531589464627e-01 3.972200696592e-03 8.657733562420e+04 8.585716470128e+04 1.021413598102e+05 6.364875644207e+03 6.590298333888e+02 2.600000000000e+06 0.000000000000e+00 -8.752000000000e-01 -8.752000000000e-01 0.000000000000e+00 0.000000000000e+00 0.000000000000e+00 -0.000000000000e+00 2.137426161489e-02 0.000000000000e+00 0.000000000000e+00 0.000000000000e+00 0.000000000000e+00 0.000000000000e+00 0.000000000000e+00 
9.800000000000e+00 2.023321620752e-02 3.507391291255e-01 4.012135121186e-03 8.615006461603e+04 8.546326716916e+04 1.021242339843e+05 6.366341323419e+03 6.593388243332e+02 2.600000000000e+06 0.000000000000e+00 -8.752000000000e-01 -8.752000000000e-01 0.000000000000e+00 0.000000000000e+00 0.000000000000e+00 -0.000000000000e+00 2.135482980764e-02 0.000000000000e+00 0.000000000000e+00 0.000000000000e+00 0.000000000000e+00 0.000000000000e+00 0.000000000000e+00 
9.805000000000e+00 2.021461690000e-02 3.483158085976e-01 4.049190096721e-03 8.571879063114e+04 8.506444031943e+04 1.021070652610e+05 6.367823679310e+03 6.596526354447e+02 2.600000000000e+06 0.000000000000e+00 -8.752000000000e-01 -8.752000000000e-01 0.000000000000e+00 0.000000000000e+00 0.000000000000e+00 -0.000000000000e+00 2.133519946105e-02 0.000000000000e+00 0.000000000000e+00 0.000000000000e+00 0.000000000000e+00 0.000000000000e+00 0.000000000000e+00 
9.810000000000e+00 2.019584410383e-02 3.458917991521e-01 4.083181505119e-03 8.528388548656e+04 8.466096840414e+04 1.020898700282e+05 6.369321596293e+03 6.599710612782e+02 2.600000000000e+06 0.000000000000e+00 -8.752000000000e-01 -8.752000000000e-01 0.000000000000e+00 0.000000000000e+00 0.000000000000e+00 -0.000000000000e+00 2.131538600859e-02 0.000000000000e+00 0.000000000000e+00 0.000000000000e+00 0.000000000000e+00 0.000000000000e+00 0.000000000000e+00 
9.815000000000e+00 2.017691269166e-02 3.434695638001e-01 4.114103474306e-03 8.484566509364e+04 8.425314353872e+04 1.020726644704e+05 6.370833940873e+03 6.602938869475e+02 2.600000000000e+06 0.000000000000e+00 -8.752000000000e-01 -8.752000000000e-01 0.000000000000e+00 0.000000000000e+00 0.000000000000e+00 -0.000000000000e+00 2.129540514737e-02 0.000000000000e+00 0.000000000000e+00 0.000000000000e+00 0.000000000000e+00 0.000000000000e+00 0.000000000000e+00 
9.820000000000e+00 2.015783796926e-02 3.410517039409e-01 4.141831324553e-03 8.440450031035e+04 8.384126981064e+04 1.020554647224e+05 6.372359534647e+03 6.606208847998e+02 2.600000000000e+06 0.000000000000e+00 -8.752000000000e-01 -8.752000000000e-01 0.000000000000e+00 0.000000000000e+00 0.000000000000e+00 -0.000000000000e+00 2.127527303160e-02 0.000000000000e+00 0.000000000000e+00 0.000000000000e+00 0.000000000000e+00 0.000000000000e+00 0.000000000000e+00 
9.825000000000e+00 2.013863574681e-02 3.386409021049e-01 4.166265441068e-03 8.396076712055e+04 8.342566501446e+04 1.020382869163e+05 6.373897154069e+03 6.609518129362e+02 2.600000000000e+06 0.000000000000e+00 -8.752000000000e-01 -8.752000000000e-01 0.000000000000e+00 0.000000000000e+00 0.000000000000e+00 -0.000000000000e+00 2.125500634793e-02 0.000000000000e+00 0.000000000000e+00 0.000000000000e+00 0.000000000000e+00 0.000000000000e+00 0.000000000000e+00 
9.830000000000e+00 2.011932231644e-02 3.362398958338e-01 4.187312685841e-03 8.351485295856e+04 8.300666036899e+04 1.020211471439e+05 6.375445531116e+03 6.612864153355e+02 2.600000000000e+06 0.000000000000e+00 -8.752000000000e-01 -8.752000000000e-01 0.000000000000e+00 0.000000000000e+00 0.000000000000e+00 -0.000000000000e+00 2.123462229158e-02 0.000000000000e+00 0.000000000000e+00 0.000000000000e+00 0.000000000000e+00 0.000000000000e+00 0.000000000000e+00 
9.835000000000e+00 2.009991431133e-02 3.338513648904e-01 4.204909111887e-03 8.306714544410e+04 8.258459764956e+04 1.020040613172e+05 6.377003365147e+03 6.616244240677e+02 2.600000000000e+06 0.000000000000e+00 -8.752000000000e-01 -8.752000000000e-01 0.000000000000e+00 0.000000000000e+00 0.000000000000e+00 -0.000000000000e+00 2.121413841782e-02 0.000000000000e+00 0.000000000000e+00 0.000000000000e+00 0.000000000000e+00 0.000000000000e+00 0.000000000000e+00 
9.840000000000e+00 2.008042870059e-02 3.314779765245e-01 4.218988640975e-03 8.261804367828e+04 8.215982923394e+04 1.019870451545e+05 6.378569321750e+03 6.619655592172e+02 2.600000000000e+06 0.000000000000e+00 -8.752000000000e-01 -8.752000000000e-01 0.000000000000e+00 0.000000000000e+00 0.000000000000e+00 -0.000000000000e+00 2.119357263641e-02 0.000000000000e+00 0.000000000000e+00 0.000000000000e+00 0.000000000000e+00 0.000000000000e+00 0.000000000000e+00 
9.845000000000e+00 2.006088273245e-02 3.291223842661e-01 4.229496210515e-03 8.216795231414e+04 8.173271701270e+04 1.019701141234e+05 6.380142037575e+03 6.623095297329e+02 2.600000000000e+06 0.000000000000e+00 -8.752000000000e-01 -8.752000000000e-01 0.000000000000e+00 0.000000000000e+00 0.000000000000e+00 -0.000000000000e+00 2.117294315171e-02 0.000000000000e+00 0.000000000000e+00 0.000000000000e+00 0.000000000000e+00 0.000000000000e+00 0.000000000000e+00 
9.850000000000e+00 2.004129390914e-02 3.267872098210e-01 4.236390111688e-03 8.171728021885e+04 8.130363197199e+04 1.019532834144e+05 6.381720122212e+03 6.626560337614e+02 2.600000000000e+06 0.000000000000e+00 -8.752000000000e-01 -8.752000000000e-01 0.000000000000e+00 0.000000000000e+00 0.000000000000e+00 -0.000000000000e+00 2.115226843621e-02 0.000000000000e+00 0.000000000000e+00 0.000000000000e+00 0.000000000000e+00 0.000000000000e+00 0.000000000000e+00 
9.855000000000e+00 2.002167981523e-02 3.244749566444e-01 4.239658742716e-03 8.126643050277e+04 8.087295053792e+04 1.019365677928e+05 6.383302172541e+03 6.630047616226e+02 2.600000000000e+06 0.000000000000e+00 -8.752000000000e-01 -8.752000000000e-01 0.000000000000e+00 0.000000000000e+00 0.000000000000e+00 -0.000000000000e+00 2.113156704922e-02 0.000000000000e+00 0.000000000000e+00 0.000000000000e+00 0.000000000000e+00 0.000000000000e+00 0.000000000000e+00 
9.860000000000e+00 2.000205808807e-02 3.221880414250e-01 4.239295775640e-03 8.081580886964e+04 8.044105399483e+04 1.019199815777e+05 6.384886773985e+03 6.633553963440e+02 2.600000000000e+06 0.000000000000e+00 -8.752000000000e-01 -8.752000000000e-01 0.000000000000e+00 0.000000000000e+00 0.000000000000e+00 -0.000000000000e+00 2.111085760584e-02 0.000000000000e+00 0.000000000000e+00 0.000000000000e+00 0.000000000000e+00 0.000000000000e+00 0.000000000000e+00 
9.865000000000e+00 1.998244636077e-02 3.199287857554e-01 4.235308556191e-03 8.036581926239e+04 8.000832727576e+04 1.019035386017e+05 6.386472505411e+03 6.637076147222e+02 2.600000000000e+06 0.000000000000e+00 -8.752000000000e-01 -8.752000000000e-01 0.000000000000e+00 0.000000000000e+00 0.000000000000e+00 -0.000000000000e+00 2.109015871663e-02 0.000000000000e+00 0.000000000000e+00 0.000000000000e+00 0.000000000000e+00 0.000000000000e+00 0.000000000000e+00 
9.870000000000e+00 1.996286218775e-02 3.176993994870e-01 4.227723460541e-03 7.991686017151e+04 7.957515734365e+04 1.018872521586e+05 6.388057945354e+03 6.640610887414e+02 2.600000000000e+06 0.000000000000e+00 -8.752000000000e-01 -8.752000000000e-01 0.000000000000e+00 0.000000000000e+00 0.000000000000e+00 -0.000000000000e+00 2.106948890914e-02 0.000000000000e+00 0.000000000000e+00 0.000000000000e+00 0.000000000000e+00 0.000000000000e+00 0.000000000000e+00 
9.875000000000e+00 1.994332295418e-02 3.155019637993e-01 4.216584261883e-03 7.946932308160e+04 7.914193118039e+04 1.018711349418e+05 6.389641679332e+03 6.644154873384e+02 2.600000000000e+06 0.000000000000e+00 -8.752000000000e-01 -8.752000000000e-01 0.000000000000e+00 0.000000000000e+00 0.000000000000e+00 -0.000000000000e+00 2.104886653227e-02 0.000000000000e+00 0.000000000000e+00 0.000000000000e+00 0.000000000000e+00 0.000000000000e+00 0.000000000000e+00 
9.880000000000e+00 1.992384579300e-02 3.133384143455e-01 4.201950276785e-03 7.902359114790e+04 7.870903390836e+04 1.018551989936e+05 6.391222306609e+03 6.647704780879e+02 2.600000000000e+06 0.000000000000e+00 -8.752000000000e-01 -8.752000000000e-01 0.000000000000e+00 0.000000000000e+00 0.000000000000e+00 -0.000000000000e+00 2.102830966871e-02 0.000000000000e+00 0.000000000000e+00 0.000000000000e+00 0.000000000000e+00 0.000000000000e+00 0.000000000000e+00 
9.885000000000e+00 1.990444750775e-02 3.112105290034e-01 4.183900463512e-03 7.858003579571e+04 7.827684700451e+04 1.018394556630e+05 6.392798446804e+03 6.651257288344e+02 2.600000000000e+06 0.000000000000e+00 -8.752000000000e-01 -8.752000000000e-01 0.000000000000e+00 0.000000000000e+00 0.000000000000e+00 -0.000000000000e+00 2.100783605348e-02 0.000000000000e+00 0.000000000000e+00 0.000000000000e+00 0.000000000000e+00 0.000000000000e+00 0.000000000000e+00 
9.890000000000e+00 1.988514448280e-02 3.091199211886e-01 4.162527694566e-03 7.813901660067e+04 7.784574620250e+04 1.018239155568e+05 6.394368747175e+03 6.654809096040e+02 2.600000000000e+06 0.000000000000e+00 -8.752000000000e-01 -8.752000000000e-01 0.000000000000e+00 0.000000000000e+00 0.000000000000e+00 -0.000000000000e+00 2.098746297921e-02 0.000000000000e+00 0.000000000000e+00 0.000000000000e+00 0.000000000000e+00 0.000000000000e+00 0.000000000000e+00 
9.895000000000e+00 1.986595259233e-02 3.070680170231e-01 4.137942625851e-03 7.770087758886e+04 7.741609932635e+04 1.018085884932e+05 6.395931890483e+03 6.658356945934e+02 2.600000000000e+06 0.000000000000e+00 -8.752000000000e-01 -8.752000000000e-01 0.000000000000e+00 0.000000000000e+00 0.000000000000e+00 -0.000000000000e+00 2.096720720006e-02 0.000000000000e+00 0.000000000000e+00 0.000000000000e+00 0.000000000000e+00 0.000000000000e+00 0.000000000000e+00 
9.900000000000e+00 1.984688707959e-02 3.050560296183e-01 4.110260040594e-03 7.726594926523e+04 7.698826342314e+04 1.017934834356e+05 6.397486604616e+03 6.661897647604e+02 2.600000000000e+06 0.000000000000e+00 -8.752000000000e-01 -8.752000000000e-01 0.000000000000e+00 0.000000000000e+00 0.000000000000e+00 -0.000000000000e+00 2.094708480426e-02 0.000000000000e+00 0.000000000000e+00 0.000000000000e+00 0.000000000000e+00 0.000000000000e+00 0.000000000000e+00 
9.905000000000e+00 1.982796256620e-02 3.030850510265e-01 4.079631738733e-03 7.683453650051e+04 7.656258477756e+04 1.017786085326e+05 6.399031663610e+03 6.665428080456e+02 2.600000000000e+06 0.000000000000e+00 -8.752000000000e-01 -8.752000000000e-01 0.000000000000e+00 0.000000000000e+00 0.000000000000e+00 -0.000000000000e+00 2.092711122396e-02 0.000000000000e+00 0.000000000000e+00 0.000000000000e+00 0.000000000000e+00 0.000000000000e+00 0.000000000000e+00 
9.910000000000e+00 1.980919300698e-02 3.011559476214e-01 4.046207592000e-03 7.640693160334e+04 7.613939769554e+04 1.017639711148e+05 6.400565890135e+03 6.668945206116e+02 2.600000000000e+06 0.000000000000e+00 -8.752000000000e-01 -8.752000000000e-01 0.000000000000e+00 0.000000000000e+00 0.000000000000e+00 -0.000000000000e+00 2.090730118757e-02 0.000000000000e+00 0.000000000000e+00 0.000000000000e+00 0.000000000000e+00 0.000000000000e+00 0.000000000000e+00 
9.915000000000e+00 1.979059156119e-02 2.992694008078e-01 4.010158314987e-03 7.598340267709e+04 7.571902137714e+04 1.017495776280e+05 6.402088167442e+03 6.672446096770e+02 2.600000000000e+06 0.000000000000e+00 -8.752000000000e-01 -8.752000000000e-01 0.000000000000e+00 0.000000000000e+00 0.000000000000e+00 -0.000000000000e+00 2.088766858381e-02 0.000000000000e+00 0.000000000000e+00 0.000000000000e+00 0.000000000000e+00 0.000000000000e+00 0.000000000000e+00 
9.920000000000e+00 1.977217054764e-02 2.974258962285e-01 3.971651979776e-03 7.556420100005e+04 7.530175864803e+04 1.017354336346e+05 6.403597442577e+03 6.675927948197e+02 2.600000000000e+06 0.000000000000e+00 -8.752000000000e-01 -8.752000000000e-01 0.000000000000e+00 0.000000000000e+00 0.000000000000e+00 -0.000000000000e+00 2.086822641438e-02 0.000000000000e+00 0.000000000000e+00 0.000000000000e+00 0.000000000000e+00 0.000000000000e+00 0.000000000000e+00 
9.925000000000e+00 1.975394144700e-02 2.956257018399e-01 3.930872805486e-03 7.514955387951e+04 7.488789574799e+04 1.017215438514e+05 6.405092727511e+03 6.679388083956e+02 2.600000000000e+06 0.000000000000e+00 -8.752000000000e-01 -8.752000000000e-01 0.000000000000e+00 0.000000000000e+00 0.000000000000e+00 -0.000000000000e+00 2.084898679636e-02 0.000000000000e+00 0.000000000000e+00 0.000000000000e+00 0.000000000000e+00 0.000000000000e+00 0.000000000000e+00 
9.930000000000e+00 1.973591484982e-02 2.938689166002e-01 3.887986160397e-03 7.473967616892e+04 7.447770088265e+04 1.017079121454e+05 6.406573102478e+03 6.682823969824e+02 2.600000000000e+06 0.000000000000e+00 -8.752000000000e-01 -8.752000000000e-01 0.000000000000e+00 0.000000000000e+00 0.000000000000e+00 -0.000000000000e+00 2.082996090738e-02 0.000000000000e+00 0.000000000000e+00 0.000000000000e+00 0.000000000000e+00 0.000000000000e+00 0.000000000000e+00 
9.935000000000e+00 1.971810045289e-02 2.921555140654e-01 3.843192514389e-03 7.433474989976e+04 7.407142386392e+04 1.016945415659e+05 6.408037719085e+03 6.686233219093e+02 2.600000000000e+06 0.000000000000e+00 -8.752000000000e-01 -8.752000000000e-01 0.000000000000e+00 0.000000000000e+00 0.000000000000e+00 -0.000000000000e+00 2.081115898174e-02 0.000000000000e+00 0.000000000000e+00 0.000000000000e+00 0.000000000000e+00 0.000000000000e+00 0.000000000000e+00 
9.940000000000e+00 1.970050699387e-02 2.904852819243e-01 3.796693041906e-03 7.393493523155e+04 7.366929433769e+04 1.016814343297e+05 6.409485804815e+03 6.689613609634e+02 2.600000000000e+06 0.000000000000e+00 -8.752000000000e-01 -8.752000000000e-01 0.000000000000e+00 0.000000000000e+00 0.000000000000e+00 -0.000000000000e+00 2.079259024148e-02 0.000000000000e+00 0.000000000000e+00 0.000000000000e+00 0.000000000000e+00 0.000000000000e+00 0.000000000000e+00 
9.945000000000e+00 1.968314223089e-02 2.888578288842e-01 3.748685722933e-03 7.354037117507e+04 7.327152102699e+04 1.016685918403e+05 6.410916665113e+03 6.692963092417e+02 2.600000000000e+06 0.000000000000e+00 -8.752000000000e-01 -8.752000000000e-01 0.000000000000e+00 0.000000000000e+00 0.000000000000e+00 -0.000000000000e+00 2.077426287480e-02 0.000000000000e+00 0.000000000000e+00 0.000000000000e+00 0.000000000000e+00 0.000000000000e+00 0.000000000000e+00 
9.950000000000e+00 1.966601294004e-02 2.872725985909e-01 3.699370831156e-03 7.315117324147e+04 7.287829138320e+04 1.016560147189e+05 6.412329684397e+03 6.696279796491e+02 2.600000000000e+06 0.000000000000e+00 -8.752000000000e-01 -8.752000000000e-01 0.000000000000e+00 0.000000000000e+00 0.000000000000e+00 -0.000000000000e+00 2.075618403340e-02 0.000000000000e+00 0.000000000000e+00 0.000000000000e+00 0.000000000000e+00 0.000000000000e+00 0.000000000000e+00 
9.955000000000e+00 1.964912491401e-02 2.857288929408e-01 3.648949875485e-03 7.276743355933e+04 7.248977126942e+04 1.016437028350e+05 6.413724326679e+03 6.699562033571e+02 2.600000000000e+06 0.000000000000e+00 -8.752000000000e-01 -8.752000000000e-01 0.000000000000e+00 0.000000000000e+00 0.000000000000e+00 -0.000000000000e+00 2.073835983108e-02 0.000000000000e+00 0.000000000000e+00 0.000000000000e+00 0.000000000000e+00 0.000000000000e+00 0.000000000000e+00 
9.960000000000e+00 1.963248294853e-02 2.842258635803e-01 3.597623092894e-03 7.238922125093e+04 7.210610436689e+04 1.016316553266e+05 6.415100137128e+03 6.702808304837e+02 2.600000000000e+06 0.000000000000e+00 -8.752000000000e-01 -8.752000000000e-01 0.000000000000e+00 0.000000000000e+00 0.000000000000e+00 -0.000000000000e+00 2.072079532942e-02 0.000000000000e+00 0.000000000000e+00 0.000000000000e+00 0.000000000000e+00 0.000000000000e+00 0.000000000000e+00 
9.965000000000e+00 1.961609085825e-02 2.827625240516e-01 3.545590024561e-03 7.201658236749e+04 7.172741226607e+04 1.016198706400e+05 6.416456741311e+03 6.706017301838e+02 2.600000000000e+06 0.000000000000e+00 -8.752000000000e-01 -8.752000000000e-01 0.000000000000e+00 0.000000000000e+00 0.000000000000e+00 -0.000000000000e+00 2.070349455451e-02 0.000000000000e+00 0.000000000000e+00 0.000000000000e+00 0.000000000000e+00 0.000000000000e+00 0.000000000000e+00 
9.970000000000e+00 1.959995148872e-02 2.813377628742e-01 3.493047543082e-03 7.164954069817e+04 7.135379447969e+04 1.016083465649e+05 6.417793844619e+03 6.709187907888e+02 2.600000000000e+06 0.000000000000e+00 -8.752000000000e-01 -8.752000000000e-01 0.000000000000e+00 0.000000000000e+00 0.000000000000e+00 -0.000000000000e+00 2.068646050966e-02 0.000000000000e+00 0.000000000000e+00 0.000000000000e+00 0.000000000000e+00 0.000000000000e+00 0.000000000000e+00 
9.975000000000e+00 1.958406672733e-02 2.799503455494e-01 3.440191022389e-03 7.128809738556e+04 7.098532844111e+04 1.015970802668e+05 6.419111231901e+03 6.712319199468e+02 2.600000000000e+06 0.000000000000e+00 -8.752000000000e-01 -8.752000000000e-01 0.000000000000e+00 0.000000000000e+00 0.000000000000e+00 -0.000000000000e+00 2.066969518687e-02 0.000000000000e+00 0.000000000000e+00 0.000000000000e+00 0.000000000000e+00 0.000000000000e+00 0.000000000000e+00 
9.980000000000e+00 1.956843751926e-02 2.785989284103e-01 3.387210141941e-03 7.093223269230e+04 7.062206963328e+04 1.015860683212e+05 6.420408766417e+03 6.715410446372e+02 2.600000000000e+06 0.000000000000e+00 -8.752000000000e-01 -8.752000000000e-01 0.000000000000e+00 0.000000000000e+00 0.000000000000e+00 -0.000000000000e+00 2.065319958371e-02 0.000000000000e+00 0.000000000000e+00 0.000000000000e+00 0.000000000000e+00 0.000000000000e+00 0.000000000000e+00 
9.985000000000e+00 1.955306389098e-02 2.772820676701e-01 3.334289610544e-03 7.058190611519e+04 7.026405190497e+04 1.015753067506e+05 6.421686388349e+03 6.718461110132e+02 2.600000000000e+06 0.000000000000e+00 -8.752000000000e-01 -8.752000000000e-01 0.000000000000e+00 0.000000000000e+00 0.000000000000e+00 -0.000000000000e+00 2.063697372812e-02 0.000000000000e+00 0.000000000000e+00 0.000000000000e+00 0.000000000000e+00 0.000000000000e+00 0.000000000000e+00 
9.990000000000e+00 1.953794495986e-02 2.759982265363e-01 3.281612249596e-03 7.023705528415e+04 6.991128747790e+04 1.015647910505e+05 6.422944114541e+03 6.721470844941e+02 2.600000000000e+06 0.000000000000e+00 -8.752000000000e-01 -8.752000000000e-01 0.000000000000e+00 0.000000000000e+00 0.000000000000e+00 -0.000000000000e+00 2.062101668852e-02 0.000000000000e+00 0.000000000000e+00 0.000000000000e+00 0.000000000000e+00 0.000000000000e+00 0.000000000000e+00 
9.995000000000e+00 1.952307898269e-02 2.747457757660e-01 3.229352000958e-03 6.989759961302e+04 6.956376787676e+04 1.015545162403e+05 6.424182034538e+03 6.724439490587e+02 2.600000000000e+06 0.000000000000e+00 -8.752000000000e-01 -8.752000000000e-01 0.000000000000e+00 0.000000000000e+00 0.000000000000e+00 -0.000000000000e+00 2.060532662508e-02 0.000000000000e+00 0.000000000000e+00 0.000000000000e+00 0.000000000000e+00 0.000000000000e+00 0.000000000000e+00 
1.000000000000e+01 1.950846328987e-02 2.735229935967e-01 3.177684831436e-03 6.956343444328e+04 6.922146219869e+04 1.015444768331e+05 6.425400316895e+03 6.727367087998e+02 2.600000000000e+06 0.000000000000e+00 -8.752000000000e-01 -8.752000000000e-01 0.000000000000e+00 0.000000000000e+00 0.000000000000e+00 -0.000000000000e+00 2.058990072021e-02 0.000000000000e+00 0.000000000000e+00 0.000000000000e+00 0.000000000000e+00 0.000000000000e+00 0.000000000000e+00 
