9.000000000000e+00 1.077337640478e-02 2.583632360705e-01 2.837116609288e-03 7.711787843652e+04 8.465154493335e+04 1.000000000000e+05 7.538369219181e+03 5.611039019085e+02 1.800000000000e+06 5.994363394294e+04 5.401857595077e+04 2.160743038022e+05 0.000000000000e+00 0.000000000000e+00 0.000000000000e+00 1.559103485473e-02 2.854159108754e-02 2.774385089628e-01 0.000000000000e+00 0.000000000000e+00 0.000000000000e+00 0.000000000000e+00 0.000000000000e+00 
9.005000000000e+00 1.075929449201e-02 2.572820408914e-01 2.805444397299e-03 7.675867088540e+04 8.422286505779e+04 1.000000000000e+05 7.540854165157e+03 5.616458766665e+02 1.800000000000e+06 5.965004771464e+04 5.401857595077e+04 2.160743038022e+05 0.000000000000e+00 0.000000000000e+00 0.000000000000e+00 1.551467456729e-02 2.850428794656e-02 2.760795173628e-01 0.000000000000e+00 0.000000000000e+00 0.000000000000e+00 0.000000000000e+00 0.000000000000e+00 
9.010000000000e+00 1.074537249427e-02 2.562180287921e-01 2.773211439221e-03 7.640490648305e+04 8.379768551205e+04 1.000000000000e+05 7.543314671307e+03 5.621826900884e+02 1.800000000000e+06 5.936097431718e+04 5.401857595077e+04 2.160743038022e+05 0.000000000000e+00 0.000000000000e+00 0.000000000000e+00 1.543948804423e-02 2.846740810315e-02 2.747414162560e-01 0.000000000000e+00 0.000000000000e+00 0.000000000000e+00 0.000000000000e+00 0.000000000000e+00 
9.015000000000e+00 1.073161286628e-02 2.551696879416e-01 2.740555683439e-03 7.605634175289e+04 8.337612278359e+04 1.000000000000e+05 7.545750209320e+03 5.627142163900e+02 1.800000000000e+06 5.907631992500e+04 5.401857595077e+04 2.160743038022e+05 0.000000000000e+00 0.000000000000e+00 0.000000000000e+00 1.536545088202e-02 2.843095818905e-02 2.734237723921e-01 0.000000000000e+00 0.000000000000e+00 0.000000000000e+00 0.000000000000e+00 0.000000000000e+00 
9.020000000000e+00 1.071801755312e-02 2.541359432614e-01 2.707551092932e-03 7.571288589943e+04 8.295827844360e+04 1.000000000000e+05 7.548160323561e+03 5.632403490280e+02 1.800000000000e+06 5.879597726327e+04 5.401857595077e+04 2.160743038022e+05 0.000000000000e+00 0.000000000000e+00 0.000000000000e+00 1.529253517900e-02 2.839494339778e-02 2.721260898796e-01 0.000000000000e+00 0.000000000000e+00 0.000000000000e+00 0.000000000000e+00 0.000000000000e+00 
9.025000000000e+00 1.070458794138e-02 2.531154373121e-01 2.674297469344e-03 7.537435984740e+04 8.254423736721e+04 1.000000000000e+05 7.550544663451e+03 5.637610027933e+02 1.800000000000e+06 5.851982715535e+04 5.401857595077e+04 2.160743038022e+05 0.000000000000e+00 0.000000000000e+00 0.000000000000e+00 1.522070993794e-02 2.835936739210e-02 2.708478179293e-01 0.000000000000e+00 0.000000000000e+00 0.000000000000e+00 0.000000000000e+00 0.000000000000e+00 
9.030000000000e+00 1.069132487687e-02 2.521067786328e-01 2.640914453441e-03 7.504051204520e+04 8.213406799464e+04 1.000000000000e+05 7.552902979651e+03 5.642761133302e+02 1.800000000000e+06 5.824773782566e+04 5.401857595077e+04 2.160743038022e+05 0.000000000000e+00 0.000000000000e+00 0.000000000000e+00 1.514994088469e-02 2.832423240562e-02 2.695883473349e-01 0.000000000000e+00 0.000000000000e+00 0.000000000000e+00 0.000000000000e+00 0.000000000000e+00 
9.035000000000e+00 1.067822869414e-02 2.511085873901e-01 2.607505388824e-03 7.471111595616e+04 8.172782297315e+04 1.000000000000e+05 7.555235110342e+03 5.647856361856e+02 1.800000000000e+06 5.797956636449e+04 5.401857595077e+04 2.160743038022e+05 0.000000000000e+00 0.000000000000e+00 0.000000000000e+00 1.508019084915e-02 2.828953924925e-02 2.683470173621e-01 0.000000000000e+00 0.000000000000e+00 0.000000000000e+00 0.000000000000e+00 0.000000000000e+00 
9.040000000000e+00 1.066529923576e-02 2.501195633952e-01 2.574169310039e-03 7.438593858620e+04 8.132553950528e+04 1.000000000000e+05 7.557540981551e+03 5.652895462378e+02 1.800000000000e+06 5.771516005944e+04 5.401857595077e+04 2.160743038022e+05 0.000000000000e+00 0.000000000000e+00 0.000000000000e+00 1.501142011159e-02 2.825528746480e-02 2.671231217734e-01 0.000000000000e+00 0.000000000000e+00 0.000000000000e+00 0.000000000000e+00 0.000000000000e+00 
9.045000000000e+00 1.065253583570e-02 2.491381323821e-01 2.541008532821e-03 7.406471938635e+04 8.092723858875e+04 1.000000000000e+05 7.559820612771e+03 5.657878385196e+02 1.800000000000e+06 5.745435525089e+04 5.401857595077e+04 2.160743038022e+05 0.000000000000e+00 0.000000000000e+00 0.000000000000e+00 1.494358610499e-02 2.822147526465e-02 2.659159039180e-01 0.000000000000e+00 0.000000000000e+00 0.000000000000e+00 0.000000000000e+00 0.000000000000e+00 
9.050000000000e+00 1.063994015833e-02 2.481922204756e-01 2.506402694651e-03 7.375193130046e+04 8.053301376352e+04 1.000000000000e+05 7.562073162239e+03 5.662804172700e+02 1.800000000000e+06 5.719708443107e+04 5.401857595077e+04 2.160743038022e+05 0.000000000000e+00 0.000000000000e+00 0.000000000000e+00 1.487667127092e-02 2.818810715689e-02 2.647250227573e-01 0.000000000000e+00 0.000000000000e+00 0.000000000000e+00 0.000000000000e+00 0.000000000000e+00 
9.055000000000e+00 1.062755566169e-02 2.476658402624e-01 2.455252370685e-03 7.348996294726e+04 8.014427267935e+04 1.000000000000e+05 7.564286781945e+03 5.667655480159e+02 1.800000000000e+06 5.694616276541e+04 5.401857595077e+04 2.160743038022e+05 0.000000000000e+00 0.000000000000e+00 0.000000000000e+00 1.481140781961e-02 2.815529900953e-02 2.635631172925e-01 0.000000000000e+00 0.000000000000e+00 0.000000000000e+00 0.000000000000e+00 0.000000000000e+00 
9.060000000000e+00 1.061555788959e-02 2.486127686139e-01 2.354078215532e-03 7.337567858719e+04 7.976660193917e+04 1.000000000000e+05 7.566421000939e+03 5.672362985825e+02 1.800000000000e+06 5.671701120557e+04 5.401857595077e+04 2.160743038022e+05 0.000000000000e+00 0.000000000000e+00 0.000000000000e+00 1.475180666230e-02 2.812351745824e-02 2.625005108096e-01 0.000000000000e+00 0.000000000000e+00 0.000000000000e+00 0.000000000000e+00 0.000000000000e+00 
9.065000000000e+00 1.060432045770e-02 2.524365530299e-01 2.161133398029e-03 7.353546868279e+04 7.941190812250e+04 1.000000000000e+05 7.568397250319e+03 5.676779041545e+02 1.800000000000e+06 5.654630748179e+04 5.401857595077e+04 2.160743038022e+05 0.000000000000e+00 0.000000000000e+00 0.000000000000e+00 1.470740749041e-02 2.809375417157e-02 2.617056332982e-01 0.000000000000e+00 0.000000000000e+00 0.000000000000e+00 0.000000000000e+00 0.000000000000e+00 
9.070000000000e+00 1.059438975070e-02 2.600520164375e-01 1.849362098185e-03 7.406192622938e+04 7.909768582470e+04 1.000000000000e+05 7.570109191702e+03 5.680687138383e+02 1.800000000000e+06 5.648964428623e+04 5.401857595077e+04 2.160743038022e+05 0.000000000000e+00 0.000000000000e+00 0.000000000000e+00 1.469266968092e-02 2.806745302810e-02 2.614350718440e-01 0.000000000000e+00 0.000000000000e+00 0.000000000000e+00 0.000000000000e+00 0.000000000000e+00 
9.075000000000e+00 1.058642231545e-02 2.718270593283e-01 1.398383092509e-03 7.503300189126e+04 7.884505811153e+04 1.000000000000e+05 7.571431931175e+03 5.683826392448e+02 1.800000000000e+06 5.660785113371e+04 5.401857595077e+04 2.160743038022e+05 0.000000000000e+00 0.000000000000e+00 0.000000000000e+00 1.472341468182e-02 2.804636033156e-02 2.619702859855e-01 0.000000000000e+00 0.000000000000e+00 0.000000000000e+00 0.000000000000e+00 0.000000000000e+00 
9.080000000000e+00 1.058113782202e-02 2.876381669269e-01 8.055251010625e-04 7.647969733475e+04 7.867724081283e+04 1.000000000000e+05 7.572233565864e+03 5.685910396961e+02 1.800000000000e+06 5.695912270255e+04 5.401857595077e+04 2.160743038022e+05 0.000000000000e+00 0.000000000000e+00 0.000000000000e+00 1.481477863347e-02 2.803237016140e-02 2.635810389059e-01 0.000000000000e+00 0.000000000000e+00 0.000000000000e+00 0.000000000000e+00 0.000000000000e+00 
9.085000000000e+00 1.057921508166e-02 3.068110236153e-01 8.315607478889e-05 7.838921091313e+04 7.861612986358e+04 1.000000000000e+05 7.572393668545e+03 5.686669021207e+02 1.800000000000e+06 5.758896474424e+04 5.401857595077e+04 2.160743038022e+05 0.000000000000e+00 0.000000000000e+00 0.000000000000e+00 1.497859735080e-02 2.802728093277e-02 2.664788989993e-01 0.000000000000e+00 0.000000000000e+00 0.000000000000e+00 0.000000000000e+00 0.000000000000e+00 
9.090000000000e+00 1.058118117435e-02 3.282831981953e-01 -7.404963116469e-04 8.069874516856e+04 7.867861837502e+04 1.000000000000e+05 7.571824037827e+03 5.685893294406e+02 1.800000000000e+06 5.852371776657e+04 5.401857595077e+04 2.160743038022e+05 0.000000000000e+00 0.000000000000e+00 0.000000000000e+00 1.522172186617e-02 2.803237309011e-02 2.707870208698e-01 0.000000000000e+00 0.000000000000e+00 0.000000000000e+00 0.000000000000e+00 0.000000000000e+00 
9.095000000000e+00 1.058751283878e-02 3.508796674144e-01 -1.644097141392e-03 8.336085514696e+04 7.887966363889e+04 1.000000000000e+05 7.570444881837e+03 5.683396515808e+02 1.800000000000e+06 5.976632135847e+04 5.401857595077e+04 2.160743038022e+05 0.000000000000e+00 0.000000000000e+00 0.000000000000e+00 1.554491675172e-02 2.804889975567e-02 2.765203549730e-01 0.000000000000e+00 0.000000000000e+00 0.000000000000e+00 0.000000000000e+00 0.000000000000e+00 
9.100000000000e+00 1.059849427349e-02 3.734676068198e-01 -2.590365194931e-03 8.627703972965e+04 7.922764715194e+04 1.000000000000e+05 7.568216781682e+03 5.679071225665e+02 1.800000000000e+06 6.129884724030e+04 5.401857595077e+04 2.160743038022e+05 0.000000000000e+00 0.000000000000e+00 0.000000000000e+00 1.594351895296e-02 2.807766877062e-02 2.835970242452e-01 0.000000000000e+00 0.000000000000e+00 0.000000000000e+00 0.000000000000e+00 0.000000000000e+00 
9.105000000000e+00 1.061424606727e-02 3.951263181695e-01 -3.548560258106e-03 8.936076956631e+04 7.972524391041e+04 1.000000000000e+05 7.565129702013e+03 5.672878158731e+02 1.800000000000e+06 6.308670355639e+04 5.401857595077e+04 2.160743038022e+05 0.000000000000e+00 0.000000000000e+00 0.000000000000e+00 1.640853130382e-02 2.811899635322e-02 2.918577410779e-01 0.000000000000e+00 0.000000000000e+00 0.000000000000e+00 0.000000000000e+00 0.000000000000e+00 
9.110000000000e+00 1.063474701241e-02 4.151975336590e-01 -4.491442865921e-03 9.253065896452e+04 8.037014054081e+04 1.000000000000e+05 7.561199711843e+03 5.664837473867e+02 1.800000000000e+06 6.508449498101e+04 5.401857595077e+04 2.160743038022e+05 0.000000000000e+00 0.000000000000e+00 0.000000000000e+00 1.692814671058e-02 2.817282985716e-02 3.010928750674e-01 0.000000000000e+00 0.000000000000e+00 0.000000000000e+00 0.000000000000e+00 0.000000000000e+00 
9.115000000000e+00 1.065985326519e-02 4.332442982944e-01 -5.397224083861e-03 9.571704797265e+04 8.115573404968e+04 1.000000000000e+05 7.556464716721e+03 5.655020568824e+02 1.800000000000e+06 6.724120441487e+04 5.401857595077e+04 2.160743038022e+05 0.000000000000e+00 0.000000000000e+00 0.000000000000e+00 1.748909588471e-02 2.823879286988e-02 3.110665117979e-01 0.000000000000e+00 0.000000000000e+00 0.000000000000e+00 0.000000000000e+00 0.000000000000e+00 
9.120000000000e+00 1.068932168316e-02 4.490324367309e-01 -6.247069722983e-03 9.885649604211e+04 8.207200843168e+04 1.000000000000e+05 7.550980470781e+03 5.643539924130e+02 1.800000000000e+06 6.950460542269e+04 5.401857595077e+04 2.160743038022e+05 0.000000000000e+00 0.000000000000e+00 0.000000000000e+00 1.807779499556e-02 2.831625201107e-02 3.215369093055e-01 0.000000000000e+00 0.000000000000e+00 0.000000000000e+00 0.000000000000e+00 0.000000000000e+00 
9.125000000000e+00 1.072283328493e-02 4.624895188417e-01 -7.027668659184e-03 1.018997742036e+05 8.310643720316e+04 1.000000000000e+05 7.544815211813e+03 5.630538737088e+02 1.800000000000e+06 7.182457185109e+04 5.401857595077e+04 2.160743038022e+05 0.000000000000e+00 0.000000000000e+00 0.000000000000e+00 1.868120648512e-02 2.840437201767e-02 3.322718850336e-01 0.000000000000e+00 0.000000000000e+00 0.000000000000e+00 0.000000000000e+00 0.000000000000e+00 
9.130000000000e+00 1.076001147544e-02 4.736719877868e-01 -7.729407203350e-03 1.048076096716e+05 8.424472494801e+04 1.000000000000e+05 7.538046373299e+03 5.616182575249e+02 1.800000000000e+06 7.415546218147e+04 5.401857595077e+04 2.160743038022e+05 0.000000000000e+00 0.000000000000e+00 0.000000000000e+00 1.928745922612e-02 2.850217049721e-02 3.430598979714e-01 0.000000000000e+00 0.000000000000e+00 0.000000000000e+00 0.000000000000e+00 0.000000000000e+00 
9.135000000000e+00 1.080044476962e-02 4.827083503068e-01 -8.347177921516e-03 1.075534552359e+05 8.547167084235e+04 1.000000000000e+05 7.530755876780e+03 5.600649396537e+02 1.800000000000e+06 7.645748848931e+04 5.401857595077e+04 2.160743038022e+05 0.000000000000e+00 0.000000000000e+00 0.000000000000e+00 1.988620458140e-02 2.860856921822e-02 3.537164506305e-01 0.000000000000e+00 0.000000000000e+00 0.000000000000e+00 0.000000000000e+00 0.000000000000e+00 
9.140000000000e+00 1.084370110023e-02 4.897724760796e-01 -8.877554237750e-03 1.101162108813e+05 8.677174281955e+04 1.000000000000e+05 7.523027936922e+03 5.584123037056e+02 1.800000000000e+06 7.869719248993e+04 5.401857595077e+04 2.160743038022e+05 0.000000000000e+00 0.000000000000e+00 0.000000000000e+00 2.046874022099e-02 2.872243532117e-02 3.640863249539e-01 0.000000000000e+00 0.000000000000e+00 0.000000000000e+00 0.000000000000e+00 0.000000000000e+00 
9.145000000000e+00 1.088933865533e-02 4.950652779569e-01 -9.320338519277e-03 1.124844157758e+05 8.812951386463e+04 1.000000000000e+05 7.514946458644e+03 5.566788256922e+02 1.800000000000e+06 8.084747725775e+04 5.401857595077e+04 2.160743038022e+05 0.000000000000e+00 0.000000000000e+00 0.000000000000e+00 2.102801837210e-02 2.884261391601e-02 3.740437518331e-01 0.000000000000e+00 0.000000000000e+00 0.000000000000e+00 0.000000000000e+00 0.000000000000e+00 
9.150000000000e+00 1.093692439032e-02 4.988073200743e-01 -9.677185432121e-03 1.146528080504e+05 8.953028788920e+04 1.000000000000e+05 7.506591948976e+03 5.548823142953e+02 1.800000000000e+06 8.288745617933e+04 5.401857595077e+04 2.160743038022e+05 0.000000000000e+00 0.000000000000e+00 0.000000000000e+00 2.155860653263e-02 2.896796430763e-02 3.834917157746e-01 0.000000000000e+00 0.000000000000e+00 0.000000000000e+00 0.000000000000e+00 0.000000000000e+00 
9.155000000000e+00 1.098603894605e-02 5.012221803583e-01 -9.951445546469e-03 1.166217427581e+05 9.096027904937e+04 1.000000000000e+05 7.498040612557e+03 5.530396974778e+02 1.800000000000e+06 8.480208226652e+04 5.401857595077e+04 2.160743038022e+05 0.000000000000e+00 0.000000000000e+00 0.000000000000e+00 2.205659105735e-02 2.909738042315e-02 3.923602551025e-01 0.000000000000e+00 0.000000000000e+00 0.000000000000e+00 0.000000000000e+00 0.000000000000e+00 
9.160000000000e+00 1.103628423945e-02 5.025295643600e-01 -1.014776256851e-02 1.183960418245e+05 9.240684031098e+04 1.000000000000e+05 7.489363127274e+03 5.511667292769e+02 1.800000000000e+06 8.658159829367e+04 5.401857595077e+04 2.160743038022e+05 0.000000000000e+00 0.000000000000e+00 0.000000000000e+00 2.251943414141e-02 2.922981236310e-02 4.006039253064e-01 0.000000000000e+00 0.000000000000e+00 0.000000000000e+00 0.000000000000e+00 0.000000000000e+00 
9.165000000000e+00 1.108728834570e-02 5.029319612679e-01 -1.027162611968e-02 1.199836960568e+05 9.385858504427e+04 1.000000000000e+05 7.480623976958e+03 5.492778186779e+02 1.800000000000e+06 8.822085523245e+04 5.401857595077e+04 2.160743038022e+05 0.000000000000e+00 0.000000000000e+00 0.000000000000e+00 2.294579654868e-02 2.936427598764e-02 4.081986511225e-01 0.000000000000e+00 0.000000000000e+00 0.000000000000e+00 0.000000000000e+00 0.000000000000e+00 
9.170000000000e+00 1.113870665215e-02 5.026124393738e-01 -1.032857460323e-02 1.213936471418e+05 9.530538222193e+04 1.000000000000e+05 7.471881561285e+03 5.473860115799e+02 1.800000000000e+06 8.971858669665e+04 5.401857595077e+04 2.160743038022e+05 0.000000000000e+00 0.000000000000e+00 0.000000000000e+00 2.333534889853e-02 2.949986029264e-02 4.151383690861e-01 0.000000000000e+00 0.000000000000e+00 0.000000000000e+00 0.000000000000e+00 0.000000000000e+00 
9.175000000000e+00 1.119022441827e-02 5.017365332403e-01 -1.032496960146e-02 1.226376501174e+05 9.673837898001e+04 1.000000000000e+05 7.463187715161e+03 5.455029303186e+02 1.800000000000e+06 9.107667746087e+04 5.401857595077e+04 2.160743038022e+05 0.000000000000e+00 0.000000000000e+00 0.000000000000e+00 2.368858141128e-02 2.963573627056e-02 4.214316375496e-01 0.000000000000e+00 0.000000000000e+00 0.000000000000e+00 0.000000000000e+00 0.000000000000e+00 
9.180000000000e+00 1.124155928214e-02 5.004469023743e-01 -1.026743183523e-02 1.237287390388e+05 9.815001062597e+04 1.000000000000e+05 7.454587599672e+03 5.436387237859e+02 1.800000000000e+06 9.229952281074e+04 5.401857595077e+04 2.160743038022e+05 0.000000000000e+00 0.000000000000e+00 0.000000000000e+00 2.400663727840e-02 2.977115988163e-02 4.270986712321e-01 0.000000000000e+00 0.000000000000e+00 0.000000000000e+00 0.000000000000e+00 0.000000000000e+00 
9.185000000000e+00 1.129246131271e-02 4.988636514006e-01 -1.016226574111e-02 1.246796858157e+05 9.953393628132e+04 1.000000000000e+05 7.446120024481e+03 5.418021123346e+02 1.800000000000e+06 9.339342956517e+04 5.401857595077e+04 2.160743038022e+05 0.000000000000e+00 0.000000000000e+00 0.000000000000e+00 2.429115687146e-02 2.990547248342e-02 4.321685664319e-01 0.000000000000e+00 0.000000000000e+00 0.000000000000e+00 0.000000000000e+00 0.000000000000e+00 
9.190000000000e+00 1.134270963146e-02 4.970616404966e-01 -1.001486872436e-02 1.255014209661e+05 1.008848818723e+05 1.000000000000e+05 7.437818341012e+03 5.400005565799e+02 1.800000000000e+06 9.436582076944e+04 5.401857595077e+04 2.160743038022e+05 0.000000000000e+00 0.000000000000e+00 0.000000000000e+00 2.454407088686e-02 3.003809080837e-02 4.366756392849e-01 0.000000000000e+00 0.000000000000e+00 0.000000000000e+00 0.000000000000e+00 0.000000000000e+00 
9.195000000000e+00 1.139210769065e-02 4.950794048363e-01 -9.829768216844e-03 1.262030344270e+05 1.021984545274e+05 1.000000000000e+05 7.429711383731e+03 5.382404692707e+02 1.800000000000e+06 9.522438793133e+04 5.401857595077e+04 2.160743038022e+05 0.000000000000e+00 0.000000000000e+00 0.000000000000e+00 2.476737984672e-02 3.016849551918e-02 4.406554893198e-01 0.000000000000e+00 0.000000000000e+00 0.000000000000e+00 0.000000000000e+00 0.000000000000e+00 
9.200000000000e+00 1.144047914555e-02 4.929292804363e-01 -9.610823039895e-03 1.267921997489e+05 1.034709824695e+05 1.000000000000e+05 7.421824247166e+03 5.365273991826e+02 1.800000000000e+06 9.597650927078e+04 5.401857595077e+04 2.160743038022e+05 0.000000000000e+00 0.000000000000e+00 0.000000000000e+00 2.496300278859e-02 3.029622061997e-02 4.441422933516e-01 0.000000000000e+00 0.000000000000e+00 0.000000000000e+00 0.000000000000e+00 0.000000000000e+00 
9.205000000000e+00 1.148766591510e-02 4.906176444740e-01 -9.361513467182e-03 1.272758535787e+05 1.046994205717e+05 1.000000000000e+05 7.414178661512e+03 5.348661318256e+02 1.800000000000e+06 9.662898665033e+04 5.401857595077e+04 2.160743038022e+05 0.000000000000e+00 0.000000000000e+00 0.000000000000e+00 2.513270884239e-02 3.042084690299e-02 4.471675641854e-01 0.000000000000e+00 0.000000000000e+00 0.000000000000e+00 0.000000000000e+00 0.000000000000e+00 
9.210000000000e+00 1.153352704765e-02 4.881573401757e-01 -9.085328394458e-03 1.276611064695e+05 1.058812819084e+05 1.000000000000e+05 7.406793202446e+03 5.332607583693e+02 1.800000000000e+06 9.718814513272e+04 5.401857595077e+04 2.160743038022e+05 0.000000000000e+00 0.000000000000e+00 0.000000000000e+00 2.527814312481e-02 3.054199631982e-02 4.497605967678e-01 0.000000000000e+00 0.000000000000e+00 0.000000000000e+00 0.000000000000e+00 0.000000000000e+00 
9.215000000000e+00 1.157793819179e-02 4.855584473659e-01 -8.785633332875e-03 1.279549027926e+05 1.070145888248e+05 1.000000000000e+05 7.399683515297e+03 5.317147207417e+02 1.800000000000e+06 9.765989420636e+04 5.401857595077e+04 2.160743038022e+05 0.000000000000e+00 0.000000000000e+00 0.000000000000e+00 2.540084266379e-02 3.065933483519e-02 4.519487636947e-01 0.000000000000e+00 0.000000000000e+00 0.000000000000e+00 0.000000000000e+00 0.000000000000e+00 
9.220000000000e+00 1.162079039817e-02 4.828353120083e-01 -8.465199495012e-03 1.281628791819e+05 1.080978105093e+05 1.000000000000e+05 7.392862714961e+03 5.302308775833e+02 1.800000000000e+06 9.804980531080e+04 5.401857595077e+04 2.160743038022e+05 0.000000000000e+00 0.000000000000e+00 0.000000000000e+00 2.550225656248e-02 3.077257341561e-02 4.537578678854e-01 0.000000000000e+00 0.000000000000e+00 0.000000000000e+00 0.000000000000e+00 0.000000000000e+00 
9.225000000000e+00 1.166198861156e-02 4.799983553581e-01 -8.126754045134e-03 1.282906639391e+05 1.091297971450e+05 1.000000000000e+05 7.386341585061e+03 5.288115778010e+02 1.800000000000e+06 9.836312558376e+04 5.401857595077e+04 2.160743038022e+05 0.000000000000e+00 0.000000000000e+00 0.000000000000e+00 2.558374957475e-02 3.088146070240e-02 4.552122128288e-01 0.000000000000e+00 0.000000000000e+00 0.000000000000e+00 0.000000000000e+00 0.000000000000e+00 
9.230000000000e+00 1.170144673759e-02 4.770257648295e-01 -7.771476634545e-03 1.283402422092e+05 1.101096338903e+05 1.000000000000e+05 7.380129783340e+03 5.274588479925e+02 1.800000000000e+06 9.860458132386e+04 5.401857595077e+04 2.160743038022e+05 0.000000000000e+00 0.000000000000e+00 0.000000000000e+00 2.564655098688e-02 3.098576764017e-02 4.563337220577e-01 0.000000000000e+00 0.000000000000e+00 0.000000000000e+00 0.000000000000e+00 0.000000000000e+00 
9.235000000000e+00 1.173908550218e-02 4.739096255826e-01 -7.401829468770e-03 1.283166072055e+05 1.110365716628e+05 1.000000000000e+05 7.374235581136e+03 5.261744785241e+02 1.800000000000e+06 9.877795272632e+04 5.401857595077e+04 2.160743038022e+05 0.000000000000e+00 0.000000000000e+00 0.000000000000e+00 2.569164400845e-02 3.108528058524e-02 4.571399221533e-01 0.000000000000e+00 0.000000000000e+00 0.000000000000e+00 0.000000000000e+00 0.000000000000e+00 
9.240000000000e+00 1.177483941707e-02 4.706685930753e-01 -7.019541036331e-03 1.282231589881e+05 1.119101835310e+05 1.000000000000e+05 7.368665270788e+03 5.249597979419e+02 1.800000000000e+06 9.888697085707e+04 5.401857595077e+04 2.160743038022e+05 0.000000000000e+00 0.000000000000e+00 0.000000000000e+00 2.571999907077e-02 3.117982614969e-02 4.576480824320e-01 0.000000000000e+00 0.000000000000e+00 0.000000000000e+00 0.000000000000e+00 0.000000000000e+00 
9.245000000000e+00 1.180864755900e-02 4.672678818755e-01 -6.625490280939e-03 1.280612738777e+05 1.127301237991e+05 1.000000000000e+05 7.363424698839e+03 5.238159987880e+02 1.800000000000e+06 9.893475164482e+04 5.401857595077e+04 2.160743038022e+05 0.000000000000e+00 0.000000000000e+00 0.000000000000e+00 2.573242661108e-02 3.126924511039e-02 4.578726800499e-01 0.000000000000e+00 0.000000000000e+00 0.000000000000e+00 0.000000000000e+00 0.000000000000e+00 
9.250000000000e+00 1.184046993784e-02 4.637929583886e-01 -6.224322698817e-03 1.278413506555e+05 1.134965127124e+05 1.000000000000e+05 7.358515680647e+03 5.227435938597e+02 1.800000000000e+06 9.892452288899e+04 5.401857595077e+04 2.160743038022e+05 0.000000000000e+00 0.000000000000e+00 0.000000000000e+00 2.572976616362e-02 3.135343980123e-02 4.578285821775e-01 0.000000000000e+00 0.000000000000e+00 0.000000000000e+00 0.000000000000e+00 0.000000000000e+00 
9.255000000000e+00 1.187027866380e-02 4.603017969626e-01 -5.819104242862e-03 1.275701754681e+05 1.142097059503e+05 1.000000000000e+05 7.353938664403e+03 5.217427282667e+02 1.800000000000e+06 9.886054956659e+04 5.401857595077e+04 2.160743038022e+05 0.000000000000e+00 0.000000000000e+00 0.000000000000e+00 2.571312702726e-02 3.143233274425e-02 4.575354867104e-01 0.000000000000e+00 0.000000000000e+00 0.000000000000e+00 0.000000000000e+00 0.000000000000e+00 
9.260000000000e+00 1.189806319514e-02 4.568543855276e-01 -5.413537070357e-03 1.272561975544e+05 1.148704089564e+05 1.000000000000e+05 7.349691443087e+03 5.208130125499e+02 1.800000000000e+06 9.874773376504e+04 5.401857595077e+04 2.160743038022e+05 0.000000000000e+00 0.000000000000e+00 0.000000000000e+00 2.568378421004e-02 3.150589234723e-02 4.570160452995e-01 0.000000000000e+00 0.000000000000e+00 0.000000000000e+00 0.000000000000e+00 0.000000000000e+00 
9.265000000000e+00 1.192383031537e-02 4.534865183480e-01 -5.010392593116e-03 1.269059493090e+05 1.154796648654e+05 1.000000000000e+05 7.345769549000e+03 5.199535330194e+02 1.800000000000e+06 9.859138729185e+04 5.401857595077e+04 2.160743038022e+05 0.000000000000e+00 0.000000000000e+00 0.000000000000e+00 2.564311928614e-02 3.157413702531e-02 4.562948330183e-01 0.000000000000e+00 0.000000000000e+00 0.000000000000e+00 0.000000000000e+00 0.000000000000e+00 
9.270000000000e+00 1.194760222658e-02 4.502400602913e-01 -4.613106388043e-03 1.265276852188e+05 1.160388009680e+05 1.000000000000e+05 7.342166219845e+03 5.191629225175e+02 1.800000000000e+06 9.839693414183e+04 5.401857595077e+04 2.160743038022e+05 0.000000000000e+00 0.000000000000e+00 0.000000000000e+00 2.559254300906e-02 3.163712490317e-02 4.553969388929e-01 0.000000000000e+00 0.000000000000e+00 0.000000000000e+00 0.000000000000e+00 0.000000000000e+00 
9.275000000000e+00 1.196942150662e-02 4.471860379266e-01 -4.225995636454e-03 1.261319825696e+05 1.165495392790e+05 1.000000000000e+05 7.338871602548e+03 5.184392007938e+02 1.800000000000e+06 9.817031054083e+04 5.401857595077e+04 2.160743038022e+05 0.000000000000e+00 0.000000000000e+00 0.000000000000e+00 2.553359936100e-02 3.169496844310e-02 4.543497933670e-01 0.000000000000e+00 0.000000000000e+00 0.000000000000e+00 0.000000000000e+00 0.000000000000e+00 
9.280000000000e+00 1.198935072198e-02 4.443899288579e-01 -3.852863099024e-03 1.257285735413e+05 1.170139820091e+05 1.000000000000e+05 7.335873143861e+03 5.177797921144e+02 1.800000000000e+06 9.791814767265e+04 5.401857595077e+04 2.160743038022e+05 0.000000000000e+00 0.000000000000e+00 0.000000000000e+00 2.546801307922e-02 3.174783263690e-02 4.531840527243e-01 0.000000000000e+00 0.000000000000e+00 0.000000000000e+00 0.000000000000e+00 0.000000000000e+00 
9.285000000000e+00 1.200747062800e-02 4.419018373584e-01 -3.497240378430e-03 1.253268953978e+05 1.174345671494e+05 1.000000000000e+05 7.333155821528e+03 5.171815871832e+02 1.800000000000e+06 9.764749347192e+04 5.401857595077e+04 2.160743038022e+05 0.000000000000e+00 0.000000000000e+00 0.000000000000e+00 2.539761729572e-02 3.179592949497e-02 4.519323204750e-01 0.000000000000e+00 0.000000000000e+00 0.000000000000e+00 0.000000000000e+00 0.000000000000e+00 
9.290000000000e+00 1.202387712425e-02 4.397518818605e-01 -3.161905951677e-03 1.249349677037e+05 1.178139984767e+05 1.000000000000e+05 7.330702718285e+03 5.166410434889e+02 1.800000000000e+06 9.736545463431e+04 5.401857595077e+04 2.160743038022e+05 0.000000000000e+00 0.000000000000e+00 0.000000000000e+00 2.532426042597e-02 3.183951020789e-02 4.506274939622e-01 0.000000000000e+00 0.000000000000e+00 0.000000000000e+00 0.000000000000e+00 0.000000000000e+00 
9.295000000000e+00 1.203867670977e-02 4.379521442102e-01 -2.848806932258e-03 1.245591517781e+05 1.181551440901e+05 1.000000000000e+05 7.328495726293e+03 5.161543324727e+02 1.800000000000e+06 9.707882622081e+04 5.401857595077e+04 2.160743038022e+05 0.000000000000e+00 0.000000000000e+00 0.000000000000e+00 2.524970983083e-02 3.187885735855e-02 4.493010488084e-01 0.000000000000e+00 0.000000000000e+00 0.000000000000e+00 0.000000000000e+00 0.000000000000e+00 
9.300000000000e+00 1.205198480110e-02 4.364913306279e-01 -2.559417951542e-03 1.242049489116e+05 1.184610035008e+05 1.000000000000e+05 7.326515706554e+03 5.157173904565e+02 1.800000000000e+06 9.679379360103e+04 5.401857595077e+04 2.160743038022e+05 0.000000000000e+00 0.000000000000e+00 0.000000000000e+00 2.517557429354e-02 3.191427561192e-02 4.479816528220e-01 0.000000000000e+00 0.000000000000e+00 0.000000000000e+00 0.000000000000e+00 0.000000000000e+00 
9.305000000000e+00 1.206392045829e-02 4.353489344018e-01 -2.294241018139e-03 1.238757792010e+05 1.187345934221e+05 1.000000000000e+05 7.324743386415e+03 5.153260864608e+02 1.800000000000e+06 9.651573378937e+04 5.401857595077e+04 2.160743038022e+05 0.000000000000e+00 0.000000000000e+00 0.000000000000e+00 2.510325234824e-02 3.194608291314e-02 4.466942425825e-01 0.000000000000e+00 0.000000000000e+00 0.000000000000e+00 0.000000000000e+00 0.000000000000e+00 
9.310000000000e+00 1.207460474404e-02 4.344906071628e-01 -2.053309516127e-03 1.235740925072e+05 1.189789181989e+05 1.000000000000e+05 7.323159473428e+03 5.149762697792e+02 1.800000000000e+06 9.624903518633e+04 5.401857595077e+04 2.160743038022e+05 0.000000000000e+00 0.000000000000e+00 0.000000000000e+00 2.503388539561e-02 3.197459675658e-02 4.454591887737e-01 0.000000000000e+00 0.000000000000e+00 0.000000000000e+00 0.000000000000e+00 0.000000000000e+00 
9.315000000000e+00 1.208415737975e-02 4.338793073420e-01 -1.835953300830e-03 1.233007753759e+05 1.191969013005e+05 1.000000000000e+05 7.321745193783e+03 5.146638732666e+02 1.800000000000e+06 9.599705397375e+04 5.401857595077e+04 2.160743038022e+05 0.000000000000e+00 0.000000000000e+00 0.000000000000e+00 2.496834636153e-02 3.200012786910e-02 4.442920816487e-01 0.000000000000e+00 0.000000000000e+00 0.000000000000e+00 0.000000000000e+00 0.000000000000e+00 
9.320000000000e+00 1.209269312858e-02 4.334751557556e-01 -1.641028765384e-03 1.230555902750e+05 1.193913107091e+05 1.000000000000e+05 7.320482769624e+03 5.143850254177e+02 1.800000000000e+06 9.576217202220e+04 5.401857595077e+04 2.160743038022e+05 0.000000000000e+00 0.000000000000e+00 0.000000000000e+00 2.490725475843e-02 3.202297508549e-02 4.432039997631e-01 0.000000000000e+00 0.000000000000e+00 0.000000000000e+00 0.000000000000e+00 0.000000000000e+00 
9.325000000000e+00 1.210031975705e-02 4.332364589280e-01 -1.467025032725e-03 1.228373673713e+05 1.195647200246e+05 1.000000000000e+05 7.319355683326e+03 5.141361110389e+02 1.800000000000e+06 9.554584295604e+04 5.401857595077e+04 2.160743038022e+05 0.000000000000e+00 0.000000000000e+00 0.000000000000e+00 2.485098866662e-02 3.204341986400e-02 4.422017224420e-01 0.000000000000e+00 0.000000000000e+00 0.000000000000e+00 0.000000000000e+00 0.000000000000e+00 
9.330000000000e+00 1.210713704692e-02 4.331259584088e-01 -1.312308023701e-03 1.226445242457e+05 1.197194927176e+05 1.000000000000e+05 7.318348753494e+03 5.139137981988e+02 1.800000000000e+06 9.534869897038e+04 5.401857595077e+04 2.160743038022e+05 0.000000000000e+00 0.000000000000e+00 0.000000000000e+00 2.479971251685e-02 3.206172325158e-02 4.412882180100e-01 0.000000000000e+00 0.000000000000e+00 0.000000000000e+00 0.000000000000e+00 0.000000000000e+00 
9.335000000000e+00 1.211323586002e-02 4.331085495334e-01 -1.175079158493e-03 1.224749480454e+05 1.198577666868e+05 1.000000000000e+05 7.317448268611e+03 5.137150641529e+02 1.800000000000e+06 9.517069433188e+04 5.401857595077e+04 2.160743038022e+05 0.000000000000e+00 0.000000000000e+00 0.000000000000e+00 2.475341441411e-02 3.207812290241e-02 4.404633111607e-01 0.000000000000e+00 0.000000000000e+00 0.000000000000e+00 0.000000000000e+00 0.000000000000e+00 
9.340000000000e+00 1.211869779420e-02 4.331520706864e-01 -1.053422137694e-03 1.223260875597e+05 1.199814513782e+05 1.000000000000e+05 7.316642013755e+03 5.135372026604e+02 1.800000000000e+06 9.501121790190e+04 5.401857595077e+04 2.160743038022e+05 0.000000000000e+00 0.000000000000e+00 0.000000000000e+00 2.471193540433e-02 3.209283304075e-02 4.397242035234e-01 0.000000000000e+00 0.000000000000e+00 0.000000000000e+00 0.000000000000e+00 0.000000000000e+00 
9.345000000000e+00 1.212359466984e-02 4.332261745203e-01 -9.453841552788e-04 1.221951180345e+05 1.200922202565e+05 1.000000000000e+05 7.315919318225e+03 5.133778374573e+02 1.800000000000e+06 9.486917391405e+04 5.401857595077e+04 2.160743038022e+05 0.000000000000e+00 0.000000000000e+00 0.000000000000e+00 2.467499048425e-02 3.210604269648e-02 4.390658492674e-01 0.000000000000e+00 0.000000000000e+00 0.000000000000e+00 0.000000000000e+00 0.000000000000e+00 
9.350000000000e+00 1.212798885572e-02 4.333013081816e-01 -8.491597836917e-04 1.220793528927e+05 1.201915215640e+05 1.000000000000e+05 7.315270954953e+03 5.132349089625e+02 1.800000000000e+06 9.474305976867e+04 5.401857595077e+04 2.160743038022e+05 0.000000000000e+00 0.000000000000e+00 0.000000000000e+00 2.464218883532e-02 3.211792139541e-02 4.384813168690e-01 0.000000000000e+00 0.000000000000e+00 0.000000000000e+00 0.000000000000e+00 0.000000000000e+00 
9.355000000000e+00 1.213193329706e-02 4.333549659985e-01 -7.623197121898e-04 1.219745258237e+05 1.202805816859e+05 1.000000000000e+05 7.314689296743e+03 5.131066711968e+02 1.800000000000e+06 9.463104784172e+04 5.401857595077e+04 2.160743038022e+05 0.000000000000e+00 0.000000000000e+00 0.000000000000e+00 2.461305510180e-02 3.212863284768e-02 4.379621609756e-01 0.000000000000e+00 0.000000000000e+00 0.000000000000e+00 0.000000000000e+00 0.000000000000e+00 
9.360000000000e+00 1.213546826932e-02 4.333675151186e-01 -6.833406233038e-04 1.218781161147e+05 1.203603341570e+05 1.000000000000e+05 7.314168468124e+03 5.129917954894e+02 1.800000000000e+06 9.453114699259e+04 5.401857595077e+04 2.160743038022e+05 0.000000000000e+00 0.000000000000e+00 0.000000000000e+00 2.458707139814e-02 3.213828749063e-02 4.374991755616e-01 0.000000000000e+00 0.000000000000e+00 0.000000000000e+00 0.000000000000e+00 0.000000000000e+00 
9.365000000000e+00 1.213862716161e-02 4.333219908933e-01 -6.106062334273e-04 1.217872527698e+05 1.204315520389e+05 1.000000000000e+05 7.313703678076e+03 5.128891810254e+02 1.800000000000e+06 9.444122589164e+04 5.401857595077e+04 2.160743038022e+05 0.000000000000e+00 0.000000000000e+00 0.000000000000e+00 2.456368337631e-02 3.214697200034e-02 4.370825023747e-01 0.000000000000e+00 0.000000000000e+00 0.000000000000e+00 0.000000000000e+00 0.000000000000e+00 
9.370000000000e+00 1.214143626587e-02 4.332042330824e-01 -5.425708079489e-04 1.216990711687e+05 1.204948443858e+05 1.000000000000e+05 7.313291212491e+03 5.127979607241e+02 1.800000000000e+06 9.435908837735e+04 5.401857595077e+04 2.160743038022e+05 0.000000000000e+00 0.000000000000e+00 0.000000000000e+00 2.454231982586e-02 3.215475337901e-02 4.367019797420e-01 0.000000000000e+00 0.000000000000e+00 0.000000000000e+00 0.000000000000e+00 0.000000000000e+00 
9.375000000000e+00 1.214391421971e-02 4.330005931412e-01 -4.776767936276e-04 1.216105158242e+05 1.205506446960e+05 1.000000000000e+05 7.312928533855e+03 5.127175185311e+02 1.800000000000e+06 9.428251878692e+04 5.401857595077e+04 2.160743038022e+05 0.000000000000e+00 0.000000000000e+00 0.000000000000e+00 2.452240446413e-02 3.216167915847e-02 4.363473550293e-01 0.000000000000e+00 0.000000000000e+00 0.000000000000e+00 0.000000000000e+00 0.000000000000e+00 
9.380000000000e+00 1.214607169536e-02 4.326890932281e-01 -4.143380705372e-04 1.215182947137e+05 1.205992047285e+05 1.000000000000e+05 7.312614329682e+03 5.126474988627e+02 1.800000000000e+06 9.420920049692e+04 5.401857595077e+04 2.160743038022e+05 0.000000000000e+00 0.000000000000e+00 0.000000000000e+00 2.450333474914e-02 3.216777566726e-02 4.360079168605e-01 0.000000000000e+00 0.000000000000e+00 0.000000000000e+00 0.000000000000e+00 0.000000000000e+00 
9.385000000000e+00 1.214791132872e-02 4.322424040280e-01 -3.504991417198e-04 1.214178986025e+05 1.206405935439e+05 1.000000000000e+05 7.312348617755e+03 5.125878083995e+02 1.800000000000e+06 9.413659521330e+04 5.401857595077e+04 2.160743038022e+05 0.000000000000e+00 0.000000000000e+00 0.000000000000e+00 2.448445048348e-02 3.217304704354e-02 4.356719328552e-01 0.000000000000e+00 0.000000000000e+00 0.000000000000e+00 0.000000000000e+00 0.000000000000e+00 
9.390000000000e+00 1.214942466777e-02 4.316271559089e-01 -2.839134270492e-04 1.213041490252e+05 1.206746293355e+05 1.000000000000e+05 7.312133147671e+03 5.125387147130e+02 1.800000000000e+06 9.406188788797e+04 5.401857595077e+04 2.160743038022e+05 0.000000000000e+00 0.000000000000e+00 0.000000000000e+00 2.446501948746e-02 3.217747050196e-02 4.353263941958e-01 0.000000000000e+00 0.000000000000e+00 0.000000000000e+00 0.000000000000e+00 0.000000000000e+00 
9.395000000000e+00 1.215058887597e-02 4.307902597855e-01 -2.114773082534e-04 1.211696457577e+05 1.207008056692e+05 1.000000000000e+05 7.311972046492e+03 5.125009529055e+02 1.800000000000e+06 9.398178365650e+04 5.401857595077e+04 2.160743038022e+05 0.000000000000e+00 0.000000000000e+00 0.000000000000e+00 2.444418478354e-02 3.218098906678e-02 4.349560900939e-01 0.000000000000e+00 0.000000000000e+00 0.000000000000e+00 0.000000000000e+00 0.000000000000e+00 
9.400000000000e+00 1.215136252091e-02 4.296302834603e-01 -1.295885015772e-04 1.210054641096e+05 1.207181969656e+05 1.000000000000e+05 7.311872380106e+03 5.124758620704e+02 1.800000000000e+06 9.389196715161e+04 5.401857595077e+04 2.160743038022e+05 0.000000000000e+00 0.000000000000e+00 0.000000000000e+00 2.442082396662e-02 3.218349406830e-02 4.345411344996e-01 0.000000000000e+00 0.000000000000e+00 0.000000000000e+00 0.000000000000e+00 0.000000000000e+00 
9.405000000000e+00 1.215170790600e-02 4.279852828283e-01 -3.248391650634e-05 1.207979663188e+05 1.207259602074e+05 1.000000000000e+05 7.311841124279e+03 5.124646612738e+02 1.800000000000e+06 9.378612006704e+04 5.401857595077e+04 2.160743038022e+05 0.000000000000e+00 0.000000000000e+00 0.000000000000e+00 2.439329367731e-02 3.218480070126e-02 4.340524281861e-01 0.000000000000e+00 0.000000000000e+00 0.000000000000e+00 0.000000000000e+00 0.000000000000e+00 
9.410000000000e+00 1.215149020669e-02 4.256225461512e-01 9.525648198897e-05 1.205099092064e+05 1.207210670320e+05 1.000000000000e+05 7.311902134555e+03 5.124717211837e+02 1.800000000000e+06 9.365501454815e+04 5.401857595077e+04 2.160743038022e+05 0.000000000000e+00 0.000000000000e+00 0.000000000000e+00 2.435919379747e-02 3.218460581414e-02 4.334474600905e-01 0.000000000000e+00 0.000000000000e+00 0.000000000000e+00 0.000000000000e+00 0.000000000000e+00 
9.415000000000e+00 1.215052440271e-02 4.222225171604e-01 2.637409999825e-04 1.201146441179e+05 1.206993562036e+05 1.000000000000e+05 7.312085752462e+03 5.125030440022e+02 1.800000000000e+06 9.348554450700e+04 5.401857595077e+04 2.160743038022e+05 0.000000000000e+00 0.000000000000e+00 0.000000000000e+00 2.431511550016e-02 3.218241022807e-02 4.326658304454e-01 0.000000000000e+00 0.000000000000e+00 0.000000000000e+00 0.000000000000e+00 0.000000000000e+00 
9.420000000000e+00 1.214856404001e-02 4.174273429771e-01 4.882203198014e-04 1.195726314031e+05 1.206552746838e+05 1.000000000000e+05 7.312432824392e+03 5.125666329735e+02 1.800000000000e+06 9.325971015752e+04 5.401857595077e+04 2.160743038022e+05 0.000000000000e+00 0.000000000000e+00 0.000000000000e+00 2.425637713242e-02 3.217753487464e-02 4.316245247124e-01 0.000000000000e+00 0.000000000000e+00 0.000000000000e+00 0.000000000000e+00 0.000000000000e+00 
9.425000000000e+00 1.214528650234e-02 4.109756820313e-01 7.806228378408e-04 1.188497788494e+05 1.205815342940e+05 1.000000000000e+05 7.312995136987e+03 5.126729798398e+02 1.800000000000e+06 9.295549241598e+04 5.401857595077e+04 2.160743038022e+05 0.000000000000e+00 0.000000000000e+00 0.000000000000e+00 2.417725164236e-02 3.216915267446e-02 4.302217876831e-01 0.000000000000e+00 0.000000000000e+00 0.000000000000e+00 0.000000000000e+00 0.000000000000e+00 
9.430000000000e+00 1.214033697338e-02 4.028472351902e-01 1.144621247745e-03 1.179292678182e+05 1.204700804885e+05 1.000000000000e+05 7.313827729082e+03 5.128336546157e+02 1.800000000000e+06 9.255027781110e+04 5.401857595077e+04 2.160743038022e+05 0.000000000000e+00 0.000000000000e+00 0.000000000000e+00 2.407185738091e-02 3.215632936557e-02 4.283528784237e-01 0.000000000000e+00 0.000000000000e+00 0.000000000000e+00 0.000000000000e+00 0.000000000000e+00 
9.435000000000e+00 1.213337527358e-02 3.933462165696e-01 1.571990087963e-03 1.168206381223e+05 1.203131212217e+05 1.000000000000e+05 7.314981059127e+03 5.130598057192e+02 1.800000000000e+06 9.202562080488e+04 5.401857595077e+04 2.160743038022e+05 0.000000000000e+00 0.000000000000e+00 0.000000000000e+00 2.393539675727e-02 3.213816571800e-02 4.259320095683e-01 0.000000000000e+00 0.000000000000e+00 0.000000000000e+00 0.000000000000e+00 0.000000000000e+00 
9.440000000000e+00 1.212415547430e-02 3.832657038619e-01 2.036319593382e-03 1.155756552977e+05 1.201048985890e+05 1.000000000000e+05 7.316487578583e+03 5.133595922672e+02 1.800000000000e+06 9.137432526996e+04 5.401857595077e+04 2.160743038022e+05 0.000000000000e+00 0.000000000000e+00 0.000000000000e+00 2.376599809527e-02 3.211401175649e-02 4.229249953363e-01 0.000000000000e+00 0.000000000000e+00 0.000000000000e+00 0.000000000000e+00 0.000000000000e+00 
9.445000000000e+00 1.211260778141e-02 3.737733095431e-01 2.497531305169e-03 1.142805047198e+05 1.198435348710e+05 1.000000000000e+05 7.318350227250e+03 5.137355240282e+02 1.800000000000e+06 9.060759238062e+04 5.401857595077e+04 2.160743038022e+05 0.000000000000e+00 0.000000000000e+00 0.000000000000e+00 2.356657476345e-02 3.208368376781e-02 4.193824898638e-01 0.000000000000e+00 0.000000000000e+00 0.000000000000e+00 0.000000000000e+00 0.000000000000e+00 
9.450000000000e+00 1.209887576942e-02 3.660449912180e-01 2.912565468758e-03 1.130333788878e+05 1.195319088422e+05 1.000000000000e+05 7.320538945933e+03 5.141832223018e+02 1.800000000000e+06 8.975684805095e+04 5.401857595077e+04 2.160743038022e+05 0.000000000000e+00 0.000000000000e+00 0.000000000000e+00 2.334530048253e-02 3.204756325814e-02 4.154488462411e-01 0.000000000000e+00 0.000000000000e+00 0.000000000000e+00 0.000000000000e+00 0.000000000000e+00 
9.455000000000e+00 1.208329950045e-02 3.609214498035e-01 3.246189308847e-03 1.119204205219e+05 1.191773430686e+05 1.000000000000e+05 7.322995363195e+03 5.146919139926e+02 1.800000000000e+06 8.886886745750e+04 5.401857595077e+04 2.160743038022e+05 0.000000000000e+00 0.000000000000e+00 0.000000000000e+00 2.311434123846e-02 3.200655201164e-02 4.113398953116e-01 0.000000000000e+00 0.000000000000e+00 0.000000000000e+00 0.000000000000e+00 0.000000000000e+00 
9.460000000000e+00 1.206634688169e-02 3.586511337996e-01 3.480159955043e-03 1.109937580303e+05 1.187901282011e+05 1.000000000000e+05 7.325645019773e+03 5.152466041212e+02 1.800000000000e+06 8.799592916466e+04 5.401857595077e+04 2.160743038022e+05 0.000000000000e+00 0.000000000000e+00 0.000000000000e+00 2.288729442039e-02 3.196188935486e-02 4.072976008089e-01 0.000000000000e+00 0.000000000000e+00 0.000000000000e+00 0.000000000000e+00 0.000000000000e+00 
9.465000000000e+00 1.204853089128e-02 3.589580559725e-01 3.611240163794e-03 1.102737336890e+05 1.183817046346e+05 1.000000000000e+05 7.328409402479e+03 5.158307267506e+02 1.800000000000e+06 8.718492644672e+04 5.401857595077e+04 2.160743038022e+05 0.000000000000e+00 0.000000000000e+00 0.000000000000e+00 2.267635673092e-02 3.191492902536e-02 4.035395400578e-01 0.000000000000e+00 0.000000000000e+00 0.000000000000e+00 0.000000000000e+00 0.000000000000e+00 
9.470000000000e+00 1.203034199894e-02 3.612441299237e-01 3.648344182231e-03 1.097532903255e+05 1.179631511930e+05 1.000000000000e+05 7.331215601191e+03 5.164283307853e+02 1.800000000000e+06 8.647036845201e+04 5.401857595077e+04 2.160743038022e+05 0.000000000000e+00 0.000000000000e+00 0.000000000000e+00 2.249050382431e-02 3.186697413152e-02 4.002262550381e-01 0.000000000000e+00 0.000000000000e+00 0.000000000000e+00 0.000000000000e+00 0.000000000000e+00 
9.475000000000e+00 1.201220812967e-02 3.648412073061e-01 3.606279708372e-03 1.094106790718e+05 1.175442655895e+05 1.000000000000e+05 7.334001112349e+03 5.170253943260e+02 1.800000000000e+06 8.587211459888e+04 5.401857595077e+04 2.160743038022e+05 0.000000000000e+00 0.000000000000e+00 0.000000000000e+00 2.233490103444e-02 3.181916054883e-02 3.974504805613e-01 0.000000000000e+00 0.000000000000e+00 0.000000000000e+00 0.000000000000e+00 0.000000000000e+00 
9.480000000000e+00 1.199447130959e-02 3.690994346401e-01 3.503392565621e-03 1.092139317116e+05 1.171330001116e+05 1.000000000000e+05 7.336717020938e+03 5.176106136620e+02 1.800000000000e+06 8.539654022169e+04 5.401857595077e+04 2.160743038022e+05 0.000000000000e+00 0.000000000000e+00 0.000000000000e+00 2.221120655343e-02 3.177238790122e-02 3.952424527197e-01 0.000000000000e+00 0.000000000000e+00 0.000000000000e+00 0.000000000000e+00 0.000000000000e+00 
9.485000000000e+00 1.197738237558e-02 3.734891775614e-01 3.357652510016e-03 1.091294124582e+05 1.167352988020e+05 1.000000000000e+05 7.339328092715e+03 5.181756099189e+02 1.800000000000e+06 8.503893360243e+04 5.401857595077e+04 2.160743038022e+05 0.000000000000e+00 0.000000000000e+00 0.000000000000e+00 2.211819488733e-02 3.172731924161e-02 3.935809065568e-01 0.000000000000e+00 0.000000000000e+00 0.000000000000e+00 0.000000000000e+00 0.000000000000e+00 
9.490000000000e+00 1.196110520821e-02 3.776122188087e-01 3.185693547324e-03 1.091240584387e+05 1.163551520751e+05 1.000000000000e+05 7.341812051369e+03 5.187148240376e+02 1.800000000000e+06 8.478687644021e+04 5.401857595077e+04 2.160743038022e+05 0.000000000000e+00 0.000000000000e+00 0.000000000000e+00 2.205263609913e-02 3.168439122541e-02 3.924087265596e-01 0.000000000000e+00 0.000000000000e+00 0.000000000000e+00 0.000000000000e+00 0.000000000000e+00 
9.495000000000e+00 1.194572866824e-02 3.812186716440e-01 3.001142686100e-03 1.091694900076e+05 1.159948353438e+05 1.000000000000e+05 7.344157483849e+03 5.192251531889e+02 1.800000000000e+06 8.462339319201e+04 5.401857595077e+04 2.160743038022e+05 0.000000000000e+00 0.000000000000e+00 0.000000000000e+00 2.201011493628e-02 3.164384102939e-02 3.916475205134e-01 0.000000000000e+00 0.000000000000e+00 0.000000000000e+00 0.000000000000e+00 0.000000000000e+00 
9.500000000000e+00 1.193128600737e-02 3.842104750168e-01 2.813874969733e-03 1.092442572569e+05 1.156553323936e+05 1.000000000000e+05 7.346360755993e+03 5.197053314376e+02 1.800000000000e+06 8.453016766702e+04 5.401857595077e+04 2.160743038022e+05 0.000000000000e+00 0.000000000000e+00 0.000000000000e+00 2.198586745053e-02 3.160575654309e-02 3.912125212533e-01 0.000000000000e+00 0.000000000000e+00 0.000000000000e+00 0.000000000000e+00 0.000000000000e+00 
9.505000000000e+00 1.191776378750e-02 3.865308163511e-01 2.632583466014e-03 1.093282877211e+05 1.153365231844e+05 1.000000000000e+05 7.348425263826e+03 5.201556504255e+02 1.800000000000e+06 8.448932384982e+04 5.401857595077e+04 2.160743038022e+05 0.000000000000e+00 0.000000000000e+00 0.000000000000e+00 2.197524418104e-02 3.157010229066e-02 3.910209564728e-01 0.000000000000e+00 0.000000000000e+00 0.000000000000e+00 0.000000000000e+00 0.000000000000e+00 
9.510000000000e+00 1.190511454845e-02 3.881920200513e-01 2.462772646589e-03 1.094078236018e+05 1.150374672951e+05 1.000000000000e+05 7.350359056582e+03 5.205775494562e+02 1.800000000000e+06 8.448426626106e+04 5.401857595077e+04 2.160743038022e+05 0.000000000000e+00 0.000000000000e+00 0.000000000000e+00 2.197392872788e-02 3.153675420436e-02 3.909959132502e-01 0.000000000000e+00 0.000000000000e+00 0.000000000000e+00 0.000000000000e+00 0.000000000000e+00 
9.515000000000e+00 1.189327217931e-02 3.892712271968e-01 2.307225332886e-03 1.094748011708e+05 1.147567590029e+05 1.000000000000e+05 7.352172565675e+03 5.209731093046e+02 1.800000000000e+06 8.450077229740e+04 5.401857595077e+04 2.160743038022e+05 0.000000000000e+00 0.000000000000e+00 0.000000000000e+00 2.197822186413e-02 3.150553652163e-02 3.910714080518e-01 0.000000000000e+00 0.000000000000e+00 0.000000000000e+00 0.000000000000e+00 0.000000000000e+00 
9.520000000000e+00 1.188216052852e-02 3.898559897012e-01 2.167472431927e-03 1.095237467336e+05 1.144927286282e+05 1.000000000000e+05 7.353877595138e+03 5.213447667235e+02 1.800000000000e+06 8.452744967854e+04 5.401857595077e+04 2.160743038022e+05 0.000000000000e+00 0.000000000000e+00 0.000000000000e+00 2.198516051553e-02 3.147624622018e-02 3.911945580648e-01 0.000000000000e+00 0.000000000000e+00 0.000000000000e+00 0.000000000000e+00 0.000000000000e+00 
9.525000000000e+00 1.187169998120e-02 3.900451324224e-01 2.043634255769e-03 1.095523254256e+05 1.142435989999e+05 1.000000000000e+05 7.355486255234e+03 5.216950942542e+02 1.800000000000e+06 8.455560630919e+04 5.401857595077e+04 2.160743038022e+05 0.000000000000e+00 0.000000000000e+00 0.000000000000e+00 2.199248391221e-02 3.144867152697e-02 3.913249805333e-01 0.000000000000e+00 0.000000000000e+00 0.000000000000e+00 0.000000000000e+00 0.000000000000e+00 
9.530000000000e+00 1.186181283149e-02 3.899324164224e-01 1.935080069270e-03 1.095599787770e+05 1.140076153669e+05 1.000000000000e+05 7.357010262230e+03 5.220266187181e+02 1.800000000000e+06 8.457909839871e+04 5.401857595077e+04 2.160743038022e+05 0.000000000000e+00 0.000000000000e+00 0.000000000000e+00 2.199859408542e-02 3.142260634371e-02 3.914341062502e-01 0.000000000000e+00 0.000000000000e+00 0.000000000000e+00 0.000000000000e+00 0.000000000000e+00 
9.535000000000e+00 1.185242566736e-02 3.895967478701e-01 1.840738817028e-03 1.095472777121e+05 1.137831052093e+05 1.000000000000e+05 7.358460624765e+03 5.223417389450e+02 1.800000000000e+06 8.459388074144e+04 5.401857595077e+04 2.160743038022e+05 0.000000000000e+00 0.000000000000e+00 0.000000000000e+00 2.200243889772e-02 3.139785671805e-02 3.915031054660e-01 0.000000000000e+00 0.000000000000e+00 0.000000000000e+00 0.000000000000e+00 0.000000000000e+00 
9.540000000000e+00 1.184347107274e-02 3.891034971640e-01 1.759288523553e-03 1.095155321119e+05 1.135685219909e+05 1.000000000000e+05 7.359847409552e+03 5.226426662171e+02 1.800000000000e+06 8.459755942941e+04 5.401857595077e+04 2.160743038022e+05 0.000000000000e+00 0.000000000000e+00 0.000000000000e+00 2.200339570578e-02 3.137424528269e-02 3.915208163320e-01 0.000000000000e+00 0.000000000000e+00 0.000000000000e+00 0.000000000000e+00 0.000000000000e+00 
9.545000000000e+00 1.183488909005e-02 3.885058199479e-01 1.689210251263e-03 1.094667036588e+05 1.133624832212e+05 1.000000000000e+05 7.361179514228e+03 5.229313727328e+02 1.800000000000e+06 8.458897804299e+04 5.401857595077e+04 2.160743038022e+05 0.000000000000e+00 0.000000000000e+00 0.000000000000e+00 2.200116373074e-02 3.135161380984e-02 3.914818240288e-01 0.000000000000e+00 0.000000000000e+00 0.000000000000e+00 0.000000000000e+00 0.000000000000e+00 
9.550000000000e+00 1.182662767257e-02 3.878481721179e-01 1.628950897170e-03 1.094030420098e+05 1.131637841930e+05 1.000000000000e+05 7.362464623793e+03 5.232095741164e+02 1.800000000000e+06 8.456795310290e+04 5.401857595077e+04 2.160743038022e+05 0.000000000000e+00 0.000000000000e+00 0.000000000000e+00 2.199569525057e-02 3.132982490119e-02 3.913852311182e-01 0.000000000000e+00 0.000000000000e+00 0.000000000000e+00 0.000000000000e+00 0.000000000000e+00 
9.555000000000e+00 1.181864181347e-02 3.871602596398e-01 1.577124218945e-03 1.093265980592e+05 1.129713795752e+05 1.000000000000e+05 7.363709384932e+03 5.234787567435e+02 1.800000000000e+06 8.453494844188e+04 5.401857595077e+04 2.160743038022e+05 0.000000000000e+00 0.000000000000e+00 0.000000000000e+00 2.198711090580e-02 3.130875980254e-02 3.912331554902e-01 0.000000000000e+00 0.000000000000e+00 0.000000000000e+00 0.000000000000e+00 0.000000000000e+00 
9.560000000000e+00 1.181089309167e-02 3.864627248700e-01 1.532525014670e-03 1.092391771931e+05 1.127843745711e+05 1.000000000000e+05 7.364919474193e+03 5.237401913961e+02 1.800000000000e+06 8.449082837468e+04 5.401857595077e+04 2.160743038022e+05 0.000000000000e+00 0.000000000000e+00 0.000000000000e+00 2.197563550032e-02 3.128831719045e-02 3.910295803636e-01 0.000000000000e+00 0.000000000000e+00 0.000000000000e+00 0.000000000000e+00 0.000000000000e+00 
9.565000000000e+00 1.180334848975e-02 3.857665040850e-01 1.494112971285e-03 1.091423450987e+05 1.126019981384e+05 1.000000000000e+05 7.366099775073e+03 5.239949717683e+02 1.800000000000e+06 8.443663116626e+04 5.401857595077e+04 2.160743038022e+05 0.000000000000e+00 0.000000000000e+00 0.000000000000e+00 2.196153908157e-02 3.126841001547e-02 3.907793055232e-01 0.000000000000e+00 0.000000000000e+00 0.000000000000e+00 0.000000000000e+00 0.000000000000e+00 
9.570000000000e+00 1.179597969595e-02 3.850773480358e-01 1.461045602276e-03 1.090373321678e+05 1.124235875001e+05 1.000000000000e+05 7.367254491243e+03 5.242440369495e+02 1.800000000000e+06 8.437344265644e+04 5.401857595077e+04 2.160743038022e+05 0.000000000000e+00 0.000000000000e+00 0.000000000000e+00 2.194510407097e-02 3.124896366064e-02 3.904873566530e-01 0.000000000000e+00 0.000000000000e+00 0.000000000000e+00 0.000000000000e+00 0.000000000000e+00 
9.575000000000e+00 1.178876215555e-02 3.843963904481e-01 1.432620916242e-03 1.089251408946e+05 1.122485662898e+05 1.000000000000e+05 7.368387279769e+03 5.244882026135e+02 1.800000000000e+06 8.430229189643e+04 5.401857595077e+04 2.160743038022e+05 0.000000000000e+00 0.000000000000e+00 0.000000000000e+00 2.192659811952e-02 3.122991342143e-02 3.901585012902e-01 0.000000000000e+00 0.000000000000e+00 0.000000000000e+00 0.000000000000e+00 0.000000000000e+00 
9.580000000000e+00 1.178167409884e-02 3.837196778297e-01 1.408382758282e-03 1.088062757998e+05 1.120764218311e+05 1.000000000000e+05 7.369501425886e+03 5.247281932324e+02 1.800000000000e+06 8.422408577364e+04 5.401857595077e+04 2.160743038022e+05 0.000000000000e+00 0.000000000000e+00 0.000000000000e+00 2.190625710404e-02 3.121120194637e-02 3.897969462713e-01 0.000000000000e+00 0.000000000000e+00 0.000000000000e+00 0.000000000000e+00 0.000000000000e+00 
9.585000000000e+00 1.177469578316e-02 3.830419569870e-01 1.387942657450e-03 1.086811361792e+05 1.119066873484e+05 1.000000000000e+05 7.370599920445e+03 5.249646672539e+02 1.800000000000e+06 8.413954635339e+04 5.401857595077e+04 2.160743038022e+05 0.000000000000e+00 0.000000000000e+00 0.000000000000e+00 2.188426883004e-02 3.119277725353e-02 3.894060434853e-01 0.000000000000e+00 0.000000000000e+00 0.000000000000e+00 0.000000000000e+00 0.000000000000e+00 
9.590000000000e+00 1.176780907933e-02 3.823577599962e-01 1.371026175960e-03 1.085498974023e+05 1.117389323670e+05 1.000000000000e+05 7.371685534422e+03 5.251982307541e+02 1.800000000000e+06 8.404923168940e+04 5.401857595077e+04 2.160743038022e+05 0.000000000000e+00 0.000000000000e+00 0.000000000000e+00 2.186077844446e-02 3.117459160691e-02 3.889883849860e-01 0.000000000000e+00 0.000000000000e+00 0.000000000000e+00 0.000000000000e+00 0.000000000000e+00 
9.595000000000e+00 1.176099675897e-02 3.816589577457e-01 1.357551126894e-03 1.084123100215e+05 1.115727456872e+05 1.000000000000e+05 7.372760948496e+03 5.254294613449e+02 1.800000000000e+06 8.395353171582e+04 5.401857595077e+04 2.160743038022e+05 0.000000000000e+00 0.000000000000e+00 0.000000000000e+00 2.183588736720e-02 3.115659961681e-02 3.885457865825e-01 0.000000000000e+00 0.000000000000e+00 0.000000000000e+00 0.000000000000e+00 0.000000000000e+00 
9.600000000000e+00 1.175424182838e-02 3.809368263812e-01 1.347446881056e-03 1.082681022938e+05 1.114077193246e+05 1.000000000000e+05 7.373828816878e+03 5.256589306333e+02 1.800000000000e+06 8.385262679957e+04 5.401857595077e+04 2.160743038022e+05 0.000000000000e+00 0.000000000000e+00 0.000000000000e+00 2.180964251078e-02 3.113875649937e-02 3.880790937812e-01 0.000000000000e+00 0.000000000000e+00 0.000000000000e+00 0.000000000000e+00 0.000000000000e+00 
9.605000000000e+00 1.174752749016e-02 3.801842977327e-01 1.340703843699e-03 1.081168636323e+05 1.112434476571e+05 1.000000000000e+05 7.374891784407e+03 5.258872054567e+02 1.800000000000e+06 8.374654414563e+04 5.401857595077e+04 2.160743038022e+05 0.000000000000e+00 0.000000000000e+00 0.000000000000e+00 2.178205095107e-02 3.112101797130e-02 3.875884405201e-01 0.000000000000e+00 0.000000000000e+00 0.000000000000e+00 0.000000000000e+00 0.000000000000e+00 
9.610000000000e+00 1.174083683315e-02 3.793943449718e-01 1.337358148776e-03 1.079580718899e+05 1.110795198905e+05 1.000000000000e+05 7.375952532104e+03 5.261148583828e+02 1.800000000000e+06 8.363517880595e+04 5.401857595077e+04 2.160743038022e+05 0.000000000000e+00 0.000000000000e+00 0.000000000000e+00 2.175308539163e-02 3.110333942892e-02 3.870733483414e-01 0.000000000000e+00 0.000000000000e+00 0.000000000000e+00 0.000000000000e+00 0.000000000000e+00 
9.615000000000e+00 1.173415292623e-02 3.785626030544e-01 1.337400291007e-03 1.077913085124e+05 1.109155223569e+05 1.000000000000e+05 7.377013741463e+03 5.263424645150e+02 1.800000000000e+06 8.351832818437e+04 5.401857595077e+04 2.160743038022e+05 0.000000000000e+00 0.000000000000e+00 0.000000000000e+00 2.172269313820e-02 3.108567620165e-02 3.865328834585e-01 0.000000000000e+00 0.000000000000e+00 0.000000000000e+00 0.000000000000e+00 0.000000000000e+00 
9.620000000000e+00 1.172745886397e-02 3.776858803359e-01 1.340829340777e-03 1.076161332081e+05 1.107510396372e+05 1.000000000000e+05 7.378078099547e+03 5.265705999344e+02 1.800000000000e+06 8.339573921412e+04 5.401857595077e+04 2.160743038022e+05 0.000000000000e+00 0.000000000000e+00 0.000000000000e+00 2.169080836943e-02 3.106798370991e-02 3.859658769162e-01 0.000000000000e+00 0.000000000000e+00 0.000000000000e+00 0.000000000000e+00 0.000000000000e+00 
9.625000000000e+00 1.172073782000e-02 3.767619485467e-01 1.347620438794e-03 1.074321610821e+05 1.105856558671e+05 1.000000000000e+05 7.379148283106e+03 5.267998398827e+02 1.800000000000e+06 8.326713087459e+04 5.401857595077e+04 2.160743038022e+05 0.000000000000e+00 0.000000000000e+00 0.000000000000e+00 2.165735799326e-02 3.105021755919e-02 3.853710292186e-01 0.000000000000e+00 0.000000000000e+00 0.000000000000e+00 0.000000000000e+00 0.000000000000e+00 
9.630000000000e+00 1.171397309841e-02 3.757893068828e-01 1.357739084793e-03 1.072390305166e+05 1.104189559894e+05 1.000000000000e+05 7.380226953694e+03 5.270307570172e+02 1.800000000000e+06 8.313221144176e+04 5.401857595077e+04 2.160743038022e+05 0.000000000000e+00 0.000000000000e+00 0.000000000000e+00 2.162226613376e-02 3.103233365102e-02 3.847469904798e-01 0.000000000000e+00 0.000000000000e+00 0.000000000000e+00 0.000000000000e+00 0.000000000000e+00 
9.635000000000e+00 1.170714830297e-02 3.747679696933e-01 1.371083253554e-03 1.070365430210e+05 1.102505299157e+05 1.000000000000e+05 7.381316717510e+03 5.272639156379e+02 1.800000000000e+06 8.299069481535e+04 5.401857595077e+04 2.160743038022e+05 0.000000000000e+00 0.000000000000e+00 0.000000000000e+00 2.158545837772e-02 3.101428873756e-02 3.840924352947e-01 0.000000000000e+00 0.000000000000e+00 0.000000000000e+00 0.000000000000e+00 0.000000000000e+00 
9.640000000000e+00 1.170024764341e-02 3.736996666671e-01 1.387548457871e-03 1.068245188258e+05 1.100799800975e+05 1.000000000000e+05 7.382420091439e+03 5.274998612124e+02 1.800000000000e+06 8.284233994076e+04 5.401857595077e+04 2.160743038022e+05 0.000000000000e+00 0.000000000000e+00 0.000000000000e+00 2.154687202803e-02 3.099604114978e-02 3.834062450063e-01 0.000000000000e+00 0.000000000000e+00 0.000000000000e+00 0.000000000000e+00 0.000000000000e+00 
9.645000000000e+00 1.169325564568e-02 3.725833196773e-01 1.407095070216e-03 1.066026314387e+05 1.099069143899e+05 1.000000000000e+05 7.383539564588e+03 5.277391302618e+02 1.800000000000e+06 8.268693245183e+04 5.401857595077e+04 2.160743038022e+05 0.000000000000e+00 0.000000000000e+00 0.000000000000e+00 2.150645132916e-02 3.097755000752e-02 3.826874276684e-01 0.000000000000e+00 0.000000000000e+00 0.000000000000e+00 0.000000000000e+00 0.000000000000e+00 
9.650000000000e+00 1.168615723272e-02 3.714191273822e-01 1.429604919580e-03 1.063707459166e+05 1.097309480338e+05 1.000000000000e+05 7.384677552588e+03 5.279822476065e+02 1.800000000000e+06 8.252425726279e+04 5.401857595077e+04 2.160743038022e+05 0.000000000000e+00 0.000000000000e+00 0.000000000000e+00 2.146414033840e-02 3.095877547836e-02 3.819349867034e-01 0.000000000000e+00 0.000000000000e+00 0.000000000000e+00 0.000000000000e+00 0.000000000000e+00 
9.655000000000e+00 1.167893803753e-02 3.702090279650e-01 1.454927944477e-03 1.061288177405e+05 1.095517114159e+05 1.000000000000e+05 7.385836358279e+03 5.282297156427e+02 1.800000000000e+06 8.235413894648e+04 5.401857595077e+04 2.160743038022e+05 0.000000000000e+00 0.000000000000e+00 0.000000000000e+00 2.141989342802e-02 3.093967960566e-02 3.811481073789e-01 0.000000000000e+00 0.000000000000e+00 0.000000000000e+00 0.000000000000e+00 0.000000000000e+00 
9.660000000000e+00 1.167158449130e-02 3.689552264019e-01 1.482898657940e-03 1.058768565993e+05 1.093688522955e+05 1.000000000000e+05 7.387018161269e+03 5.284820112891e+02 1.800000000000e+06 8.217645230807e+04 5.401857595077e+04 2.160743038022e+05 0.000000000000e+00 0.000000000000e+00 0.000000000000e+00 2.137367803548e-02 3.092022654149e-02 3.803262074246e-01 0.000000000000e+00 0.000000000000e+00 0.000000000000e+00 0.000000000000e+00 0.000000000000e+00 
9.665000000000e+00 1.166408388431e-02 3.676599392949e-01 1.513342277226e-03 1.056149136845e+05 1.091820373720e+05 1.000000000000e+05 7.388225009397e+03 5.287395838531e+02 1.800000000000e+06 8.199111971122e+04 5.401857595077e+04 2.160743038022e+05 0.000000000000e+00 0.000000000000e+00 0.000000000000e+00 2.132547396797e-02 3.090038270921e-02 3.794689249141e-01 0.000000000000e+00 0.000000000000e+00 0.000000000000e+00 0.000000000000e+00 0.000000000000e+00 
9.670000000000e+00 1.165642436692e-02 3.663250098379e-01 1.546086958237e-03 1.053430530222e+05 1.089909523686e+05 1.000000000000e+05 7.389458821191e+03 5.290028549487e+02 1.800000000000e+06 8.179810354116e+04 5.401857595077e+04 2.160743038022e+05 0.000000000000e+00 0.000000000000e+00 0.000000000000e+00 2.127527144208e-02 3.088011680445e-02 3.785760837646e-01 0.000000000000e+00 0.000000000000e+00 0.000000000000e+00 0.000000000000e+00 0.000000000000e+00 
9.675000000000e+00 1.164859496907e-02 3.649522284726e-01 1.580955200187e-03 1.050613723294e+05 1.087953025818e+05 1.000000000000e+05 7.390721380543e+03 5.292722177750e+02 1.800000000000e+06 8.159739843665e+04 5.401857595077e+04 2.160743038022e+05 0.000000000000e+00 0.000000000000e+00 0.000000000000e+00 2.122306906338e-02 3.085939984785e-02 3.776476573962e-01 0.000000000000e+00 0.000000000000e+00 0.000000000000e+00 0.000000000000e+00 0.000000000000e+00 
9.680000000000e+00 1.164058560288e-02 3.635432580424e-01 1.617770941149e-03 1.047699864968e+05 1.085948130165e+05 1.000000000000e+05 7.392014337677e+03 5.295480369691e+02 1.800000000000e+06 8.138902715941e+04 5.401857595077e+04 2.160743038022e+05 0.000000000000e+00 0.000000000000e+00 0.000000000000e+00 2.116887275207e-02 3.083820519166e-02 3.766837496684e-01 0.000000000000e+00 0.000000000000e+00 0.000000000000e+00 0.000000000000e+00 0.000000000000e+00 
9.685000000000e+00 1.163238704882e-02 3.620995896928e-01 1.656362080430e-03 1.044690213982e+05 1.083892281134e+05 1.000000000000e+05 7.393339211699e+03 5.298306490237e+02 1.800000000000e+06 8.117303541749e+04 5.401857595077e+04 2.160743038022e+05 0.000000000000e+00 0.000000000000e+00 0.000000000000e+00 2.111269439659e-02 3.081650848389e-02 3.756845709402e-01 0.000000000000e+00 0.000000000000e+00 0.000000000000e+00 0.000000000000e+00 0.000000000000e+00 
9.690000000000e+00 1.162399093348e-02 3.606225537491e-01 1.696561396199e-03 1.041586112701e+05 1.081783112717e+05 1.000000000000e+05 7.394697394095e+03 5.301203629871e+02 1.800000000000e+06 8.094948693948e+04 5.401857595077e+04 2.160743038022e+05 0.000000000000e+00 0.000000000000e+00 0.000000000000e+00 2.105455057241e-02 3.079428760879e-02 3.746504152371e-01 0.000000000000e+00 0.000000000000e+00 0.000000000000e+00 0.000000000000e+00 0.000000000000e+00 
9.695000000000e+00 1.161538970639e-02 3.591133829725e-01 1.738206188603e-03 1.038388990878e+05 1.079618443489e+05 1.000000000000e+05 7.396090152090e+03 5.304174611973e+02 1.800000000000e+06 8.071845955114e+04 5.401857595077e+04 2.160743038022e+05 0.000000000000e+00 0.000000000000e+00 0.000000000000e+00 2.099446152163e-02 3.077152262622e-02 3.735816420012e-01 0.000000000000e+00 0.000000000000e+00 0.000000000000e+00 0.000000000000e+00 0.000000000000e+00 
9.700000000000e+00 1.160657659620e-02 3.575730665666e-01 1.781144484450e-03 1.035100208456e+05 1.077396266432e+05 1.000000000000e+05 7.397518636841e+03 5.307222007269e+02 1.800000000000e+06 8.048004134715e+04 5.401857595077e+04 2.160743038022e+05 0.000000000000e+00 0.000000000000e+00 0.000000000000e+00 2.093245015722e-02 3.074819565589e-02 3.724786585085e-01 0.000000000000e+00 0.000000000000e+00 0.000000000000e+00 0.000000000000e+00 0.000000000000e+00 
9.705000000000e+00 1.159754559084e-02 3.560026541248e-01 1.825225440515e-03 1.031721279244e+05 1.075114744804e+05 1.000000000000e+05 7.398983884107e+03 5.310348139980e+02 1.800000000000e+06 8.023432753642e+04 5.401857595077e+04 2.160743038022e+05 0.000000000000e+00 0.000000000000e+00 0.000000000000e+00 2.086854124254e-02 3.072429082551e-02 3.713419049258e-01 0.000000000000e+00 0.000000000000e+00 0.000000000000e+00 0.000000000000e+00 0.000000000000e+00 
9.710000000000e+00 1.158829141251e-02 3.544031203950e-01 1.870305457254e-03 1.028253720957e+05 1.072772206744e+05 1.000000000000e+05 7.400486819376e+03 5.313555095737e+02 1.800000000000e+06 7.998142083491e+04 5.401857595077e+04 2.160743038022e+05 0.000000000000e+00 0.000000000000e+00 0.000000000000e+00 2.080276149349e-02 3.069979420500e-02 3.701718562803e-01 0.000000000000e+00 0.000000000000e+00 0.000000000000e+00 0.000000000000e+00 0.000000000000e+00 
9.715000000000e+00 1.157880947983e-02 3.527753698315e-01 1.916245942154e-03 1.024699099986e+05 1.070367136668e+05 1.000000000000e+05 7.402028263122e+03 5.316844733916e+02 1.800000000000e+06 7.972142874637e+04 5.401857595077e+04 2.160743038022e+05 0.000000000000e+00 0.000000000000e+00 0.000000000000e+00 2.073513887124e-02 3.067469370242e-02 3.689690098512e-01 0.000000000000e+00 0.000000000000e+00 0.000000000000e+00 0.000000000000e+00 0.000000000000e+00 
9.720000000000e+00 1.156909588561e-02 3.511203082509e-01 1.962915462841e-03 1.021058975853e+05 1.067898170628e+05 1.000000000000e+05 7.403608934544e+03 5.320218694537e+02 1.800000000000e+06 7.945446334285e+04 5.401857595077e+04 2.160743038022e+05 0.000000000000e+00 0.000000000000e+00 0.000000000000e+00 2.066570252516e-02 3.064897900827e-02 3.677338840685e-01 0.000000000000e+00 0.000000000000e+00 0.000000000000e+00 0.000000000000e+00 0.000000000000e+00 
9.725000000000e+00 1.155914736529e-02 3.494388152914e-01 2.010187051780e-03 1.017334958726e+05 1.065364089349e+05 1.000000000000e+05 7.405229455689e+03 5.323678408386e+02 1.800000000000e+06 7.918064012372e+04 5.401857595077e+04 2.160743038022e+05 0.000000000000e+00 0.000000000000e+00 0.000000000000e+00 2.059448249607e-02 3.062264151213e-02 3.664670132660e-01 0.000000000000e+00 0.000000000000e+00 0.000000000000e+00 0.000000000000e+00 0.000000000000e+00 
9.730000000000e+00 1.154896128138e-02 3.477318311583e-01 2.057934283735e-03 1.013528800964e+05 1.062763815366e+05 1.000000000000e+05 7.406890352674e+03 5.327225101539e+02 1.800000000000e+06 7.890007841274e+04 5.401857595077e+04 2.160743038022e+05 0.000000000000e+00 0.000000000000e+00 0.000000000000e+00 2.052150981946e-02 3.059567425366e-02 3.651689494285e-01 0.000000000000e+00 0.000000000000e+00 0.000000000000e+00 0.000000000000e+00 0.000000000000e+00 
9.735000000000e+00 1.153853561705e-02 3.460004032721e-01 2.106036964476e-03 1.009642261632e+05 1.060096412570e+05 1.000000000000e+05 7.408592057651e+03 5.330859796655e+02 1.800000000000e+06 7.861290334463e+04 5.401857595077e+04 2.160743038022e+05 0.000000000000e+00 0.000000000000e+00 0.000000000000e+00 2.044681704223e-02 3.056807192120e-02 3.638402713386e-01 0.000000000000e+00 0.000000000000e+00 0.000000000000e+00 0.000000000000e+00 0.000000000000e+00 
9.740000000000e+00 1.152786894476e-02 3.442455249641e-01 2.154377017598e-03 1.005677198611e+05 1.057361079475e+05 1.000000000000e+05 7.410334912496e+03 5.334583322879e+02 1.800000000000e+06 7.831924469901e+04 5.401857595077e+04 2.160743038022e+05 0.000000000000e+00 0.000000000000e+00 0.000000000000e+00 2.037043791941e-02 3.053983076634e-02 3.624815793530e-01 0.000000000000e+00 0.000000000000e+00 0.000000000000e+00 0.000000000000e+00 0.000000000000e+00 
9.745000000000e+00 1.151696042099e-02 3.424682950690e-01 2.202838343827e-03 1.001635572934e+05 1.054557149179e+05 1.000000000000e+05 7.412119169188e+03 5.338396316638e+02 1.800000000000e+06 7.801923781278e+04 5.401857595077e+04 2.160743038022e+05 0.000000000000e+00 0.000000000000e+00 0.000000000000e+00 2.029240765143e-02 3.051094858469e-02 3.610934994574e-01 0.000000000000e+00 0.000000000000e+00 0.000000000000e+00 0.000000000000e+00 0.000000000000e+00 
9.750000000000e+00 1.150580977622e-02 3.406698700354e-01 2.251308516210e-03 9.975194078381e+04 1.051684088223e+05 1.000000000000e+05 7.413944991353e+03 5.342299224014e+02 1.800000000000e+06 7.771302473336e+04 5.401857595077e+04 2.160743038022e+05 0.000000000000e+00 0.000000000000e+00 0.000000000000e+00 2.021276318412e-02 3.048142469022e-02 3.596766886549e-01 0.000000000000e+00 0.000000000000e+00 0.000000000000e+00 0.000000000000e+00 0.000000000000e+00 
9.755000000000e+00 1.149441731746e-02 3.388515699892e-01 2.299670311433e-03 9.933309957830e+04 1.048741498794e+05 1.000000000000e+05 7.415812451351e+03 5.346292298634e+02 1.800000000000e+06 7.740075533216e+04 5.401857595077e+04 2.160743038022e+05 0.000000000000e+00 0.000000000000e+00 0.000000000000e+00 2.013154349826e-02 3.045125991684e-02 3.582318400341e-01 0.000000000000e+00 0.000000000000e+00 0.000000000000e+00 0.000000000000e+00 0.000000000000e+00 
9.760000000000e+00 1.148278392066e-02 3.370147855732e-01 2.347807992292e-03 9.890727487633e+04 1.045729118422e+05 1.000000000000e+05 7.417721532427e+03 5.350375603021e+02 1.800000000000e+06 7.708258836101e+04 5.401857595077e+04 2.160743038022e+05 0.000000000000e+00 0.000000000000e+00 0.000000000000e+00 2.004878988440e-02 3.042045660901e-02 3.567596877319e-01 0.000000000000e+00 0.000000000000e+00 0.000000000000e+00 0.000000000000e+00 0.000000000000e+00 
9.765000000000e+00 1.147091103712e-02 3.351609310074e-01 2.395614004911e-03 9.847470411115e+04 1.042646823435e+05 1.000000000000e+05 7.419672128640e+03 5.354549004947e+02 1.800000000000e+06 7.675869432359e+04 5.401857595077e+04 2.160743038022e+05 0.000000000000e+00 0.000000000000e+00 0.000000000000e+00 1.996454668967e-02 3.038901862163e-02 3.552610203326e-01 0.000000000000e+00 0.000000000000e+00 0.000000000000e+00 0.000000000000e+00 0.000000000000e+00 
9.770000000000e+00 1.145880062989e-02 3.332912475485e-01 2.442980250169e-03 9.803564055288e+04 1.039494614309e+05 1.000000000000e+05 7.421664052602e+03 5.358812198335e+02 1.800000000000e+06 7.642924799943e+04 5.401857595077e+04 2.160743038022e+05 0.000000000000e+00 0.000000000000e+00 0.000000000000e+00 1.987885937336e-02 3.035695117724e-02 3.537366463640e-01 0.000000000000e+00 0.000000000000e+00 0.000000000000e+00 0.000000000000e+00 0.000000000000e+00 
9.775000000000e+00 1.144645524574e-02 3.314074752027e-01 2.489791759139e-03 9.759037091083e+04 1.036272636329e+05 1.000000000000e+05 7.423697021573e+03 5.363164676410e+02 1.800000000000e+06 7.609443616407e+04 5.401857595077e+04 2.160743038022e+05 0.000000000000e+00 0.000000000000e+00 0.000000000000e+00 1.979177651482e-02 3.032426103120e-02 3.521874294323e-01 0.000000000000e+00 0.000000000000e+00 0.000000000000e+00 0.000000000000e+00 0.000000000000e+00 
9.780000000000e+00 1.143387797340e-02 3.295111791805e-01 2.535940526154e-03 9.713918110683e+04 1.032981170859e+05 1.000000000000e+05 7.425770666853e+03 5.367605744757e+02 1.800000000000e+06 7.575445698973e+04 5.401857595077e+04 2.160743038022e+05 0.000000000000e+00 0.000000000000e+00 0.000000000000e+00 1.970334965765e-02 3.029095637440e-02 3.506142861210e-01 0.000000000000e+00 0.000000000000e+00 0.000000000000e+00 0.000000000000e+00 0.000000000000e+00 
9.785000000000e+00 1.142107244431e-02 3.276040165773e-01 2.581317577367e-03 9.668237581064e+04 1.029620637752e+05 1.000000000000e+05 7.427884531070e+03 5.372134519336e+02 1.800000000000e+06 7.540951869997e+04 5.401857595077e+04 2.160743038022e+05 0.000000000000e+00 0.000000000000e+00 0.000000000000e+00 1.961363295974e-02 3.025704683444e-02 3.490181794817e-01 0.000000000000e+00 0.000000000000e+00 0.000000000000e+00 0.000000000000e+00 0.000000000000e+00 
9.790000000000e+00 1.140804283952e-02 3.256877895543e-01 2.625812284287e-03 9.622028068798e+04 1.026191599503e+05 1.000000000000e+05 7.430038066122e+03 5.376749922231e+02 1.800000000000e+06 7.505984102941e+04 5.401857595077e+04 2.160743038022e+05 0.000000000000e+00 0.000000000000e+00 0.000000000000e+00 1.952268357294e-02 3.022254349411e-02 3.474001257393e-01 0.000000000000e+00 0.000000000000e+00 0.000000000000e+00 0.000000000000e+00 0.000000000000e+00 
9.795000000000e+00 1.139479395168e-02 3.237643431576e-01 2.669317226628e-03 9.575323263729e+04 1.022694780123e+05 1.000000000000e+05 7.432230623314e+03 5.381450657735e+02 1.800000000000e+06 7.470565621095e+04 5.401857595077e+04 2.160743038022e+05 0.000000000000e+00 0.000000000000e+00 0.000000000000e+00 1.943056189985e-02 3.018745887822e-02 3.457611989755e-01 0.000000000000e+00 0.000000000000e+00 0.000000000000e+00 0.000000000000e+00 0.000000000000e+00 
9.800000000000e+00 1.138133088085e-02 3.218355726520e-01 2.711721613830e-03 9.528158790020e+04 1.019130987356e+05 1.000000000000e+05 7.434461501098e+03 5.386235318357e+02 1.800000000000e+06 7.434720814718e+04 5.401857595077e+04 2.160743038022e+05 0.000000000000e+00 0.000000000000e+00 0.000000000000e+00 1.933733137830e-02 3.015180695014e-02 3.441025272833e-01 0.000000000000e+00 0.000000000000e+00 0.000000000000e+00 0.000000000000e+00 0.000000000000e+00 
9.805000000000e+00 1.136765955535e-02 3.199034746793e-01 2.752918771280e-03 9.480571839229e+04 1.015501252951e+05 1.000000000000e+05 7.436729860165e+03 5.391102197877e+02 1.800000000000e+06 7.398475360824e+04 5.401857595077e+04 2.160743038022e+05 0.000000000000e+00 0.000000000000e+00 0.000000000000e+00 1.924305879291e-02 3.011560310560e-02 3.424252982608e-01 0.000000000000e+00 0.000000000000e+00 0.000000000000e+00 0.000000000000e+00 0.000000000000e+00 
9.810000000000e+00 1.135378631175e-02 3.179700377233e-01 2.792802920436e-03 9.432600847394e+04 1.011806724618e+05 1.000000000000e+05 7.439034790973e+03 5.396049438237e+02 1.800000000000e+06 7.361856148090e+04 5.401857595077e+04 2.160743038022e+05 0.000000000000e+00 0.000000000000e+00 0.000000000000e+00 1.914781407975e-02 3.007886414695e-02 3.407307556509e-01 0.000000000000e+00 0.000000000000e+00 0.000000000000e+00 0.000000000000e+00 0.000000000000e+00 
9.815000000000e+00 1.133971800900e-02 3.160372686762e-01 2.831271543652e-03 9.384285261758e+04 1.008048698956e+05 1.000000000000e+05 7.441375294635e+03 5.401074986920e+02 1.800000000000e+06 7.324891216864e+04 5.401857595077e+04 2.160743038022e+05 0.000000000000e+00 0.000000000000e+00 0.000000000000e+00 1.905167017034e-02 3.004160825713e-02 3.390201965260e-01 0.000000000000e+00 0.000000000000e+00 0.000000000000e+00 0.000000000000e+00 0.000000000000e+00 
9.820000000000e+00 1.132546201333e-02 3.141071718919e-01 2.868223636374e-03 9.335665962497e+04 1.004228620394e+05 1.000000000000e+05 7.443750284067e+03 5.406176600086e+02 1.800000000000e+06 7.287609657784e+04 5.401857595077e+04 2.160743038022e+05 0.000000000000e+00 0.000000000000e+00 0.000000000000e+00 1.895470272795e-02 3.000385495566e-02 3.372949666261e-01 0.000000000000e+00 0.000000000000e+00 0.000000000000e+00 0.000000000000e+00 0.000000000000e+00 
9.825000000000e+00 1.131102618563e-02 3.121817692504e-01 2.903561883959e-03 9.286784726386e+04 1.000348080787e+05 1.000000000000e+05 7.446158585682e+03 5.411351844853e+02 1.800000000000e+06 7.250041564969e+04 5.401857595077e+04 2.160743038022e+05 0.000000000000e+00 0.000000000000e+00 0.000000000000e+00 1.885699002587e-02 2.996562506778e-02 3.355564581591e-01 0.000000000000e+00 0.000000000000e+00 0.000000000000e+00 0.000000000000e+00 0.000000000000e+00 
9.830000000000e+00 1.129641886720e-02 3.102631030029e-01 2.937191130380e-03 9.237684596282e+04 9.964088186303e+04 1.000000000000e+05 7.448598940453e+03 5.416598102119e+02 1.800000000000e+06 7.212217960823e+04 5.401857595077e+04 2.160743038022e+05 0.000000000000e+00 0.000000000000e+00 0.000000000000e+00 1.875861275180e-02 2.992694069632e-02 3.338061063156e-01 0.000000000000e+00 0.000000000000e+00 0.000000000000e+00 0.000000000000e+00 0.000000000000e+00 
9.835000000000e+00 1.128164886553e-02 3.083532171550e-01 2.969020673571e-03 9.188409305756e+04 9.924127182835e+04 1.000000000000e+05 7.451070005892e+03 5.421912569378e+02 1.800000000000e+06 7.174170793955e+04 5.401857595077e+04 2.160743038022e+05 0.000000000000e+00 0.000000000000e+00 0.000000000000e+00 1.865965400242e-02 2.988782516696e-02 3.320453891901e-01 0.000000000000e+00 0.000000000000e+00 0.000000000000e+00 0.000000000000e+00 0.000000000000e+00 
9.840000000000e+00 1.126672541986e-02 3.064540551190e-01 2.998966104954e-03 9.139002751974e+04 9.883618036936e+04 1.000000000000e+05 7.453570361311e+03 5.427292270849e+02 1.800000000000e+06 7.135932732002e+04 5.401857595077e+04 2.160743038022e+05 0.000000000000e+00 0.000000000000e+00 0.000000000000e+00 1.856019874463e-02 2.984830294119e-02 3.302758182926e-01 0.000000000000e+00 0.000000000000e+00 0.000000000000e+00 0.000000000000e+00 0.000000000000e+00 
9.845000000000e+00 1.125165818326e-02 3.045675467970e-01 3.026948441224e-03 9.089509180809e+04 9.842582365137e+04 1.000000000000e+05 7.456098509707e+03 5.432734061723e+02 1.800000000000e+06 7.097537051427e+04 5.401857595077e+04 2.160743038022e+05 0.000000000000e+00 0.000000000000e+00 0.000000000000e+00 1.846033352881e-02 2.980839958663e-02 3.284989333524e-01 0.000000000000e+00 0.000000000000e+00 0.000000000000e+00 0.000000000000e+00 0.000000000000e+00 
9.850000000000e+00 1.123645719796e-02 3.026956257037e-01 3.052890345889e-03 9.039974078879e+04 9.801043123259e+04 1.000000000000e+05 7.458652880108e+03 5.438234634894e+02 1.800000000000e+06 7.059017527884e+04 5.401857595077e+04 2.160743038022e+05 0.000000000000e+00 0.000000000000e+00 0.000000000000e+00 1.836014620371e-02 2.976814169286e-02 3.267162972165e-01 0.000000000000e+00 0.000000000000e+00 0.000000000000e+00 0.000000000000e+00 0.000000000000e+00 
9.855000000000e+00 1.122113286106e-02 3.008401100247e-01 3.076725191500e-03 8.990441839652e+04 9.759024541315e+04 1.000000000000e+05 7.461231834642e+03 5.443790531268e+02 1.800000000000e+06 7.020408387930e+04 5.401857595077e+04 2.160743038022e+05 0.000000000000e+00 0.000000000000e+00 0.000000000000e+00 1.825972579087e-02 2.972755675100e-02 3.249294937385e-01 0.000000000000e+00 0.000000000000e+00 0.000000000000e+00 0.000000000000e+00 0.000000000000e+00 
9.860000000000e+00 1.120569572732e-02 2.990026970229e-01 3.098391269243e-03 8.940956650477e+04 9.716551607632e+04 1.000000000000e+05 7.463833699543e+03 5.449398209449e+02 1.800000000000e+06 6.981743995743e+04 5.401857595077e+04 2.160743038022e+05 0.000000000000e+00 0.000000000000e+00 0.000000000000e+00 1.815916166978e-02 2.968667310492e-02 3.231401132734e-01 0.000000000000e+00 0.000000000000e+00 0.000000000000e+00 0.000000000000e+00 0.000000000000e+00 
9.865000000000e+00 1.119015700001e-02 2.971850509341e-01 3.117837074276e-03 8.891562580598e+04 9.673651444934e+04 1.000000000000e+05 7.466456683121e+03 5.455053865573e+02 1.800000000000e+06 6.943058749521e+04 5.401857595077e+04 2.160743038022e+05 0.000000000000e+00 0.000000000000e+00 0.000000000000e+00 1.805854330841e-02 2.964551985445e-02 3.213497477813e-01 0.000000000000e+00 0.000000000000e+00 0.000000000000e+00 0.000000000000e+00 0.000000000000e+00 
9.870000000000e+00 1.117452782519e-02 2.953887335552e-01 3.135015920065e-03 8.842302917396e+04 9.630351393822e+04 1.000000000000e+05 7.469098992442e+03 5.460753687841e+02 1.800000000000e+06 6.904386970422e+04 5.401857595077e+04 2.160743038022e+05 0.000000000000e+00 0.000000000000e+00 0.000000000000e+00 1.795795997434e-02 2.960412675005e-02 3.195599857537e-01 0.000000000000e+00 0.000000000000e+00 0.000000000000e+00 0.000000000000e+00 0.000000000000e+00 
9.875000000000e+00 1.115881964026e-02 2.936151984403e-01 3.149890132178e-03 8.793220108738e+04 9.586679991443e+04 1.000000000000e+05 7.471758775173e+03 5.466493728512e+02 1.800000000000e+06 6.865762724785e+04 5.401857595077e+04 2.160743038022e+05 0.000000000000e+00 0.000000000000e+00 0.000000000000e+00 1.785750027239e-02 2.956252408693e-02 3.177724039855e-01 0.000000000000e+00 0.000000000000e+00 0.000000000000e+00 0.000000000000e+00 0.000000000000e+00 
9.880000000000e+00 1.114304404587e-02 2.918657840947e-01 3.162430775826e-03 8.744355457050e+04 9.542666638202e+04 1.000000000000e+05 7.474434140534e+03 5.472269949072e+02 1.800000000000e+06 6.827219676538e+04 5.401857595077e+04 2.160743038022e+05 0.000000000000e+00 0.000000000000e+00 0.000000000000e+00 1.775725176073e-02 2.952074258798e-02 3.159885607421e-01 0.000000000000e+00 0.000000000000e+00 0.000000000000e+00 0.000000000000e+00 0.000000000000e+00 
9.885000000000e+00 1.112721276017e-02 2.901416938761e-01 3.172617930594e-03 8.695748905746e+04 9.498341487365e+04 1.000000000000e+05 7.477123166655e+03 5.478078235782e+02 1.800000000000e+06 6.788790889170e+04 5.401857595077e+04 2.160743038022e+05 0.000000000000e+00 0.000000000000e+00 0.000000000000e+00 1.765730043582e-02 2.947881329232e-02 3.142099866086e-01 0.000000000000e+00 0.000000000000e+00 0.000000000000e+00 0.000000000000e+00 0.000000000000e+00 
9.890000000000e+00 1.111133757312e-02 2.884439923085e-01 3.180441224789e-03 8.647438754773e+04 9.453735331749e+04 1.000000000000e+05 7.479823908087e+03 5.483914415432e+02 1.800000000000e+06 6.750508663402e+04 5.401857595077e+04 2.160743038022e+05 0.000000000000e+00 0.000000000000e+00 0.000000000000e+00 1.755773031018e-02 2.943676742467e-02 3.124381769675e-01 0.000000000000e+00 0.000000000000e+00 0.000000000000e+00 0.000000000000e+00 0.000000000000e+00 
9.895000000000e+00 1.109543029962e-02 2.867736056808e-01 3.185899461438e-03 8.599461597306e+04 9.408879483794e+04 1.000000000000e+05 7.482534403390e+03 5.489774271791e+02 1.800000000000e+06 6.712404360875e+04 5.401857595077e+04 2.160743038022e+05 0.000000000000e+00 0.000000000000e+00 0.000000000000e+00 1.745862295387e-02 2.939463628116e-02 3.106745838359e-01 0.000000000000e+00 0.000000000000e+00 0.000000000000e+00 0.000000000000e+00 0.000000000000e+00 
9.900000000000e+00 1.107950273735e-02 2.851313578248e-01 3.188998695145e-03 8.551852661440e+04 9.363805665414e+04 1.000000000000e+05 7.485252681659e+03 5.495653560572e+02 1.800000000000e+06 6.674508267250e+04 5.401857595077e+04 2.160743038022e+05 0.000000000000e+00 0.000000000000e+00 0.000000000000e+00 1.736005713833e-02 2.935245111686e-02 3.089206094796e-01 0.000000000000e+00 0.000000000000e+00 0.000000000000e+00 0.000000000000e+00 0.000000000000e+00 
9.905000000000e+00 1.106356662578e-02 2.835179656283e-01 3.189755289506e-03 8.504644886825e+04 9.318545897922e+04 1.000000000000e+05 7.487976770156e+03 5.501548024223e+02 1.800000000000e+06 6.636849576528e+04 5.401857595077e+04 2.160743038022e+05 0.000000000000e+00 0.000000000000e+00 0.000000000000e+00 1.726210879570e-02 2.931024299250e-02 3.071776056903e-01 0.000000000000e+00 0.000000000000e+00 0.000000000000e+00 0.000000000000e+00 0.000000000000e+00 
9.910000000000e+00 1.104763358942e-02 2.819339141485e-01 3.188195315764e-03 8.457868876313e+04 9.273132343733e+04 1.000000000000e+05 7.490704703859e+03 5.507453412793e+02 1.800000000000e+06 6.599456098823e+04 5.401857595077e+04 2.160743038022e+05 0.000000000000e+00 0.000000000000e+00 0.000000000000e+00 1.716485025865e-02 2.926804269084e-02 3.054468603889e-01 0.000000000000e+00 0.000000000000e+00 0.000000000000e+00 0.000000000000e+00 0.000000000000e+00 
9.915000000000e+00 1.103171510419e-02 2.803796280769e-01 3.184352301377e-03 8.411553336265e+04 9.227597209758e+04 1.000000000000e+05 7.493434530774e+03 5.513365496563e+02 1.800000000000e+06 6.562354197518e+04 5.401857595077e+04 2.160743038022e+05 0.000000000000e+00 0.000000000000e+00 0.000000000000e+00 1.706835009702e-02 2.922588061074e-02 3.037295945206e-01 0.000000000000e+00 0.000000000000e+00 0.000000000000e+00 0.000000000000e+00 0.000000000000e+00 
9.920000000000e+00 1.101582245240e-02 2.788553847433e-01 3.178268776259e-03 8.365724512241e+04 9.181972615420e+04 1.000000000000e+05 7.496164320209e+03 5.519280083082e+02 1.800000000000e+06 6.525568728209e+04 5.401857595077e+04 2.160743038022e+05 0.000000000000e+00 0.000000000000e+00 0.000000000000e+00 1.697267295895e-02 2.918378663638e-02 3.020269593232e-01 0.000000000000e+00 0.000000000000e+00 0.000000000000e+00 0.000000000000e+00 0.000000000000e+00 
9.925000000000e+00 1.099996667918e-02 2.773613152035e-01 3.169995412103e-03 8.320406239366e+04 9.136290460826e+04 1.000000000000e+05 7.498892170336e+03 5.525193033999e+02 1.800000000000e+06 6.489122899273e+04 5.401857595077e+04 2.160743038022e+05 0.000000000000e+00 0.000000000000e+00 0.000000000000e+00 1.687787920824e-02 2.914179002358e-02 3.003400298671e-01 0.000000000000e+00 0.000000000000e+00 0.000000000000e+00 0.000000000000e+00 0.000000000000e+00 
9.930000000000e+00 1.098415855933e-02 2.758974675730e-01 3.159588961840e-03 8.275620333413e+04 9.090582321915e+04 1.000000000000e+05 7.501616213744e+03 5.531100278192e+02 1.800000000000e+06 6.453038239127e+04 5.401857595077e+04 2.160743038022e+05 0.000000000000e+00 0.000000000000e+00 0.000000000000e+00 1.678402483922e-02 2.909991930805e-02 2.986698034700e-01 0.000000000000e+00 0.000000000000e+00 0.000000000000e+00 0.000000000000e+00 0.000000000000e+00 
9.935000000000e+00 1.096840855636e-02 2.744637351692e-01 3.147114744736e-03 8.231385787218e+04 9.044879319538e+04 1.000000000000e+05 7.504334625574e+03 5.536997828107e+02 1.800000000000e+06 6.417334525533e+04 5.401857595077e+04 2.160743038022e+05 0.000000000000e+00 0.000000000000e+00 0.000000000000e+00 1.669116129284e-02 2.905820220381e-02 2.970171965003e-01 0.000000000000e+00 0.000000000000e+00 0.000000000000e+00 0.000000000000e+00 0.000000000000e+00 
9.940000000000e+00 1.095272678801e-02 2.730598936775e-01 3.132644939781e-03 8.187719061836e+04 8.999212004431e+04 1.000000000000e+05 7.507045629576e+03 5.542881793858e+02 1.800000000000e+06 6.382029705040e+04 5.401857595077e+04 2.160743038022e+05 0.000000000000e+00 0.000000000000e+00 0.000000000000e+00 1.659933524716e-02 2.901666550978e-02 2.953830406019e-01 0.000000000000e+00 0.000000000000e+00 0.000000000000e+00 0.000000000000e+00 0.000000000000e+00 
9.945000000000e+00 1.093712299329e-02 2.716856010464e-01 3.116258004952e-03 8.144634093326e+04 8.953610243537e+04 1.000000000000e+05 7.509747504267e+03 5.548748396982e+02 1.800000000000e+06 6.347139850110e+04 5.401857595077e+04 2.160743038022e+05 0.000000000000e+00 0.000000000000e+00 0.000000000000e+00 1.650858850585e-02 2.897533502183e-02 2.937680807115e-01 0.000000000000e+00 0.000000000000e+00 0.000000000000e+00 0.000000000000e+00 0.000000000000e+00 
9.950000000000e+00 1.092160650157e-02 2.703404008980e-01 3.098038333830e-03 8.102142243970e+04 8.908103109494e+04 1.000000000000e+05 7.512438588883e+03 5.554593983640e+02 1.800000000000e+06 6.312679117722e+04 5.401857595077e+04 2.160743038022e+05 0.000000000000e+00 0.000000000000e+00 0.000000000000e+00 1.641895789048e-02 2.893423545120e-02 2.921729731365e-01 0.000000000000e+00 0.000000000000e+00 0.000000000000e+00 0.000000000000e+00 0.000000000000e+00 
9.955000000000e+00 1.090618620487e-02 2.690237331487e-01 3.078075609827e-03 8.060252341818e+04 8.862718777168e+04 1.000000000000e+05 7.515117288754e+03 5.560415036759e+02 1.800000000000e+06 6.278659725468e+04 5.401857595077e+04 2.160743038022e+05 0.000000000000e+00 0.000000000000e+00 0.000000000000e+00 1.633047517839e-02 2.889339035132e-02 2.905982844366e-01 0.000000000000e+00 0.000000000000e+00 0.000000000000e+00 0.000000000000e+00 0.000000000000e+00 
9.960000000000e+00 1.089087053299e-02 2.677349395821e-01 3.056464311211e-03 8.018970690216e+04 8.817484426072e+04 1.000000000000e+05 7.517782080295e+03 5.566208187295e+02 1.800000000000e+06 6.245091944195e+04 5.401857595077e+04 2.160743038022e+05 0.000000000000e+00 0.000000000000e+00 0.000000000000e+00 1.624316708353e-02 2.885282205187e-02 2.890444910776e-01 0.000000000000e+00 0.000000000000e+00 0.000000000000e+00 0.000000000000e+00 0.000000000000e+00 
9.965000000000e+00 1.087566743124e-02 2.664732694667e-01 3.033303098114e-03 7.978301117082e+04 8.772426148621e+04 1.000000000000e+05 7.520431515564e+03 5.571970224627e+02 1.800000000000e+06 6.211984098027e+04 5.401857595077e+04 2.160743038022e+05 0.000000000000e+00 0.000000000000e+00 0.000000000000e+00 1.615705525654e-02 2.881255159984e-02 2.875119794265e-01 0.000000000000e+00 0.000000000000e+00 0.000000000000e+00 0.000000000000e+00 0.000000000000e+00 
9.970000000000e+00 1.086058434096e-02 2.652378843830e-01 3.008694399335e-03 7.938244981749e+04 8.727568864893e+04 1.000000000000e+05 7.523064226427e+03 5.577698106023e+02 1.800000000000e+06 6.179342576162e+04 5.401857595077e+04 2.160743038022e+05 0.000000000000e+00 0.000000000000e+00 0.000000000000e+00 1.607215631537e-02 2.877259870803e-02 2.860010462941e-01 0.000000000000e+00 0.000000000000e+00 0.000000000000e+00 0.000000000000e+00 0.000000000000e+00 
9.975000000000e+00 1.084562818224e-02 2.640278608528e-01 2.982743829971e-03 7.898801233955e+04 8.682936242311e+04 1.000000000000e+05 7.525678928340e+03 5.583388965381e+02 1.800000000000e+06 6.147171844580e+04 5.401857595077e+04 2.160743038022e+05 0.000000000000e+00 0.000000000000e+00 0.000000000000e+00 1.598848187584e-02 2.873298170914e-02 2.845118994748e-01 0.000000000000e+00 0.000000000000e+00 0.000000000000e+00 0.000000000000e+00 0.000000000000e+00 
9.980000000000e+00 1.083080533994e-02 2.628422021735e-01 2.955559506710e-03 7.859966512127e+04 8.638550624257e+04 1.000000000000e+05 7.528274423541e+03 5.589040120766e+02 1.800000000000e+06 6.115474470987e+04 5.401857595077e+04 2.160743038022e+05 0.000000000000e+00 0.000000000000e+00 0.000000000000e+00 1.590603861640e-02 2.869371751892e-02 2.830446588902e-01 0.000000000000e+00 0.000000000000e+00 0.000000000000e+00 0.000000000000e+00 0.000000000000e+00 
9.985000000000e+00 1.081612165245e-02 2.616798405460e-01 2.927251821425e-03 7.821735131221e+04 8.594432965558e+04 1.000000000000e+05 7.530849603921e+03 5.594649081008e+02 1.800000000000e+06 6.084251164967e+04 5.401857595077e+04 2.160743038022e+05 0.000000000000e+00 0.000000000000e+00 0.000000000000e+00 1.582482838265e-02 2.865482160620e-02 2.815993584472e-01 0.000000000000e+00 0.000000000000e+00 0.000000000000e+00 0.000000000000e+00 0.000000000000e+00 
9.990000000000e+00 1.080158240173e-02 2.605396393542e-01 2.897932649399e-03 7.784099225667e+04 8.550602771582e+04 1.000000000000e+05 7.533403453515e+03 5.600213551798e+02 1.800000000000e+06 6.053500803222e+04 5.401857595077e+04 2.160743038022e+05 0.000000000000e+00 0.000000000000e+00 0.000000000000e+00 1.574484825294e-02 2.861630796666e-02 2.801759472065e-01 0.000000000000e+00 0.000000000000e+00 0.000000000000e+00 0.000000000000e+00 0.000000000000e+00 
9.995000000000e+00 1.078719230644e-02 2.594203962428e-01 2.867715436586e-03 7.747048671769e+04 8.507078045865e+04 1.000000000000e+05 7.535935050696e+03 5.605731440668e+02 1.800000000000e+06 6.023220475849e+04 5.401857595077e+04 2.160743038022e+05 0.000000000000e+00 0.000000000000e+00 0.000000000000e+00 1.566609065878e-02 2.857818910454e-02 2.787742915229e-01 0.000000000000e+00 0.000000000000e+00 0.000000000000e+00 0.000000000000e+00 0.000000000000e+00 
1.000000000000e+01 1.077295552058e-02 2.583208863471e-01 2.836712796945e-03 7.710571689140e+04 8.463875254286e+04 1.000000000000e+05 7.538443568764e+03 5.611200859853e+02 1.800000000000e+06 5.993405541223e+04 5.401857595077e+04 2.160743038022e+05 0.000000000000e+00 0.000000000000e+00 0.000000000000e+00 1.558854352752e-02 2.854047602903e-02 2.773941775434e-01 0.000000000000e+00 0.000000000000e+00 0.000000000000e+00 0.000000000000e+00 0.000000000000e+00 
