9.000000000000e+00 3.287342429094e-01 2.474276660742e+00 9.361554112916e-02 9.016995600972e+04 9.063837256202e+04 1.003162205574e+05 2.283488426636e+03 5.585222537918e+02 3.400000000000e+06 0.000000000000e+00 -8.752000000000e-01 -8.752000000000e-01 0.000000000000e+00 0.000000000000e+00 0.000000000000e+00 -0.000000000000e+00 3.365566402355e+00 0.000000000000e+00 0.000000000000e+00 0.000000000000e+00 0.000000000000e+00 0.000000000000e+00 0.000000000000e+00 
9.005000000000e+00 3.282637183285e-01 2.217422574854e+00 9.458885016824e-02 8.969494027205e+04 9.017720093939e+04 1.003122393837e+05 2.284396547353e+03 5.590793116470e+02 3.400000000000e+06 0.000000000000e+00 -8.752000000000e-01 -8.752000000000e-01 0.000000000000e+00 0.000000000000e+00 0.000000000000e+00 -0.000000000000e+00 3.360753852356e+00 0.000000000000e+00 0.000000000000e+00 0.000000000000e+00 0.000000000000e+00 0.000000000000e+00 0.000000000000e+00 
9.010000000000e+00 3.277886605302e-01 1.969949091873e+00 9.543530154323e-02 8.921483195802e+04 8.970991689358e+04 1.003082681605e+05 2.285314935316e+03 5.596434413001e+02 3.400000000000e+06 0.000000000000e+00 -8.752000000000e-01 -8.752000000000e-01 0.000000000000e+00 0.000000000000e+00 0.000000000000e+00 -0.000000000000e+00 3.355895230508e+00 0.000000000000e+00 0.000000000000e+00 0.000000000000e+00 0.000000000000e+00 0.000000000000e+00 0.000000000000e+00 
9.015000000000e+00 3.273097075962e-01 1.732345573049e+00 9.615414965238e-02 8.873022683163e+04 8.923709533486e+04 1.003043129499e+05 2.286242411110e+03 5.602139287684e+02 3.400000000000e+06 0.000000000000e+00 -8.752000000000e-01 -8.752000000000e-01 0.000000000000e+00 0.000000000000e+00 0.000000000000e+00 -0.000000000000e+00 3.350997065166e+00 0.000000000000e+00 0.000000000000e+00 0.000000000000e+00 0.000000000000e+00 0.000000000000e+00 0.000000000000e+00 
9.020000000000e+00 3.268274992662e-01 1.505056899075e+00 9.674586898650e-02 8.824172035911e+04 8.875932111970e+04 1.003003795567e+05 2.287177785782e+03 5.607900492155e+02 3.400000000000e+06 0.000000000000e+00 -8.752000000000e-01 -8.752000000000e-01 0.000000000000e+00 0.000000000000e+00 0.000000000000e+00 -0.000000000000e+00 3.346065888068e+00 0.000000000000e+00 0.000000000000e+00 0.000000000000e+00 0.000000000000e+00 0.000000000000e+00 0.000000000000e+00 
9.025000000000e+00 3.263426711823e-01 1.288478607599e+00 9.721108468509e-02 8.774991113130e+04 8.827718361712e+04 1.002964734845e+05 2.288119868922e+03 5.613710736845e+02 3.400000000000e+06 0.000000000000e+00 -8.752000000000e-01 -8.752000000000e-01 0.000000000000e+00 0.000000000000e+00 0.000000000000e+00 -0.000000000000e+00 3.341108180734e+00 0.000000000000e+00 0.000000000000e+00 0.000000000000e+00 0.000000000000e+00 0.000000000000e+00 0.000000000000e+00 
9.030000000000e+00 3.258558539338e-01 1.082955494640e+00 9.755150580604e-02 8.725539210288e+04 8.779127592262e+04 1.002925999341e+05 2.289067472895e+03 5.619562702089e+02 3.400000000000e+06 0.000000000000e+00 -8.752000000000e-01 -8.752000000000e-01 0.000000000000e+00 0.000000000000e+00 0.000000000000e+00 -0.000000000000e+00 3.336130338551e+00 0.000000000000e+00 0.000000000000e+00 0.000000000000e+00 0.000000000000e+00 0.000000000000e+00 0.000000000000e+00 
9.035000000000e+00 3.253676663813e-01 8.887840976010e-01 9.776972361171e-02 8.675874552952e+04 8.730218828216e+04 1.002887637575e+05 2.290019425274e+03 5.625449118809e+02 3.400000000000e+06 0.000000000000e+00 -8.752000000000e-01 -8.752000000000e-01 0.000000000000e+00 0.000000000000e+00 0.000000000000e+00 -0.000000000000e+00 3.331138649360e+00 0.000000000000e+00 0.000000000000e+00 0.000000000000e+00 0.000000000000e+00 0.000000000000e+00 0.000000000000e+00 
9.040000000000e+00 3.248787121732e-01 7.062104774973e-01 9.786887449592e-02 8.626054215942e+04 8.681050455330e+04 1.002849694432e+05 2.290974574870e+03 5.631362812298e+02 3.400000000000e+06 0.000000000000e+00 -8.752000000000e-01 -8.752000000000e-01 0.000000000000e+00 0.000000000000e+00 0.000000000000e+00 -0.000000000000e+00 3.326139286074e+00 0.000000000000e+00 0.000000000000e+00 0.000000000000e+00 0.000000000000e+00 0.000000000000e+00 0.000000000000e+00 
9.045000000000e+00 3.243895794451e-01 5.354323862478e-01 9.785232034307e-02 8.576134346242e+04 8.631680177528e+04 1.002812211261e+05 2.291931791670e+03 5.637296708388e+02 3.400000000000e+06 0.000000000000e+00 -8.752000000000e-01 -8.752000000000e-01 0.000000000000e+00 0.000000000000e+00 0.000000000000e+00 -0.000000000000e+00 3.321138264402e+00 0.000000000000e+00 0.000000000000e+00 0.000000000000e+00 0.000000000000e+00 0.000000000000e+00 0.000000000000e+00 
9.050000000000e+00 3.239008449291e-01 3.766063324380e-01 9.772165833962e-02 8.526172270447e+04 8.582165417924e+04 1.002775226328e+05 2.292889953658e+03 5.643243786166e+02 3.400000000000e+06 0.000000000000e+00 -8.752000000000e-01 -8.752000000000e-01 0.000000000000e+00 0.000000000000e+00 0.000000000000e+00 -0.000000000000e+00 3.316141425341e+00 0.000000000000e+00 0.000000000000e+00 0.000000000000e+00 0.000000000000e+00 0.000000000000e+00 0.000000000000e+00 
9.055000000000e+00 3.234130644074e-01 2.298344281317e-01 9.748284857841e-02 8.476220252517e+04 8.532562334986e+04 1.002738774230e+05 2.293847982276e+03 5.649197196953e+02 3.400000000000e+06 0.000000000000e+00 -8.752000000000e-01 -8.752000000000e-01 0.000000000000e+00 0.000000000000e+00 0.000000000000e+00 -0.000000000000e+00 3.311154377763e+00 0.000000000000e+00 0.000000000000e+00 0.000000000000e+00 0.000000000000e+00 0.000000000000e+00 0.000000000000e+00 
9.060000000000e+00 3.229267669981e-01 9.517037923645e-02 9.714050268783e-02 8.426329744239e+04 8.482925206025e+04 1.002702885637e+05 2.294804838768e+03 5.655150338603e+02 3.400000000000e+06 0.000000000000e+00 -8.752000000000e-01 -8.752000000000e-01 0.000000000000e+00 0.000000000000e+00 0.000000000000e+00 -0.000000000000e+00 3.306182507884e+00 0.000000000000e+00 0.000000000000e+00 0.000000000000e+00 0.000000000000e+00 0.000000000000e+00 0.000000000000e+00 
9.065000000000e+00 3.224424683140e-01 -2.736313917015e-02 9.669403457769e-02 8.376556038666e+04 8.433307732305e+04 1.002667588445e+05 2.295759488262e+03 5.661096699144e+02 3.400000000000e+06 0.000000000000e+00 -8.752000000000e-01 -8.752000000000e-01 0.000000000000e+00 0.000000000000e+00 0.000000000000e+00 -0.000000000000e+00 3.301231209965e+00 0.000000000000e+00 0.000000000000e+00 0.000000000000e+00 0.000000000000e+00 0.000000000000e+00 0.000000000000e+00 
9.070000000000e+00 3.219607952284e-01 -1.376298881562e-01 9.609314455895e-02 8.327009782410e+04 8.383775869766e+04 1.002632916832e+05 2.296710532053e+03 5.667028321270e+02 3.400000000000e+06 0.000000000000e+00 -8.752000000000e-01 -8.752000000000e-01 0.000000000000e+00 0.000000000000e+00 0.000000000000e+00 -0.000000000000e+00 3.296308116987e+00 0.000000000000e+00 0.000000000000e+00 0.000000000000e+00 0.000000000000e+00 0.000000000000e+00 0.000000000000e+00 
9.075000000000e+00 3.214831632979e-01 -2.347620637533e-01 9.508704121927e-02 8.278059121402e+04 8.334478088460e+04 1.002598958707e+05 2.297654449958e+03 5.672927404412e+02 3.400000000000e+06 0.000000000000e+00 -8.752000000000e-01 -8.752000000000e-01 0.000000000000e+00 0.000000000000e+00 0.000000000000e+00 -0.000000000000e+00 3.291432039714e+00 0.000000000000e+00 0.000000000000e+00 0.000000000000e+00 0.000000000000e+00 0.000000000000e+00 0.000000000000e+00 
9.080000000000e+00 3.210135821718e-01 -3.157133083543e-01 9.302084857212e-02 8.230699188526e+04 8.285834219818e+04 1.002565978452e+05 2.298581435324e+03 5.678743771665e+02 3.400000000000e+06 0.000000000000e+00 -8.752000000000e-01 -8.752000000000e-01 0.000000000000e+00 0.000000000000e+00 0.000000000000e+00 -0.000000000000e+00 3.286652106616e+00 0.000000000000e+00 0.000000000000e+00 0.000000000000e+00 0.000000000000e+00 0.000000000000e+00 0.000000000000e+00 
9.085000000000e+00 3.205612416778e-01 -3.733134050215e-01 8.854100836276e-02 8.187088770404e+04 8.238809531399e+04 1.002534584911e+05 2.299469379019e+03 5.684362260689e+02 3.400000000000e+06 0.000000000000e+00 -8.752000000000e-01 -8.752000000000e-01 0.000000000000e+00 0.000000000000e+00 0.000000000000e+00 -0.000000000000e+00 3.282081225319e+00 0.000000000000e+00 0.000000000000e+00 0.000000000000e+00 0.000000000000e+00 0.000000000000e+00 0.000000000000e+00 
9.090000000000e+00 3.201458091685e-01 -3.923547054892e-01 7.921536152309e-02 8.151453893570e+04 8.195476914265e+04 1.002506074252e+05 2.300272153201e+03 5.689535860977e+02 3.400000000000e+06 0.000000000000e+00 -8.752000000000e-01 -8.752000000000e-01 0.000000000000e+00 0.000000000000e+00 0.000000000000e+00 -0.000000000000e+00 3.277941139958e+00 0.000000000000e+00 0.000000000000e+00 0.000000000000e+00 0.000000000000e+00 0.000000000000e+00 0.000000000000e+00 
9.095000000000e+00 3.198000429978e-01 -3.495378740536e-01 6.240138097109e-02 8.129622028421e+04 8.159304821279e+04 1.002482577031e+05 2.300916606931e+03 5.693851755485e+02 3.400000000000e+06 0.000000000000e+00 -8.752000000000e-01 -8.752000000000e-01 0.000000000000e+00 0.000000000000e+00 0.000000000000e+00 -0.000000000000e+00 3.274580438495e+00 0.000000000000e+00 0.000000000000e+00 0.000000000000e+00 0.000000000000e+00 0.000000000000e+00 0.000000000000e+00 
9.100000000000e+00 3.195685552429e-01 -2.157850776607e-01 3.610990483916e-02 8.128126588985e+04 8.135033795595e+04 1.002466962820e+05 2.301307379314e+03 5.696746231897e+02 3.400000000000e+06 0.000000000000e+00 -8.752000000000e-01 -8.752000000000e-01 0.000000000000e+00 0.000000000000e+00 0.000000000000e+00 -0.000000000000e+00 3.272428710389e+00 0.000000000000e+00 0.000000000000e+00 0.000000000000e+00 0.000000000000e+00 0.000000000000e+00 0.000000000000e+00 
9.105000000000e+00 3.194990083926e-01 3.783609923159e-02 4.252549312070e-04 8.151984362852e+04 8.127733454583e+04 1.002462290009e+05 2.301348683618e+03 5.697616618019e+02 3.400000000000e+06 0.000000000000e+00 -8.752000000000e-01 -8.752000000000e-01 0.000000000000e+00 0.000000000000e+00 0.000000000000e+00 -0.000000000000e+00 3.271917396434e+00 0.000000000000e+00 0.000000000000e+00 0.000000000000e+00 0.000000000000e+00 0.000000000000e+00 0.000000000000e+00 
9.110000000000e+00 3.196216033256e-01 4.292881861732e-01 -4.518629569756e-02 8.204808927262e+04 8.140599619026e+04 1.002470532744e+05 2.300978552417e+03 5.696082573821e+02 3.400000000000e+06 0.000000000000e+00 -8.752000000000e-01 -8.752000000000e-01 0.000000000000e+00 0.000000000000e+00 0.000000000000e+00 -0.000000000000e+00 3.273534191694e+00 0.000000000000e+00 0.000000000000e+00 0.000000000000e+00 0.000000000000e+00 0.000000000000e+00 0.000000000000e+00 
9.115000000000e+00 3.200004045828e-01 9.957718679116e-01 -1.008570547499e-01 8.293256415699e+04 8.180277287976e+04 1.002496167400e+05 2.300069732212e+03 5.691349724108e+02 3.400000000000e+06 0.000000000000e+00 -8.752000000000e-01 -8.752000000000e-01 0.000000000000e+00 0.000000000000e+00 0.000000000000e+00 -0.000000000000e+00 3.277756281652e+00 0.000000000000e+00 0.000000000000e+00 0.000000000000e+00 0.000000000000e+00 0.000000000000e+00 0.000000000000e+00 
9.120000000000e+00 3.206796530619e-01 1.762286607752e+00 -1.644544363242e-01 8.419625771065e+04 8.251135270788e+04 1.002542767549e+05 2.298543165328e+03 5.682889995810e+02 3.400000000000e+06 0.000000000000e+00 -8.752000000000e-01 -8.752000000000e-01 0.000000000000e+00 0.000000000000e+00 0.000000000000e+00 -0.000000000000e+00 3.285038430007e+00 0.000000000000e+00 0.000000000000e+00 0.000000000000e+00 0.000000000000e+00 0.000000000000e+00 0.000000000000e+00 
9.125000000000e+00 3.216924777652e-01 2.744692083344e+00 -2.335847279224e-01 8.584484254564e+04 8.356104345559e+04 1.002613788823e+05 2.296345851670e+03 5.670340115531e+02 3.400000000000e+06 0.000000000000e+00 -8.752000000000e-01 -8.752000000000e-01 0.000000000000e+00 0.000000000000e+00 0.000000000000e+00 -0.000000000000e+00 3.295706829407e+00 0.000000000000e+00 0.000000000000e+00 0.000000000000e+00 0.000000000000e+00 0.000000000000e+00 0.000000000000e+00 
9.130000000000e+00 3.230579562546e-01 3.949873365063e+00 -3.052135988084e-01 8.786045336971e+04 8.496334129506e+04 1.002712523147e+05 2.293458053470e+03 5.653542596484e+02 3.400000000000e+06 0.000000000000e+00 -8.752000000000e-01 -8.752000000000e-01 0.000000000000e+00 0.000000000000e+00 0.000000000000e+00 -0.000000000000e+00 3.309934277415e+00 0.000000000000e+00 0.000000000000e+00 0.000000000000e+00 0.000000000000e+00 0.000000000000e+00 0.000000000000e+00 
9.135000000000e+00 3.247790957438e-01 5.375853151580e+00 -3.760442950096e-01 9.020386700293e+04 8.671010688417e+04 1.002842022389e+05 2.289895872705e+03 5.632569842407e+02 3.400000000000e+06 0.000000000000e+00 -8.752000000000e-01 -8.752000000000e-01 0.000000000000e+00 0.000000000000e+00 0.000000000000e+00 -0.000000000000e+00 3.327735795379e+00 0.000000000000e+00 0.000000000000e+00 0.000000000000e+00 0.000000000000e+00 0.000000000000e+00 0.000000000000e+00 
9.140000000000e+00 3.268432907552e-01 7.012017936395e+00 -4.430804755664e-01 9.282144914518e+04 8.877499512117e+04 1.003005076005e+05 2.285707701561e+03 5.607711543882e+02 3.400000000000e+06 0.000000000000e+00 -8.752000000000e-01 -8.752000000000e-01 0.000000000000e+00 0.000000000000e+00 0.000000000000e+00 -0.000000000000e+00 3.348975958989e+00 0.000000000000e+00 0.000000000000e+00 0.000000000000e+00 0.000000000000e+00 0.000000000000e+00 0.000000000000e+00 
9.145000000000e+00 3.292244853747e-01 8.840145024412e+00 -5.038416703053e-01 9.565105965031e+04 9.111712816237e+04 1.003204198101e+05 2.280967774765e+03 5.579436414155e+02 3.400000000000e+06 0.000000000000e+00 -8.752000000000e-01 -8.752000000000e-01 0.000000000000e+00 0.000000000000e+00 0.000000000000e+00 -0.000000000000e+00 3.373388753439e+00 0.000000000000e+00 0.000000000000e+00 0.000000000000e+00 0.000000000000e+00 0.000000000000e+00 0.000000000000e+00 
9.150000000000e+00 3.318856860965e-01 1.083646481639e+01 -5.563815507810e-01 9.862652295646e+04 9.368532892863e+04 1.003441543994e+05 2.275769379026e+03 5.548347054634e+02 3.400000000000e+06 0.000000000000e+00 -8.752000000000e-01 -8.752000000000e-01 0.000000000000e+00 0.000000000000e+00 0.000000000000e+00 -0.000000000000e+00 3.400602455943e+00 0.000000000000e+00 0.000000000000e+00 0.000000000000e+00 0.000000000000e+00 0.000000000000e+00 0.000000000000e+00 
9.155000000000e+00 3.347824613610e-01 1.297335909844e+01 -5.995545774355e-01 1.016846868373e+05 9.642320626197e+04 1.003718844761e+05 2.270215659767e+03 5.515123041985e+02 3.400000000000e+06 0.000000000000e+00 -8.752000000000e-01 -8.752000000000e-01 0.000000000000e+00 0.000000000000e+00 0.000000000000e+00 -0.000000000000e+00 3.430174497014e+00 0.000000000000e+00 0.000000000000e+00 0.000000000000e+00 0.000000000000e+00 0.000000000000e+00 0.000000000000e+00 
9.160000000000e+00 3.378665352283e-01 1.522126630241e+01 -6.328222988086e-01 1.047680364731e+05 9.927389749256e+04 1.004037342151e+05 2.264411939702e+03 5.480465650430e+02 3.400000000000e+06 0.000000000000e+00 -8.752000000000e-01 -8.752000000000e-01 0.000000000000e+00 0.000000000000e+00 0.000000000000e+00 -0.000000000000e+00 3.461623419207e+00 0.000000000000e+00 0.000000000000e+00 0.000000000000e+00 0.000000000000e+00 0.000000000000e+00 0.000000000000e+00 
9.165000000000e+00 3.410883032666e-01 1.754979978994e+01 -6.561595909032e-01 1.078265242749e+05 1.021832356327e+05 1.004397647707e+05 2.258460370698e+03 5.445058951888e+02 3.400000000000e+06 0.000000000000e+00 -8.752000000000e-01 -8.752000000000e-01 0.000000000000e+00 0.000000000000e+00 0.000000000000e+00 -0.000000000000e+00 3.494454504982e+00 0.000000000000e+00 0.000000000000e+00 0.000000000000e+00 0.000000000000e+00 0.000000000000e+00 0.000000000000e+00 
9.170000000000e+00 3.443996196731e-01 1.992937858632e+01 -6.700578615138e-01 1.108198622009e+05 1.051026033162e+05 1.004799688862e+05 2.252454426751e+03 5.409532349913e+02 3.400000000000e+06 0.000000000000e+00 -8.752000000000e-01 -8.752000000000e-01 0.000000000000e+00 0.000000000000e+00 0.000000000000e+00 -0.000000000000e+00 3.528184778163e+00 0.000000000000e+00 0.000000000000e+00 0.000000000000e+00 0.000000000000e+00 0.000000000000e+00 0.000000000000e+00 
9.175000000000e+00 3.477555765438e-01 2.233198215551e+01 -6.753125637094e-01 1.137167571642e+05 1.079903535590e+05 1.005242642114e+05 2.246476347427e+03 5.374438923365e+02 3.400000000000e+06 0.000000000000e+00 -8.752000000000e-01 -8.752000000000e-01 0.000000000000e+00 0.000000000000e+00 0.000000000000e+00 -0.000000000000e+00 3.562366477963e+00 0.000000000000e+00 0.000000000000e+00 0.000000000000e+00 0.000000000000e+00 0.000000000000e+00 0.000000000000e+00 
9.180000000000e+00 3.511160708960e-01 2.473214697620e+01 -6.729733181845e-01 1.164950318059e+05 1.108126635463e+05 1.005724954060e+05 2.240594959896e+03 5.340240006006e+02 3.400000000000e+06 0.000000000000e+00 -8.752000000000e-01 -8.752000000000e-01 0.000000000000e+00 0.000000000000e+00 0.000000000000e+00 -0.000000000000e+00 3.596597908640e+00 0.000000000000e+00 0.000000000000e+00 0.000000000000e+00 0.000000000000e+00 0.000000000000e+00 0.000000000000e+00 
9.185000000000e+00 3.544464828740e-01 2.710718278048e+01 -6.641793047006e-01 1.191400087796e+05 1.135433827641e+05 1.006244368557e+05 2.234865641979e+03 5.307302212509e+02 3.400000000000e+06 0.000000000000e+00 -8.752000000000e-01 -8.752000000000e-01 0.000000000000e+00 0.000000000000e+00 0.000000000000e+00 -0.000000000000e+00 3.630530964373e+00 0.000000000000e+00 0.000000000000e+00 0.000000000000e+00 0.000000000000e+00 0.000000000000e+00 0.000000000000e+00 
9.190000000000e+00 3.577179631089e-01 2.943741661492e+01 -6.500876777223e-01 1.216433560429e+05 1.161634686362e+05 1.006798002784e+05 2.229330845697e+03 5.275900314549e+02 3.400000000000e+06 0.000000000000e+00 -8.752000000000e-01 -8.752000000000e-01 0.000000000000e+00 0.000000000000e+00 0.000000000000e+00 -0.000000000000e+00 3.663875152656e+00 0.000000000000e+00 0.000000000000e+00 0.000000000000e+00 0.000000000000e+00 0.000000000000e+00 0.000000000000e+00 
9.195000000000e+00 3.609073353760e-01 3.170614834592e+01 -6.318302611984e-01 1.240019419041e+05 1.186601221878e+05 1.007382452901e+05 2.224021225074e+03 5.246224931342e+02 3.400000000000e+06 0.000000000000e+00 -8.752000000000e-01 -8.752000000000e-01 0.000000000000e+00 0.000000000000e+00 0.000000000000e+00 -0.000000000000e+00 3.696396443560e+00 0.000000000000e+00 0.000000000000e+00 0.000000000000e+00 0.000000000000e+00 0.000000000000e+00 0.000000000000e+00 
9.200000000000e+00 3.639968358438e-01 3.389953028797e+01 -6.104431030382e-01 1.262165071374e+05 1.210258738964e+05 1.007993941009e+05 2.218957041704e+03 5.218392100786e+02 3.400000000000e+06 0.000000000000e+00 -8.752000000000e-01 -8.752000000000e-01 0.000000000000e+00 0.000000000000e+00 0.000000000000e+00 -0.000000000000e+00 3.727913563167e+00 0.000000000000e+00 0.000000000000e+00 0.000000000000e+00 0.000000000000e+00 0.000000000000e+00 0.000000000000e+00 
9.205000000000e+00 3.669735220396e-01 3.600626990089e+01 -5.868309689390e-01 1.282905010494e+05 1.232575299906e+05 1.008628444584e+05 2.214149927042e+03 5.192455659984e+02 3.400000000000e+06 0.000000000000e+00 -8.752000000000e-01 -8.752000000000e-01 0.000000000000e+00 0.000000000000e+00 0.000000000000e+00 -0.000000000000e+00 3.758291968305e+00 0.000000000000e+00 0.000000000000e+00 0.000000000000e+00 0.000000000000e+00 0.000000000000e+00 0.000000000000e+00 
9.210000000000e+00 3.698283938261e-01 3.801683199708e+01 -5.617147164332e-01 1.302287381814e+05 1.253550457118e+05 1.009281771390e+05 2.209605004985e+03 5.168421265651e+02 3.400000000000e+06 0.000000000000e+00 -8.752000000000e-01 -8.752000000000e-01 0.000000000000e+00 0.000000000000e+00 0.000000000000e+00 -0.000000000000e+00 3.787437431966e+00 0.000000000000e+00 0.000000000000e+00 0.000000000000e+00 0.000000000000e+00 0.000000000000e+00 0.000000000000e+00 
9.215000000000e+00 3.725557040334e-01 3.992325001597e+01 -5.356759669981e-01 1.320370241497e+05 1.273206820582e+05 1.009949652835e+05 2.205322323478e+03 5.146257547658e+02 3.400000000000e+06 0.000000000000e+00 -8.752000000000e-01 -8.752000000000e-01 0.000000000000e+00 0.000000000000e+00 0.000000000000e+00 -0.000000000000e+00 3.815288470423e+00 0.000000000000e+00 0.000000000000e+00 0.000000000000e+00 0.000000000000e+00 0.000000000000e+00 0.000000000000e+00 
9.220000000000e+00 3.751520921512e-01 4.171891504217e+01 -5.091254454537e-01 1.337212015727e+05 1.291581512351e+05 1.010627762414e+05 2.201298614441e+03 5.125907536109e+02 3.400000000000e+06 0.000000000000e+00 -8.752000000000e-01 -8.752000000000e-01 0.000000000000e+00 0.000000000000e+00 0.000000000000e+00 -0.000000000000e+00 3.841807709499e+00 0.000000000000e+00 0.000000000000e+00 0.000000000000e+00 0.000000000000e+00 0.000000000000e+00 0.000000000000e+00 
9.225000000000e+00 3.776158649135e-01 4.339780971830e+01 -4.823340665678e-01 1.352868232557e+05 1.308719708924e+05 1.011311718293e+05 2.197528551299e+03 5.107297569484e+02 3.400000000000e+06 0.000000000000e+00 -8.752000000000e-01 -8.752000000000e-01 0.000000000000e+00 0.000000000000e+00 0.000000000000e+00 -0.000000000000e+00 3.866973352244e+00 0.000000000000e+00 0.000000000000e+00 0.000000000000e+00 0.000000000000e+00 0.000000000000e+00 0.000000000000e+00 
9.230000000000e+00 3.799462709327e-01 4.495473473079e+01 -4.555672111678e-01 1.367395592300e+05 1.324668920856e+05 1.011997030257e+05 2.194005691257e+03 5.090345063180e+02 3.400000000000e+06 0.000000000000e+00 -8.752000000000e-01 -8.752000000000e-01 0.000000000000e+00 0.000000000000e+00 0.000000000000e+00 -0.000000000000e+00 3.890777373008e+00 0.000000000000e+00 0.000000000000e+00 0.000000000000e+00 0.000000000000e+00 0.000000000000e+00 0.000000000000e+00 
9.235000000000e+00 3.821424007878e-01 4.638434283627e+01 -4.289060994773e-01 1.380832471808e+05 1.339471390372e+05 1.012678866173e+05 2.190724600203e+03 5.074967680096e+02 3.400000000000e+06 0.000000000000e+00 -8.752000000000e-01 -8.752000000000e-01 0.000000000000e+00 0.000000000000e+00 0.000000000000e+00 -0.000000000000e+00 3.913218069850e+00 0.000000000000e+00 0.000000000000e+00 0.000000000000e+00 0.000000000000e+00 0.000000000000e+00 0.000000000000e+00 
9.240000000000e+00 3.842049370233e-01 4.768210864096e+01 -4.024896983966e-01 1.393227883167e+05 1.353175985034e+05 1.013352672384e+05 2.187677665989e+03 5.061071975081e+02 3.400000000000e+06 0.000000000000e+00 -8.752000000000e-01 -8.752000000000e-01 0.000000000000e+00 0.000000000000e+00 0.000000000000e+00 -0.000000000000e+00 3.934300422548e+00 0.000000000000e+00 0.000000000000e+00 0.000000000000e+00 0.000000000000e+00 0.000000000000e+00 0.000000000000e+00 
9.245000000000e+00 3.861353452743e-01 4.884366908129e+01 -3.764020851043e-01 1.404628251936e+05 1.365832487614e+05 1.014014070034e+05 2.184856656097e+03 5.048561069020e+02 3.400000000000e+06 0.000000000000e+00 -8.752000000000e-01 -8.752000000000e-01 0.000000000000e+00 0.000000000000e+00 0.000000000000e+00 -0.000000000000e+00 3.954036965122e+00 0.000000000000e+00 0.000000000000e+00 0.000000000000e+00 0.000000000000e+00 0.000000000000e+00 0.000000000000e+00 
9.250000000000e+00 3.879353105312e-01 4.986467349181e+01 -3.506660168058e-01 1.415073522017e+05 1.377487981754e+05 1.014658762411e+05 2.182253593840e+03 5.037339504531e+02 3.400000000000e+06 0.000000000000e+00 -8.752000000000e-01 -8.752000000000e-01 0.000000000000e+00 0.000000000000e+00 0.000000000000e+00 -0.000000000000e+00 3.972443747332e+00 0.000000000000e+00 0.000000000000e+00 0.000000000000e+00 0.000000000000e+00 0.000000000000e+00 0.000000000000e+00 
9.255000000000e+00 3.896068400258e-01 5.074111329005e+01 -3.253795642488e-01 1.424607182055e+05 1.388187765361e+05 1.015282641712e+05 2.179860306515e+03 5.027313316933e+02 3.400000000000e+06 0.000000000000e+00 -8.752000000000e-01 -8.752000000000e-01 0.000000000000e+00 0.000000000000e+00 0.000000000000e+00 -0.000000000000e+00 3.989539212101e+00 0.000000000000e+00 0.000000000000e+00 0.000000000000e+00 0.000000000000e+00 0.000000000000e+00 0.000000000000e+00 
9.260000000000e+00 3.911522495898e-01 5.146913609380e+01 -3.005683508337e-01 1.433266762978e+05 1.397975475703e+05 1.015881856002e+05 2.177668766791e+03 5.018390876646e+02 3.400000000000e+06 0.000000000000e+00 -8.752000000000e-01 -8.752000000000e-01 0.000000000000e+00 0.000000000000e+00 0.000000000000e+00 -0.000000000000e+00 4.005345614898e+00 0.000000000000e+00 0.000000000000e+00 0.000000000000e+00 0.000000000000e+00 0.000000000000e+00 0.000000000000e+00 
9.265000000000e+00 3.925741019291e-01 5.204553666006e+01 -2.762968991276e-01 1.441091005059e+05 1.406892915796e+05 1.016452850295e+05 2.175670939107e+03 5.010483913208e+02 3.400000000000e+06 0.000000000000e+00 -8.752000000000e-01 -8.752000000000e-01 0.000000000000e+00 0.000000000000e+00 0.000000000000e+00 -0.000000000000e+00 4.019889059217e+00 0.000000000000e+00 0.000000000000e+00 0.000000000000e+00 0.000000000000e+00 0.000000000000e+00 0.000000000000e+00 
9.270000000000e+00 3.938752486257e-01 5.246750253284e+01 -2.526117358493e-01 1.448116705014e+05 1.414980538319e+05 1.016992439956e+05 2.173858835814e+03 5.003507839362e+02 3.400000000000e+06 0.000000000000e+00 -8.752000000000e-01 -8.752000000000e-01 0.000000000000e+00 0.000000000000e+00 0.000000000000e+00 -0.000000000000e+00 4.033198558570e+00 0.000000000000e+00 0.000000000000e+00 0.000000000000e+00 0.000000000000e+00 0.000000000000e+00 0.000000000000e+00 
9.275000000000e+00 3.950589034715e-01 5.273272735386e+01 -2.296187974753e-01 1.454384405305e+05 1.422278101281e+05 1.017497893416e+05 2.172224242503e+03 4.997381873834e+02 3.400000000000e+06 0.000000000000e+00 -8.752000000000e-01 -8.752000000000e-01 0.000000000000e+00 0.000000000000e+00 0.000000000000e+00 -0.000000000000e+00 4.045307664231e+00 0.000000000000e+00 0.000000000000e+00 0.000000000000e+00 0.000000000000e+00 0.000000000000e+00 0.000000000000e+00 
9.280000000000e+00 3.961290628461e-01 5.283981747985e+01 -2.074817052841e-01 1.459941170151e+05 1.428827416874e+05 1.017967165087e+05 2.170758125197e+03 4.992027420327e+02 3.400000000000e+06 0.000000000000e+00 -8.752000000000e-01 -8.752000000000e-01 0.000000000000e+00 0.000000000000e+00 0.000000000000e+00 -0.000000000000e+00 4.056257603089e+00 0.000000000000e+00 0.000000000000e+00 0.000000000000e+00 0.000000000000e+00 0.000000000000e+00 0.000000000000e+00 
9.285000000000e+00 3.970906490080e-01 5.278838731909e+01 -1.863952171505e-01 1.464839962165e+05 1.434673326116e+05 1.018399017443e+05 2.169450492098e+03 4.987368014228e+02 3.400000000000e+06 0.000000000000e+00 -8.752000000000e-01 -8.752000000000e-01 0.000000000000e+00 0.000000000000e+00 0.000000000000e+00 -0.000000000000e+00 4.066098968157e+00 0.000000000000e+00 0.000000000000e+00 0.000000000000e+00 0.000000000000e+00 0.000000000000e+00 0.000000000000e+00 
9.290000000000e+00 3.979496018459e-01 5.257927555151e+01 -1.665601527878e-01 1.469138824936e+05 1.439864362512e+05 1.018793110363e+05 2.168290319770e+03 4.983329396157e+02 3.400000000000e+06 0.000000000000e+00 -8.752000000000e-01 -8.752000000000e-01 0.000000000000e+00 0.000000000000e+00 0.000000000000e+00 -0.000000000000e+00 4.074892321968e+00 0.000000000000e+00 0.000000000000e+00 0.000000000000e+00 0.000000000000e+00 0.000000000000e+00 0.000000000000e+00 
9.295000000000e+00 3.987125683894e-01 5.221411680899e+01 -1.480465966483e-01 1.472890502432e+05 1.444451019525e+05 1.019149886432e+05 2.167266264476e+03 4.979841211465e+02 3.400000000000e+06 0.000000000000e+00 -8.752000000000e-01 -8.752000000000e-01 0.000000000000e+00 0.000000000000e+00 0.000000000000e+00 -0.000000000000e+00 4.082706800899e+00 0.000000000000e+00 0.000000000000e+00 0.000000000000e+00 0.000000000000e+00 0.000000000000e+00 0.000000000000e+00 
9.300000000000e+00 3.993860813593e-01 5.169483261397e+01 -1.307920350046e-01 1.476137384639e+05 1.448481046603e+05 1.019470178225e+05 2.166367777651e+03 4.976840495866e+02 3.400000000000e+06 0.000000000000e+00 -8.752000000000e-01 -8.752000000000e-01 0.000000000000e+00 0.000000000000e+00 0.000000000000e+00 -0.000000000000e+00 4.089605876799e+00 0.000000000000e+00 0.000000000000e+00 0.000000000000e+00 0.000000000000e+00 0.000000000000e+00 0.000000000000e+00 
9.305000000000e+00 3.999772212891e-01 5.102504066965e+01 -1.151758579343e-01 1.478951960295e+05 1.452003688329e+05 1.019755490301e+05 2.165582948987e+03 4.974268127757e+02 3.400000000000e+06 0.000000000000e+00 -8.752000000000e-01 -8.752000000000e-01 0.000000000000e+00 0.000000000000e+00 0.000000000000e+00 -0.000000000000e+00 4.095669545619e+00 0.000000000000e+00 0.000000000000e+00 0.000000000000e+00 0.000000000000e+00 0.000000000000e+00 0.000000000000e+00 
9.310000000000e+00 4.004985626319e-01 5.021432496047e+01 -1.024618966316e-01 1.481495913126e+05 1.455099203430e+05 1.020010410546e+05 2.164890758769e+03 4.972047565298e+02 3.400000000000e+06 0.000000000000e+00 -8.752000000000e-01 -8.752000000000e-01 0.000000000000e+00 0.000000000000e+00 0.000000000000e+00 -0.000000000000e+00 4.101028403439e+00 0.000000000000e+00 0.000000000000e+00 0.000000000000e+00 0.000000000000e+00 0.000000000000e+00 0.000000000000e+00 
9.315000000000e+00 4.009623390911e-01 4.926942541233e+01 -9.159804914195e-02 1.483783222823e+05 1.457844143475e+05 1.020239810292e+05 2.164275791340e+03 4.970110397447e+02 3.400000000000e+06 0.000000000000e+00 -8.752000000000e-01 -8.752000000000e-01 0.000000000000e+00 0.000000000000e+00 0.000000000000e+00 -0.000000000000e+00 4.105788434257e+00 0.000000000000e+00 0.000000000000e+00 0.000000000000e+00 0.000000000000e+00 0.000000000000e+00 0.000000000000e+00 
9.320000000000e+00 4.013772919688e-01 4.819685909486e+01 -8.262645805998e-02 1.485873395550e+05 1.460293134397e+05 1.020447178603e+05 2.163725391498e+03 4.968407897171e+02 3.400000000000e+06 0.000000000000e+00 -8.752000000000e-01 -8.752000000000e-01 0.000000000000e+00 0.000000000000e+00 0.000000000000e+00 -0.000000000000e+00 4.110043717791e+00 0.000000000000e+00 0.000000000000e+00 0.000000000000e+00 0.000000000000e+00 0.000000000000e+00 0.000000000000e+00 
9.325000000000e+00 4.017514863312e-01 4.700446338988e+01 -7.501761472850e-02 1.487785734042e+05 1.462495942754e+05 1.020635909765e+05 2.163229180220e+03 4.966897690357e+02 3.400000000000e+06 0.000000000000e+00 -8.752000000000e-01 -8.752000000000e-01 0.000000000000e+00 0.000000000000e+00 0.000000000000e+00 -0.000000000000e+00 4.113875665721e+00 0.000000000000e+00 0.000000000000e+00 0.000000000000e+00 0.000000000000e+00 0.000000000000e+00 0.000000000000e+00 
9.330000000000e+00 4.020922000715e-01 4.569917195082e+01 -6.870947959133e-02 1.489563346894e+05 1.464497026360e+05 1.020809194612e+05 2.162777015477e+03 4.965543416239e+02 3.400000000000e+06 0.000000000000e+00 -8.752000000000e-01 -8.752000000000e-01 0.000000000000e+00 0.000000000000e+00 0.000000000000e+00 -0.000000000000e+00 4.117349822281e+00 0.000000000000e+00 0.000000000000e+00 0.000000000000e+00 0.000000000000e+00 0.000000000000e+00 0.000000000000e+00 
9.335000000000e+00 4.024049577486e-01 4.428878427385e+01 -6.345027890150e-02 1.491226214530e+05 1.466330043532e+05 1.020969478784e+05 2.162361638553e+03 4.964317823676e+02 3.400000000000e+06 0.000000000000e+00 -8.752000000000e-01 -8.752000000000e-01 0.000000000000e+00 0.000000000000e+00 0.000000000000e+00 -0.000000000000e+00 4.120521427882e+00 0.000000000000e+00 0.000000000000e+00 0.000000000000e+00 0.000000000000e+00 0.000000000000e+00 0.000000000000e+00 
9.340000000000e+00 4.026942612604e-01 4.278152608929e+01 -5.894148394594e-02 1.492784824710e+05 1.468022306568e+05 1.021118787919e+05 2.161977348266e+03 4.963199186512e+02 3.400000000000e+06 0.000000000000e+00 -8.752000000000e-01 -8.752000000000e-01 0.000000000000e+00 0.000000000000e+00 0.000000000000e+00 -0.000000000000e+00 4.123437679679e+00 0.000000000000e+00 0.000000000000e+00 0.000000000000e+00 0.000000000000e+00 0.000000000000e+00 0.000000000000e+00 
9.345000000000e+00 4.029630789627e-01 4.118605328014e+01 -5.488003476119e-02 1.494239598641e+05 1.469591909078e+05 1.021258430207e+05 2.161620586168e+03 4.962172785492e+02 3.400000000000e+06 0.000000000000e+00 -8.752000000000e-01 -8.752000000000e-01 0.000000000000e+00 0.000000000000e+00 0.000000000000e+00 -0.000000000000e+00 4.126127792045e+00 0.000000000000e+00 0.000000000000e+00 0.000000000000e+00 0.000000000000e+00 0.000000000000e+00 0.000000000000e+00 
9.350000000000e+00 4.032128350368e-01 3.951089708003e+01 -5.096979379131e-02 1.495581580111e+05 1.471047774846e+05 1.021388957229e+05 2.161289905392e+03 4.961230460739e+02 3.400000000000e+06 0.000000000000e+00 -8.752000000000e-01 -8.752000000000e-01 0.000000000000e+00 0.000000000000e+00 0.000000000000e+00 -0.000000000000e+00 4.128606309635e+00 0.000000000000e+00 0.000000000000e+00 0.000000000000e+00 0.000000000000e+00 0.000000000000e+00 0.000000000000e+00 
9.355000000000e+00 4.034434750121e-01 3.776477605166e+01 -4.691692335620e-02 1.496792602536e+05 1.472390129007e+05 1.021510170509e+05 2.160985873476e+03 4.960369964380e+02 3.400000000000e+06 0.000000000000e+00 -8.752000000000e-01 -8.752000000000e-01 0.000000000000e+00 0.000000000000e+00 0.000000000000e+00 -0.000000000000e+00 4.130874428428e+00 0.000000000000e+00 0.000000000000e+00 0.000000000000e+00 0.000000000000e+00 0.000000000000e+00 0.000000000000e+00 
9.360000000000e+00 4.036537069787e-01 3.595641371611e+01 -4.251598213140e-02 1.497852145137e+05 1.473611968478e+05 1.021621227256e+05 2.160710555324e+03 4.959593757608e+02 3.400000000000e+06 0.000000000000e+00 -8.752000000000e-01 -8.752000000000e-01 0.000000000000e+00 0.000000000000e+00 0.000000000000e+00 -0.000000000000e+00 4.132922656575e+00 0.000000000000e+00 0.000000000000e+00 0.000000000000e+00 0.000000000000e+00 0.000000000000e+00 0.000000000000e+00 
9.365000000000e+00 4.038414205750e-01 3.409467583021e+01 -3.763733546941e-02 1.498739198027e+05 1.474701536373e+05 1.021720849149e+05 2.160466965156e+03 4.958907283199e+02 3.400000000000e+06 0.000000000000e+00 -8.752000000000e-01 -8.752000000000e-01 0.000000000000e+00 0.000000000000e+00 0.000000000000e+00 -0.000000000000e+00 4.134733164181e+00 0.000000000000e+00 0.000000000000e+00 0.000000000000e+00 0.000000000000e+00 0.000000000000e+00 0.000000000000e+00 
9.370000000000e+00 4.040038445295e-01 3.218853496726e+01 -3.213504705413e-02 1.499427571320e+05 1.475643250060e+05 1.021807401678e+05 2.160259040820e+03 4.958318327862e+02 3.400000000000e+06 0.000000000000e+00 -8.752000000000e-01 -8.752000000000e-01 0.000000000000e+00 0.000000000000e+00 0.000000000000e+00 -0.000000000000e+00 4.136280483284e+00 0.000000000000e+00 0.000000000000e+00 0.000000000000e+00 0.000000000000e+00 0.000000000000e+00 0.000000000000e+00 
9.375000000000e+00 4.041375191897e-01 3.024693791853e+01 -2.590044494067e-02 1.499889002543e+05 1.476417540393e+05 1.021878880241e+05 2.160091571634e+03 4.957837131781e+02 3.400000000000e+06 0.000000000000e+00 -8.752000000000e-01 -8.752000000000e-01 0.000000000000e+00 0.000000000000e+00 0.000000000000e+00 -0.000000000000e+00 4.137532824808e+00 0.000000000000e+00 0.000000000000e+00 0.000000000000e+00 0.000000000000e+00 0.000000000000e+00 0.000000000000e+00 
9.380000000000e+00 4.042385810183e-01 2.827888661840e+01 -1.886888162215e-02 1.500095337462e+05 1.477002483640e+05 1.021933067910e+05 2.159969804985e+03 4.957475444335e+02 3.400000000000e+06 0.000000000000e+00 -8.752000000000e-01 -8.752000000000e-01 0.000000000000e+00 0.000000000000e+00 0.000000000000e+00 -0.000000000000e+00 4.138453941174e+00 0.000000000000e+00 0.000000000000e+00 0.000000000000e+00 0.000000000000e+00 0.000000000000e+00 0.000000000000e+00 
9.385000000000e+00 4.043030037524e-01 2.629333517892e+01 -1.097720111621e-02 1.500017397392e+05 1.477375162212e+05 1.021967676897e+05 2.159899216813e+03 4.957245833578e+02 3.400000000000e+06 0.000000000000e+00 -8.752000000000e-01 -8.752000000000e-01 0.000000000000e+00 0.000000000000e+00 0.000000000000e+00 -0.000000000000e+00 4.139004365356e+00 0.000000000000e+00 0.000000000000e+00 0.000000000000e+00 0.000000000000e+00 0.000000000000e+00 0.000000000000e+00 
9.390000000000e+00 4.043275653425e-01 2.429971148804e+01 -2.329966152147e-03 1.499641258494e+05 1.477517207681e+05 1.021980885472e+05 2.159883879386e+03 4.957158487943e+02 3.400000000000e+06 0.000000000000e+00 -8.752000000000e-01 -8.752000000000e-01 0.000000000000e+00 0.000000000000e+00 0.000000000000e+00 -0.000000000000e+00 4.139141319518e+00 0.000000000000e+00 0.000000000000e+00 0.000000000000e+00 0.000000000000e+00 0.000000000000e+00 0.000000000000e+00 
9.395000000000e+00 4.043124235725e-01 2.230830252843e+01 7.570490579057e-03 1.498937186858e+05 1.477429641908e+05 1.021972741735e+05 2.159924583863e+03 4.957212322196e+02 3.400000000000e+06 0.000000000000e+00 -8.752000000000e-01 -8.752000000000e-01 0.000000000000e+00 0.000000000000e+00 0.000000000000e+00 -0.000000000000e+00 4.138821621061e+00 0.000000000000e+00 0.000000000000e+00 0.000000000000e+00 0.000000000000e+00 0.000000000000e+00 0.000000000000e+00 
9.400000000000e+00 4.042460181791e-01 2.032584724462e+01 1.825448913456e-02 1.497860584350e+05 1.477045514705e+05 1.021937060630e+05 2.160035965272e+03 4.957448899565e+02 3.400000000000e+06 0.000000000000e+00 -8.752000000000e-01 -8.752000000000e-01 0.000000000000e+00 0.000000000000e+00 0.000000000000e+00 -0.000000000000e+00 4.138014008477e+00 0.000000000000e+00 0.000000000000e+00 0.000000000000e+00 0.000000000000e+00 0.000000000000e+00 0.000000000000e+00 
9.405000000000e+00 4.041242692113e-01 1.836019562914e+01 2.928929745059e-02 1.496411560657e+05 1.476340821639e+05 1.021871785271e+05 2.160222730236e+03 4.957884686605e+02 3.400000000000e+06 0.000000000000e+00 -8.752000000000e-01 -8.752000000000e-01 0.000000000000e+00 0.000000000000e+00 0.000000000000e+00 -0.000000000000e+00 4.136679179352e+00 0.000000000000e+00 0.000000000000e+00 0.000000000000e+00 0.000000000000e+00 0.000000000000e+00 0.000000000000e+00 
9.410000000000e+00 4.039456316069e-01 1.641926750848e+01 4.060116905728e-02 1.494583907769e+05 1.475305852103e+05 1.021776343511e+05 2.160486987234e+03 4.958528872221e+02 3.400000000000e+06 0.000000000000e+00 -8.752000000000e-01 -8.752000000000e-01 0.000000000000e+00 0.000000000000e+00 0.000000000000e+00 -0.000000000000e+00 4.134783841014e+00 0.000000000000e+00 0.000000000000e+00 0.000000000000e+00 0.000000000000e+00 0.000000000000e+00 0.000000000000e+00 
9.415000000000e+00 4.037083444886e-01 1.451064212723e+01 5.237437839271e-02 1.492353858881e+05 1.473929243306e+05 1.021650179123e+05 2.160831752398e+03 4.959393304020e+02 3.400000000000e+06 0.000000000000e+00 -8.752000000000e-01 -8.752000000000e-01 0.000000000000e+00 0.000000000000e+00 0.000000000000e+00 -0.000000000000e+00 4.132302252286e+00 0.000000000000e+00 0.000000000000e+00 0.000000000000e+00 0.000000000000e+00 0.000000000000e+00 0.000000000000e+00 
9.420000000000e+00 4.034095255728e-01 1.264141443229e+01 6.479123485444e-02 1.489690240785e+05 1.472192664188e+05 1.021492287401e+05 2.161261652755e+03 4.960496040291e+02 3.400000000000e+06 0.000000000000e+00 -8.752000000000e-01 -8.752000000000e-01 0.000000000000e+00 0.000000000000e+00 0.000000000000e+00 -0.000000000000e+00 4.129204861038e+00 0.000000000000e+00 0.000000000000e+00 0.000000000000e+00 0.000000000000e+00 0.000000000000e+00 0.000000000000e+00 
9.425000000000e+00 4.030465712461e-01 1.081758083194e+01 7.784241105363e-02 1.486574972482e+05 1.470078859181e+05 1.021301980246e+05 2.161780660245e+03 4.961856557718e+02 3.400000000000e+06 0.000000000000e+00 -8.752000000000e-01 -8.752000000000e-01 0.000000000000e+00 0.000000000000e+00 0.000000000000e+00 -0.000000000000e+00 4.125461092489e+00 0.000000000000e+00 0.000000000000e+00 0.000000000000e+00 0.000000000000e+00 0.000000000000e+00 0.000000000000e+00 
9.430000000000e+00 4.026168396918e-01 9.043650302738e+00 9.161421124373e-02 1.482983301570e+05 1.467569743609e+05 1.021078731965e+05 2.162393122384e+03 4.963497127800e+02 3.400000000000e+06 0.000000000000e+00 -8.752000000000e-01 -8.752000000000e-01 0.000000000000e+00 0.000000000000e+00 0.000000000000e+00 -0.000000000000e+00 4.121034812020e+00 0.000000000000e+00 0.000000000000e+00 0.000000000000e+00 0.000000000000e+00 0.000000000000e+00 0.000000000000e+00 
9.435000000000e+00 4.021156492494e-01 7.322256873224e+00 1.064402924942e-01 1.478861469845e+05 1.464634586307e+05 1.020821171481e+05 2.163106822650e+03 4.965450942642e+02 3.400000000000e+06 0.000000000000e+00 -8.752000000000e-01 -8.752000000000e-01 0.000000000000e+00 0.000000000000e+00 0.000000000000e+00 -0.000000000000e+00 4.115873904051e+00 0.000000000000e+00 0.000000000000e+00 0.000000000000e+00 0.000000000000e+00 0.000000000000e+00 0.000000000000e+00 
9.440000000000e+00 4.015361889531e-01 5.653848417491e+00 1.227763617498e-01 1.474133474068e+05 1.461229180990e+05 1.020527119501e+05 2.163932909102e+03 4.967763693261e+02 3.400000000000e+06 0.000000000000e+00 -8.752000000000e-01 -8.752000000000e-01 0.000000000000e+00 0.000000000000e+00 0.000000000000e+00 -0.000000000000e+00 4.109904076398e+00 0.000000000000e+00 0.000000000000e+00 0.000000000000e+00 0.000000000000e+00 0.000000000000e+00 0.000000000000e+00 
9.445000000000e+00 4.008690563354e-01 4.036456567084e+00 1.411647542116e-01 1.468699769097e+05 1.457292695950e+05 1.020193469408e+05 2.164886543153e+03 4.970497129470e+02 3.400000000000e+06 0.000000000000e+00 -8.752000000000e-01 -8.752000000000e-01 0.000000000000e+00 0.000000000000e+00 0.000000000000e+00 -0.000000000000e+00 4.103024478493e+00 0.000000000000e+00 0.000000000000e+00 0.000000000000e+00 0.000000000000e+00 0.000000000000e+00 0.000000000000e+00 
9.450000000000e+00 4.001020351281e-01 2.465742143641e+00 1.621603465696e-01 1.462439728864e+05 1.452745735852e+05 1.019816237744e+05 2.165987178092e+03 4.973732386111e+02 3.400000000000e+06 0.000000000000e+00 -8.752000000000e-01 -8.752000000000e-01 0.000000000000e+00 0.000000000000e+00 0.000000000000e+00 -0.000000000000e+00 4.095106537339e+00 0.000000000000e+00 0.000000000000e+00 0.000000000000e+00 0.000000000000e+00 0.000000000000e+00 0.000000000000e+00 
9.455000000000e+00 3.992204581775e-01 9.354766431665e-01 1.861942724627e-01 1.455221615535e+05 1.447491659826e+05 1.019390946287e+05 2.167257938733e+03 4.977571526349e+02 3.400000000000e+06 0.000000000000e+00 -8.752000000000e-01 -8.752000000000e-01 0.000000000000e+00 0.000000000000e+00 0.000000000000e+00 -0.000000000000e+00 4.085999571591e+00 0.000000000000e+00 0.000000000000e+00 0.000000000000e+00 0.000000000000e+00 0.000000000000e+00 0.000000000000e+00 
9.460000000000e+00 3.982084712881e-01 -5.615815593579e-01 2.134436292111e-01 1.446918030020e+05 1.441423138123e+05 1.018913447330e+05 2.168723779608e+03 4.982135360028e+02 3.400000000000e+06 0.000000000000e+00 -8.752000000000e-01 -8.752000000000e-01 0.000000000000e+00 0.000000000000e+00 0.000000000000e+00 -0.000000000000e+00 4.075545678777e+00 0.000000000000e+00 0.000000000000e+00 0.000000000000e+00 0.000000000000e+00 0.000000000000e+00 0.000000000000e+00 
9.465000000000e+00 3.970519666391e-01 -2.031470867673e+00 2.435288805343e-01 1.437443459157e+05 1.434438866475e+05 1.018381456043e+05 2.170406908531e+03 4.987552646462e+02 3.400000000000e+06 0.000000000000e+00 -8.752000000000e-01 -8.752000000000e-01 0.000000000000e+00 0.000000000000e+00 0.000000000000e+00 -0.000000000000e+00 4.063605514086e+00 0.000000000000e+00 0.000000000000e+00 0.000000000000e+00 0.000000000000e+00 0.000000000000e+00 0.000000000000e+00 
9.470000000000e+00 3.957398867090e-01 -3.478157946039e+00 2.754082368271e-01 1.426769783459e+05 1.426450983603e+05 1.017795140340e+05 2.172324765924e+03 4.993954191179e+02 3.400000000000e+06 0.000000000000e+00 -8.752000000000e-01 -8.752000000000e-01 0.000000000000e+00 0.000000000000e+00 0.000000000000e+00 -0.000000000000e+00 4.050082686155e+00 0.000000000000e+00 0.000000000000e+00 0.000000000000e+00 0.000000000000e+00 0.000000000000e+00 0.000000000000e+00 
9.475000000000e+00 3.942675941162e-01 -4.902549421466e+00 3.075690653485e-01 1.414937591873e+05 1.417405735786e+05 1.017158422981e+05 2.174485559928e+03 5.001453810588e+02 3.400000000000e+06 0.000000000000e+00 -8.752000000000e-01 -8.752000000000e-01 0.000000000000e+00 0.000000000000e+00 0.000000000000e+00 -0.000000000000e+00 4.034945398907e+00 0.000000000000e+00 0.000000000000e+00 0.000000000000e+00 0.000000000000e+00 0.000000000000e+00 0.000000000000e+00 
9.480000000000e+00 3.926385439969e-01 -6.301026373432e+00 3.382854334689e-01 1.402053169504e+05 1.407295102927e+05 1.016479186420e+05 2.176886082344e+03 5.010132520707e+02 3.400000000000e+06 0.000000000000e+00 -8.752000000000e-01 -8.752000000000e-01 0.000000000000e+00 0.000000000000e+00 0.000000000000e+00 -0.000000000000e+00 4.018245033644e+00 0.000000000000e+00 0.000000000000e+00 0.000000000000e+00 0.000000000000e+00 0.000000000000e+00 0.000000000000e+00 
9.485000000000e+00 3.908652959029e-01 -7.665917105511e+00 3.656895059151e-01 1.388293866430e+05 1.396165626509e+05 1.015768929461e+05 2.179509849738e+03 5.020021985864e+02 3.400000000000e+06 0.000000000000e+00 -8.752000000000e-01 -8.752000000000e-01 0.000000000000e+00 0.000000000000e+00 0.000000000000e+00 -0.000000000000e+00 4.000122374163e+00 0.000000000000e+00 0.000000000000e+00 0.000000000000e+00 0.000000000000e+00 0.000000000000e+00 0.000000000000e+00 
9.490000000000e+00 3.889690948531e-01 -8.986291442325e+00 3.881573854743e-01 1.373884218316e+05 1.384119413927e+05 1.015041687470e+05 2.182327813077e+03 5.031093131584e+02 3.400000000000e+06 0.000000000000e+00 -8.752000000000e-01 -8.752000000000e-01 0.000000000000e+00 0.000000000000e+00 0.000000000000e+00 -0.000000000000e+00 3.980800022468e+00 0.000000000000e+00 0.000000000000e+00 0.000000000000e+00 0.000000000000e+00 0.000000000000e+00 0.000000000000e+00 
9.495000000000e+00 3.869779137766e-01 -1.024924681316e+01 4.045487652709e-01 1.359070363591e+05 1.371305828821e+05 1.014312419398e+05 2.185300999535e+03 5.043254116709e+02 3.400000000000e+06 0.000000000000e+00 -8.752000000000e-01 -8.752000000000e-01 0.000000000000e+00 0.000000000000e+00 0.000000000000e+00 -0.000000000000e+00 3.960564773747e+00 0.000000000000e+00 0.000000000000e+00 0.000000000000e+00 0.000000000000e+00 0.000000000000e+00 0.000000000000e+00 
9.500000000000e+00 3.849237111726e-01 -1.144150782789e+01 4.143436258046e-01 1.344094401011e+05 1.357907617763e+05 1.013595391003e+05 2.188384266478e+03 5.056356941099e+02 3.400000000000e+06 0.000000000000e+00 -8.752000000000e-01 -8.752000000000e-01 0.000000000000e+00 0.000000000000e+00 0.000000000000e+00 -0.000000000000e+00 3.939740826567e+00 0.000000000000e+00 0.000000000000e+00 0.000000000000e+00 0.000000000000e+00 0.000000000000e+00 0.000000000000e+00 
9.505000000000e+00 3.828416446383e-01 -1.254952158160e+01 4.171941589539e-01 1.329219773886e+05 1.344138786516e+05 1.012903591056e+05 2.191526104720e+03 5.070196590036e+02 3.400000000000e+06 0.000000000000e+00 -8.752000000000e-01 -8.752000000000e-01 0.000000000000e+00 0.000000000000e+00 0.000000000000e+00 -0.000000000000e+00 3.918668166876e+00 0.000000000000e+00 0.000000000000e+00 0.000000000000e+00 0.000000000000e+00 0.000000000000e+00 0.000000000000e+00 
9.510000000000e+00 3.807667307831e-01 -1.356023181398e+01 4.135103411267e-01 1.314669572671e+05 1.330224649819e+05 1.012247572832e+05 2.194674732720e+03 5.084531182022e+02 3.400000000000e+06 0.000000000000e+00 -8.752000000000e-01 -8.752000000000e-01 0.000000000000e+00 0.000000000000e+00 0.000000000000e+00 -0.000000000000e+00 3.897681710668e+00 0.000000000000e+00 0.000000000000e+00 0.000000000000e+00 0.000000000000e+00 0.000000000000e+00 0.000000000000e+00 
9.515000000000e+00 3.787294661831e-01 -1.446400375235e+01 4.040968415751e-01 1.300617679446e+05 1.316372511130e+05 1.011634417204e+05 2.197784127471e+03 5.099116489570e+02 3.400000000000e+06 0.000000000000e+00 -8.752000000000e-01 -8.752000000000e-01 0.000000000000e+00 0.000000000000e+00 0.000000000000e+00 -0.000000000000e+00 3.877082309026e+00 0.000000000000e+00 0.000000000000e+00 0.000000000000e+00 0.000000000000e+00 0.000000000000e+00 0.000000000000e+00 
9.520000000000e+00 3.767548433525e-01 -1.525460096633e+01 3.901372751556e-01 1.287179775235e+05 1.302762951178e+05 1.011068068363e+05 2.200815968399e+03 5.113722166980e+02 3.400000000000e+06 0.000000000000e+00 -8.752000000000e-01 -8.752000000000e-01 0.000000000000e+00 0.000000000000e+00 0.000000000000e+00 -0.000000000000e+00 3.857112160138e+00 0.000000000000e+00 0.000000000000e+00 0.000000000000e+00 0.000000000000e+00 0.000000000000e+00 0.000000000000e+00 
9.525000000000e+00 3.748616102529e-01 -1.592908069253e+01 3.728790416997e-01 1.274426166293e+05 1.289541905778e+05 1.010549766715e+05 2.203740628513e+03 5.128147116187e+02 3.400000000000e+06 0.000000000000e+00 -8.752000000000e-01 -8.752000000000e-01 0.000000000000e+00 0.000000000000e+00 0.000000000000e+00 -0.000000000000e+00 3.837950973551e+00 0.000000000000e+00 0.000000000000e+00 0.000000000000e+00 0.000000000000e+00 0.000000000000e+00 0.000000000000e+00 
9.530000000000e+00 3.730619875987e-01 -1.648734836395e+01 3.536440296698e-01 1.262376103988e+05 1.276815433613e+05 1.010078563132e+05 2.206538195104e+03 5.142231159407e+02 3.400000000000e+06 0.000000000000e+00 -8.752000000000e-01 -8.752000000000e-01 0.000000000000e+00 0.000000000000e+00 0.000000000000e+00 -0.000000000000e+00 3.819715462074e+00 0.000000000000e+00 0.000000000000e+00 0.000000000000e+00 0.000000000000e+00 0.000000000000e+00 0.000000000000e+00 
9.535000000000e+00 3.713621292101e-01 -1.693161565047e+01 3.335603833235e-01 1.251017182935e+05 1.264649729522e+05 1.009651923285e+05 2.209197643793e+03 5.155859605800e+02 3.400000000000e+06 0.000000000000e+00 -8.752000000000e-01 -8.752000000000e-01 0.000000000000e+00 0.000000000000e+00 0.000000000000e+00 -0.000000000000e+00 3.802464396436e+00 0.000000000000e+00 0.000000000000e+00 0.000000000000e+00 0.000000000000e+00 0.000000000000e+00 0.000000000000e+00 
9.540000000000e+00 3.697630172051e-01 -1.726616149669e+01 3.135733146253e-01 1.240309626829e+05 1.253074734662e+05 1.009266297410e+05 2.211715836074e+03 5.168962223709e+02 3.400000000000e+06 0.000000000000e+00 -8.752000000000e-01 -8.752000000000e-01 0.000000000000e+00 0.000000000000e+00 0.000000000000e+00 -0.000000000000e+00 3.786207826247e+00 0.000000000000e+00 0.000000000000e+00 0.000000000000e+00 0.000000000000e+00 0.000000000000e+00 0.000000000000e+00 
9.545000000000e+00 3.682616361279e-01 -1.749675768580e+01 2.944045051627e-01 1.230196868431e+05 1.242090497200e+05 1.008917615377e+05 2.214095826007e+03 5.181507676736e+02 3.400000000000e+06 0.000000000000e+00 -8.752000000000e-01 -8.752000000000e-01 0.000000000000e+00 0.000000000000e+00 0.000000000000e+00 -0.000000000000e+00 3.770917540425e+00 0.000000000000e+00 0.000000000000e+00 0.000000000000e+00 0.000000000000e+00 0.000000000000e+00 0.000000000000e+00 
9.550000000000e+00 3.668520907988e-01 -1.763009222626e+01 2.765556982641e-01 1.220613256896e+05 1.231673912454e+05 1.008601649212e+05 2.216345233704e+03 5.193496419005e+02 3.400000000000e+06 0.000000000000e+00 -8.752000000000e-01 -8.752000000000e-01 0.000000000000e+00 0.000000000000e+00 0.000000000000e+00 -0.000000000000e+00 3.756537532167e+00 0.000000000000e+00 0.000000000000e+00 0.000000000000e+00 0.000000000000e+00 0.000000000000e+00 0.000000000000e+00 
9.555000000000e+00 3.655266450459e-01 -1.767341780037e+01 2.603175305322e-01 1.211491256335e+05 1.221785560549e+05 1.008314272850e+05 2.218474660517e+03 5.204952752959e+02 3.400000000000e+06 0.000000000000e+00 -8.752000000000e-01 -8.752000000000e-01 0.000000000000e+00 0.000000000000e+00 0.000000000000e+00 -0.000000000000e+00 3.742994737080e+00 0.000000000000e+00 0.000000000000e+00 0.000000000000e+00 0.000000000000e+00 0.000000000000e+00 0.000000000000e+00 
9.560000000000e+00 3.642768560051e-01 -1.763394969381e+01 2.457658340573e-01 1.202770662137e+05 1.212377829703e+05 1.008051683695e+05 2.220495840708e+03 5.215914948496e+02 3.400000000000e+06 0.000000000000e+00 -8.752000000000e-01 -8.752000000000e-01 0.000000000000e+00 0.000000000000e+00 0.000000000000e+00 -0.000000000000e+00 3.730208546903e+00 0.000000000000e+00 0.000000000000e+00 0.000000000000e+00 0.000000000000e+00 0.000000000000e+00 0.000000000000e+00 
9.565000000000e+00 3.630942866058e-01 -1.751869995191e+01 2.328709107543e-01 1.194396697671e+05 1.203400332891e+05 1.007810495867e+05 2.222420690054e+03 5.226428257251e+02 3.400000000000e+06 0.000000000000e+00 -8.752000000000e-01 -8.752000000000e-01 0.000000000000e+00 0.000000000000e+00 0.000000000000e+00 -0.000000000000e+00 3.718097899668e+00 0.000000000000e+00 0.000000000000e+00 0.000000000000e+00 0.000000000000e+00 0.000000000000e+00 0.000000000000e+00 
9.570000000000e+00 3.619709805738e-01 -1.733423412567e+01 2.215071115662e-01 1.186323413428e+05 1.194803773320e+05 1.007587770695e+05 2.224260488573e+03 5.236539693025e+02 3.400000000000e+06 0.000000000000e+00 -8.752000000000e-01 -8.752000000000e-01 0.000000000000e+00 0.000000000000e+00 0.000000000000e+00 -0.000000000000e+00 3.706585400678e+00 0.000000000000e+00 0.000000000000e+00 0.000000000000e+00 0.000000000000e+00 0.000000000000e+00 0.000000000000e+00 
9.575000000000e+00 3.608997518349e-01 -1.708668127117e+01 2.115121202808e-01 1.178512070984e+05 1.186542519619e+05 1.007381008183e+05 2.226025475574e+03 5.246294368793e+02 3.400000000000e+06 0.000000000000e+00 -8.752000000000e-01 -8.752000000000e-01 0.000000000000e+00 0.000000000000e+00 0.000000000000e+00 -0.000000000000e+00 3.695601042360e+00 0.000000000000e+00 0.000000000000e+00 0.000000000000e+00 0.000000000000e+00 0.000000000000e+00 0.000000000000e+00 
9.580000000000e+00 3.598744353600e-01 -1.678146582599e+01 2.026562673112e-01 1.170935735870e+05 1.178576942431e+05 1.007188134531e+05 2.227724294254e+03 5.255732188981e+02 3.400000000000e+06 0.000000000000e+00 -8.752000000000e-01 -8.752000000000e-01 0.000000000000e+00 0.000000000000e+00 0.000000000000e+00 -0.000000000000e+00 3.685087344051e+00 0.000000000000e+00 0.000000000000e+00 0.000000000000e+00 0.000000000000e+00 0.000000000000e+00 0.000000000000e+00 
9.585000000000e+00 3.588903793731e-01 -1.642314972878e+01 1.946046816518e-01 1.163586448994e+05 1.170877688025e+05 1.007007537186e+05 2.229363007173e+03 5.264882305602e+02 3.400000000000e+06 0.000000000000e+00 -8.752000000000e-01 -8.752000000000e-01 0.000000000000e+00 0.000000000000e+00 0.000000000000e+00 -0.000000000000e+00 3.674999445292e+00 0.000000000000e+00 0.000000000000e+00 0.000000000000e+00 0.000000000000e+00 0.000000000000e+00 0.000000000000e+00 
9.590000000000e+00 3.579438464285e-01 -1.601629524698e+01 1.872608738716e-01 1.156445552140e+05 1.163421443498e+05 1.006837903582e+05 2.230946856116e+03 5.273767749815e+02 3.400000000000e+06 0.000000000000e+00 -8.752000000000e-01 -8.752000000000e-01 0.000000000000e+00 0.000000000000e+00 0.000000000000e+00 -0.000000000000e+00 3.665302517752e+00 0.000000000000e+00 0.000000000000e+00 0.000000000000e+00 0.000000000000e+00 0.000000000000e+00 0.000000000000e+00 
9.595000000000e+00 3.570327041634e-01 -1.556386974092e+01 1.802782659335e-01 1.149525395894e+05 1.156196733370e+05 1.006678306488e+05 2.232477884292e+03 5.282398234114e+02 3.400000000000e+06 0.000000000000e+00 -8.752000000000e-01 -8.752000000000e-01 0.000000000000e+00 0.000000000000e+00 0.000000000000e+00 -0.000000000000e+00 3.655971679977e+00 0.000000000000e+00 0.000000000000e+00 0.000000000000e+00 0.000000000000e+00 0.000000000000e+00 0.000000000000e+00 
9.600000000000e+00 3.561552353987e-01 -1.506909637169e+01 1.735906179604e-01 1.142820847861e+05 1.149194843455e+05 1.006527960515e+05 2.233958171522e+03 5.290780749344e+02 3.400000000000e+06 0.000000000000e+00 -8.752000000000e-01 -8.752000000000e-01 0.000000000000e+00 0.000000000000e+00 0.000000000000e+00 -0.000000000000e+00 3.646989970740e+00 0.000000000000e+00 0.000000000000e+00 0.000000000000e+00 0.000000000000e+00 0.000000000000e+00 0.000000000000e+00 
9.605000000000e+00 3.553103586409e-01 -1.453470348812e+01 1.670826261992e-01 1.136335390382e+05 1.142411721559e+05 1.006386244240e+05 2.235388655991e+03 5.298917169919e+02 3.400000000000e+06 0.000000000000e+00 -8.752000000000e-01 -8.752000000000e-01 0.000000000000e+00 0.000000000000e+00 0.000000000000e+00 -0.000000000000e+00 3.638345777694e+00 0.000000000000e+00 0.000000000000e+00 0.000000000000e+00 0.000000000000e+00 0.000000000000e+00 0.000000000000e+00 
9.610000000000e+00 3.544975847818e-01 -1.396317991277e+01 1.606428500367e-01 1.130077002152e+05 1.135847794176e+05 1.006252677022e+05 2.236769311795e+03 5.306804363988e+02 3.400000000000e+06 0.000000000000e+00 -8.752000000000e-01 -8.752000000000e-01 0.000000000000e+00 0.000000000000e+00 0.000000000000e+00 -0.000000000000e+00 3.630033451411e+00 0.000000000000e+00 0.000000000000e+00 0.000000000000e+00 0.000000000000e+00 0.000000000000e+00 0.000000000000e+00 
9.615000000000e+00 3.537167559424e-01 -1.335685640436e+01 1.542205756522e-01 1.124051817794e+05 1.129505983419e+05 1.006126864198e+05 2.238099718191e+03 5.314436496344e+02 3.400000000000e+06 0.000000000000e+00 -8.752000000000e-01 -8.752000000000e-01 0.000000000000e+00 0.000000000000e+00 0.000000000000e+00 -0.000000000000e+00 3.622050540342e+00 0.000000000000e+00 0.000000000000e+00 0.000000000000e+00 0.000000000000e+00 0.000000000000e+00 0.000000000000e+00 
9.620000000000e+00 3.529678679074e-01 -1.271797869724e+01 1.478033825451e-01 1.118264309320e+05 1.123390327065e+05 1.006008461905e+05 2.239379304631e+03 5.321806641102e+02 3.400000000000e+06 0.000000000000e+00 -8.752000000000e-01 -8.752000000000e-01 0.000000000000e+00 0.000000000000e+00 0.000000000000e+00 -0.000000000000e+00 3.614396508866e+00 0.000000000000e+00 0.000000000000e+00 0.000000000000e+00 0.000000000000e+00 0.000000000000e+00 0.000000000000e+00 
9.625000000000e+00 3.522509122202e-01 -1.204877462444e+01 1.413897723582e-01 1.112717998920e+05 1.117504708211e+05 1.005897148917e+05 2.240607555454e+03 5.328908283342e+02 3.400000000000e+06 0.000000000000e+00 -8.752000000000e-01 -8.752000000000e-01 0.000000000000e+00 0.000000000000e+00 0.000000000000e+00 -0.000000000000e+00 3.607070377409e+00 0.000000000000e+00 0.000000000000e+00 0.000000000000e+00 0.000000000000e+00 0.000000000000e+00 0.000000000000e+00 
9.630000000000e+00 3.515657912494e-01 -1.135153706405e+01 1.350115997229e-01 1.107413019529e+05 1.111852146614e+05 1.005792612507e+05 2.241784213126e+03 5.335736156089e+02 3.400000000000e+06 0.000000000000e+00 -8.752000000000e-01 -8.752000000000e-01 0.000000000000e+00 0.000000000000e+00 0.000000000000e+00 -0.000000000000e+00 3.600069867734e+00 0.000000000000e+00 0.000000000000e+00 0.000000000000e+00 0.000000000000e+00 0.000000000000e+00 0.000000000000e+00 
9.635000000000e+00 3.509121930540e-01 -1.062869212016e+01 1.287129326956e-01 1.102346600560e+05 1.106433736422e+05 1.005694529644e+05 2.242909448476e+03 5.342287510916e+02 3.400000000000e+06 0.000000000000e+00 -8.752000000000e-01 -8.752000000000e-01 0.000000000000e+00 0.000000000000e+00 0.000000000000e+00 -0.000000000000e+00 3.593390900068e+00 0.000000000000e+00 0.000000000000e+00 0.000000000000e+00 0.000000000000e+00 0.000000000000e+00 0.000000000000e+00 
9.640000000000e+00 3.502895710642e-01 -9.882805611206e+00 1.225401757897e-01 1.097513597609e+05 1.101248433174e+05 1.005602565167e+05 2.243983877256e+03 5.348562366386e+02 3.400000000000e+06 0.000000000000e+00 -8.752000000000e-01 -8.752000000000e-01 0.000000000000e+00 0.000000000000e+00 0.000000000000e+00 -0.000000000000e+00 3.587027288934e+00 0.000000000000e+00 0.000000000000e+00 0.000000000000e+00 0.000000000000e+00 0.000000000000e+00 0.000000000000e+00 
9.645000000000e+00 3.496971464922e-01 -9.116592523131e+00 1.165383735452e-01 1.092906759112e+05 1.096293032490e+05 1.005516373140e+05 2.245008551421e+03 5.354563523630e+02 3.400000000000e+06 0.000000000000e+00 -8.752000000000e-01 -8.752000000000e-01 0.000000000000e+00 0.000000000000e+00 0.000000000000e+00 -0.000000000000e+00 3.580970699053e+00 0.000000000000e+00 0.000000000000e+00 0.000000000000e+00 0.000000000000e+00 0.000000000000e+00 0.000000000000e+00 
9.650000000000e+00 3.491339309382e-01 -8.332913339234e+00 1.107460112112e-01 1.088517291959e+05 1.091562325174e+05 1.005435600689e+05 2.245984910213e+03 5.360296366763e+02 3.400000000000e+06 0.000000000000e+00 -8.752000000000e-01 -8.752000000000e-01 0.000000000000e+00 0.000000000000e+00 0.000000000000e+00 -0.000000000000e+00 3.575210865045e+00 0.000000000000e+00 0.000000000000e+00 0.000000000000e+00 0.000000000000e+00 0.000000000000e+00 0.000000000000e+00 
9.655000000000e+00 3.485987675896e-01 -7.534759455136e+00 1.051939254985e-01 1.084335286392e+05 1.087049419565e+05 1.005359893892e+05 2.246914707153e+03 5.365768459049e+02 3.400000000000e+06 0.000000000000e+00 -8.752000000000e-01 -8.752000000000e-01 0.000000000000e+00 0.000000000000e+00 0.000000000000e+00 -0.000000000000e+00 3.569735907923e+00 0.000000000000e+00 0.000000000000e+00 0.000000000000e+00 0.000000000000e+00 0.000000000000e+00 0.000000000000e+00 
9.660000000000e+00 3.480903671486e-01 -6.725241016808e+00 9.990536155826e-02 1.080350018547e+05 1.082746031793e+05 1.005288902287e+05 2.247799947648e+03 5.370989176825e+02 3.400000000000e+06 0.000000000000e+00 -8.752000000000e-01 -8.752000000000e-01 0.000000000000e+00 0.000000000000e+00 0.000000000000e+00 -0.000000000000e+00 3.564532693573e+00 0.000000000000e+00 0.000000000000e+00 0.000000000000e+00 0.000000000000e+00 0.000000000000e+00 0.000000000000e+00 
9.665000000000e+00 3.476073394265e-01 -5.907575641153e+00 9.489967640603e-02 1.076549942163e+05 1.078642749199e+05 1.005222282314e+05 2.248642842121e+03 5.375969375730e+02 3.400000000000e+06 0.000000000000e+00 -8.752000000000e-01 -8.752000000000e-01 0.000000000000e+00 0.000000000000e+00 0.000000000000e+00 -0.000000000000e+00 3.559587409700e+00 0.000000000000e+00 0.000000000000e+00 0.000000000000e+00 0.000000000000e+00 0.000000000000e+00 0.000000000000e+00 
9.670000000000e+00 3.471482647599e-01 -5.085012297946e+00 9.017164448421e-02 1.072924913914e+05 1.074729641670e+05 1.005159705843e+05 2.249445627191e+03 5.380720634798e+02 3.400000000000e+06 0.000000000000e+00 -8.752000000000e-01 -8.752000000000e-01 0.000000000000e+00 0.000000000000e+00 0.000000000000e+00 -0.000000000000e+00 3.554885978059e+00 0.000000000000e+00 0.000000000000e+00 0.000000000000e+00 0.000000000000e+00 0.000000000000e+00 0.000000000000e+00 
9.675000000000e+00 3.467117578102e-01 -4.260810832443e+00 8.571894686581e-02 1.069464653057e+05 1.070996820872e+05 1.005100867080e+05 2.250210517882e+03 5.385254563729e+02 3.400000000000e+06 0.000000000000e+00 -8.752000000000e-01 -8.752000000000e-01 0.000000000000e+00 0.000000000000e+00 0.000000000000e+00 -0.000000000000e+00 3.550414156965e+00 0.000000000000e+00 0.000000000000e+00 0.000000000000e+00 0.000000000000e+00 0.000000000000e+00 0.000000000000e+00 
9.680000000000e+00 3.462964553785e-01 -3.438234714729e+00 8.153397830283e-02 1.066159285519e+05 1.067434356559e+05 1.005045479004e+05 2.250939706165e+03 5.389582891982e+02 3.400000000000e+06 0.000000000000e+00 -8.752000000000e-01 -8.752000000000e-01 0.000000000000e+00 0.000000000000e+00 0.000000000000e+00 -0.000000000000e+00 3.546158073687e+00 0.000000000000e+00 0.000000000000e+00 0.000000000000e+00 0.000000000000e+00 0.000000000000e+00 0.000000000000e+00 
9.685000000000e+00 3.459010501788e-01 -2.620489417543e+00 7.760653595515e-02 1.062999450335e+05 1.064032585756e+05 1.004993276145e+05 2.251635304760e+03 5.393717082372e+02 3.400000000000e+06 0.000000000000e+00 -8.752000000000e-01 -8.752000000000e-01 0.000000000000e+00 0.000000000000e+00 0.000000000000e+00 -0.000000000000e+00 3.542104393817e+00 0.000000000000e+00 0.000000000000e+00 0.000000000000e+00 0.000000000000e+00 0.000000000000e+00 0.000000000000e+00 
9.690000000000e+00 3.455242992565e-01 -1.810712361899e+00 7.395093361115e-02 1.059974284158e+05 1.060782206626e+05 1.004944013980e+05 2.252299396771e+03 5.397668207510e+02 3.400000000000e+06 0.000000000000e+00 -8.752000000000e-01 -8.752000000000e-01 0.000000000000e+00 0.000000000000e+00 0.000000000000e+00 -0.000000000000e+00 3.538240664125e+00 0.000000000000e+00 0.000000000000e+00 0.000000000000e+00 0.000000000000e+00 0.000000000000e+00 0.000000000000e+00 
9.695000000000e+00 3.451652821161e-01 -1.011837964331e+00 7.051785027875e-02 1.057080566038e+05 1.057676534840e+05 1.004897500663e+05 2.252933351280e+03 5.401444198108e+02 3.400000000000e+06 0.000000000000e+00 -8.752000000000e-01 -8.752000000000e-01 0.000000000000e+00 0.000000000000e+00 0.000000000000e+00 -0.000000000000e+00 3.534556869542e+00 0.000000000000e+00 0.000000000000e+00 0.000000000000e+00 0.000000000000e+00 0.000000000000e+00 0.000000000000e+00 
9.700000000000e+00 3.448230830362e-01 -2.267665949290e-01 6.727670011155e-02 1.054313563856e+05 1.054708791782e+05 1.004853553594e+05 2.253538591977e+03 5.405053131888e+02 3.400000000000e+06 0.000000000000e+00 -8.752000000000e-01 -8.752000000000e-01 0.000000000000e+00 0.000000000000e+00 0.000000000000e+00 -0.000000000000e+00 3.531043579737e+00 0.000000000000e+00 0.000000000000e+00 0.000000000000e+00 0.000000000000e+00 0.000000000000e+00 0.000000000000e+00 
9.705000000000e+00 3.444967437692e-01 5.417490298786e-01 6.422337497332e-02 1.051666005223e+05 1.051871701718e+05 1.004811992649e+05 2.254116700610e+03 5.408503718883e+02 3.400000000000e+06 0.000000000000e+00 -8.752000000000e-01 -8.752000000000e-01 0.000000000000e+00 0.000000000000e+00 0.000000000000e+00 -0.000000000000e+00 3.527691091870e+00 0.000000000000e+00 0.000000000000e+00 0.000000000000e+00 0.000000000000e+00 0.000000000000e+00 0.000000000000e+00 
9.710000000000e+00 3.441853451625e-01 1.291176394323e+00 6.134688857207e-02 1.049131398603e+05 1.049158207649e+05 1.004772649983e+05 2.254669186560e+03 5.411804426866e+02 3.400000000000e+06 0.000000000000e+00 -8.752000000000e-01 -8.752000000000e-01 0.000000000000e+00 0.000000000000e+00 0.000000000000e+00 -0.000000000000e+00 3.524490352356e+00 0.000000000000e+00 0.000000000000e+00 0.000000000000e+00 0.000000000000e+00 0.000000000000e+00 0.000000000000e+00 
9.715000000000e+00 3.438880398373e-01 2.019192255064e+00 5.863051363362e-02 1.046704248255e+05 1.046561768754e+05 1.004735373280e+05 2.255197429238e+03 5.414963115669e+02 3.400000000000e+06 0.000000000000e+00 -8.752000000000e-01 -8.752000000000e-01 0.000000000000e+00 0.000000000000e+00 0.000000000000e+00 -0.000000000000e+00 3.521433110750e+00 0.000000000000e+00 0.000000000000e+00 0.000000000000e+00 0.000000000000e+00 0.000000000000e+00 0.000000000000e+00 
9.720000000000e+00 3.436040711813e-01 2.723670301707e+00 5.605757186478e-02 1.044379783745e+05 1.044076540629e+05 1.004700027222e+05 2.255702656548e+03 5.417986814503e+02 3.400000000000e+06 0.000000000000e+00 -8.752000000000e-01 -8.752000000000e-01 0.000000000000e+00 0.000000000000e+00 0.000000000000e+00 -0.000000000000e+00 3.518511713761e+00 0.000000000000e+00 0.000000000000e+00 0.000000000000e+00 0.000000000000e+00 0.000000000000e+00 0.000000000000e+00 
9.725000000000e+00 3.433327342679e-01 3.402713276947e+00 5.361965204534e-02 1.042152978013e+05 1.041697046551e+05 1.004666487805e+05 2.256186034287e+03 5.420882119061e+02 3.400000000000e+06 0.000000000000e+00 -8.752000000000e-01 -8.752000000000e-01 0.000000000000e+00 0.000000000000e+00 0.000000000000e+00 -0.000000000000e+00 3.515718960652e+00 0.000000000000e+00 0.000000000000e+00 0.000000000000e+00 0.000000000000e+00 0.000000000000e+00 0.000000000000e+00 
9.730000000000e+00 3.430733492586e-01 4.054657132642e+00 5.131516130893e-02 1.040018427915e+05 1.039417953315e+05 1.004634638465e+05 2.256648709445e+03 5.423655462038e+02 3.400000000000e+06 0.000000000000e+00 -8.752000000000e-01 -8.752000000000e-01 0.000000000000e+00 0.000000000000e+00 0.000000000000e+00 -0.000000000000e+00 3.513047834671e+00 0.000000000000e+00 0.000000000000e+00 0.000000000000e+00 0.000000000000e+00 0.000000000000e+00 0.000000000000e+00 
9.735000000000e+00 3.428252450522e-01 4.678058107898e+00 4.913828889569e-02 1.037971079297e+05 1.037233934042e+05 1.004604367637e+05 2.257091811252e+03 5.426313278282e+02 3.400000000000e+06 0.000000000000e+00 -8.752000000000e-01 -8.752000000000e-01 0.000000000000e+00 0.000000000000e+00 0.000000000000e+00 -0.000000000000e+00 3.510491587901e+00 0.000000000000e+00 0.000000000000e+00 0.000000000000e+00 0.000000000000e+00 0.000000000000e+00 0.000000000000e+00 
9.740000000000e+00 3.425877891812e-01 5.271664354597e+00 4.708444146556e-02 1.036006072938e+05 1.035139937184e+05 1.004575572023e+05 2.257516410009e+03 5.428861675884e+02 3.400000000000e+06 0.000000000000e+00 -8.752000000000e-01 -8.752000000000e-01 0.000000000000e+00 0.000000000000e+00 0.000000000000e+00 -0.000000000000e+00 3.508043747129e+00 0.000000000000e+00 0.000000000000e+00 0.000000000000e+00 0.000000000000e+00 0.000000000000e+00 0.000000000000e+00 
9.745000000000e+00 3.423603576720e-01 5.834424647869e+00 4.515000923449e-02 1.034118498024e+05 1.033130927110e+05 1.004548152540e+05 2.257923570270e+03 5.431306750542e+02 3.400000000000e+06 0.000000000000e+00 -8.752000000000e-01 -8.752000000000e-01 0.000000000000e+00 0.000000000000e+00 0.000000000000e+00 -0.000000000000e+00 3.505698061467e+00 0.000000000000e+00 0.000000000000e+00 0.000000000000e+00 0.000000000000e+00 0.000000000000e+00 0.000000000000e+00 
9.750000000000e+00 3.421423871910e-01 6.365420882935e+00 4.332251543546e-02 1.032304641794e+05 1.031202350220e+05 1.004522020275e+05 2.258314230868e+03 5.433654017140e+02 3.400000000000e+06 0.000000000000e+00 -8.752000000000e-01 -8.752000000000e-01 0.000000000000e+00 0.000000000000e+00 0.000000000000e+00 -0.000000000000e+00 3.503448782632e+00 0.000000000000e+00 0.000000000000e+00 0.000000000000e+00 0.000000000000e+00 0.000000000000e+00 0.000000000000e+00 
9.755000000000e+00 3.419332848734e-01 6.863964444652e+00 4.162021553854e-02 1.030558059074e+05 1.029349342903e+05 1.004497085338e+05 2.258689467523e+03 5.435909372766e+02 3.400000000000e+06 0.000000000000e+00 -8.752000000000e-01 -8.752000000000e-01 0.000000000000e+00 0.000000000000e+00 0.000000000000e+00 -0.000000000000e+00 3.501289541498e+00 0.000000000000e+00 0.000000000000e+00 0.000000000000e+00 0.000000000000e+00 0.000000000000e+00 0.000000000000e+00 
9.760000000000e+00 3.417323285288e-01 7.329618489163e+00 4.006804953547e-02 1.028870564217e+05 1.027565846284e+05 1.004473244941e+05 2.259050613641e+03 5.438080173471e+02 3.400000000000e+06 0.000000000000e+00 -8.752000000000e-01 -8.752000000000e-01 0.000000000000e+00 0.000000000000e+00 0.000000000000e+00 -0.000000000000e+00 3.499212872353e+00 0.000000000000e+00 0.000000000000e+00 0.000000000000e+00 0.000000000000e+00 0.000000000000e+00 0.000000000000e+00 
9.765000000000e+00 3.415387322001e-01 7.762108672339e+00 3.866886055553e-02 1.027235094102e+05 1.025845184178e+05 1.004450391308e+05 2.259399068998e+03 5.440174530208e+02 3.400000000000e+06 0.000000000000e+00 -8.752000000000e-01 -8.752000000000e-01 0.000000000000e+00 0.000000000000e+00 0.000000000000e+00 -0.000000000000e+00 3.497211039806e+00 0.000000000000e+00 0.000000000000e+00 0.000000000000e+00 0.000000000000e+00 0.000000000000e+00 0.000000000000e+00 
9.770000000000e+00 3.413517384179e-01 8.161270544935e+00 3.742267095892e-02 1.025645021956e+05 1.024180884204e+05 1.004428422454e+05 2.259736180378e+03 5.442200308740e+02 3.400000000000e+06 0.000000000000e+00 -8.752000000000e-01 -8.752000000000e-01 0.000000000000e+00 0.000000000000e+00 0.000000000000e+00 -0.000000000000e+00 3.495276171882e+00 0.000000000000e+00 0.000000000000e+00 0.000000000000e+00 0.000000000000e+00 0.000000000000e+00 0.000000000000e+00 
9.775000000000e+00 3.411704550904e-01 8.527210870387e+00 3.636081023113e-02 1.024089981381e+05 1.022565228119e+05 1.004407222890e+05 2.260063624415e+03 5.444166893589e+02 3.400000000000e+06 0.000000000000e+00 -8.752000000000e-01 -8.752000000000e-01 0.000000000000e+00 0.000000000000e+00 0.000000000000e+00 -0.000000000000e+00 3.493399298143e+00 0.000000000000e+00 0.000000000000e+00 0.000000000000e+00 0.000000000000e+00 0.000000000000e+00 0.000000000000e+00 
9.780000000000e+00 3.409940778820e-01 8.859996001259e+00 3.544035126934e-02 1.022566241142e+05 1.020991232685e+05 1.004386689631e+05 2.260382735801e+03 5.446082776427e+02 3.400000000000e+06 0.000000000000e+00 -8.752000000000e-01 -8.752000000000e-01 0.000000000000e+00 0.000000000000e+00 0.000000000000e+00 -0.000000000000e+00 3.491572806560e+00 0.000000000000e+00 0.000000000000e+00 0.000000000000e+00 0.000000000000e+00 0.000000000000e+00 0.000000000000e+00 
9.785000000000e+00 3.408219465628e-01 9.159742766715e+00 3.464861755759e-02 1.021068948382e+05 1.019453161295e+05 1.004366738327e+05 2.260694667631e+03 5.447954932839e+02 3.400000000000e+06 0.000000000000e+00 -8.752000000000e-01 -8.752000000000e-01 0.000000000000e+00 0.000000000000e+00 0.000000000000e+00 -0.000000000000e+00 3.489789892025e+00 0.000000000000e+00 0.000000000000e+00 0.000000000000e+00 0.000000000000e+00 0.000000000000e+00 0.000000000000e+00 
9.790000000000e+00 3.406534055154e-01 9.426676728803e+00 3.398755363757e-02 1.019592103613e+05 1.017945285377e+05 1.004347286723e+05 2.261000605514e+03 5.449790329609e+02 3.400000000000e+06 0.000000000000e+00 -8.752000000000e-01 -8.752000000000e-01 0.000000000000e+00 0.000000000000e+00 0.000000000000e+00 -0.000000000000e+00 3.488043766012e+00 0.000000000000e+00 0.000000000000e+00 0.000000000000e+00 0.000000000000e+00 0.000000000000e+00 0.000000000000e+00 
9.795000000000e+00 3.404877841260e-01 9.661109593656e+00 3.346182920040e-02 1.018129325375e+05 1.016461710437e+05 1.004328252301e+05 2.261301773135e+03 5.451596136171e+02 3.400000000000e+06 0.000000000000e+00 -8.752000000000e-01 -8.752000000000e-01 0.000000000000e+00 0.000000000000e+00 0.000000000000e+00 -0.000000000000e+00 3.486327463001e+00 0.000000000000e+00 0.000000000000e+00 0.000000000000e+00 0.000000000000e+00 0.000000000000e+00 0.000000000000e+00 
9.800000000000e+00 3.403243581470e-01 9.863468245446e+00 3.308607407276e-02 1.016672922338e+05 1.014996029792e+05 1.004309547828e+05 2.261599521218e+03 5.453380145803e+02 3.400000000000e+06 0.000000000000e+00 -8.752000000000e-01 -8.752000000000e-01 0.000000000000e+00 0.000000000000e+00 0.000000000000e+00 -0.000000000000e+00 3.484633401093e+00 0.000000000000e+00 0.000000000000e+00 0.000000000000e+00 0.000000000000e+00 0.000000000000e+00 0.000000000000e+00 
9.805000000000e+00 3.401623355433e-01 1.003428764515e+01 3.286928476390e-02 1.015215001144e+05 1.013541195557e+05 1.004291079804e+05 2.261895314125e+03 5.455150932395e+02 3.400000000000e+06 0.000000000000e+00 -8.752000000000e-01 -8.752000000000e-01 0.000000000000e+00 0.000000000000e+00 0.000000000000e+00 -0.000000000000e+00 3.482953570357e+00 0.000000000000e+00 0.000000000000e+00 0.000000000000e+00 0.000000000000e+00 0.000000000000e+00 0.000000000000e+00 
9.810000000000e+00 3.400009181992e-01 1.017416198599e+01 3.281013685365e-02 1.013748401221e+05 1.012090070837e+05 1.004272755561e+05 2.262190605270e+03 5.456917178039e+02 3.400000000000e+06 0.000000000000e+00 -8.752000000000e-01 -8.752000000000e-01 0.000000000000e+00 0.000000000000e+00 0.000000000000e+00 -0.000000000000e+00 3.481279941079e+00 0.000000000000e+00 0.000000000000e+00 0.000000000000e+00 0.000000000000e+00 0.000000000000e+00 0.000000000000e+00 
9.815000000000e+00 3.398393196380e-01 1.028374502735e+01 3.290648768839e-02 1.012266101372e+05 1.010635589379e+05 1.004254485232e+05 2.262486828719e+03 5.458687478465e+02 3.400000000000e+06 0.000000000000e+00 -8.752000000000e-01 -8.752000000000e-01 0.000000000000e+00 0.000000000000e+00 0.000000000000e+00 -0.000000000000e+00 3.479604552929e+00 0.000000000000e+00 0.000000000000e+00 0.000000000000e+00 0.000000000000e+00 0.000000000000e+00 0.000000000000e+00 
9.820000000000e+00 3.396767630368e-01 1.036374858960e+01 3.315618242672e-02 1.010761137663e+05 1.009170738270e+05 1.004236181489e+05 2.262785404808e+03 5.460470363855e+02 3.400000000000e+06 0.000000000000e+00 -8.752000000000e-01 -8.752000000000e-01 0.000000000000e+00 0.000000000000e+00 0.000000000000e+00 -0.000000000000e+00 3.477919532379e+00 0.000000000000e+00 0.000000000000e+00 0.000000000000e+00 0.000000000000e+00 0.000000000000e+00 0.000000000000e+00 
9.825000000000e+00 3.395124886188e-01 1.041493861585e+01 3.355456105451e-02 1.009226869812e+05 1.007688624768e+05 1.004217760343e+05 2.263087720226e+03 5.462274217267e+02 3.400000000000e+06 0.000000000000e+00 -8.752000000000e-01 -8.752000000000e-01 0.000000000000e+00 0.000000000000e+00 0.000000000000e+00 -0.000000000000e+00 3.476217208351e+00 0.000000000000e+00 0.000000000000e+00 0.000000000000e+00 0.000000000000e+00 0.000000000000e+00 0.000000000000e+00 
9.830000000000e+00 3.393457600574e-01 1.043811468006e+01 3.410128254893e-02 1.007656494952e+05 1.006182534306e+05 1.004199141833e+05 2.263395133597e+03 5.464107203800e+02 3.400000000000e+06 0.000000000000e+00 -8.752000000000e-01 -8.752000000000e-01 0.000000000000e+00 0.000000000000e+00 0.000000000000e+00 -0.000000000000e+00 3.474489965729e+00 0.000000000000e+00 0.000000000000e+00 0.000000000000e+00 0.000000000000e+00 0.000000000000e+00 0.000000000000e+00 
9.835000000000e+00 3.391758200000e-01 1.043415982940e+01 3.479659316301e-02 1.006042936546e+05 1.004645528101e+05 1.004180245068e+05 2.263709047718e+03 5.465977760048e+02 3.400000000000e+06 0.000000000000e+00 -8.752000000000e-01 -8.752000000000e-01 0.000000000000e+00 0.000000000000e+00 0.000000000000e+00 -0.000000000000e+00 3.472730135725e+00 0.000000000000e+00 0.000000000000e+00 0.000000000000e+00 0.000000000000e+00 0.000000000000e+00 0.000000000000e+00 
9.840000000000e+00 3.390019316461e-01 1.040401692468e+01 3.563772995774e-02 1.004379510861e+05 1.003070817174e+05 1.004160992910e+05 2.264030824266e+03 5.467894138597e+02 3.400000000000e+06 0.000000000000e+00 -8.752000000000e-01 -8.752000000000e-01 0.000000000000e+00 0.000000000000e+00 0.000000000000e+00 -0.000000000000e+00 3.470930138201e+00 0.000000000000e+00 0.000000000000e+00 0.000000000000e+00 0.000000000000e+00 0.000000000000e+00 0.000000000000e+00 
9.845000000000e+00 3.388233079524e-01 1.034873469652e+01 3.664387823797e-02 1.002657276655e+05 1.001451119233e+05 1.004141304202e+05 2.264361977805e+03 5.469865190314e+02 3.400000000000e+06 0.000000000000e+00 -8.752000000000e-01 -8.752000000000e-01 0.000000000000e+00 0.000000000000e+00 0.000000000000e+00 -0.000000000000e+00 3.469081820045e+00 0.000000000000e+00 0.000000000000e+00 0.000000000000e+00 0.000000000000e+00 0.000000000000e+00 0.000000000000e+00 
9.850000000000e+00 3.386391825634e-01 1.026935145926e+01 3.778857607420e-02 1.000871094297e+05 9.997792977435e+04 1.004121101729e+05 2.264703873432e+03 5.471899586186e+02 3.400000000000e+06 0.000000000000e+00 -8.752000000000e-01 -8.752000000000e-01 0.000000000000e+00 0.000000000000e+00 0.000000000000e+00 -0.000000000000e+00 3.467177809016e+00 0.000000000000e+00 0.000000000000e+00 0.000000000000e+00 0.000000000000e+00 0.000000000000e+00 0.000000000000e+00 
9.855000000000e+00 3.384489147644e-01 1.016687853005e+01 3.905422644184e-02 9.990162330324e+04 9.980493152761e+04 1.004100323689e+05 2.265057672357e+03 5.474004656865e+02 3.400000000000e+06 0.000000000000e+00 -8.752000000000e-01 -8.752000000000e-01 0.000000000000e+00 0.000000000000e+00 0.000000000000e+00 -0.000000000000e+00 3.465211731465e+00 0.000000000000e+00 0.000000000000e+00 0.000000000000e+00 0.000000000000e+00 0.000000000000e+00 0.000000000000e+00 
9.860000000000e+00 3.382519732904e-01 1.004232610069e+01 4.042215012189e-02 9.970890224843e+04 9.962560910479e+04 1.004078921697e+05 2.265424335809e+03 5.476186565856e+02 3.400000000000e+06 0.000000000000e+00 -8.752000000000e-01 -8.752000000000e-01 0.000000000000e+00 0.000000000000e+00 0.000000000000e+00 -0.000000000000e+00 3.463177933399e+00 0.000000000000e+00 0.000000000000e+00 0.000000000000e+00 0.000000000000e+00 0.000000000000e+00 0.000000000000e+00 
9.865000000000e+00 3.380477617820e-01 9.896835584058e+00 4.191799452132e-02 9.950815937817e+04 9.943939125973e+04 1.004056841755e+05 2.265805062912e+03 5.478452241775e+02 3.400000000000e+06 0.000000000000e+00 -8.752000000000e-01 -8.752000000000e-01 0.000000000000e+00 0.000000000000e+00 0.000000000000e+00 -0.000000000000e+00 3.461070057915e+00 0.000000000000e+00 0.000000000000e+00 0.000000000000e+00 0.000000000000e+00 0.000000000000e+00 0.000000000000e+00 
9.870000000000e+00 3.378356546665e-01 9.731566963294e+00 4.353564202920e-02 9.929883097548e+04 9.924567563637e+04 1.004034028358e+05 2.266201030858e+03 5.480808987579e+02 3.400000000000e+06 0.000000000000e+00 -8.752000000000e-01 -8.752000000000e-01 0.000000000000e+00 0.000000000000e+00 0.000000000000e+00 -0.000000000000e+00 3.458881731628e+00 0.000000000000e+00 0.000000000000e+00 0.000000000000e+00 0.000000000000e+00 0.000000000000e+00 0.000000000000e+00 
9.875000000000e+00 3.376150145733e-01 9.547756606574e+00 4.527898296055e-02 9.908025686044e+04 9.904384416191e+04 1.004010426542e+05 2.266613470052e+03 5.483264292540e+02 3.400000000000e+06 0.000000000000e+00 -8.752000000000e-01 -8.752000000000e-01 0.000000000000e+00 0.000000000000e+00 0.000000000000e+00 -0.000000000000e+00 3.456606523956e+00 0.000000000000e+00 0.000000000000e+00 0.000000000000e+00 0.000000000000e+00 0.000000000000e+00 0.000000000000e+00 
9.880000000000e+00 3.373852453909e-01 9.346644764506e+00 4.713354882183e-02 9.885195748319e+04 9.883331123098e+04 1.003985987653e+05 2.267043493763e+03 5.485825245333e+02 3.400000000000e+06 0.000000000000e+00 -8.752000000000e-01 -8.752000000000e-01 0.000000000000e+00 0.000000000000e+00 0.000000000000e+00 -0.000000000000e+00 3.454238546595e+00 0.000000000000e+00 0.000000000000e+00 0.000000000000e+00 0.000000000000e+00 0.000000000000e+00 0.000000000000e+00 
9.885000000000e+00 3.371458865458e-01 9.129492756925e+00 4.907201652031e-02 9.861367795041e+04 9.861361023408e+04 1.003960679270e+05 2.267491937370e+03 5.488497480972e+02 3.400000000000e+06 0.000000000000e+00 -8.752000000000e-01 -8.752000000000e-01 0.000000000000e+00 0.000000000000e+00 0.000000000000e+00 -0.000000000000e+00 3.451773498666e+00 0.000000000000e+00 0.000000000000e+00 0.000000000000e+00 0.000000000000e+00 0.000000000000e+00 0.000000000000e+00 
9.890000000000e+00 3.368965405747e-01 8.897573067025e+00 5.108766731710e-02 9.836505151267e+04 9.838432762484e+04 1.003934477282e+05 2.267959577666e+03 5.491285982478e+02 3.400000000000e+06 0.000000000000e+00 -8.752000000000e-01 -8.752000000000e-01 0.000000000000e+00 0.000000000000e+00 0.000000000000e+00 -0.000000000000e+00 3.449206949405e+00 0.000000000000e+00 0.000000000000e+00 0.000000000000e+00 0.000000000000e+00 0.000000000000e+00 0.000000000000e+00 
9.895000000000e+00 3.366368225351e-01 8.652098581024e+00 5.317671255505e-02 9.810569458397e+04 9.814505647943e+04 1.003907360490e+05 2.268447181351e+03 5.494195645086e+02 3.400000000000e+06 0.000000000000e+00 -8.752000000000e-01 -8.752000000000e-01 0.000000000000e+00 0.000000000000e+00 0.000000000000e+00 -0.000000000000e+00 3.446534997705e+00 0.000000000000e+00 0.000000000000e+00 0.000000000000e+00 0.000000000000e+00 0.000000000000e+00 0.000000000000e+00 
9.900000000000e+00 3.363663971225e-01 8.394316671422e+00 5.532944095097e-02 9.783531285597e+04 9.789543058951e+04 1.003879314467e+05 2.268955413451e+03 5.497230860919e+02 3.400000000000e+06 0.000000000000e+00 -8.752000000000e-01 -8.752000000000e-01 0.000000000000e+00 0.000000000000e+00 0.000000000000e+00 -0.000000000000e+00 3.443754393803e+00 0.000000000000e+00 0.000000000000e+00 0.000000000000e+00 0.000000000000e+00 0.000000000000e+00 0.000000000000e+00 
9.905000000000e+00 3.360849835068e-01 8.125491404593e+00 5.753153317872e-02 9.755369564263e+04 9.763512909440e+04 1.003850331940e+05 2.269484831410e+03 5.500395462070e+02 3.400000000000e+06 0.000000000000e+00 -8.752000000000e-01 -8.752000000000e-01 0.000000000000e+00 0.000000000000e+00 0.000000000000e+00 -0.000000000000e+00 3.440862386106e+00 0.000000000000e+00 0.000000000000e+00 0.000000000000e+00 0.000000000000e+00 0.000000000000e+00 0.000000000000e+00 
9.910000000000e+00 3.357923745170e-01 7.846890017523e+00 5.977024664310e-02 9.726068423761e+04 9.736389453237e+04 1.003820414591e+05 2.270035864871e+03 5.503692500653e+02 3.400000000000e+06 0.000000000000e+00 -8.752000000000e-01 -8.752000000000e-01 0.000000000000e+00 0.000000000000e+00 0.000000000000e+00 -0.000000000000e+00 3.437856786274e+00 0.000000000000e+00 0.000000000000e+00 0.000000000000e+00 0.000000000000e+00 0.000000000000e+00 0.000000000000e+00 
9.915000000000e+00 3.354884187455e-01 7.559766974949e+00 6.203315355898e-02 9.695616578746e+04 9.708151670347e+04 1.003789570995e+05 2.270608845209e+03 5.507124444602e+02 3.400000000000e+06 0.000000000000e+00 -8.752000000000e-01 -8.752000000000e-01 0.000000000000e+00 0.000000000000e+00 0.000000000000e+00 -0.000000000000e+00 3.434736042403e+00 0.000000000000e+00 0.000000000000e+00 0.000000000000e+00 0.000000000000e+00 0.000000000000e+00 0.000000000000e+00 
9.920000000000e+00 3.351730355832e-01 7.265361546520e+00 6.430903480104e-02 9.664008064760e+04 9.678784708114e+04 1.003757817926e+05 2.271203979234e+03 5.510693002179e+02 3.400000000000e+06 0.000000000000e+00 -8.752000000000e-01 -8.752000000000e-01 0.000000000000e+00 0.000000000000e+00 0.000000000000e+00 -0.000000000000e+00 3.431499242906e+00 0.000000000000e+00 0.000000000000e+00 0.000000000000e+00 0.000000000000e+00 0.000000000000e+00 0.000000000000e+00 
9.925000000000e+00 3.348461962041e-01 6.964898774531e+00 6.658450381490e-02 9.631243251674e+04 9.648278167527e+04 1.003725178174e+05 2.271821375284e+03 5.514399330033e+02 3.400000000000e+06 0.000000000000e+00 -8.752000000000e-01 -8.752000000000e-01 0.000000000000e+00 0.000000000000e+00 0.000000000000e+00 -0.000000000000e+00 3.428146128302e+00 0.000000000000e+00 0.000000000000e+00 0.000000000000e+00 0.000000000000e+00 0.000000000000e+00 0.000000000000e+00 
9.930000000000e+00 3.345079393311e-01 6.659581482444e+00 6.884811018123e-02 9.597327057103e+04 9.616627629760e+04 1.003691681866e+05 2.272461023643e+03 5.518243847610e+02 3.400000000000e+06 0.000000000000e+00 -8.752000000000e-01 -8.752000000000e-01 0.000000000000e+00 0.000000000000e+00 0.000000000000e+00 -0.000000000000e+00 3.424677039617e+00 0.000000000000e+00 0.000000000000e+00 0.000000000000e+00 0.000000000000e+00 0.000000000000e+00 0.000000000000e+00 
9.935000000000e+00 3.341583559333e-01 6.350584345966e+00 7.108907257178e-02 9.562268594940e+04 9.583833294203e+04 1.003657364648e+05 2.273122821102e+03 5.522226402676e+02 3.400000000000e+06 0.000000000000e+00 -8.752000000000e-01 -8.752000000000e-01 0.000000000000e+00 0.000000000000e+00 0.000000000000e+00 -0.000000000000e+00 3.421092899154e+00 0.000000000000e+00 0.000000000000e+00 0.000000000000e+00 0.000000000000e+00 0.000000000000e+00 0.000000000000e+00 
9.940000000000e+00 3.337975956756e-01 6.039055888805e+00 7.329548979082e-02 9.526083320987e+04 9.549900650547e+04 1.003622268034e+05 2.273806553405e+03 5.526346189861e+02 3.400000000000e+06 0.000000000000e+00 -8.752000000000e-01 -8.752000000000e-01 0.000000000000e+00 0.000000000000e+00 0.000000000000e+00 -0.000000000000e+00 3.417395228880e+00 0.000000000000e+00 0.000000000000e+00 0.000000000000e+00 0.000000000000e+00 0.000000000000e+00 0.000000000000e+00 
9.945000000000e+00 3.334258663781e-01 5.726114768973e+00 7.545603383092e-02 9.488791683607e+04 9.514840507523e+04 1.003586439037e+05 2.274511899686e+03 5.530601747588e+02 3.400000000000e+06 0.000000000000e+00 -8.752000000000e-01 -8.752000000000e-01 0.000000000000e+00 0.000000000000e+00 0.000000000000e+00 -0.000000000000e+00 3.413586137828e+00 0.000000000000e+00 0.000000000000e+00 0.000000000000e+00 0.000000000000e+00 0.000000000000e+00 0.000000000000e+00 
9.950000000000e+00 3.330434312821e-01 5.412846880581e+00 7.755979491936e-02 9.450419075676e+04 9.478668820606e+04 1.003549929573e+05 2.275238436203e+03 5.534990979606e+02 3.400000000000e+06 0.000000000000e+00 -8.752000000000e-01 -8.752000000000e-01 0.000000000000e+00 0.000000000000e+00 0.000000000000e+00 -0.000000000000e+00 3.409668302327e+00 0.000000000000e+00 0.000000000000e+00 0.000000000000e+00 0.000000000000e+00 0.000000000000e+00 0.000000000000e+00 
9.955000000000e+00 3.326506063257e-01 5.100302532786e+00 7.959658764640e-02 9.410995411134e+04 9.441406523277e+04 1.003512795880e+05 2.275985641230e+03 5.539511176280e+02 3.400000000000e+06 0.000000000000e+00 -8.752000000000e-01 -8.752000000000e-01 0.000000000000e+00 0.000000000000e+00 0.000000000000e+00 -0.000000000000e+00 3.405644930268e+00 0.000000000000e+00 0.000000000000e+00 0.000000000000e+00 0.000000000000e+00 0.000000000000e+00 0.000000000000e+00 
9.960000000000e+00 3.322477558443e-01 4.789494521701e+00 8.155710503105e-02 9.370554673835e+04 9.403079210453e+04 1.003475097782e+05 2.276752902518e+03 5.544159054019e+02 3.400000000000e+06 0.000000000000e+00 -8.752000000000e-01 -8.752000000000e-01 0.000000000000e+00 0.000000000000e+00 0.000000000000e+00 -0.000000000000e+00 3.401519720384e+00 0.000000000000e+00 0.000000000000e+00 0.000000000000e+00 0.000000000000e+00 0.000000000000e+00 0.000000000000e+00 
9.965000000000e+00 3.318352886365e-01 4.481396032733e+00 8.343275857210e-02 9.329134757607e+04 9.363716855372e+04 1.003436898019e+05 2.277539523277e+03 5.548930790791e+02 3.400000000000e+06 0.000000000000e+00 -8.752000000000e-01 -8.752000000000e-01 0.000000000000e+00 0.000000000000e+00 0.000000000000e+00 -0.000000000000e+00 3.397296824433e+00 0.000000000000e+00 0.000000000000e+00 0.000000000000e+00 0.000000000000e+00 0.000000000000e+00 0.000000000000e+00 
9.970000000000e+00 3.314136543592e-01 4.176938471180e+00 8.521564959223e-02 9.286777228510e+04 9.323353556331e+04 1.003398261623e+05 2.278344727899e+03 5.553822058210e+02 3.400000000000e+06 0.000000000000e+00 -8.752000000000e-01 -8.752000000000e-01 0.000000000000e+00 0.000000000000e+00 0.000000000000e+00 -0.000000000000e+00 3.392980813760e+00 0.000000000000e+00 0.000000000000e+00 0.000000000000e+00 0.000000000000e+00 0.000000000000e+00 0.000000000000e+00 
9.975000000000e+00 3.309833417449e-01 3.877007966492e+00 8.689823598365e-02 9.243527514809e+04 9.282027456672e+04 1.003359255477e+05 2.279167663449e+03 5.558828032784e+02 3.400000000000e+06 0.000000000000e+00 -8.752000000000e-01 -8.752000000000e-01 0.000000000000e+00 0.000000000000e+00 0.000000000000e+00 -0.000000000000e+00 3.388576655806e+00 0.000000000000e+00 0.000000000000e+00 0.000000000000e+00 0.000000000000e+00 0.000000000000e+00 0.000000000000e+00 
9.980000000000e+00 3.305448740005e-01 3.582444697254e+00 8.847416212886e-02 9.199433857551e+04 9.239780393156e+04 1.003319947645e+05 2.280007409580e+03 5.563943440257e+02 3.400000000000e+06 0.000000000000e+00 -8.752000000000e-01 -8.752000000000e-01 0.000000000000e+00 0.000000000000e+00 0.000000000000e+00 -0.000000000000e+00 3.384089661200e+00 0.000000000000e+00 0.000000000000e+00 0.000000000000e+00 0.000000000000e+00 0.000000000000e+00 0.000000000000e+00 
9.985000000000e+00 3.300988022046e-01 3.294042072636e+00 8.993821817861e-02 9.154546775611e+04 9.196657344919e+04 1.003280406548e+05 2.280862990084e+03 5.569162624190e+02 3.400000000000e+06 0.000000000000e+00 -8.752000000000e-01 -8.752000000000e-01 0.000000000000e+00 0.000000000000e+00 0.000000000000e+00 -0.000000000000e+00 3.379525446072e+00 0.000000000000e+00 0.000000000000e+00 0.000000000000e+00 0.000000000000e+00 0.000000000000e+00 0.000000000000e+00 
9.990000000000e+00 3.296457040710e-01 3.012542689432e+00 9.128464189657e-02 9.108920430955e+04 9.152706393067e+04 1.003240700665e+05 2.281733369922e+03 5.574479552785e+02 3.400000000000e+06 0.000000000000e+00 -8.752000000000e-01 -8.752000000000e-01 0.000000000000e+00 0.000000000000e+00 0.000000000000e+00 -0.000000000000e+00 3.374889888162e+00 0.000000000000e+00 0.000000000000e+00 0.000000000000e+00 0.000000000000e+00 0.000000000000e+00 0.000000000000e+00 
9.995000000000e+00 3.291861837556e-01 2.738642426516e+00 9.250935037763e-02 9.062610825862e+04 9.107978780991e+04 1.003200898340e+05 2.282617460617e+03 5.579887813706e+02 3.400000000000e+06 0.000000000000e+00 -8.752000000000e-01 -8.752000000000e-01 0.000000000000e+00 0.000000000000e+00 0.000000000000e+00 -0.000000000000e+00 3.370189103703e+00 0.000000000000e+00 0.000000000000e+00 0.000000000000e+00 0.000000000000e+00 0.000000000000e+00 0.000000000000e+00 
1.000000000000e+01 3.287208608793e-01 2.472983716153e+00 9.360931902008e-02 9.015675299675e+04 9.062527919906e+04 1.003161066674e+05 2.283514138882e+03 5.585380736508e+02 3.400000000000e+06 0.000000000000e+00 -8.752000000000e-01 -8.752000000000e-01 0.000000000000e+00 0.000000000000e+00 0.000000000000e+00 -0.000000000000e+00 3.365429393696e+00 0.000000000000e+00 0.000000000000e+00 0.000000000000e+00 0.000000000000e+00 0.000000000000e+00 0.000000000000e+00 
