9.000000000000e+00 1.131037925159e-02 9.585112565273e-02 2.720642705235e-03 6.888093351334e+04 7.580561865266e+04 1.000000000000e+05 1.341373673876e+04 5.702910109107e+02 1.800000000000e+06 0.000000000000e+00 -8.752000000000e-01 -8.752000000000e-01 0.000000000000e+00 0.000000000000e+00 0.000000000000e+00 -0.000000000000e+00 5.619974297324e-03 0.000000000000e+00 0.000000000000e+00 0.000000000000e+00 0.000000000000e+00 0.000000000000e+00 0.000000000000e+00 
9.005000000000e+00 1.129712594630e-02 9.542316988353e-02 2.692103970708e-03 6.854459209208e+04 7.540870066862e+04 1.000000000000e+05 1.341767935444e+04 5.707806628598e+02 1.800000000000e+06 0.000000000000e+00 -8.752000000000e-01 -8.752000000000e-01 0.000000000000e+00 0.000000000000e+00 0.000000000000e+00 -0.000000000000e+00 5.613388904208e-03 0.000000000000e+00 0.000000000000e+00 0.000000000000e+00 0.000000000000e+00 0.000000000000e+00 0.000000000000e+00 
9.010000000000e+00 1.128401501049e-02 9.500440584296e-02 2.662979146711e-03 6.821323041441e+04 7.501491603368e+04 1.000000000000e+05 1.342158519509e+04 5.712658618495e+02 1.800000000000e+06 0.000000000000e+00 -8.752000000000e-01 -8.752000000000e-01 0.000000000000e+00 0.000000000000e+00 0.000000000000e+00 -0.000000000000e+00 5.606874252024e-03 0.000000000000e+00 0.000000000000e+00 0.000000000000e+00 0.000000000000e+00 0.000000000000e+00 0.000000000000e+00 
9.015000000000e+00 1.127104906801e-02 9.459418830640e-02 2.633369972185e-03 6.788670778236e+04 7.462437629305e+04 1.000000000000e+05 1.342545331993e+04 5.717464866978e+02 1.800000000000e+06 0.000000000000e+00 -8.752000000000e-01 -8.752000000000e-01 0.000000000000e+00 0.000000000000e+00 0.000000000000e+00 -0.000000000000e+00 5.600431644477e-03 0.000000000000e+00 0.000000000000e+00 0.000000000000e+00 0.000000000000e+00 0.000000000000e+00 0.000000000000e+00 
9.020000000000e+00 1.125823011960e-02 9.419186746688e-02 2.603375756364e-03 6.756486903859e+04 7.423717489188e+04 1.000000000000e+05 1.342928297106e+04 5.722224388850e+02 1.800000000000e+06 0.000000000000e+00 -8.752000000000e-01 -8.752000000000e-01 0.000000000000e+00 0.000000000000e+00 0.000000000000e+00 -0.000000000000e+00 5.594062137690e-03 0.000000000000e+00 0.000000000000e+00 0.000000000000e+00 0.000000000000e+00 0.000000000000e+00 0.000000000000e+00 
9.025000000000e+00 1.124556000735e-02 9.379679609798e-02 2.573103121503e-03 6.724753387160e+04 7.385340097618e+04 1.000000000000e+05 1.343307343702e+04 5.726936254729e+02 1.800000000000e+06 0.000000000000e+00 -8.752000000000e-01 -8.752000000000e-01 0.000000000000e+00 0.000000000000e+00 0.000000000000e+00 -0.000000000000e+00 5.587766530433e-03 0.000000000000e+00 0.000000000000e+00 0.000000000000e+00 0.000000000000e+00 0.000000000000e+00 0.000000000000e+00 
9.030000000000e+00 1.123303976190e-02 9.340826096033e-02 2.542643359632e-03 6.693453441874e+04 7.347311945494e+04 1.000000000000e+05 1.343682424604e+04 5.731599834983e+02 1.800000000000e+06 0.000000000000e+00 -8.752000000000e-01 -8.752000000000e-01 0.000000000000e+00 0.000000000000e+00 0.000000000000e+00 -0.000000000000e+00 5.581545389965e-03 0.000000000000e+00 0.000000000000e+00 0.000000000000e+00 0.000000000000e+00 0.000000000000e+00 0.000000000000e+00 
9.035000000000e+00 1.122067006849e-02 9.302559769301e-02 2.512090631370e-03 6.662568304657e+04 7.309638485752e+04 1.000000000000e+05 1.344053503024e+04 5.736214628264e+02 1.800000000000e+06 0.000000000000e+00 -8.752000000000e-01 -8.752000000000e-01 0.000000000000e+00 0.000000000000e+00 0.000000000000e+00 -0.000000000000e+00 5.575399056760e-03 0.000000000000e+00 0.000000000000e+00 0.000000000000e+00 0.000000000000e+00 0.000000000000e+00 0.000000000000e+00 
9.040000000000e+00 1.120845115255e-02 9.264815346356e-02 2.481535339780e-03 6.632078568602e+04 7.272323768283e+04 1.000000000000e+05 1.344420555990e+04 5.740780305357e+02 1.800000000000e+06 0.000000000000e+00 -8.752000000000e-01 -8.752000000000e-01 0.000000000000e+00 0.000000000000e+00 0.000000000000e+00 -0.000000000000e+00 5.569327642844e-03 0.000000000000e+00 0.000000000000e+00 0.000000000000e+00 0.000000000000e+00 0.000000000000e+00 0.000000000000e+00 
9.045000000000e+00 1.119638279239e-02 9.227526502319e-02 2.451068285718e-03 6.601963142847e+04 7.235370458857e+04 1.000000000000e+05 1.344783574124e+04 5.745296705848e+02 1.800000000000e+06 0.000000000000e+00 -8.752000000000e-01 -8.752000000000e-01 0.000000000000e+00 0.000000000000e+00 0.000000000000e+00 -0.000000000000e+00 5.563331038058e-03 0.000000000000e+00 0.000000000000e+00 0.000000000000e+00 0.000000000000e+00 0.000000000000e+00 0.000000000000e+00 
9.050000000000e+00 1.118446487702e-02 9.190828413895e-02 2.420298929527e-03 6.572325690574e+04 7.198781535245e+04 1.000000000000e+05 1.345142538210e+04 5.749763630205e+02 1.800000000000e+06 0.000000000000e+00 -8.752000000000e-01 -8.752000000000e-01 0.000000000000e+00 0.000000000000e+00 0.000000000000e+00 -0.000000000000e+00 5.557409187249e-03 0.000000000000e+00 0.000000000000e+00 0.000000000000e+00 0.000000000000e+00 0.000000000000e+00 0.000000000000e+00 
9.055000000000e+00 1.117271260405e-02 9.159167532341e-02 2.382191848120e-03 6.545041577724e+04 7.162607132112e+04 1.000000000000e+05 1.345496874285e+04 5.754175130289e+02 1.800000000000e+06 0.000000000000e+00 -8.752000000000e-01 -8.752000000000e-01 0.000000000000e+00 0.000000000000e+00 0.000000000000e+00 -0.000000000000e+00 5.551569641910e-03 0.000000000000e+00 0.000000000000e+00 0.000000000000e+00 0.000000000000e+00 0.000000000000e+00 0.000000000000e+00 
9.060000000000e+00 1.116121490433e-02 9.151427937442e-02 2.315131168000e-03 6.526017447053e+04 7.127125668631e+04 1.000000000000e+05 1.345843572035e+04 5.758497486827e+02 1.800000000000e+06 0.000000000000e+00 -8.752000000000e-01 -8.752000000000e-01 0.000000000000e+00 0.000000000000e+00 0.000000000000e+00 -0.000000000000e+00 5.545856590570e-03 0.000000000000e+00 0.000000000000e+00 0.000000000000e+00 0.000000000000e+00 0.000000000000e+00 0.000000000000e+00 
9.065000000000e+00 1.115020503685e-02 9.203500335470e-02 2.185536016978e-03 6.524764919547e+04 7.093065316494e+04 1.000000000000e+05 1.346175067604e+04 5.762642414991e+02 1.800000000000e+06 0.000000000000e+00 -8.752000000000e-01 -8.752000000000e-01 0.000000000000e+00 0.000000000000e+00 0.000000000000e+00 -0.000000000000e+00 5.540385936467e-03 0.000000000000e+00 0.000000000000e+00 0.000000000000e+00 0.000000000000e+00 0.000000000000e+00 0.000000000000e+00 
9.070000000000e+00 1.114007700554e-02 9.354292446908e-02 1.963735494724e-03 6.550337369873e+04 7.061659950975e+04 1.000000000000e+05 1.346478941726e+04 5.766460519477e+02 1.800000000000e+06 0.000000000000e+00 -8.752000000000e-01 -8.752000000000e-01 0.000000000000e+00 0.000000000000e+00 0.000000000000e+00 -0.000000000000e+00 5.535353454813e-03 0.000000000000e+00 0.000000000000e+00 0.000000000000e+00 0.000000000000e+00 0.000000000000e+00 0.000000000000e+00 
9.075000000000e+00 1.113135210220e-02 9.636225481300e-02 1.625501547147e-03 6.610799075121e+04 7.034549140654e+04 1.000000000000e+05 1.346738937932e+04 5.769753644446e+02 1.800000000000e+06 0.000000000000e+00 -8.752000000000e-01 -8.752000000000e-01 0.000000000000e+00 0.000000000000e+00 0.000000000000e+00 -0.000000000000e+00 5.531018168458e-03 0.000000000000e+00 0.000000000000e+00 0.000000000000e+00 0.000000000000e+00 0.000000000000e+00 0.000000000000e+00 
9.080000000000e+00 1.112464601017e-02 1.007107231981e-01 1.157686605105e-03 6.711606970984e+04 7.013675846867e+04 1.000000000000e+05 1.346936041799e+04 5.772287296692e+02 1.800000000000e+06 0.000000000000e+00 -8.752000000000e-01 -8.752000000000e-01 0.000000000000e+00 0.000000000000e+00 0.000000000000e+00 -0.000000000000e+00 5.527686002115e-03 0.000000000000e+00 0.000000000000e+00 0.000000000000e+00 0.000000000000e+00 0.000000000000e+00 0.000000000000e+00 
9.085000000000e+00 1.112063513404e-02 1.066555718989e-01 5.545883165003e-04 6.856392855579e+04 7.001176865302e+04 1.000000000000e+05 1.347049478742e+04 5.773803702744e+02 1.800000000000e+06 0.000000000000e+00 -8.752000000000e-01 -8.752000000000e-01 0.000000000000e+00 0.000000000000e+00 0.000000000000e+00 -0.000000000000e+00 5.525693052062e-03 0.000000000000e+00 0.000000000000e+00 0.000000000000e+00 0.000000000000e+00 0.000000000000e+00 0.000000000000e+00 
9.090000000000e+00 1.111976742976e-02 1.140256504331e-01 -1.628917700068e-04 7.041001843565e+04 6.998471405292e+04 1.000000000000e+05 1.347065820621e+04 5.774131861541e+02 1.800000000000e+06 0.000000000000e+00 -8.752000000000e-01 -8.752000000000e-01 0.000000000000e+00 0.000000000000e+00 0.000000000000e+00 -0.000000000000e+00 5.525261901553e-03 0.000000000000e+00 0.000000000000e+00 0.000000000000e+00 0.000000000000e+00 0.000000000000e+00 0.000000000000e+00 
9.095000000000e+00 1.112246227794e-02 1.225462445666e-01 -9.740312453336e-04 7.261095648111e+04 7.006872116191e+04 1.000000000000e+05 1.346972597565e+04 5.773112811159e+02 1.800000000000e+06 0.000000000000e+00 -8.752000000000e-01 -8.752000000000e-01 0.000000000000e+00 0.000000000000e+00 0.000000000000e+00 -0.000000000000e+00 5.526600935130e-03 0.000000000000e+00 0.000000000000e+00 0.000000000000e+00 0.000000000000e+00 0.000000000000e+00 0.000000000000e+00 
9.100000000000e+00 1.112936795906e-02 1.318863420580e-01 -1.865282810496e-03 7.514764940785e+04 7.028376541852e+04 1.000000000000e+05 1.346750432005e+04 5.770503053407e+02 1.800000000000e+06 0.000000000000e+00 -8.752000000000e-01 -8.752000000000e-01 0.000000000000e+00 0.000000000000e+00 0.000000000000e+00 -0.000000000000e+00 5.530032274594e-03 0.000000000000e+00 0.000000000000e+00 0.000000000000e+00 0.000000000000e+00 0.000000000000e+00 0.000000000000e+00 
9.105000000000e+00 1.114075417598e-02 1.416396582950e-01 -2.792308605940e-03 7.790764258880e+04 7.063761934587e+04 1.000000000000e+05 1.346392083947e+04 5.766205082510e+02 1.800000000000e+06 0.000000000000e+00 -8.752000000000e-01 -8.752000000000e-01 0.000000000000e+00 0.000000000000e+00 0.000000000000e+00 -0.000000000000e+00 5.535689931639e-03 0.000000000000e+00 0.000000000000e+00 0.000000000000e+00 0.000000000000e+00 0.000000000000e+00 0.000000000000e+00 
9.110000000000e+00 1.115671858581e-02 1.514280100229e-01 -3.723985120234e-03 8.080717987295e+04 7.113225746376e+04 1.000000000000e+05 1.345895573796e+04 5.760189527920e+02 1.800000000000e+06 0.000000000000e+00 -8.752000000000e-01 -8.752000000000e-01 0.000000000000e+00 0.000000000000e+00 0.000000000000e+00 -0.000000000000e+00 5.543622430766e-03 0.000000000000e+00 0.000000000000e+00 0.000000000000e+00 0.000000000000e+00 0.000000000000e+00 0.000000000000e+00 
9.115000000000e+00 1.117721301465e-02 1.609199159700e-01 -4.633448657142e-03 8.376932566838e+04 7.176470793863e+04 1.000000000000e+05 1.345263491993e+04 5.752485009799e+02 1.800000000000e+06 0.000000000000e+00 -8.752000000000e-01 -8.752000000000e-01 0.000000000000e+00 0.000000000000e+00 0.000000000000e+00 -0.000000000000e+00 5.553805835011e-03 0.000000000000e+00 0.000000000000e+00 0.000000000000e+00 0.000000000000e+00 0.000000000000e+00 0.000000000000e+00 
9.120000000000e+00 1.120207024910e-02 1.698476258743e-01 -5.498327961245e-03 8.672598638841e+04 7.252797648248e+04 1.000000000000e+05 1.344502136680e+04 5.743167396185e+02 1.800000000000e+06 0.000000000000e+00 -8.752000000000e-01 -8.752000000000e-01 0.000000000000e+00 0.000000000000e+00 0.000000000000e+00 -0.000000000000e+00 5.566157058303e-03 0.000000000000e+00 0.000000000000e+00 0.000000000000e+00 0.000000000000e+00 0.000000000000e+00 0.000000000000e+00 
9.125000000000e+00 1.123102182043e-02 1.780136827164e-01 -6.300076801407e-03 8.961718445131e+04 7.341173020543e+04 1.000000000000e+05 1.343620918048e+04 5.732352178361e+02 1.800000000000e+06 0.000000000000e+00 -8.752000000000e-01 -8.752000000000e-01 0.000000000000e+00 0.000000000000e+00 0.000000000000e+00 -0.000000000000e+00 5.580542702166e-03 0.000000000000e+00 0.000000000000e+00 0.000000000000e+00 0.000000000000e+00 0.000000000000e+00 0.000000000000e+00 
9.130000000000e+00 1.126372104275e-02 1.852885601461e-01 -7.024411580384e-03 9.239317274738e+04 7.440316324804e+04 1.000000000000e+05 1.342631579285e+04 5.720184728637e+02 1.800000000000e+06 0.000000000000e+00 -8.752000000000e-01 -8.752000000000e-01 0.000000000000e+00 0.000000000000e+00 0.000000000000e+00 -0.000000000000e+00 5.596790444089e-03 0.000000000000e+00 0.000000000000e+00 0.000000000000e+00 0.000000000000e+00 0.000000000000e+00 0.000000000000e+00 
9.135000000000e+00 1.129976542019e-02 1.916054977420e-01 -7.662891791293e-03 9.501921590620e+04 7.548784070357e+04 1.000000000000e+05 1.341547422432e+04 5.706830804599e+02 1.800000000000e+06 0.000000000000e+00 -8.752000000000e-01 -8.752000000000e-01 0.000000000000e+00 0.000000000000e+00 0.000000000000e+00 -0.000000000000e+00 5.614700424123e-03 0.000000000000e+00 0.000000000000e+00 0.000000000000e+00 0.000000000000e+00 0.000000000000e+00 0.000000000000e+00 
9.140000000000e+00 1.133871763580e-02 1.969460360409e-01 -8.210151051874e-03 9.746898302989e+04 7.665047948971e+04 1.000000000000e+05 1.340382646642e+04 5.692467714810e+02 1.800000000000e+06 0.000000000000e+00 -8.752000000000e-01 -8.752000000000e-01 0.000000000000e+00 0.000000000000e+00 0.000000000000e+00 -0.000000000000e+00 5.634055265997e-03 0.000000000000e+00 0.000000000000e+00 0.000000000000e+00 0.000000000000e+00 0.000000000000e+00 0.000000000000e+00 
9.145000000000e+00 1.138012230099e-02 2.013298780407e-01 -8.664037688366e-03 9.972520664748e+04 7.787557043947e+04 1.000000000000e+05 1.339151787870e+04 5.677277267794e+02 1.800000000000e+06 0.000000000000e+00 -8.752000000000e-01 -8.752000000000e-01 0.000000000000e+00 0.000000000000e+00 0.000000000000e+00 -0.000000000000e+00 5.654628693511e-03 0.000000000000e+00 0.000000000000e+00 0.000000000000e+00 0.000000000000e+00 0.000000000000e+00 0.000000000000e+00 
9.150000000000e+00 1.142352103450e-02 2.048060206969e-01 -9.025347735233e-03 1.017791482096e+05 7.914791411619e+04 1.000000000000e+05 1.337869231651e+04 5.661439587873e+02 1.800000000000e+06 0.000000000000e+00 -8.752000000000e-01 -8.752000000000e-01 0.000000000000e+00 0.000000000000e+00 0.000000000000e+00 -0.000000000000e+00 5.676192943700e-03 0.000000000000e+00 0.000000000000e+00 0.000000000000e+00 0.000000000000e+00 0.000000000000e+00 0.000000000000e+00 
9.155000000000e+00 1.146846606280e-02 2.074469348711e-01 -9.297385060288e-03 1.036295327917e+05 8.045307347830e+04 1.000000000000e+05 1.336548791304e+04 5.645127748043e+02 1.800000000000e+06 0.000000000000e+00 -8.752000000000e-01 -8.752000000000e-01 0.000000000000e+00 0.000000000000e+00 0.000000000000e+00 -0.000000000000e+00 5.698525524559e-03 0.000000000000e+00 0.000000000000e+00 0.000000000000e+00 0.000000000000e+00 0.000000000000e+00 0.000000000000e+00 
9.160000000000e+00 1.151453100879e-02 2.093409702608e-01 -9.485433922565e-03 1.052811819254e+05 8.177770602834e+04 1.000000000000e+05 1.335203388867e+04 5.628503697223e+02 1.800000000000e+06 0.000000000000e+00 -8.752000000000e-01 -8.752000000000e-01 0.000000000000e+00 0.000000000000e+00 0.000000000000e+00 -0.000000000000e+00 5.721414575668e-03 0.000000000000e+00 0.000000000000e+00 0.000000000000e+00 0.000000000000e+00 0.000000000000e+00 0.000000000000e+00 
9.165000000000e+00 1.156131890724e-02 2.105841727368e-01 -9.595958436560e-03 1.067429299195e+05 8.310978279578e+04 1.000000000000e+05 1.333844837084e+04 5.611715426531e+02 1.800000000000e+06 0.000000000000e+00 -8.752000000000e-01 -8.752000000000e-01 0.000000000000e+00 0.000000000000e+00 0.000000000000e+00 -0.000000000000e+00 5.744662850885e-03 0.000000000000e+00 0.000000000000e+00 0.000000000000e+00 0.000000000000e+00 0.000000000000e+00 0.000000000000e+00 
9.170000000000e+00 1.160846685118e-02 2.112738677121e-01 -9.636364906534e-03 1.080269077836e+05 8.443868555006e+04 1.000000000000e+05 1.332483724477e+04 5.594895531199e+02 1.800000000000e+06 0.000000000000e+00 -8.752000000000e-01 -8.752000000000e-01 0.000000000000e+00 0.000000000000e+00 0.000000000000e+00 -0.000000000000e+00 5.768090027054e-03 0.000000000000e+00 0.000000000000e+00 0.000000000000e+00 0.000000000000e+00 0.000000000000e+00 0.000000000000e+00 
9.175000000000e+00 1.165565008631e-02 2.115063087211e-01 -9.614652703983e-03 1.091475812334e+05 8.575527063987e+04 1.000000000000e+05 1.331129326932e+04 5.578160100639e+02 1.800000000000e+06 0.000000000000e+00 -8.752000000000e-01 -8.752000000000e-01 0.000000000000e+00 0.000000000000e+00 0.000000000000e+00 -0.000000000000e+00 5.791534738450e-03 0.000000000000e+00 0.000000000000e+00 0.000000000000e+00 0.000000000000e+00 0.000000000000e+00 0.000000000000e+00 
9.180000000000e+00 1.170258408694e-02 2.113734983344e-01 -9.539091162175e-03 1.101208557350e+05 8.705186389340e+04 1.000000000000e+05 1.329789583482e+04 5.561608419848e+02 1.800000000000e+06 0.000000000000e+00 -8.752000000000e-01 -8.752000000000e-01 0.000000000000e+00 0.000000000000e+00 0.000000000000e+00 -0.000000000000e+00 5.814855608313e-03 0.000000000000e+00 0.000000000000e+00 0.000000000000e+00 0.000000000000e+00 0.000000000000e+00 0.000000000000e+00 
9.185000000000e+00 1.174902452476e-02 2.109591708950e-01 -9.417691334824e-03 1.109626912062e+05 8.832219147469e+04 1.000000000000e+05 1.328471138158e+04 5.545323461171e+02 1.800000000000e+06 0.000000000000e+00 -8.752000000000e-01 -8.752000000000e-01 0.000000000000e+00 0.000000000000e+00 0.000000000000e+00 -0.000000000000e+00 5.837931233337e-03 0.000000000000e+00 0.000000000000e+00 0.000000000000e+00 0.000000000000e+00 0.000000000000e+00 0.000000000000e+00 
9.190000000000e+00 1.179476446638e-02 2.103334276209e-01 -9.257609341869e-03 1.116875567884e+05 8.956123557449e+04 1.000000000000e+05 1.327179461333e+04 5.529373348252e+02 1.800000000000e+06 0.000000000000e+00 -8.752000000000e-01 -8.752000000000e-01 0.000000000000e+00 0.000000000000e+00 0.000000000000e+00 -0.000000000000e+00 5.860658791195e-03 0.000000000000e+00 0.000000000000e+00 0.000000000000e+00 0.000000000000e+00 0.000000000000e+00 0.000000000000e+00 
9.195000000000e+00 1.183962963836e-02 2.095499283274e-01 -9.065005943139e-03 1.123079951186e+05 9.076504434289e+04 1.000000000000e+05 1.325919016535e+04 5.513813450425e+02 1.800000000000e+06 0.000000000000e+00 -8.752000000000e-01 -8.752000000000e-01 0.000000000000e+00 0.000000000000e+00 0.000000000000e+00 -0.000000000000e+00 5.882951687822e-03 0.000000000000e+00 0.000000000000e+00 0.000000000000e+00 0.000000000000e+00 0.000000000000e+00 0.000000000000e+00 
9.200000000000e+00 1.188347348622e-02 2.086464250470e-01 -8.844975320303e-03 1.128343727474e+05 9.193054611332e+04 1.000000000000e+05 1.324693427353e+04 5.498688480695e+02 1.800000000000e+06 0.000000000000e+00 -8.752000000000e-01 -8.752000000000e-01 0.000000000000e+00 0.000000000000e+00 0.000000000000e+00 -0.000000000000e+00 5.904737102300e-03 0.000000000000e+00 0.000000000000e+00 0.000000000000e+00 0.000000000000e+00 0.000000000000e+00 0.000000000000e+00 
9.205000000000e+00 1.192617180998e-02 2.076478924176e-01 -8.601638364642e-03 1.132750232246e+05 9.305536272942e+04 1.000000000000e+05 1.323505648934e+04 5.484034666992e+02 1.800000000000e+06 0.000000000000e+00 -8.752000000000e-01 -8.752000000000e-01 0.000000000000e+00 0.000000000000e+00 0.000000000000e+00 -0.000000000000e+00 5.925953321351e-03 0.000000000000e+00 0.000000000000e+00 0.000000000000e+00 0.000000000000e+00 0.000000000000e+00 0.000000000000e+00 
9.210000000000e+00 1.196761922073e-02 2.065702569469e-01 -8.338511868501e-03 1.136370776008e+05 9.413768070481e+04 1.000000000000e+05 1.322358080289e+04 5.469881228435e+02 1.800000000000e+06 0.000000000000e+00 -8.752000000000e-01 -8.752000000000e-01 0.000000000000e+00 0.000000000000e+00 0.000000000000e+00 -0.000000000000e+00 5.946547978655e-03 0.000000000000e+00 0.000000000000e+00 0.000000000000e+00 0.000000000000e+00 0.000000000000e+00 0.000000000000e+00 
9.215000000000e+00 1.200772369696e-02 2.054236256825e-01 -8.058267145785e-03 1.139258058930e+05 9.517608083878e+04 1.000000000000e+05 1.321252733172e+04 5.456252442845e+02 1.800000000000e+06 0.000000000000e+00 -8.752000000000e-01 -8.752000000000e-01 0.000000000000e+00 0.000000000000e+00 0.000000000000e+00 -0.000000000000e+00 5.966475349981e-03 0.000000000000e+00 0.000000000000e+00 0.000000000000e+00 0.000000000000e+00 0.000000000000e+00 0.000000000000e+00 
9.220000000000e+00 1.204640849557e-02 2.042139579974e-01 -7.763765363944e-03 1.141471065218e+05 9.616956525474e+04 1.000000000000e+05 1.320191177841e+04 5.443167164663e+02 1.800000000000e+06 0.000000000000e+00 -8.752000000000e-01 -8.752000000000e-01 0.000000000000e+00 0.000000000000e+00 0.000000000000e+00 -0.000000000000e+00 5.985697302714e-03 0.000000000000e+00 0.000000000000e+00 0.000000000000e+00 0.000000000000e+00 0.000000000000e+00 0.000000000000e+00 
9.225000000000e+00 1.208360834003e-02 2.029419534298e-01 -7.457039378273e-03 1.143050590035e+05 9.711743882484e+04 1.000000000000e+05 1.319174672018e+04 5.430640269974e+02 1.800000000000e+06 0.000000000000e+00 -8.752000000000e-01 -8.752000000000e-01 0.000000000000e+00 0.000000000000e+00 0.000000000000e+00 -0.000000000000e+00 6.004181401830e-03 0.000000000000e+00 0.000000000000e+00 0.000000000000e+00 0.000000000000e+00 0.000000000000e+00 0.000000000000e+00 
9.230000000000e+00 1.211926698556e-02 2.016061904408e-01 -7.139189177379e-03 1.144016735304e+05 9.801923177913e+04 1.000000000000e+05 1.318204237156e+04 5.418683593318e+02 1.800000000000e+06 0.000000000000e+00 -8.752000000000e-01 -8.752000000000e-01 0.000000000000e+00 0.000000000000e+00 0.000000000000e+00 -0.000000000000e+00 6.021899678554e-03 0.000000000000e+00 0.000000000000e+00 0.000000000000e+00 0.000000000000e+00 0.000000000000e+00 0.000000000000e+00 
9.235000000000e+00 1.215333093323e-02 2.001963241818e-01 -6.810957417471e-03 1.144381083807e+05 9.887453021971e+04 1.000000000000e+05 1.317280828650e+04 5.407308116789e+02 1.800000000000e+06 0.000000000000e+00 -8.752000000000e-01 -8.752000000000e-01 0.000000000000e+00 0.000000000000e+00 0.000000000000e+00 -0.000000000000e+00 6.038825612264e-03 0.000000000000e+00 0.000000000000e+00 0.000000000000e+00 0.000000000000e+00 0.000000000000e+00 0.000000000000e+00 
9.240000000000e+00 1.218575208533e-02 1.987084222266e-01 -6.473767601965e-03 1.144171112175e+05 9.968303645634e+04 1.000000000000e+05 1.316405254180e+04 5.396523133668e+02 1.800000000000e+06 0.000000000000e+00 -8.752000000000e-01 -8.752000000000e-01 0.000000000000e+00 0.000000000000e+00 0.000000000000e+00 -0.000000000000e+00 6.054935246079e-03 0.000000000000e+00 0.000000000000e+00 0.000000000000e+00 0.000000000000e+00 0.000000000000e+00 0.000000000000e+00 
9.245000000000e+00 1.221649330686e-02 1.971541313764e-01 -6.130033102249e-03 1.143438172456e+05 1.004446990083e+05 1.000000000000e+05 1.315578024048e+04 5.386334466852e+02 1.800000000000e+06 0.000000000000e+00 -8.752000000000e-01 -8.752000000000e-01 0.000000000000e+00 0.000000000000e+00 0.000000000000e+00 -0.000000000000e+00 6.070210142856e-03 0.000000000000e+00 0.000000000000e+00 0.000000000000e+00 0.000000000000e+00 0.000000000000e+00 0.000000000000e+00 
9.250000000000e+00 1.224552387179e-02 1.955359335004e-01 -5.780183675228e-03 1.142188888832e+05 1.011595901376e+05 1.000000000000e+05 1.314799516886e+04 5.376746054164e+02 1.800000000000e+06 0.000000000000e+00 -8.752000000000e-01 -8.752000000000e-01 0.000000000000e+00 0.000000000000e+00 0.000000000000e+00 -0.000000000000e+00 6.084635035044e-03 0.000000000000e+00 0.000000000000e+00 0.000000000000e+00 0.000000000000e+00 0.000000000000e+00 0.000000000000e+00 
9.255000000000e+00 1.227281731864e-02 1.938550259284e-01 -5.425750855149e-03 1.140454984853e+05 1.018278475028e+05 1.000000000000e+05 1.314070002285e+04 5.367760701822e+02 1.800000000000e+06 0.000000000000e+00 -8.752000000000e-01 -8.752000000000e-01 0.000000000000e+00 0.000000000000e+00 0.000000000000e+00 -0.000000000000e+00 6.098196765880e-03 0.000000000000e+00 0.000000000000e+00 0.000000000000e+00 0.000000000000e+00 0.000000000000e+00 0.000000000000e+00 
9.260000000000e+00 1.229835666148e-02 1.921236439332e-01 -5.068995754494e-03 1.138285736403e+05 1.024497969713e+05 1.000000000000e+05 1.313389508335e+04 5.359378408390e+02 1.800000000000e+06 0.000000000000e+00 -8.752000000000e-01 -8.752000000000e-01 0.000000000000e+00 0.000000000000e+00 0.000000000000e+00 -0.000000000000e+00 6.110886883767e-03 0.000000000000e+00 0.000000000000e+00 0.000000000000e+00 0.000000000000e+00 0.000000000000e+00 0.000000000000e+00 
9.265000000000e+00 1.232213743149e-02 1.903629389466e-01 -4.712391445756e-03 1.135736904620e+05 1.030260198656e+05 1.000000000000e+05 1.312757750545e+04 5.351595421634e+02 1.800000000000e+06 0.000000000000e+00 -8.752000000000e-01 -8.752000000000e-01 0.000000000000e+00 0.000000000000e+00 0.000000000000e+00 -0.000000000000e+00 6.122703278279e-03 0.000000000000e+00 0.000000000000e+00 0.000000000000e+00 0.000000000000e+00 0.000000000000e+00 0.000000000000e+00 
9.270000000000e+00 1.234416963795e-02 1.885985922179e-01 -4.359200673571e-03 1.132884123000e+05 1.035573934960e+05 1.000000000000e+05 1.312174076386e+04 5.344403653097e+02 1.800000000000e+06 0.000000000000e+00 -8.752000000000e-01 -8.752000000000e-01 0.000000000000e+00 0.000000000000e+00 0.000000000000e+00 -0.000000000000e+00 6.133650783408e-03 0.000000000000e+00 0.000000000000e+00 0.000000000000e+00 0.000000000000e+00 0.000000000000e+00 0.000000000000e+00 
9.275000000000e+00 1.236447832913e-02 1.868602169957e-01 -4.012380860663e-03 1.129798551868e+05 1.040450986007e+05 1.000000000000e+05 1.311637467406e+04 5.337790544564e+02 1.800000000000e+06 0.000000000000e+00 -8.752000000000e-01 -8.752000000000e-01 0.000000000000e+00 0.000000000000e+00 0.000000000000e+00 -0.000000000000e+00 6.143741897123e-03 0.000000000000e+00 0.000000000000e+00 0.000000000000e+00 0.000000000000e+00 0.000000000000e+00 0.000000000000e+00 
9.280000000000e+00 1.238309905897e-02 1.851796410796e-01 -3.675400512242e-03 1.126564229332e+05 1.044905066609e+05 1.000000000000e+05 1.311146652240e+04 5.331740576315e+02 1.800000000000e+06 0.000000000000e+00 -8.752000000000e-01 -8.752000000000e-01 0.000000000000e+00 0.000000000000e+00 0.000000000000e+00 -0.000000000000e+00 6.152994285701e-03 0.000000000000e+00 0.000000000000e+00 0.000000000000e+00 0.000000000000e+00 0.000000000000e+00 0.000000000000e+00 
9.285000000000e+00 1.240009470710e-02 1.835882220258e-01 -3.353227708132e-03 1.123303882316e+05 1.048955792542e+05 1.000000000000e+05 1.310699649352e+04 5.326229827713e+02 1.800000000000e+06 0.000000000000e+00 -8.752000000000e-01 -8.752000000000e-01 0.000000000000e+00 0.000000000000e+00 0.000000000000e+00 -0.000000000000e+00 6.161439193181e-03 0.000000000000e+00 0.000000000000e+00 0.000000000000e+00 0.000000000000e+00 0.000000000000e+00 0.000000000000e+00 
9.290000000000e+00 1.241554935712e-02 1.821121264116e-01 -3.048445936075e-03 1.120091443469e+05 1.052627168429e+05 1.000000000000e+05 1.310293979982e+04 5.321228005255e+02 1.800000000000e+06 0.000000000000e+00 -8.752000000000e-01 -8.752000000000e-01 0.000000000000e+00 0.000000000000e+00 0.000000000000e+00 -0.000000000000e+00 6.169118399556e-03 0.000000000000e+00 0.000000000000e+00 0.000000000000e+00 0.000000000000e+00 0.000000000000e+00 0.000000000000e+00 
9.295000000000e+00 1.242955352038e-02 1.807736769587e-01 -2.762900400864e-03 1.116985723539e+05 1.055944081450e+05 1.000000000000e+05 1.309927039212e+04 5.316703223957e+02 1.800000000000e+06 0.000000000000e+00 -8.752000000000e-01 -8.752000000000e-01 0.000000000000e+00 0.000000000000e+00 0.000000000000e+00 -0.000000000000e+00 6.176076878698e-03 0.000000000000e+00 0.000000000000e+00 0.000000000000e+00 0.000000000000e+00 0.000000000000e+00 0.000000000000e+00 
9.300000000000e+00 1.244220658811e-02 1.795867732542e-01 -2.498342610213e-03 1.114045436007e+05 1.058932930550e+05 1.000000000000e+05 1.309596020666e+04 5.312621179694e+02 1.800000000000e+06 0.000000000000e+00 -8.752000000000e-01 -8.752000000000e-01 0.000000000000e+00 0.000000000000e+00 0.000000000000e+00 -0.000000000000e+00 6.182364016764e-03 0.000000000000e+00 0.000000000000e+00 0.000000000000e+00 0.000000000000e+00 0.000000000000e+00 0.000000000000e+00 
9.305000000000e+00 1.245361468160e-02 1.785577111572e-01 -2.255961062037e-03 1.111318458147e+05 1.061621165015e+05 1.000000000000e+05 1.309297976525e+04 5.308945808561e+02 1.800000000000e+06 0.000000000000e+00 -8.752000000000e-01 -8.752000000000e-01 0.000000000000e+00 0.000000000000e+00 0.000000000000e+00 -0.000000000000e+00 6.188032543979e-03 0.000000000000e+00 0.000000000000e+00 0.000000000000e+00 0.000000000000e+00 0.000000000000e+00 0.000000000000e+00 
9.310000000000e+00 1.246388758024e-02 1.776866657732e-01 -2.036155794419e-03 1.108836302729e+05 1.064036614511e+05 1.000000000000e+05 1.309029898371e+04 5.305640236257e+02 1.800000000000e+06 0.000000000000e+00 -8.752000000000e-01 -8.752000000000e-01 0.000000000000e+00 0.000000000000e+00 0.000000000000e+00 -0.000000000000e+00 6.193137008246e-03 0.000000000000e+00 0.000000000000e+00 0.000000000000e+00 0.000000000000e+00 0.000000000000e+00 0.000000000000e+00 
9.315000000000e+00 1.247313544737e-02 1.769663992261e-01 -1.838235491311e-03 1.106606833938e+05 1.066206778505e+05 1.000000000000e+05 1.308788803900e+04 5.302667786926e+02 1.800000000000e+06 0.000000000000e+00 -8.752000000000e-01 -8.752000000000e-01 0.000000000000e+00 0.000000000000e+00 0.000000000000e+00 -0.000000000000e+00 6.197732148225e-03 0.000000000000e+00 0.000000000000e+00 0.000000000000e+00 0.000000000000e+00 0.000000000000e+00 0.000000000000e+00 
9.320000000000e+00 1.248146596315e-02 1.763862701486e-01 -1.661719306624e-03 1.104642306505e+05 1.068158214491e+05 1.000000000000e+05 1.308571793287e+04 5.299992858367e+02 1.800000000000e+06 0.000000000000e+00 -8.752000000000e-01 -8.752000000000e-01 0.000000000000e+00 0.000000000000e+00 0.000000000000e+00 -0.000000000000e+00 6.201871468745e-03 0.000000000000e+00 0.000000000000e+00 0.000000000000e+00 0.000000000000e+00 0.000000000000e+00 0.000000000000e+00 
9.325000000000e+00 1.248898133653e-02 1.759307628643e-01 -1.505321224271e-03 1.102936343219e+05 1.069915897449e+05 1.000000000000e+05 1.308376136847e+04 5.297581836235e+02 1.800000000000e+06 0.000000000000e+00 -8.752000000000e-01 -8.752000000000e-01 0.000000000000e+00 0.000000000000e+00 0.000000000000e+00 -0.000000000000e+00 6.205605756033e-03 0.000000000000e+00 0.000000000000e+00 0.000000000000e+00 0.000000000000e+00 0.000000000000e+00 0.000000000000e+00 
9.330000000000e+00 1.249577664704e-02 1.755824741157e-01 -1.367468280757e-03 1.101474951688e+05 1.071502887617e+05 1.000000000000e+05 1.308199309298e+04 5.295403583497e+02 1.800000000000e+06 0.000000000000e+00 -8.752000000000e-01 -8.752000000000e-01 0.000000000000e+00 0.000000000000e+00 0.000000000000e+00 -0.000000000000e+00 6.208982253836e-03 0.000000000000e+00 0.000000000000e+00 0.000000000000e+00 0.000000000000e+00 0.000000000000e+00 0.000000000000e+00 
9.335000000000e+00 1.250193861199e-02 1.753232456008e-01 -1.246377881655e-03 1.100237911530e+05 1.072940091763e+05 1.000000000000e+05 1.308039018512e+04 5.293429797960e+02 1.800000000000e+06 0.000000000000e+00 -8.752000000000e-01 -8.752000000000e-01 0.000000000000e+00 0.000000000000e+00 0.000000000000e+00 -0.000000000000e+00 6.212044050800e-03 0.000000000000e+00 0.000000000000e+00 0.000000000000e+00 0.000000000000e+00 0.000000000000e+00 0.000000000000e+00 
9.340000000000e+00 1.250754478954e-02 1.751349765917e-01 -1.140143586238e-03 1.099200438698e+05 1.074246119836e+05 1.000000000000e+05 1.307893223065e+04 5.291635234887e+02 1.800000000000e+06 0.000000000000e+00 -8.752000000000e-01 -8.752000000000e-01 0.000000000000e+00 0.000000000000e+00 0.000000000000e+00 -0.000000000000e+00 6.214829684531e-03 0.000000000000e+00 0.000000000000e+00 0.000000000000e+00 0.000000000000e+00 0.000000000000e+00 0.000000000000e+00 
9.345000000000e+00 1.251266309553e-02 1.750000763743e-01 -1.046798999839e-03 1.098334438242e+05 1.075437208389e+05 1.000000000000e+05 1.307760142173e+04 5.289997834032e+02 1.800000000000e+06 0.000000000000e+00 -8.752000000000e-01 -8.752000000000e-01 0.000000000000e+00 0.000000000000e+00 0.000000000000e+00 -0.000000000000e+00 6.217372901489e-03 0.000000000000e+00 0.000000000000e+00 0.000000000000e+00 0.000000000000e+00 0.000000000000e+00 0.000000000000e+00 
9.350000000000e+00 1.251735163472e-02 1.749019127220e-01 -9.643922746047e-04 1.097610061172e+05 1.076527211323e+05 1.000000000000e+05 1.307638257571e+04 5.288498750521e+02 1.800000000000e+06 0.000000000000e+00 -8.752000000000e-01 -8.752000000000e-01 0.000000000000e+00 0.000000000000e+00 0.000000000000e+00 -0.000000000000e+00 6.219702573137e-03 0.000000000000e+00 0.000000000000e+00 0.000000000000e+00 0.000000000000e+00 0.000000000000e+00 0.000000000000e+00 
9.355000000000e+00 1.252165929493e-02 1.748257737378e-01 -8.909597805317e-04 1.096995234060e+05 1.077527762574e+05 1.000000000000e+05 1.307526296912e+04 5.287122145980e+02 1.800000000000e+06 0.000000000000e+00 -8.752000000000e-01 -8.752000000000e-01 0.000000000000e+00 0.000000000000e+00 0.000000000000e+00 -0.000000000000e+00 6.221842991183e-03 0.000000000000e+00 0.000000000000e+00 0.000000000000e+00 0.000000000000e+00 0.000000000000e+00 0.000000000000e+00 
9.360000000000e+00 1.252562472940e-02 1.747564550987e-01 -8.248078195338e-04 1.096461553249e+05 1.078448059741e+05 1.000000000000e+05 1.307423255935e+04 5.285855498337e+02 1.800000000000e+06 0.000000000000e+00 -8.752000000000e-01 -8.752000000000e-01 0.000000000000e+00 0.000000000000e+00 0.000000000000e+00 -0.000000000000e+00 6.223813361887e-03 0.000000000000e+00 0.000000000000e+00 0.000000000000e+00 0.000000000000e+00 0.000000000000e+00 0.000000000000e+00 
9.365000000000e+00 1.252927756982e-02 1.746817584142e-01 -7.642208473270e-04 1.095978160732e+05 1.079295162390e+05 1.000000000000e+05 1.307328369298e+04 5.284689201398e+02 1.800000000000e+06 0.000000000000e+00 -8.752000000000e-01 -8.752000000000e-01 0.000000000000e+00 0.000000000000e+00 0.000000000000e+00 -0.000000000000e+00 6.225628408840e-03 0.000000000000e+00 0.000000000000e+00 0.000000000000e+00 0.000000000000e+00 0.000000000000e+00 0.000000000000e+00 
9.370000000000e+00 1.253264050784e-02 1.745919795967e-01 -7.077727056747e-04 1.095518999962e+05 1.080074487307e+05 1.000000000000e+05 1.307241051654e+04 5.283615890578e+02 1.800000000000e+06 0.000000000000e+00 -8.752000000000e-01 -8.752000000000e-01 0.000000000000e+00 0.000000000000e+00 0.000000000000e+00 -0.000000000000e+00 6.227299407218e-03 0.000000000000e+00 0.000000000000e+00 0.000000000000e+00 0.000000000000e+00 0.000000000000e+00 0.000000000000e+00 
9.375000000000e+00 1.253573345027e-02 1.744788850473e-01 -6.544688727446e-04 1.095066848893e+05 1.080790779707e+05 1.000000000000e+05 1.307160786762e+04 5.282629110340e+02 1.800000000000e+06 0.000000000000e+00 -8.752000000000e-01 -8.752000000000e-01 0.000000000000e+00 0.000000000000e+00 0.000000000000e+00 -0.000000000000e+00 6.228836248437e-03 0.000000000000e+00 0.000000000000e+00 0.000000000000e+00 0.000000000000e+00 0.000000000000e+00 0.000000000000e+00 
9.380000000000e+00 1.253856647984e-02 1.743327993567e-01 -6.021848496121e-04 1.094577624327e+05 1.081446489329e+05 1.000000000000e+05 1.307087330073e+04 5.281725555134e+02 1.800000000000e+06 0.000000000000e+00 -8.752000000000e-01 -8.752000000000e-01 0.000000000000e+00 0.000000000000e+00 0.000000000000e+00 -0.000000000000e+00 6.230243942480e-03 0.000000000000e+00 0.000000000000e+00 0.000000000000e+00 0.000000000000e+00 0.000000000000e+00 0.000000000000e+00 
9.385000000000e+00 1.254114147044e-02 1.741436865714e-01 -5.494505010548e-04 1.094019681730e+05 1.082042152342e+05 1.000000000000e+05 1.307020644563e+04 5.280904548028e+02 1.800000000000e+06 0.000000000000e+00 -8.752000000000e-01 -8.752000000000e-01 0.000000000000e+00 0.000000000000e+00 0.000000000000e+00 -0.000000000000e+00 6.231523420449e-03 0.000000000000e+00 0.000000000000e+00 0.000000000000e+00 0.000000000000e+00 0.000000000000e+00 0.000000000000e+00 
9.390000000000e+00 1.254345954690e-02 1.738995663599e-01 -4.945296200871e-04 1.093355436518e+05 1.082578121423e+05 1.000000000000e+05 1.306960716544e+04 5.280165658798e+02 1.800000000000e+06 0.000000000000e+00 -8.752000000000e-01 -8.752000000000e-01 0.000000000000e+00 0.000000000000e+00 0.000000000000e+00 -0.000000000000e+00 6.232675241261e-03 0.000000000000e+00 0.000000000000e+00 0.000000000000e+00 0.000000000000e+00 0.000000000000e+00 0.000000000000e+00 
9.395000000000e+00 1.254550587563e-02 1.735835147436e-01 -4.348078189495e-04 1.092524527818e+05 1.083051052025e+05 1.000000000000e+05 1.306907960401e+04 5.279513549722e+02 1.800000000000e+06 0.000000000000e+00 -8.752000000000e-01 -8.752000000000e-01 0.000000000000e+00 0.000000000000e+00 0.000000000000e+00 -0.000000000000e+00 6.233692034305e-03 0.000000000000e+00 0.000000000000e+00 0.000000000000e+00 0.000000000000e+00 0.000000000000e+00 0.000000000000e+00 
9.400000000000e+00 1.254725389425e-02 1.731698619863e-01 -3.668935697405e-04 1.091446994059e+05 1.083454886078e+05 1.000000000000e+05 1.306863106500e+04 5.278956622920e+02 1.800000000000e+06 0.000000000000e+00 -8.752000000000e-01 -8.752000000000e-01 0.000000000000e+00 0.000000000000e+00 0.000000000000e+00 -0.000000000000e+00 6.234560601093e-03 0.000000000000e+00 0.000000000000e+00 0.000000000000e+00 0.000000000000e+00 0.000000000000e+00 0.000000000000e+00 
9.405000000000e+00 1.254865906638e-02 1.726153002637e-01 -2.857170634430e-04 1.090002192172e+05 1.083779411855e+05 1.000000000000e+05 1.306827375049e+04 5.278509008053e+02 1.800000000000e+06 0.000000000000e+00 -8.752000000000e-01 -8.752000000000e-01 0.000000000000e+00 0.000000000000e+00 0.000000000000e+00 -0.000000000000e+00 6.235258812100e-03 0.000000000000e+00 0.000000000000e+00 0.000000000000e+00 0.000000000000e+00 0.000000000000e+00 0.000000000000e+00 
9.410000000000e+00 1.254964575694e-02 1.718540256541e-01 -1.840246088854e-04 1.088014729197e+05 1.084007234331e+05 1.000000000000e+05 1.306802824960e+04 5.278194741994e+02 1.800000000000e+06 0.000000000000e+00 -8.752000000000e-01 -8.752000000000e-01 0.000000000000e+00 0.000000000000e+00 0.000000000000e+00 -0.000000000000e+00 6.235749085280e-03 0.000000000000e+00 0.000000000000e+00 0.000000000000e+00 0.000000000000e+00 0.000000000000e+00 0.000000000000e+00 
9.415000000000e+00 1.255009701995e-02 1.707873824110e-01 -4.951530937743e-05 1.085189648254e+05 1.084111413952e+05 1.000000000000e+05 1.306792655237e+04 5.278051024015e+02 1.800000000000e+06 0.000000000000e+00 -8.752000000000e-01 -8.752000000000e-01 0.000000000000e+00 0.000000000000e+00 0.000000000000e+00 -0.000000000000e+00 6.235973311763e-03 0.000000000000e+00 0.000000000000e+00 0.000000000000e+00 0.000000000000e+00 0.000000000000e+00 0.000000000000e+00 
9.420000000000e+00 1.254984044965e-02 1.692852193769e-01 1.298306456853e-04 1.081224932895e+05 1.084052182695e+05 1.000000000000e+05 1.306801511582e+04 5.278132735479e+02 1.800000000000e+06 0.000000000000e+00 -8.752000000000e-01 -8.752000000000e-01 0.000000000000e+00 0.000000000000e+00 0.000000000000e+00 -0.000000000000e+00 6.235845825453e-03 0.000000000000e+00 0.000000000000e+00 0.000000000000e+00 0.000000000000e+00 0.000000000000e+00 0.000000000000e+00 
9.425000000000e+00 1.254864818268e-02 1.672159453188e-01 3.655752950367e-04 1.075814834027e+05 1.083776898606e+05 1.000000000000e+05 1.306835487025e+04 5.278512474762e+02 1.800000000000e+06 0.000000000000e+00 -8.752000000000e-01 -8.752000000000e-01 0.000000000000e+00 0.000000000000e+00 0.000000000000e+00 -0.000000000000e+00 6.235253404137e-03 0.000000000000e+00 0.000000000000e+00 0.000000000000e+00 0.000000000000e+00 0.000000000000e+00 0.000000000000e+00 
9.430000000000e+00 1.254623809029e-02 1.644836070804e-01 6.660016951084e-04 1.068710832817e+05 1.083220228317e+05 1.000000000000e+05 1.306902062408e+04 5.279280249413e+02 1.800000000000e+06 0.000000000000e+00 -8.752000000000e-01 -8.752000000000e-01 0.000000000000e+00 0.000000000000e+00 0.000000000000e+00 -0.000000000000e+00 6.234055861853e-03 0.000000000000e+00 0.000000000000e+00 0.000000000000e+00 0.000000000000e+00 0.000000000000e+00 0.000000000000e+00 
9.435000000000e+00 1.254219088332e-02 1.610550370631e-01 1.032071826326e-03 1.059789402019e+05 1.082284820944e+05 1.000000000000e+05 1.307012233942e+04 5.280570022707e+02 1.800000000000e+06 0.000000000000e+00 -8.752000000000e-01 -8.752000000000e-01 0.000000000000e+00 0.000000000000e+00 0.000000000000e+00 -0.000000000000e+00 6.232044859501e-03 0.000000000000e+00 0.000000000000e+00 0.000000000000e+00 0.000000000000e+00 0.000000000000e+00 0.000000000000e+00 
9.440000000000e+00 1.253617809391e-02 1.570285954948e-01 1.448942835191e-03 1.049289300158e+05 1.080893717897e+05 1.000000000000e+05 1.307174469220e+04 5.282487278376e+02 1.800000000000e+06 0.000000000000e+00 -8.752000000000e-01 -8.752000000000e-01 0.000000000000e+00 0.000000000000e+00 0.000000000000e+00 -0.000000000000e+00 6.229057185844e-03 0.000000000000e+00 0.000000000000e+00 0.000000000000e+00 0.000000000000e+00 0.000000000000e+00 0.000000000000e+00 
9.445000000000e+00 1.252801439485e-02 1.526614119329e-01 1.890012910205e-03 1.037736935568e+05 1.079002299241e+05 1.000000000000e+05 1.307393396033e+04 5.285092459798e+02 1.800000000000e+06 0.000000000000e+00 -8.752000000000e-01 -8.752000000000e-01 0.000000000000e+00 0.000000000000e+00 0.000000000000e+00 -0.000000000000e+00 6.225000754298e-03 0.000000000000e+00 0.000000000000e+00 0.000000000000e+00 0.000000000000e+00 0.000000000000e+00 0.000000000000e+00 
9.450000000000e+00 1.251767729772e-02 1.483399315510e-01 2.319082281597e-03 1.025906754757e+05 1.076602884140e+05 1.000000000000e+05 1.307669309480e+04 5.288394654585e+02 1.800000000000e+06 0.000000000000e+00 -8.752000000000e-01 -8.752000000000e-01 0.000000000000e+00 0.000000000000e+00 0.000000000000e+00 -0.000000000000e+00 6.219864390676e-03 0.000000000000e+00 0.000000000000e+00 0.000000000000e+00 0.000000000000e+00 0.000000000000e+00 0.000000000000e+00 
9.455000000000e+00 1.250533034130e-02 1.444841875964e-01 2.700170479180e-03 1.014616091882e+05 1.073730412639e+05 1.000000000000e+05 1.307997664343e+04 5.292343954054e+02 1.800000000000e+06 0.000000000000e+00 -8.752000000000e-01 -8.752000000000e-01 0.000000000000e+00 0.000000000000e+00 0.000000000000e+00 -0.000000000000e+00 6.213729355176e-03 0.000000000000e+00 0.000000000000e+00 0.000000000000e+00 0.000000000000e+00 0.000000000000e+00 0.000000000000e+00 
9.460000000000e+00 1.249129482727e-02 1.414378642097e-01 3.004499065786e-03 1.004568615366e+05 1.070456438119e+05 1.000000000000e+05 1.308369867319e+04 5.296840053326e+02 1.800000000000e+06 0.000000000000e+00 -8.752000000000e-01 -8.752000000000e-01 0.000000000000e+00 0.000000000000e+00 0.000000000000e+00 -0.000000000000e+00 6.206755298264e-03 0.000000000000e+00 0.000000000000e+00 0.000000000000e+00 0.000000000000e+00 0.000000000000e+00 0.000000000000e+00 
9.465000000000e+00 1.247599985386e-02 1.394036397059e-01 3.215549284750e-03 9.962323305994e+04 1.066878139251e+05 1.000000000000e+05 1.308774612470e+04 5.301747741232e+02 1.800000000000e+06 0.000000000000e+00 -8.752000000000e-01 -8.752000000000e-01 0.000000000000e+00 0.000000000000e+00 0.000000000000e+00 -0.000000000000e+00 6.199155433036e-03 0.000000000000e+00 0.000000000000e+00 0.000000000000e+00 0.000000000000e+00 0.000000000000e+00 0.000000000000e+00 
9.470000000000e+00 1.245992249840e-02 1.384280354491e-01 3.329616764421e-03 9.898113957275e+04 1.063104903939e+05 1.000000000000e+05 1.309199429461e+04 5.306915647902e+02 1.800000000000e+06 0.000000000000e+00 -8.752000000000e-01 -8.752000000000e-01 0.000000000000e+00 0.000000000000e+00 0.000000000000e+00 -0.000000000000e+00 6.191166812756e-03 0.000000000000e+00 0.000000000000e+00 0.000000000000e+00 0.000000000000e+00 0.000000000000e+00 0.000000000000e+00 
9.475000000000e+00 1.244353109010e-02 1.384255594232e-01 3.352354558851e-03 9.853054739358e+04 1.059245357290e+05 1.000000000000e+05 1.309632118241e+04 5.312194217488e+02 1.800000000000e+06 0.000000000000e+00 -8.752000000000e-01 -8.752000000000e-01 0.000000000000e+00 0.000000000000e+00 0.000000000000e+00 -0.000000000000e+00 6.183022143868e-03 0.000000000000e+00 0.000000000000e+00 0.000000000000e+00 0.000000000000e+00 0.000000000000e+00 0.000000000000e+00 
9.480000000000e+00 1.242724553858e-02 1.392235489739e-01 3.296630230463e-03 9.825442802446e+04 1.055398076983e+05 1.000000000000e+05 1.310061768056e+04 5.317448442566e+02 1.800000000000e+06 0.000000000000e+00 -8.752000000000e-01 -8.752000000000e-01 0.000000000000e+00 0.000000000000e+00 0.000000000000e+00 -0.000000000000e+00 6.174930073787e-03 0.000000000000e+00 0.000000000000e+00 0.000000000000e+00 0.000000000000e+00 0.000000000000e+00 0.000000000000e+00 
9.485000000000e+00 1.241141106896e-02 1.406055984500e-01 3.178894562998e-03 9.812588250142e+04 1.051645209194e+05 1.000000000000e+05 1.310479418650e+04 5.322566478565e+02 1.800000000000e+06 0.000000000000e+00 -8.752000000000e-01 -8.752000000000e-01 0.000000000000e+00 0.000000000000e+00 0.000000000000e+00 -0.000000000000e+00 6.167062140190e-03 0.000000000000e+00 0.000000000000e+00 0.000000000000e+00 0.000000000000e+00 0.000000000000e+00 0.000000000000e+00 
9.490000000000e+00 1.239628648744e-02 1.423478972443e-01 3.016733312838e-03 9.811312278859e+04 1.048049355999e+05 1.000000000000e+05 1.310878360240e+04 5.327463693636e+02 1.800000000000e+06 0.000000000000e+00 -8.752000000000e-01 -8.752000000000e-01 0.000000000000e+00 0.000000000000e+00 0.000000000000e+00 -0.000000000000e+00 6.159546940385e-03 0.000000000000e+00 0.000000000000e+00 0.000000000000e+00 0.000000000000e+00 0.000000000000e+00 0.000000000000e+00 
9.495000000000e+00 1.238204581834e-02 1.442452805336e-01 2.827841678079e-03 9.818172579552e+04 1.044653579397e+05 1.000000000000e+05 1.311254099306e+04 5.332082436009e+02 1.800000000000e+06 0.000000000000e+00 -8.752000000000e-01 -8.752000000000e-01 0.000000000000e+00 0.000000000000e+00 0.000000000000e+00 -0.000000000000e+00 6.152470944691e-03 0.000000000000e+00 0.000000000000e+00 0.000000000000e+00 0.000000000000e+00 0.000000000000e+00 0.000000000000e+00 
9.500000000000e+00 1.236877703713e-02 1.461194746568e-01 2.628413156406e-03 9.829818215799e+04 1.041480730068e+05 1.000000000000e+05 1.311604392977e+04 5.336392729000e+02 1.800000000000e+06 0.000000000000e+00 -8.752000000000e-01 -8.752000000000e-01 0.000000000000e+00 0.000000000000e+00 0.000000000000e+00 -0.000000000000e+00 6.145877866934e-03 0.000000000000e+00 0.000000000000e+00 0.000000000000e+00 0.000000000000e+00 0.000000000000e+00 0.000000000000e+00 
9.505000000000e+00 1.235649943348e-02 1.478375766386e-01 2.430524851501e-03 9.843620030320e+04 1.038537282127e+05 1.000000000000e+05 1.311928772691e+04 5.340386874072e+02 1.800000000000e+06 0.000000000000e+00 -8.752000000000e-01 -8.752000000000e-01 0.000000000000e+00 0.000000000000e+00 0.000000000000e+00 -0.000000000000e+00 6.139777291893e-03 0.000000000000e+00 0.000000000000e+00 0.000000000000e+00 0.000000000000e+00 0.000000000000e+00 0.000000000000e+00 
9.510000000000e+00 1.234518151196e-02 1.493194743062e-01 2.242581646655e-03 9.857625410516e+04 1.035817408501e+05 1.000000000000e+05 1.312228084594e+04 5.344073792776e+02 1.800000000000e+06 0.000000000000e+00 -8.752000000000e-01 -8.752000000000e-01 0.000000000000e+00 0.000000000000e+00 0.000000000000e+00 -0.000000000000e+00 6.134153569904e-03 0.000000000000e+00 0.000000000000e+00 0.000000000000e+00 0.000000000000e+00 0.000000000000e+00 0.000000000000e+00 
9.515000000000e+00 1.233475612842e-02 1.505241975893e-01 2.070719023870e-03 9.870290221345e+04 1.033306490651e+05 1.000000000000e+05 1.312504110000e+04 5.347474193320e+02 1.800000000000e+06 0.000000000000e+00 -8.752000000000e-01 -8.752000000000e-01 0.000000000000e+00 0.000000000000e+00 0.000000000000e+00 -0.000000000000e+00 6.128973337957e-03 0.000000000000e+00 0.000000000000e+00 0.000000000000e+00 0.000000000000e+00 0.000000000000e+00 0.000000000000e+00 
9.520000000000e+00 1.232513260520e-02 1.514400542487e-01 1.917944649818e-03 9.880705721523e+04 1.030983973723e+05 1.000000000000e+05 1.312759234795e+04 5.350616666514e+02 1.800000000000e+06 0.000000000000e+00 -8.752000000000e-01 -8.752000000000e-01 0.000000000000e+00 0.000000000000e+00 0.000000000000e+00 -0.000000000000e+00 6.124191539548e-03 0.000000000000e+00 0.000000000000e+00 0.000000000000e+00 0.000000000000e+00 0.000000000000e+00 0.000000000000e+00 
9.525000000000e+00 1.231620793480e-02 1.520782120896e-01 1.786609333465e-03 9.888077785087e+04 1.028826052327e+05 1.000000000000e+05 1.312996181350e+04 5.353534040668e+02 1.800000000000e+06 0.000000000000e+00 -8.752000000000e-01 -8.752000000000e-01 0.000000000000e+00 0.000000000000e+00 0.000000000000e+00 -0.000000000000e+00 6.119756991643e-03 0.000000000000e+00 0.000000000000e+00 0.000000000000e+00 0.000000000000e+00 0.000000000000e+00 0.000000000000e+00 
9.530000000000e+00 1.230787609629e-02 1.524655896090e-01 1.676595501183e-03 9.892157220645e+04 1.026807935252e+05 1.000000000000e+05 1.313217736431e+04 5.356260326518e+02 1.800000000000e+06 0.000000000000e+00 -8.752000000000e-01 -8.752000000000e-01 0.000000000000e+00 0.000000000000e+00 0.000000000000e+00 -0.000000000000e+00 6.115617013879e-03 0.000000000000e+00 0.000000000000e+00 0.000000000000e+00 0.000000000000e+00 0.000000000000e+00 0.000000000000e+00 
9.535000000000e+00 1.230003528381e-02 1.526387143934e-01 1.586516166013e-03 9.892991297004e+04 1.024905625729e+05 1.000000000000e+05 1.313426570810e+04 5.358828329185e+02 1.800000000000e+06 0.000000000000e+00 -8.752000000000e-01 -8.752000000000e-01 0.000000000000e+00 0.000000000000e+00 0.000000000000e+00 -0.000000000000e+00 6.111720964924e-03 0.000000000000e+00 0.000000000000e+00 0.000000000000e+00 0.000000000000e+00 0.000000000000e+00 0.000000000000e+00 
9.540000000000e+00 1.229259214326e-02 1.526383284886e-01 1.514223922919e-03 9.890820887314e+04 1.023096986218e+05 1.000000000000e+05 1.313625130013e+04 5.361268232163e+02 1.800000000000e+06 0.000000000000e+00 -8.752000000000e-01 -8.752000000000e-01 0.000000000000e+00 0.000000000000e+00 0.000000000000e+00 -0.000000000000e+00 6.108022583616e-03 0.000000000000e+00 0.000000000000e+00 0.000000000000e+00 0.000000000000e+00 0.000000000000e+00 0.000000000000e+00 
9.545000000000e+00 1.228546557670e-02 1.525057903954e-01 1.457147452855e-03 9.886014598906e+04 1.021362700862e+05 1.000000000000e+05 1.313815534406e+04 5.363606321022e+02 1.800000000000e+06 0.000000000000e+00 -8.752000000000e-01 -8.752000000000e-01 0.000000000000e+00 0.000000000000e+00 0.000000000000e+00 -0.000000000000e+00 6.104481500175e-03 0.000000000000e+00 0.000000000000e+00 0.000000000000e+00 0.000000000000e+00 0.000000000000e+00 0.000000000000e+00 
9.550000000000e+00 1.227858683127e-02 1.522780732130e-01 1.412765274164e-03 9.878962474020e+04 1.019686333523e+05 1.000000000000e+05 1.313999580661e+04 5.365864926331e+02 1.800000000000e+06 0.000000000000e+00 -8.752000000000e-01 -8.752000000000e-01 0.000000000000e+00 0.000000000000e+00 0.000000000000e+00 -0.000000000000e+00 6.101063553055e-03 0.000000000000e+00 0.000000000000e+00 0.000000000000e+00 0.000000000000e+00 0.000000000000e+00 0.000000000000e+00 
9.555000000000e+00 1.227190021668e-02 1.519886872177e-01 1.378335902958e-03 9.870138261086e+04 1.018054534047e+05 1.000000000000e+05 1.314178717443e+04 5.368062164025e+02 1.800000000000e+06 0.000000000000e+00 -8.752000000000e-01 -8.752000000000e-01 0.000000000000e+00 0.000000000000e+00 0.000000000000e+00 -0.000000000000e+00 6.097741071103e-03 0.000000000000e+00 0.000000000000e+00 0.000000000000e+00 0.000000000000e+00 0.000000000000e+00 0.000000000000e+00 
9.560000000000e+00 1.226536268793e-02 1.516658041340e-01 1.351576167644e-03 9.859945582046e+04 1.016456964391e+05 1.000000000000e+05 1.314354063475e+04 5.370212051148e+02 1.800000000000e+06 0.000000000000e+00 -8.752000000000e-01 -8.752000000000e-01 0.000000000000e+00 0.000000000000e+00 0.000000000000e+00 -0.000000000000e+00 6.094492666295e-03 0.000000000000e+00 0.000000000000e+00 0.000000000000e+00 0.000000000000e+00 0.000000000000e+00 0.000000000000e+00 
9.565000000000e+00 1.225894129626e-02 1.513293568568e-01 1.330609364562e-03 9.848722849729e+04 1.014885699004e+05 1.000000000000e+05 1.314526474131e+04 5.372325326320e+02 1.800000000000e+06 0.000000000000e+00 -8.752000000000e-01 -8.752000000000e-01 0.000000000000e+00 0.000000000000e+00 0.000000000000e+00 -0.000000000000e+00 6.091301967181e-03 0.000000000000e+00 0.000000000000e+00 0.000000000000e+00 0.000000000000e+00 0.000000000000e+00 0.000000000000e+00 
9.570000000000e+00 1.225261149590e-02 1.509931224876e-01 1.313847621202e-03 9.836765266815e+04 1.013334828199e+05 1.000000000000e+05 1.314696584559e+04 5.374409993474e+02 1.800000000000e+06 0.000000000000e+00 -8.752000000000e-01 -8.752000000000e-01 0.000000000000e+00 0.000000000000e+00 0.000000000000e+00 -0.000000000000e+00 6.088156777578e-03 0.000000000000e+00 0.000000000000e+00 0.000000000000e+00 0.000000000000e+00 0.000000000000e+00 0.000000000000e+00 
9.575000000000e+00 1.224635556304e-02 1.506660135701e-01 1.300164177683e-03 9.824281758916e+04 1.011800084680e+05 1.000000000000e+05 1.314864853611e+04 5.376471831955e+02 1.800000000000e+06 0.000000000000e+00 -8.752000000000e-01 -8.752000000000e-01 0.000000000000e+00 0.000000000000e+00 0.000000000000e+00 -0.000000000000e+00 6.085048290979e-03 0.000000000000e+00 0.000000000000e+00 0.000000000000e+00 0.000000000000e+00 0.000000000000e+00 0.000000000000e+00 
9.580000000000e+00 1.224016001548e-02 1.503510526741e-01 1.288876598588e-03 9.811391990516e+04 1.010278220775e+05 1.000000000000e+05 1.315031632555e+04 5.378515239125e+02 1.800000000000e+06 0.000000000000e+00 -8.752000000000e-01 -8.752000000000e-01 0.000000000000e+00 0.000000000000e+00 0.000000000000e+00 -0.000000000000e+00 6.081969808448e-03 0.000000000000e+00 0.000000000000e+00 0.000000000000e+00 0.000000000000e+00 0.000000000000e+00 0.000000000000e+00 
9.585000000000e+00 1.223401454680e-02 1.500485917621e-01 1.279462921072e-03 9.798187582597e+04 1.008766753160e+05 1.000000000000e+05 1.315197189940e+04 5.380543576923e+02 1.800000000000e+06 0.000000000000e+00 -8.752000000000e-01 -8.752000000000e-01 0.000000000000e+00 0.000000000000e+00 0.000000000000e+00 -0.000000000000e+00 6.078916209003e-03 0.000000000000e+00 0.000000000000e+00 0.000000000000e+00 0.000000000000e+00 0.000000000000e+00 0.000000000000e+00 
9.590000000000e+00 1.222791066502e-02 1.497565123368e-01 1.271668036535e-03 9.784704519975e+04 1.007263632604e+05 1.000000000000e+05 1.315361749361e+04 5.382559617688e+02 1.800000000000e+06 0.000000000000e+00 -8.752000000000e-01 -8.752000000000e-01 0.000000000000e+00 0.000000000000e+00 0.000000000000e+00 -0.000000000000e+00 6.075883273225e-03 0.000000000000e+00 0.000000000000e+00 0.000000000000e+00 0.000000000000e+00 0.000000000000e+00 0.000000000000e+00 
9.595000000000e+00 1.222184057551e-02 1.494708949609e-01 1.265436766028e-03 9.770935313427e+04 1.005766971303e+05 1.000000000000e+05 1.315525518645e+04 5.384565911285e+02 1.800000000000e+06 0.000000000000e+00 -8.752000000000e-01 -8.752000000000e-01 0.000000000000e+00 0.000000000000e+00 0.000000000000e+00 -0.000000000000e+00 6.072867128158e-03 0.000000000000e+00 0.000000000000e+00 0.000000000000e+00 0.000000000000e+00 0.000000000000e+00 0.000000000000e+00 
9.600000000000e+00 1.221579634402e-02 1.491867512916e-01 1.260852338627e-03 9.756840691250e+04 1.004274837321e+05 1.000000000000e+05 1.315688711640e+04 5.386565061107e+02 1.800000000000e+06 0.000000000000e+00 -8.752000000000e-01 -8.752000000000e-01 0.000000000000e+00 0.000000000000e+00 0.000000000000e+00 -0.000000000000e+00 6.069863831463e-03 0.000000000000e+00 0.000000000000e+00 0.000000000000e+00 0.000000000000e+00 0.000000000000e+00 0.000000000000e+00 
9.605000000000e+00 1.220976939734e-02 1.488987949110e-01 1.258085681304e-03 9.742359733018e+04 1.002785130956e+05 1.000000000000e+05 1.315851561095e+04 5.388559889509e+02 1.800000000000e+06 0.000000000000e+00 -8.752000000000e-01 -8.752000000000e-01 0.000000000000e+00 0.000000000000e+00 0.000000000000e+00 -0.000000000000e+00 6.066869123289e-03 0.000000000000e+00 0.000000000000e+00 0.000000000000e+00 0.000000000000e+00 0.000000000000e+00 0.000000000000e+00 
9.610000000000e+00 1.220374998652e-02 1.486013752851e-01 1.257395984098e-03 9.727408306826e+04 1.001295450876e+05 1.000000000000e+05 1.316014333242e+04 5.390553616366e+02 1.800000000000e+06 0.000000000000e+00 -8.752000000000e-01 -8.752000000000e-01 0.000000000000e+00 0.000000000000e+00 0.000000000000e+00 -0.000000000000e+00 6.063878159548e-03 0.000000000000e+00 0.000000000000e+00 0.000000000000e+00 0.000000000000e+00 0.000000000000e+00 0.000000000000e+00 
9.615000000000e+00 1.219772722586e-02 1.482894724692e-01 1.259017603082e-03 9.711904773254e+04 9.998031020196e+04 1.000000000000e+05 1.316177325431e+04 5.392549847474e+02 1.800000000000e+06 0.000000000000e+00 -8.752000000000e-01 -8.752000000000e-01 0.000000000000e+00 0.000000000000e+00 0.000000000000e+00 -0.000000000000e+00 6.060885499187e-03 0.000000000000e+00 0.000000000000e+00 0.000000000000e+00 0.000000000000e+00 0.000000000000e+00 0.000000000000e+00 
9.620000000000e+00 1.219168885583e-02 1.479589023010e-01 1.263163303115e-03 9.695768646747e+04 9.983050349505e+04 1.000000000000e+05 1.316340872690e+04 5.394552654562e+02 1.800000000000e+06 0.000000000000e+00 -8.752000000000e-01 -8.752000000000e-01 0.000000000000e+00 0.000000000000e+00 0.000000000000e+00 -0.000000000000e+00 6.057885146987e-03 0.000000000000e+00 0.000000000000e+00 0.000000000000e+00 0.000000000000e+00 0.000000000000e+00 0.000000000000e+00 
9.625000000000e+00 1.218562203426e-02 1.476063729878e-01 1.270007878157e-03 9.678926304309e+04 9.967980402902e+04 1.000000000000e+05 1.316505326197e+04 5.396566314263e+02 1.800000000000e+06 0.000000000000e+00 -8.752000000000e-01 -8.752000000000e-01 0.000000000000e+00 0.000000000000e+00 0.000000000000e+00 -0.000000000000e+00 6.054870625464e-03 0.000000000000e+00 0.000000000000e+00 0.000000000000e+00 0.000000000000e+00 0.000000000000e+00 0.000000000000e+00 
9.630000000000e+00 1.217951291104e-02 1.472294276696e-01 1.279683823415e-03 9.661310907201e+04 9.952786417693e+04 1.000000000000e+05 1.316671064820e+04 5.398595450257e+02 1.800000000000e+06 0.000000000000e+00 -8.752000000000e-01 -8.752000000000e-01 0.000000000000e+00 0.000000000000e+00 0.000000000000e+00 -0.000000000000e+00 6.051835084784e-03 0.000000000000e+00 0.000000000000e+00 0.000000000000e+00 0.000000000000e+00 0.000000000000e+00 0.000000000000e+00 
9.635000000000e+00 1.217334726248e-02 1.468266772153e-01 1.292212493468e-03 9.642879700194e+04 9.937432524124e+04 1.000000000000e+05 1.316838477141e+04 5.400644823755e+02 1.800000000000e+06 0.000000000000e+00 -8.752000000000e-01 -8.752000000000e-01 0.000000000000e+00 0.000000000000e+00 0.000000000000e+00 -0.000000000000e+00 6.048771457336e-03 0.000000000000e+00 0.000000000000e+00 0.000000000000e+00 0.000000000000e+00 0.000000000000e+00 0.000000000000e+00 
9.640000000000e+00 1.216711087662e-02 1.463975778248e-01 1.307664245539e-03 9.623578527871e+04 9.921882696560e+04 1.000000000000e+05 1.317007953047e+04 5.402719206045e+02 1.800000000000e+06 0.000000000000e+00 -8.752000000000e-01 -8.752000000000e-01 0.000000000000e+00 0.000000000000e+00 0.000000000000e+00 -0.000000000000e+00 6.045672681318e-03 0.000000000000e+00 0.000000000000e+00 0.000000000000e+00 0.000000000000e+00 0.000000000000e+00 0.000000000000e+00 
9.645000000000e+00 1.216078912963e-02 1.459411824428e-01 1.326036554378e-03 9.603368525564e+04 9.906099689977e+04 1.000000000000e+05 1.317179893744e+04 5.404823519931e+02 1.800000000000e+06 0.000000000000e+00 -8.752000000000e-01 -8.752000000000e-01 0.000000000000e+00 0.000000000000e+00 0.000000000000e+00 -0.000000000000e+00 6.042531490250e-03 0.000000000000e+00 0.000000000000e+00 0.000000000000e+00 0.000000000000e+00 0.000000000000e+00 0.000000000000e+00 
9.650000000000e+00 1.215436762193e-02 1.454580233572e-01 1.347332660955e-03 9.582209802478e+04 9.890046617917e+04 1.000000000000e+05 1.317354695518e+04 5.406962628742e+02 1.800000000000e+06 0.000000000000e+00 -8.752000000000e-01 -8.752000000000e-01 0.000000000000e+00 0.000000000000e+00 0.000000000000e+00 -0.000000000000e+00 6.039340729046e-03 0.000000000000e+00 0.000000000000e+00 0.000000000000e+00 0.000000000000e+00 0.000000000000e+00 0.000000000000e+00 
9.655000000000e+00 1.214783255916e-02 1.449487652480e-01 1.371329263308e-03 9.560115510058e+04 9.873687902649e+04 1.000000000000e+05 1.317532736480e+04 5.409141209578e+02 1.800000000000e+06 0.000000000000e+00 -8.752000000000e-01 -8.752000000000e-01 0.000000000000e+00 0.000000000000e+00 0.000000000000e+00 -0.000000000000e+00 6.036093543303e-03 0.000000000000e+00 0.000000000000e+00 0.000000000000e+00 0.000000000000e+00 0.000000000000e+00 0.000000000000e+00 
9.660000000000e+00 1.214117096568e-02 1.444146080022e-01 1.397875469852e-03 9.537084174586e+04 9.856989812227e+04 1.000000000000e+05 1.317714374479e+04 5.411363681921e+02 1.800000000000e+06 0.000000000000e+00 -8.752000000000e-01 -8.752000000000e-01 0.000000000000e+00 0.000000000000e+00 0.000000000000e+00 -0.000000000000e+00 6.032783485390e-03 0.000000000000e+00 0.000000000000e+00 0.000000000000e+00 0.000000000000e+00 0.000000000000e+00 0.000000000000e+00 
9.665000000000e+00 1.213437065831e-02 1.438568751179e-01 1.426806383530e-03 9.513119359103e+04 9.839920399304e+04 1.000000000000e+05 1.317899946713e+04 5.413634216022e+02 1.800000000000e+06 0.000000000000e+00 -8.752000000000e-01 -8.752000000000e-01 0.000000000000e+00 0.000000000000e+00 0.000000000000e+00 -0.000000000000e+00 6.029404501385e-03 0.000000000000e+00 0.000000000000e+00 0.000000000000e+00 0.000000000000e+00 0.000000000000e+00 0.000000000000e+00 
9.670000000000e+00 1.212742030236e-02 1.432769323443e-01 1.457961651578e-03 9.488225572201e+04 9.822449646319e+04 1.000000000000e+05 1.318089768403e+04 5.415956713841e+02 1.800000000000e+06 0.000000000000e+00 -8.752000000000e-01 -8.752000000000e-01 0.000000000000e+00 0.000000000000e+00 0.000000000000e+00 -0.000000000000e+00 6.025950958900e-03 0.000000000000e+00 0.000000000000e+00 0.000000000000e+00 0.000000000000e+00 0.000000000000e+00 0.000000000000e+00 
9.675000000000e+00 1.212030945835e-02 1.426761340338e-01 1.491177832446e-03 9.462410142494e+04 9.804549588613e+04 1.000000000000e+05 1.318284131396e+04 5.418334792979e+02 1.800000000000e+06 0.000000000000e+00 -8.752000000000e-01 -8.752000000000e-01 0.000000000000e+00 0.000000000000e+00 0.000000000000e+00 -0.000000000000e+00 6.022417670285e-03 0.000000000000e+00 0.000000000000e+00 0.000000000000e+00 0.000000000000e+00 0.000000000000e+00 0.000000000000e+00 
9.680000000000e+00 1.211302859648e-02 1.420557338109e-01 1.526222000590e-03 9.435698517694e+04 9.786194357624e+04 1.000000000000e+05 1.318483302896e+04 5.420771781313e+02 1.800000000000e+06 0.000000000000e+00 -8.752000000000e-01 -8.752000000000e-01 0.000000000000e+00 0.000000000000e+00 0.000000000000e+00 -0.000000000000e+00 6.018799899812e-03 0.000000000000e+00 0.000000000000e+00 0.000000000000e+00 0.000000000000e+00 0.000000000000e+00 0.000000000000e+00 
9.685000000000e+00 1.210556909316e-02 1.414169416691e-01 1.562914317901e-03 9.408106168853e+04 9.767360179584e+04 1.000000000000e+05 1.318687527051e+04 5.423270717573e+02 1.800000000000e+06 0.000000000000e+00 -8.752000000000e-01 -8.752000000000e-01 0.000000000000e+00 0.000000000000e+00 0.000000000000e+00 -0.000000000000e+00 6.015093361927e-03 0.000000000000e+00 0.000000000000e+00 0.000000000000e+00 0.000000000000e+00 0.000000000000e+00 0.000000000000e+00 
9.690000000000e+00 1.209792321376e-02 1.407608641006e-01 1.601082346319e-03 9.379649019971e+04 9.748025340094e+04 1.000000000000e+05 1.318897024810e+04 5.425834356487e+02 1.800000000000e+06 0.000000000000e+00 -8.752000000000e-01 -8.752000000000e-01 0.000000000000e+00 0.000000000000e+00 0.000000000000e+00 -0.000000000000e+00 6.011294212667e-03 0.000000000000e+00 0.000000000000e+00 0.000000000000e+00 0.000000000000e+00 0.000000000000e+00 0.000000000000e+00 
9.695000000000e+00 1.209008390718e-02 1.400885292510e-01 1.640559932073e-03 9.350343185504e+04 9.728169672076e+04 1.000000000000e+05 1.319111999476e+04 5.428465237082e+02 1.800000000000e+06 0.000000000000e+00 -8.752000000000e-01 -8.752000000000e-01 0.000000000000e+00 0.000000000000e+00 0.000000000000e+00 -0.000000000000e+00 6.007399023482e-03 0.000000000000e+00 0.000000000000e+00 0.000000000000e+00 0.000000000000e+00 0.000000000000e+00 0.000000000000e+00 
9.700000000000e+00 1.208204526946e-02 1.394007635019e-01 1.681199368454e-03 9.320203374412e+04 9.707775738472e+04 1.000000000000e+05 1.319332624134e+04 5.431165526431e+02 1.800000000000e+06 0.000000000000e+00 -8.752000000000e-01 -8.752000000000e-01 0.000000000000e+00 0.000000000000e+00 0.000000000000e+00 -0.000000000000e+00 6.003404733225e-03 0.000000000000e+00 0.000000000000e+00 0.000000000000e+00 0.000000000000e+00 0.000000000000e+00 0.000000000000e+00 
9.705000000000e+00 1.207380184571e-02 1.386983860457e-01 1.722845291773e-03 9.289247112386e+04 9.686827072850e+04 1.000000000000e+05 1.319559060367e+04 5.433937253259e+02 1.800000000000e+06 0.000000000000e+00 -8.752000000000e-01 -8.752000000000e-01 0.000000000000e+00 0.000000000000e+00 0.000000000000e+00 -0.000000000000e+00 5.999308687559e-03 0.000000000000e+00 0.000000000000e+00 0.000000000000e+00 0.000000000000e+00 0.000000000000e+00 0.000000000000e+00 
9.710000000000e+00 1.206534900917e-02 1.379821002842e-01 1.765360112284e-03 9.257489873229e+04 9.665309147790e+04 1.000000000000e+05 1.319791448159e+04 5.436782180072e+02 1.800000000000e+06 0.000000000000e+00 -8.752000000000e-01 -8.752000000000e-01 0.000000000000e+00 0.000000000000e+00 0.000000000000e+00 -0.000000000000e+00 5.995108587512e-03 0.000000000000e+00 0.000000000000e+00 0.000000000000e+00 0.000000000000e+00 0.000000000000e+00 0.000000000000e+00 
9.715000000000e+00 1.205668278963e-02 1.372525279727e-01 1.808615154278e-03 9.224946683417e+04 9.643208948467e+04 1.000000000000e+05 1.320029910434e+04 5.439701860110e+02 1.800000000000e+06 0.000000000000e+00 -8.752000000000e-01 -8.752000000000e-01 0.000000000000e+00 0.000000000000e+00 0.000000000000e+00 -0.000000000000e+00 5.990802460340e-03 0.000000000000e+00 0.000000000000e+00 0.000000000000e+00 0.000000000000e+00 0.000000000000e+00 0.000000000000e+00 
9.720000000000e+00 1.204779979276e-02 1.365102308216e-01 1.852487932528e-03 9.191632551149e+04 9.620514775317e+04 1.000000000000e+05 1.320274555183e+04 5.442697663864e+02 1.800000000000e+06 0.000000000000e+00 -8.752000000000e-01 -8.752000000000e-01 0.000000000000e+00 0.000000000000e+00 0.000000000000e+00 -0.000000000000e+00 5.986388619450e-03 0.000000000000e+00 0.000000000000e+00 0.000000000000e+00 0.000000000000e+00 0.000000000000e+00 0.000000000000e+00 
9.725000000000e+00 1.203869724830e-02 1.357557217960e-01 1.896867188762e-03 9.157561435950e+04 9.597216375472e+04 1.000000000000e+05 1.320525474164e+04 5.445770762185e+02 1.800000000000e+06 0.000000000000e+00 -8.752000000000e-01 -8.752000000000e-01 0.000000000000e+00 0.000000000000e+00 0.000000000000e+00 -0.000000000000e+00 5.981865688335e-03 0.000000000000e+00 0.000000000000e+00 0.000000000000e+00 0.000000000000e+00 0.000000000000e+00 0.000000000000e+00 
9.730000000000e+00 1.202937294514e-02 1.349895208032e-01 1.941644271220e-03 9.122748085187e+04 9.573304786274e+04 1.000000000000e+05 1.320782744515e+04 5.448922147442e+02 1.800000000000e+06 0.000000000000e+00 -8.752000000000e-01 -8.752000000000e-01 0.000000000000e+00 0.000000000000e+00 0.000000000000e+00 -0.000000000000e+00 5.977232568320e-03 0.000000000000e+00 0.000000000000e+00 0.000000000000e+00 0.000000000000e+00 0.000000000000e+00 0.000000000000e+00 
9.735000000000e+00 1.201982519201e-02 1.342121478909e-01 1.986714530349e-03 9.087207623118e+04 9.548772243843e+04 1.000000000000e+05 1.321046429809e+04 5.452152646080e+02 1.800000000000e+06 0.000000000000e+00 -8.752000000000e-01 -8.752000000000e-01 0.000000000000e+00 0.000000000000e+00 0.000000000000e+00 -0.000000000000e+00 5.972488419047e-03 0.000000000000e+00 0.000000000000e+00 0.000000000000e+00 0.000000000000e+00 0.000000000000e+00 0.000000000000e+00 
9.740000000000e+00 1.201005280295e-02 1.334241323411e-01 2.031976855706e-03 9.050955634521e+04 9.523612155028e+04 1.000000000000e+05 1.321316580390e+04 5.455462922825e+02 1.800000000000e+06 0.000000000000e+00 -8.752000000000e-01 -8.752000000000e-01 0.000000000000e+00 0.000000000000e+00 0.000000000000e+00 -0.000000000000e+00 5.967632651217e-03 0.000000000000e+00 0.000000000000e+00 0.000000000000e+00 0.000000000000e+00 0.000000000000e+00 0.000000000000e+00 
9.745000000000e+00 1.200005508251e-02 1.326260145230e-01 2.077333221614e-03 9.014008246927e+04 9.497819069475e+04 1.000000000000e+05 1.321593233722e+04 5.458853484899e+02 1.800000000000e+06 0.000000000000e+00 -8.752000000000e-01 -8.752000000000e-01 0.000000000000e+00 0.000000000000e+00 0.000000000000e+00 -0.000000000000e+00 5.962664919274e-03 0.000000000000e+00 0.000000000000e+00 0.000000000000e+00 0.000000000000e+00 0.000000000000e+00 0.000000000000e+00 
9.750000000000e+00 1.198983179912e-02 1.318183130388e-01 2.122692395751e-03 8.976381211479e+04 9.471388621311e+04 1.000000000000e+05 1.321876415110e+04 5.462324690256e+02 1.800000000000e+06 0.000000000000e+00 -8.752000000000e-01 -8.752000000000e-01 0.000000000000e+00 0.000000000000e+00 0.000000000000e+00 -0.000000000000e+00 5.957585108155e-03 0.000000000000e+00 0.000000000000e+00 0.000000000000e+00 0.000000000000e+00 0.000000000000e+00 0.000000000000e+00 
9.755000000000e+00 1.197938320310e-02 1.310016444354e-01 2.167950836715e-03 8.938094421784e+04 9.444317586717e+04 1.000000000000e+05 1.322166136899e+04 5.465876740618e+02 1.800000000000e+06 0.000000000000e+00 -8.752000000000e-01 -8.752000000000e-01 0.000000000000e+00 0.000000000000e+00 0.000000000000e+00 -0.000000000000e+00 5.952393342241e-03 0.000000000000e+00 0.000000000000e+00 0.000000000000e+00 0.000000000000e+00 0.000000000000e+00 0.000000000000e+00 
9.760000000000e+00 1.196871004637e-02 1.301766858101e-01 2.213011352527e-03 8.899167645122e+04 9.416603947477e+04 1.000000000000e+05 1.322462398096e+04 5.469509673817e+02 1.800000000000e+06 0.000000000000e+00 -8.752000000000e-01 -8.752000000000e-01 0.000000000000e+00 0.000000000000e+00 0.000000000000e+00 -0.000000000000e+00 5.947089995150e-03 0.000000000000e+00 0.000000000000e+00 0.000000000000e+00 0.000000000000e+00 0.000000000000e+00 0.000000000000e+00 
9.765000000000e+00 1.195781355179e-02 1.293441015513e-01 2.257778769529e-03 8.859621469228e+04 9.388246824932e+04 1.000000000000e+05 1.322765185090e+04 5.473223373193e+02 1.800000000000e+06 0.000000000000e+00 -8.752000000000e-01 -8.752000000000e-01 0.000000000000e+00 0.000000000000e+00 0.000000000000e+00 -0.000000000000e+00 5.941675674505e-03 0.000000000000e+00 0.000000000000e+00 0.000000000000e+00 0.000000000000e+00 0.000000000000e+00 0.000000000000e+00 
9.770000000000e+00 1.194669549125e-02 1.285046245771e-01 2.302135669412e-03 8.819483221185e+04 9.359246697817e+04 1.000000000000e+05 1.323074469091e+04 5.477017539870e+02 1.800000000000e+06 0.000000000000e+00 -8.752000000000e-01 -8.752000000000e-01 0.000000000000e+00 0.000000000000e+00 0.000000000000e+00 -0.000000000000e+00 5.936151260735e-03 0.000000000000e+00 0.000000000000e+00 0.000000000000e+00 0.000000000000e+00 0.000000000000e+00 0.000000000000e+00 
9.775000000000e+00 1.193535824686e-02 1.276589829119e-01 2.345997089942e-03 8.778774353510e+04 9.329605579718e+04 1.000000000000e+05 1.323390205037e+04 5.480891670522e+02 1.800000000000e+06 0.000000000000e+00 -8.752000000000e-01 -8.752000000000e-01 0.000000000000e+00 0.000000000000e+00 0.000000000000e+00 -0.000000000000e+00 5.930517937475e-03 0.000000000000e+00 0.000000000000e+00 0.000000000000e+00 0.000000000000e+00 0.000000000000e+00 0.000000000000e+00 
9.780000000000e+00 1.192380446861e-02 1.268079222412e-01 2.389286179259e-03 8.737515224043e+04 9.299326141185e+04 1.000000000000e+05 1.323712340703e+04 5.484845173055e+02 1.800000000000e+06 0.000000000000e+00 -8.752000000000e-01 -8.752000000000e-01 0.000000000000e+00 0.000000000000e+00 0.000000000000e+00 -0.000000000000e+00 5.924777021471e-03 0.000000000000e+00 0.000000000000e+00 0.000000000000e+00 0.000000000000e+00 0.000000000000e+00 0.000000000000e+00 
9.785000000000e+00 1.191203727371e-02 1.259522513029e-01 2.431901325308e-03 8.695733379502e+04 9.268412244611e+04 1.000000000000e+05 1.324040810666e+04 5.488877297451e+02 1.800000000000e+06 0.000000000000e+00 -8.752000000000e-01 -8.752000000000e-01 0.000000000000e+00 0.000000000000e+00 0.000000000000e+00 -0.000000000000e+00 5.918930061624e-03 0.000000000000e+00 0.000000000000e+00 0.000000000000e+00 0.000000000000e+00 0.000000000000e+00 0.000000000000e+00 
9.790000000000e+00 1.190006026539e-02 1.250928164074e-01 2.473741484439e-03 8.653457703162e+04 9.236869011404e+04 1.000000000000e+05 1.324375536006e+04 5.492987127991e+02 1.800000000000e+06 0.000000000000e+00 -8.752000000000e-01 -8.752000000000e-01 0.000000000000e+00 0.000000000000e+00 0.000000000000e+00 -0.000000000000e+00 5.912978848326e-03 0.000000000000e+00 0.000000000000e+00 0.000000000000e+00 0.000000000000e+00 0.000000000000e+00 0.000000000000e+00 
9.795000000000e+00 1.188787753044e-02 1.242304807024e-01 2.514709607064e-03 8.610717627706e+04 9.204702834818e+04 1.000000000000e+05 1.324716424312e+04 5.497173582643e+02 1.800000000000e+06 0.000000000000e+00 -8.752000000000e-01 -8.752000000000e-01 0.000000000000e+00 0.000000000000e+00 0.000000000000e+00 -0.000000000000e+00 5.906925412250e-03 0.000000000000e+00 0.000000000000e+00 0.000000000000e+00 0.000000000000e+00 0.000000000000e+00 0.000000000000e+00 
9.800000000000e+00 1.187549363876e-02 1.233661352647e-01 2.554707970197e-03 8.567544261012e+04 9.171921398839e+04 1.000000000000e+05 1.325063369532e+04 5.501435411716e+02 1.800000000000e+06 0.000000000000e+00 -8.752000000000e-01 -8.752000000000e-01 0.000000000000e+00 0.000000000000e+00 0.000000000000e+00 -0.000000000000e+00 5.900772024123e-03 0.000000000000e+00 0.000000000000e+00 0.000000000000e+00 0.000000000000e+00 0.000000000000e+00 0.000000000000e+00 
9.805000000000e+00 1.186291364276e-02 1.225006956696e-01 2.593639258126e-03 8.523970160248e+04 9.138533697560e+04 1.000000000000e+05 1.325416251885e+04 5.505771196507e+02 1.800000000000e+06 0.000000000000e+00 -8.752000000000e-01 -8.752000000000e-01 0.000000000000e+00 0.000000000000e+00 0.000000000000e+00 -0.000000000000e+00 5.894521194409e-03 0.000000000000e+00 0.000000000000e+00 0.000000000000e+00 0.000000000000e+00 0.000000000000e+00 0.000000000000e+00 
9.810000000000e+00 1.185014307518e-02 1.216351040979e-01 2.631407522455e-03 8.480029128678e+04 9.104550051482e+04 1.000000000000e+05 1.325774937821e+04 5.510179348397e+02 1.800000000000e+06 0.000000000000e+00 -8.752000000000e-01 -8.752000000000e-01 0.000000000000e+00 0.000000000000e+00 0.000000000000e+00 -0.000000000000e+00 5.888175672256e-03 0.000000000000e+00 0.000000000000e+00 0.000000000000e+00 0.000000000000e+00 0.000000000000e+00 0.000000000000e+00 
9.815000000000e+00 1.183718794326e-02 1.207703147658e-01 2.667918006773e-03 8.435756270236e+04 9.069982114644e+04 1.000000000000e+05 1.326139280055e+04 5.514658109190e+02 1.800000000000e+06 0.000000000000e+00 -8.752000000000e-01 -8.752000000000e-01 0.000000000000e+00 0.000000000000e+00 0.000000000000e+00 -0.000000000000e+00 5.881738442580e-03 0.000000000000e+00 0.000000000000e+00 0.000000000000e+00 0.000000000000e+00 0.000000000000e+00 0.000000000000e+00 
9.820000000000e+00 1.182405471378e-02 1.199072889150e-01 2.703078633307e-03 8.391187623640e+04 9.034842857976e+04 1.000000000000e+05 1.326509117891e+04 5.519205554560e+02 1.800000000000e+06 0.000000000000e+00 -8.752000000000e-01 -8.752000000000e-01 0.000000000000e+00 0.000000000000e+00 0.000000000000e+00 -0.000000000000e+00 5.875212718635e-03 0.000000000000e+00 0.000000000000e+00 0.000000000000e+00 0.000000000000e+00 0.000000000000e+00 0.000000000000e+00 
9.825000000000e+00 1.181075030784e-02 1.190469752061e-01 2.736798395286e-03 8.346360557461e+04 8.999146579013e+04 1.000000000000e+05 1.326884277216e+04 5.523819594109e+02 1.800000000000e+06 0.000000000000e+00 -8.752000000000e-01 -8.752000000000e-01 0.000000000000e+00 0.000000000000e+00 0.000000000000e+00 -0.000000000000e+00 5.868601939425e-03 0.000000000000e+00 0.000000000000e+00 0.000000000000e+00 0.000000000000e+00 0.000000000000e+00 0.000000000000e+00 
9.830000000000e+00 1.179728209487e-02 1.181903522924e-01 2.768988216888e-03 8.301313576979e+04 8.962908909917e+04 1.000000000000e+05 1.327264570557e+04 5.528497971680e+02 1.800000000000e+06 0.000000000000e+00 -8.752000000000e-01 -8.752000000000e-01 0.000000000000e+00 0.000000000000e+00 0.000000000000e+00 -0.000000000000e+00 5.861909766713e-03 0.000000000000e+00 0.000000000000e+00 0.000000000000e+00 0.000000000000e+00 0.000000000000e+00 0.000000000000e+00 
9.835000000000e+00 1.178365787011e-02 1.173383778643e-01 2.799565375695e-03 8.256085230114e+04 8.926146781471e+04 1.000000000000e+05 1.327649797644e+04 5.533238271362e+02 1.800000000000e+06 0.000000000000e+00 -8.752000000000e-01 -8.752000000000e-01 0.000000000000e+00 0.000000000000e+00 0.000000000000e+00 -0.000000000000e+00 5.855140073853e-03 0.000000000000e+00 0.000000000000e+00 0.000000000000e+00 0.000000000000e+00 0.000000000000e+00 0.000000000000e+00 
9.840000000000e+00 1.176988583589e-02 1.164920017994e-01 2.828448422709e-03 8.210715289586e+04 8.888878396706e+04 1.000000000000e+05 1.328039745746e+04 5.538037922250e+02 1.800000000000e+06 0.000000000000e+00 -8.752000000000e-01 -8.752000000000e-01 0.000000000000e+00 0.000000000000e+00 0.000000000000e+00 -0.000000000000e+00 5.848296936470e-03 0.000000000000e+00 0.000000000000e+00 0.000000000000e+00 0.000000000000e+00 0.000000000000e+00 0.000000000000e+00 
9.845000000000e+00 1.175597458646e-02 1.156521652646e-01 2.855560634876e-03 8.165243907082e+04 8.851123213975e+04 1.000000000000e+05 1.328434190021e+04 5.542894201974e+02 1.800000000000e+06 0.000000000000e+00 -8.752000000000e-01 -8.752000000000e-01 0.000000000000e+00 0.000000000000e+00 0.000000000000e+00 -0.000000000000e+00 5.841384624923e-03 0.000000000000e+00 0.000000000000e+00 0.000000000000e+00 0.000000000000e+00 0.000000000000e+00 0.000000000000e+00 
9.850000000000e+00 1.174193308274e-02 1.148197857809e-01 2.880830527392e-03 8.119711436545e+04 8.812901902321e+04 1.000000000000e+05 1.328832894114e+04 5.547804243769e+02 1.800000000000e+06 0.000000000000e+00 -8.752000000000e-01 -8.752000000000e-01 0.000000000000e+00 0.000000000000e+00 0.000000000000e+00 -0.000000000000e+00 5.834407591782e-03 0.000000000000e+00 0.000000000000e+00 0.000000000000e+00 0.000000000000e+00 0.000000000000e+00 0.000000000000e+00 
9.855000000000e+00 1.172777062561e-02 1.139957502226e-01 2.904192842687e-03 8.074158134731e+04 8.774236291714e+04 1.000000000000e+05 1.329235610812e+04 5.552765044170e+02 1.800000000000e+06 0.000000000000e+00 -8.752000000000e-01 -8.752000000000e-01 0.000000000000e+00 0.000000000000e+00 0.000000000000e+00 -0.000000000000e+00 5.827370458514e-03 0.000000000000e+00 0.000000000000e+00 0.000000000000e+00 0.000000000000e+00 0.000000000000e+00 0.000000000000e+00 
9.860000000000e+00 1.171349680530e-02 1.131808624125e-01 2.925589156816e-03 8.028623882024e+04 8.735149257132e+04 1.000000000000e+05 1.329642083376e+04 5.557773479128e+02 1.800000000000e+06 0.000000000000e+00 -8.752000000000e-01 -8.752000000000e-01 0.000000000000e+00 0.000000000000e+00 0.000000000000e+00 -0.000000000000e+00 5.820277990383e-03 0.000000000000e+00 0.000000000000e+00 0.000000000000e+00 0.000000000000e+00 0.000000000000e+00 0.000000000000e+00 
9.865000000000e+00 1.169912150637e-02 1.123759542830e-01 2.944968338781e-03 7.983148091014e+04 8.695664752765e+04 1.000000000000e+05 1.330052045300e+04 5.562826300796e+02 1.800000000000e+06 0.000000000000e+00 -8.752000000000e-01 -8.752000000000e-01 0.000000000000e+00 0.000000000000e+00 0.000000000000e+00 -0.000000000000e+00 5.813135098888e-03 0.000000000000e+00 0.000000000000e+00 0.000000000000e+00 0.000000000000e+00 0.000000000000e+00 0.000000000000e+00 
9.870000000000e+00 1.168465487208e-02 1.115818403612e-01 2.962279694493e-03 7.937771270685e+04 8.655807734683e+04 1.000000000000e+05 1.330465221139e+04 5.567920148588e+02 1.800000000000e+06 0.000000000000e+00 -8.752000000000e-01 -8.752000000000e-01 0.000000000000e+00 0.000000000000e+00 0.000000000000e+00 -0.000000000000e+00 5.805946824069e-03 0.000000000000e+00 0.000000000000e+00 0.000000000000e+00 0.000000000000e+00 0.000000000000e+00 0.000000000000e+00 
9.875000000000e+00 1.167010725196e-02 1.107992454948e-01 2.977484484675e-03 7.892532096140e+04 8.615604035255e+04 1.000000000000e+05 1.330881328055e+04 5.573051566302e+02 1.800000000000e+06 0.000000000000e+00 -8.752000000000e-01 -8.752000000000e-01 0.000000000000e+00 0.000000000000e+00 0.000000000000e+00 -0.000000000000e+00 5.798718308472e-03 0.000000000000e+00 0.000000000000e+00 0.000000000000e+00 0.000000000000e+00 0.000000000000e+00 0.000000000000e+00 
9.880000000000e+00 1.165548916549e-02 1.100288306980e-01 2.990552532882e-03 7.847468116578e+04 8.575080279158e+04 1.000000000000e+05 1.331300076740e+04 5.578217013788e+02 1.800000000000e+06 0.000000000000e+00 -8.752000000000e-01 -8.752000000000e-01 0.000000000000e+00 0.000000000000e+00 0.000000000000e+00 -0.000000000000e+00 5.791454779074e-03 0.000000000000e+00 0.000000000000e+00 0.000000000000e+00 0.000000000000e+00 0.000000000000e+00 0.000000000000e+00 
9.885000000000e+00 1.164081126591e-02 1.092712087457e-01 3.001459934441e-03 7.802616201579e+04 8.534263798001e+04 1.000000000000e+05 1.331721172344e+04 5.583412878687e+02 1.800000000000e+06 0.000000000000e+00 -8.752000000000e-01 -8.752000000000e-01 0.000000000000e+00 0.000000000000e+00 0.000000000000e+00 -0.000000000000e+00 5.784161529326e-03 0.000000000000e+00 0.000000000000e+00 0.000000000000e+00 0.000000000000e+00 0.000000000000e+00 0.000000000000e+00 
9.890000000000e+00 1.162608428956e-02 1.085269317032e-01 3.010190404429e-03 7.758012059596e+04 8.493182501955e+04 1.000000000000e+05 1.332144315890e+04 5.588635493522e+02 1.800000000000e+06 0.000000000000e+00 -8.752000000000e-01 -8.752000000000e-01 0.000000000000e+00 0.000000000000e+00 0.000000000000e+00 -0.000000000000e+00 5.776843893960e-03 0.000000000000e+00 0.000000000000e+00 0.000000000000e+00 0.000000000000e+00 0.000000000000e+00 0.000000000000e+00 
9.895000000000e+00 1.161131902588e-02 1.077964723065e-01 3.016739710552e-03 7.713689054065e+04 8.451864806510e+04 1.000000000000e+05 1.332569205146e+04 5.593881145620e+02 1.800000000000e+06 0.000000000000e+00 -8.752000000000e-01 -8.752000000000e-01 0.000000000000e+00 0.000000000000e+00 0.000000000000e+00 -0.000000000000e+00 5.769507234101e-03 0.000000000000e+00 0.000000000000e+00 0.000000000000e+00 0.000000000000e+00 0.000000000000e+00 0.000000000000e+00 
9.900000000000e+00 1.159652628098e-02 1.070802485970e-01 3.021110128147e-03 7.669679431440e+04 8.410339538779e+04 1.000000000000e+05 1.332995535562e+04 5.599146089527e+02 1.800000000000e+06 0.000000000000e+00 -8.752000000000e-01 -8.752000000000e-01 0.000000000000e+00 0.000000000000e+00 0.000000000000e+00 -0.000000000000e+00 5.762156919147e-03 0.000000000000e+00 0.000000000000e+00 0.000000000000e+00 0.000000000000e+00 0.000000000000e+00 0.000000000000e+00 
9.905000000000e+00 1.158171682542e-02 1.063786107918e-01 3.023312845932e-03 7.626013562904e+04 8.368635797041e+04 1.000000000000e+05 1.333423001788e+04 5.604426565205e+02 1.800000000000e+06 0.000000000000e+00 -8.752000000000e-01 -8.752000000000e-01 0.000000000000e+00 0.000000000000e+00 0.000000000000e+00 -0.000000000000e+00 5.754798300839e-03 0.000000000000e+00 0.000000000000e+00 0.000000000000e+00 0.000000000000e+00 0.000000000000e+00 0.000000000000e+00 
9.910000000000e+00 1.156690135369e-02 1.056918448810e-01 3.023366711958e-03 7.582720110113e+04 8.326782839794e+04 1.000000000000e+05 1.333851298812e+04 5.609718812321e+02 1.800000000000e+06 0.000000000000e+00 -8.752000000000e-01 -8.752000000000e-01 0.000000000000e+00 0.000000000000e+00 0.000000000000e+00 -0.000000000000e+00 5.747436693118e-03 0.000000000000e+00 0.000000000000e+00 0.000000000000e+00 0.000000000000e+00 0.000000000000e+00 0.000000000000e+00 
9.915000000000e+00 1.155209044492e-02 1.050201731878e-01 3.021299017676e-03 7.539825692410e+04 8.284809975500e+04 1.000000000000e+05 1.334280123111e+04 5.615019084292e+02 1.800000000000e+06 0.000000000000e+00 -8.752000000000e-01 -8.752000000000e-01 0.000000000000e+00 0.000000000000e+00 0.000000000000e+00 -0.000000000000e+00 5.740077352596e-03 0.000000000000e+00 0.000000000000e+00 0.000000000000e+00 0.000000000000e+00 0.000000000000e+00 0.000000000000e+00 
9.920000000000e+00 1.153729452176e-02 1.043637486186e-01 3.017145512245e-03 7.497354733722e+04 8.242746444398e+04 1.000000000000e+05 1.334709173863e+04 5.620323663193e+02 1.800000000000e+06 0.000000000000e+00 -8.752000000000e-01 -8.752000000000e-01 0.000000000000e+00 0.000000000000e+00 0.000000000000e+00 -0.000000000000e+00 5.732725458134e-03 0.000000000000e+00 0.000000000000e+00 0.000000000000e+00 0.000000000000e+00 0.000000000000e+00 0.000000000000e+00 
9.925000000000e+00 1.152252380621e-02 1.037226476193e-01 3.010949563153e-03 7.455329508697e+04 8.200621288653e+04 1.000000000000e+05 1.335138154240e+04 5.625628875962e+02 1.800000000000e+06 0.000000000000e+00 -8.752000000000e-01 -8.752000000000e-01 0.000000000000e+00 0.000000000000e+00 0.000000000000e+00 -0.000000000000e+00 5.725386088897e-03 0.000000000000e+00 0.000000000000e+00 0.000000000000e+00 0.000000000000e+00 0.000000000000e+00 0.000000000000e+00 
9.930000000000e+00 1.150778829144e-02 1.030969010531e-01 3.002760232042e-03 7.413770504559e+04 8.158463265094e+04 1.000000000000e+05 1.335566772248e+04 5.630931105100e+02 1.800000000000e+06 0.000000000000e+00 -8.752000000000e-01 -8.752000000000e-01 0.000000000000e+00 0.000000000000e+00 0.000000000000e+00 -0.000000000000e+00 5.718064210335e-03 0.000000000000e+00 0.000000000000e+00 0.000000000000e+00 0.000000000000e+00 0.000000000000e+00 0.000000000000e+00 
9.935000000000e+00 1.149309770939e-02 1.024864834866e-01 2.992634090240e-03 7.372695844999e+04 8.116300743882e+04 1.000000000000e+05 1.335994741742e+04 5.636226801012e+02 1.800000000000e+06 0.000000000000e+00 -8.752000000000e-01 -8.752000000000e-01 0.000000000000e+00 0.000000000000e+00 0.000000000000e+00 -0.000000000000e+00 5.710764658113e-03 0.000000000000e+00 0.000000000000e+00 0.000000000000e+00 0.000000000000e+00 0.000000000000e+00 0.000000000000e+00 
9.940000000000e+00 1.147846149605e-02 1.018913063341e-01 2.980634129393e-03 7.332121422737e+04 8.074161597668e+04 1.000000000000e+05 1.336421783495e+04 5.641512495401e+02 1.800000000000e+06 0.000000000000e+00 -8.752000000000e-01 -8.752000000000e-01 0.000000000000e+00 0.000000000000e+00 0.000000000000e+00 -0.000000000000e+00 5.703492120821e-03 0.000000000000e+00 0.000000000000e+00 0.000000000000e+00 0.000000000000e+00 0.000000000000e+00 0.000000000000e+00 
9.945000000000e+00 1.146388876006e-02 1.013112177283e-01 2.966829313236e-03 7.292060883561e+04 8.032073098194e+04 1.000000000000e+05 1.336847626173e+04 5.646784813613e+02 1.800000000000e+06 0.000000000000e+00 -8.752000000000e-01 -8.752000000000e-01 0.000000000000e+00 0.000000000000e+00 0.000000000000e+00 -0.000000000000e+00 5.696251124401e-03 0.000000000000e+00 0.000000000000e+00 0.000000000000e+00 0.000000000000e+00 0.000000000000e+00 0.000000000000e+00 
9.950000000000e+00 1.144938825396e-02 1.007460155190e-01 2.951294213804e-03 7.252525596640e+04 7.990061818132e+04 1.000000000000e+05 1.337272007261e+04 5.652040486184e+02 1.800000000000e+06 0.000000000000e+00 -8.752000000000e-01 -8.752000000000e-01 0.000000000000e+00 0.000000000000e+00 0.000000000000e+00 -0.000000000000e+00 5.689046017858e-03 0.000000000000e+00 0.000000000000e+00 0.000000000000e+00 0.000000000000e+00 0.000000000000e+00 0.000000000000e+00 
9.955000000000e+00 1.143496834765e-02 1.001954459394e-01 2.934108302810e-03 7.213524717358e+04 7.948153537141e+04 1.000000000000e+05 1.337694673924e+04 5.657276359756e+02 1.800000000000e+06 0.000000000000e+00 -8.752000000000e-01 -8.752000000000e-01 0.000000000000e+00 0.000000000000e+00 0.000000000000e+00 -0.000000000000e+00 5.681880960053e-03 0.000000000000e+00 0.000000000000e+00 0.000000000000e+00 0.000000000000e+00 0.000000000000e+00 0.000000000000e+00 
9.960000000000e+00 1.142063700485e-02 9.965920152292e-02 2.915356095065e-03 7.175065046545e+04 7.906373154970e+04 1.000000000000e+05 1.338115383795e+04 5.662489407005e+02 1.800000000000e+06 0.000000000000e+00 -8.752000000000e-01 -8.752000000000e-01 0.000000000000e+00 0.000000000000e+00 0.000000000000e+00 -0.000000000000e+00 5.674759908026e-03 0.000000000000e+00 0.000000000000e+00 0.000000000000e+00 0.000000000000e+00 0.000000000000e+00 0.000000000000e+00 
9.965000000000e+00 1.140640176194e-02 9.913692999254e-02 2.895125503396e-03 7.137151345098e+04 7.864744609815e+04 1.000000000000e+05 1.338533905686e+04 5.667676735826e+02 1.800000000000e+06 0.000000000000e+00 -8.752000000000e-01 -8.752000000000e-01 0.000000000000e+00 0.000000000000e+00 0.000000000000e+00 -0.000000000000e+00 5.667686606487e-03 0.000000000000e+00 0.000000000000e+00 0.000000000000e+00 0.000000000000e+00 0.000000000000e+00 0.000000000000e+00 
9.970000000000e+00 1.139226970897e-02 9.862823714204e-02 2.873512950037e-03 7.099784957753e+04 7.823290801293e+04 1.000000000000e+05 1.338950020332e+04 5.672835597854e+02 1.800000000000e+06 0.000000000000e+00 -8.752000000000e-01 -8.752000000000e-01 0.000000000000e+00 0.000000000000e+00 0.000000000000e+00 -0.000000000000e+00 5.660664578351e-03 0.000000000000e+00 0.000000000000e+00 0.000000000000e+00 0.000000000000e+00 0.000000000000e+00 0.000000000000e+00 
9.975000000000e+00 1.137824746920e-02 9.813268347350e-02 2.850616370280e-03 7.062965472314e+04 7.782033508233e+04 1.000000000000e+05 1.339363521010e+04 5.677963397565e+02 1.800000000000e+06 0.000000000000e+00 -8.752000000000e-01 -8.752000000000e-01 0.000000000000e+00 0.000000000000e+00 0.000000000000e+00 -0.000000000000e+00 5.653697114603e-03 0.000000000000e+00 0.000000000000e+00 0.000000000000e+00 0.000000000000e+00 0.000000000000e+00 0.000000000000e+00 
9.980000000000e+00 1.136434119250e-02 9.764978981967e-02 2.826524887760e-03 7.026693281142e+04 7.740993345764e+04 1.000000000000e+05 1.339774213726e+04 5.683057696421e+02 1.800000000000e+06 0.000000000000e+00 -8.752000000000e-01 -8.752000000000e-01 0.000000000000e+00 0.000000000000e+00 0.000000000000e+00 -0.000000000000e+00 5.646787270996e-03 0.000000000000e+00 0.000000000000e+00 0.000000000000e+00 0.000000000000e+00 0.000000000000e+00 0.000000000000e+00 
9.985000000000e+00 1.135055654109e-02 9.717904501219e-02 2.801337915489e-03 6.990964698507e+04 7.700189699460e+04 1.000000000000e+05 1.340181918013e+04 5.688116219831e+02 1.800000000000e+06 0.000000000000e+00 -8.752000000000e-01 -8.752000000000e-01 0.000000000000e+00 0.000000000000e+00 0.000000000000e+00 -0.000000000000e+00 5.639937860979e-03 0.000000000000e+00 0.000000000000e+00 0.000000000000e+00 0.000000000000e+00 0.000000000000e+00 0.000000000000e+00 
9.990000000000e+00 1.133689871815e-02 9.671990191230e-02 2.775167767813e-03 6.955771338655e+04 7.659640786125e+04 1.000000000000e+05 1.340586466247e+04 5.693136848402e+02 1.800000000000e+06 0.000000000000e+00 -8.752000000000e-01 -8.752000000000e-01 0.000000000000e+00 0.000000000000e+00 0.000000000000e+00 -0.000000000000e+00 5.633151469916e-03 0.000000000000e+00 0.000000000000e+00 0.000000000000e+00 0.000000000000e+00 0.000000000000e+00 0.000000000000e+00 
9.995000000000e+00 1.132337242213e-02 9.627177940706e-02 2.748106709611e-03 6.921108296705e+04 7.619363494391e+04 1.000000000000e+05 1.340987704678e+04 5.698117636460e+02 1.800000000000e+06 0.000000000000e+00 -8.752000000000e-01 -8.752000000000e-01 0.000000000000e+00 0.000000000000e+00 0.000000000000e+00 -0.000000000000e+00 5.626430432365e-03 0.000000000000e+00 0.000000000000e+00 0.000000000000e+00 0.000000000000e+00 0.000000000000e+00 0.000000000000e+00 
1.000000000000e+01 1.130998176643e-02 9.583408533873e-02 2.720253707637e-03 6.886967114954e+04 7.579373119642e+04 1.000000000000e+05 1.341385496310e+04 5.703056843508e+02 1.800000000000e+06 0.000000000000e+00 -8.752000000000e-01 -8.752000000000e-01 0.000000000000e+00 0.000000000000e+00 0.000000000000e+00 -0.000000000000e+00 5.619776792180e-03 0.000000000000e+00 0.000000000000e+00 0.000000000000e+00 0.000000000000e+00 0.000000000000e+00 0.000000000000e+00 
