9.000000000000e+00 2.264372717759e-02 5.847124233425e-01 3.860390899795e-03 8.101061715885e+04 8.035942319997e+04 1.018752905336e+05 2.370512576846e+04 6.584738359018e+02 2.600000000000e+06 0.000000000000e+00 -8.752000000000e-01 -8.752000000000e-01 0.000000000000e+00 0.000000000000e+00 0.000000000000e+00 -0.000000000000e+00 3.177892966575e-03 0.000000000000e+00 0.000000000000e+00 0.000000000000e+00 0.000000000000e+00 0.000000000000e+00 0.000000000000e+00 
9.005000000000e+00 2.262448004465e-02 5.825999222519e-01 3.793895121791e-03 8.064653615055e+04 7.998971600285e+04 1.018613669541e+05 2.371016972054e+04 6.587777859597e+02 2.600000000000e+06 0.000000000000e+00 -8.752000000000e-01 -8.752000000000e-01 0.000000000000e+00 0.000000000000e+00 0.000000000000e+00 -0.000000000000e+00 3.175191762474e-03 0.000000000000e+00 0.000000000000e+00 0.000000000000e+00 0.000000000000e+00 0.000000000000e+00 0.000000000000e+00 
9.010000000000e+00 2.260556244352e-02 5.805301041672e-01 3.728956003722e-03 8.028794068081e+04 7.962557863765e+04 1.018477774125e+05 2.371513257520e+04 6.590778001475e+02 2.600000000000e+06 0.000000000000e+00 -8.752000000000e-01 -8.752000000000e-01 0.000000000000e+00 0.000000000000e+00 0.000000000000e+00 -0.000000000000e+00 3.172536805916e-03 0.000000000000e+00 0.000000000000e+00 0.000000000000e+00 0.000000000000e+00 0.000000000000e+00 0.000000000000e+00 
9.015000000000e+00 2.258696621363e-02 5.784978501335e-01 3.665648110205e-03 7.993467190879e+04 7.926689089097e+04 1.018345105437e+05 2.372001621470e+04 6.593739384706e+02 2.600000000000e+06 0.000000000000e+00 -8.752000000000e-01 -8.752000000000e-01 0.000000000000e+00 0.000000000000e+00 0.000000000000e+00 -0.000000000000e+00 3.169926951623e-03 0.000000000000e+00 0.000000000000e+00 0.000000000000e+00 0.000000000000e+00 0.000000000000e+00 0.000000000000e+00 
9.020000000000e+00 2.256868231883e-02 5.764984279453e-01 3.604256158609e-03 7.958648492880e+04 7.891351386408e+04 1.018215546732e+05 2.372482276617e+04 6.596662786908e+02 2.600000000000e+06 0.000000000000e+00 -8.752000000000e-01 -8.752000000000e-01 0.000000000000e+00 0.000000000000e+00 0.000000000000e+00 -0.000000000000e+00 3.167360931431e-03 0.000000000000e+00 0.000000000000e+00 0.000000000000e+00 0.000000000000e+00 0.000000000000e+00 0.000000000000e+00 
9.025000000000e+00 2.255070095260e-02 5.745269852883e-01 3.544965706018e-03 7.924314906623e+04 7.856529188409e+04 1.018088978988e+05 2.372955457178e+04 6.599549147715e+02 2.600000000000e+06 0.000000000000e+00 -8.752000000000e-01 -8.752000000000e-01 0.000000000000e+00 0.000000000000e+00 0.000000000000e+00 -0.000000000000e+00 3.164837369062e-03 0.000000000000e+00 0.000000000000e+00 0.000000000000e+00 0.000000000000e+00 0.000000000000e+00 0.000000000000e+00 
9.030000000000e+00 2.253301150394e-02 5.725785026895e-01 3.487912985903e-03 7.890443137606e+04 7.822205173927e+04 1.017965280710e+05 2.373421419889e+04 6.602399575230e+02 2.600000000000e+06 0.000000000000e+00 -8.752000000000e-01 -8.752000000000e-01 0.000000000000e+00 0.000000000000e+00 0.000000000000e+00 -0.000000000000e+00 3.162354775334e-03 0.000000000000e+00 0.000000000000e+00 0.000000000000e+00 0.000000000000e+00 0.000000000000e+00 0.000000000000e+00 
9.035000000000e+00 2.251560273466e-02 5.706481832556e-01 3.433243939559e-03 7.857008135384e+04 7.788360602497e+04 1.017844329209e+05 2.373880439446e+04 6.605215318276e+02 2.600000000000e+06 0.000000000000e+00 -8.752000000000e-01 -8.752000000000e-01 0.000000000000e+00 0.000000000000e+00 0.000000000000e+00 -0.000000000000e+00 3.159911573045e-03 0.000000000000e+00 0.000000000000e+00 0.000000000000e+00 0.000000000000e+00 0.000000000000e+00 0.000000000000e+00 
9.040000000000e+00 2.249846294510e-02 5.687313907743e-01 3.381159191948e-03 7.823981981530e+04 7.754975630779e+04 1.017726001744e+05 2.374332804223e+04 6.607997739826e+02 2.600000000000e+06 0.000000000000e+00 -8.752000000000e-01 -8.752000000000e-01 0.000000000000e+00 0.000000000000e+00 0.000000000000e+00 -0.000000000000e+00 3.157506120226e-03 0.000000000000e+00 0.000000000000e+00 0.000000000000e+00 0.000000000000e+00 0.000000000000e+00 0.000000000000e+00 
9.045000000000e+00 2.248157949531e-02 5.668231712265e-01 3.331472664519e-03 7.791347052936e+04 7.722028373970e+04 1.017610172217e+05 2.374778828513e+04 6.610748395017e+02 2.600000000000e+06 0.000000000000e+00 -8.752000000000e-01 -8.752000000000e-01 0.000000000000e+00 0.000000000000e+00 0.000000000000e+00 -0.000000000000e+00 3.155136642944e-03 0.000000000000e+00 0.000000000000e+00 0.000000000000e+00 0.000000000000e+00 0.000000000000e+00 0.000000000000e+00 
9.050000000000e+00 2.246497734106e-02 5.650615466009e-01 3.253956845286e-03 7.760125951111e+04 7.689570302956e+04 1.017496973185e+05 2.375217804141e+04 6.613462721099e+02 2.600000000000e+06 0.000000000000e+00 -8.752000000000e-01 -8.752000000000e-01 0.000000000000e+00 0.000000000000e+00 0.000000000000e+00 -0.000000000000e+00 3.152806643574e-03 0.000000000000e+00 0.000000000000e+00 0.000000000000e+00 0.000000000000e+00 0.000000000000e+00 0.000000000000e+00 
9.055000000000e+00 2.244920352924e-02 5.649505851301e-01 2.948566485227e-03 7.737862934338e+04 7.658676665361e+04 1.017390062020e+05 2.375635029325e+04 6.616050319107e+02 2.600000000000e+06 0.000000000000e+00 -8.752000000000e-01 -8.752000000000e-01 0.000000000000e+00 0.000000000000e+00 0.000000000000e+00 -0.000000000000e+00 3.150592896423e-03 0.000000000000e+00 0.000000000000e+00 0.000000000000e+00 0.000000000000e+00 0.000000000000e+00 0.000000000000e+00 
9.060000000000e+00 2.243613885789e-02 5.702046886873e-01 2.109069835294e-03 7.738261049200e+04 7.633048306580e+04 1.017301982400e+05 2.375980302738e+04 6.618199899056e+02 2.600000000000e+06 0.000000000000e+00 -8.752000000000e-01 -8.752000000000e-01 0.000000000000e+00 0.000000000000e+00 0.000000000000e+00 -0.000000000000e+00 3.148759358698e-03 0.000000000000e+00 0.000000000000e+00 0.000000000000e+00 0.000000000000e+00 0.000000000000e+00 0.000000000000e+00 
9.065000000000e+00 2.242912012256e-02 5.854284262641e-01 5.578922209545e-04 7.773868333076e+04 7.619264733030e+04 1.017254838344e+05 2.376164824089e+04 6.619357107309e+02 2.600000000000e+06 0.000000000000e+00 -8.752000000000e-01 -8.752000000000e-01 0.000000000000e+00 0.000000000000e+00 0.000000000000e+00 -0.000000000000e+00 3.147774326953e-03 0.000000000000e+00 0.000000000000e+00 0.000000000000e+00 0.000000000000e+00 0.000000000000e+00 0.000000000000e+00 
9.070000000000e+00 2.243182025270e-02 6.133940654809e-01 -1.685637713459e-03 7.851507476264e+04 7.624568580602e+04 1.017272960370e+05 2.376091057355e+04 6.618911728136e+02 2.600000000000e+06 0.000000000000e+00 -8.752000000000e-01 -8.752000000000e-01 0.000000000000e+00 0.000000000000e+00 0.000000000000e+00 -0.000000000000e+00 3.148153271846e-03 0.000000000000e+00 0.000000000000e+00 0.000000000000e+00 0.000000000000e+00 0.000000000000e+00 0.000000000000e+00 
9.075000000000e+00 2.244813853052e-02 6.556904816097e-01 -4.716505850255e-03 7.981932729031e+04 7.656588887838e+04 1.017382866096e+05 2.375655757706e+04 6.616225330533e+02 2.600000000000e+06 0.000000000000e+00 -8.752000000000e-01 -8.752000000000e-01 0.000000000000e+00 0.000000000000e+00 0.000000000000e+00 -0.000000000000e+00 3.150443431099e-03 0.000000000000e+00 0.000000000000e+00 0.000000000000e+00 0.000000000000e+00 0.000000000000e+00 0.000000000000e+00 
9.080000000000e+00 2.248136701058e-02 7.118819311972e-01 -8.280026397357e-03 8.163102353361e+04 7.721613329925e+04 1.017608719045e+05 2.374773142931e+04 6.610783075211e+02 2.600000000000e+06 0.000000000000e+00 -8.752000000000e-01 -8.752000000000e-01 0.000000000000e+00 0.000000000000e+00 0.000000000000e+00 -0.000000000000e+00 3.155106822158e-03 0.000000000000e+00 0.000000000000e+00 0.000000000000e+00 0.000000000000e+00 0.000000000000e+00 0.000000000000e+00 
9.085000000000e+00 2.253361911823e-02 7.794364892898e-01 -1.215306171238e-02 8.391271515122e+04 7.823385274575e+04 1.017969516272e+05 2.373390224704e+04 6.602301486684e+02 2.600000000000e+06 0.000000000000e+00 -8.752000000000e-01 -8.752000000000e-01 0.000000000000e+00 0.000000000000e+00 0.000000000000e+00 -0.000000000000e+00 3.162440049866e-03 0.000000000000e+00 0.000000000000e+00 0.000000000000e+00 0.000000000000e+00 0.000000000000e+00 0.000000000000e+00 
9.090000000000e+00 2.260578829966e-02 8.547635624185e-01 -1.609205810341e-02 8.659337300571e+04 7.962993050431e+04 1.018479391004e+05 2.371488168025e+04 6.590742108991e+02 2.600000000000e+06 0.000000000000e+00 -8.752000000000e-01 -8.752000000000e-01 0.000000000000e+00 0.000000000000e+00 0.000000000000e+00 -0.000000000000e+00 3.172568503288e-03 0.000000000000e+00 0.000000000000e+00 0.000000000000e+00 0.000000000000e+00 0.000000000000e+00 0.000000000000e+00 
9.095000000000e+00 2.269749678518e-02 9.337628901890e-01 -1.985404961697e-02 8.957604227725e+04 8.138813870190e+04 1.019147137703e+05 2.369083339641e+04 6.576316455553e+02 2.600000000000e+06 0.000000000000e+00 -8.752000000000e-01 -8.752000000000e-01 0.000000000000e+00 0.000000000000e+00 0.000000000000e+00 -0.000000000000e+00 3.185439165007e-03 0.000000000000e+00 0.000000000000e+00 0.000000000000e+00 0.000000000000e+00 0.000000000000e+00 0.000000000000e+00 
9.100000000000e+00 2.280728796178e-02 1.012488383130e+00 -2.326432234273e-02 9.276537243375e+04 8.347000129872e+04 1.019976677459e+05 2.366221416937e+04 6.559441117489e+02 2.600000000000e+06 0.000000000000e+00 -8.752000000000e-01 -8.752000000000e-01 0.000000000000e+00 0.000000000000e+00 0.000000000000e+00 -0.000000000000e+00 3.200847609295e-03 0.000000000000e+00 0.000000000000e+00 0.000000000000e+00 0.000000000000e+00 0.000000000000e+00 0.000000000000e+00 
9.105000000000e+00 2.293297344469e-02 1.087652340992e+00 -2.619936213189e-02 9.607066923756e+04 8.582293525588e+04 1.020968176426e+05 2.362967307131e+04 6.540662587301e+02 2.600000000000e+06 0.000000000000e+00 -8.752000000000e-01 -8.752000000000e-01 0.000000000000e+00 0.000000000000e+00 0.000000000000e+00 -0.000000000000e+00 3.218486711258e-03 0.000000000000e+00 0.000000000000e+00 0.000000000000e+00 0.000000000000e+00 0.000000000000e+00 0.000000000000e+00 
9.110000000000e+00 2.307193302860e-02 1.156770549926e+00 -2.855903709765e-02 9.940413123031e+04 8.838737069390e+04 1.022118721116e+05 2.359396377226e+04 6.520589179278e+02 2.600000000000e+06 0.000000000000e+00 -8.752000000000e-01 -8.752000000000e-01 0.000000000000e+00 0.000000000000e+00 0.000000000000e+00 -0.000000000000e+00 3.237988742924e-03 0.000000000000e+00 0.000000000000e+00 0.000000000000e+00 0.000000000000e+00 0.000000000000e+00 0.000000000000e+00 
9.115000000000e+00 2.322128248530e-02 1.218216002213e+00 -3.033832524527e-02 1.027066333977e+05 9.110107065540e+04 1.023422021418e+05 2.355589216784e+04 6.499845014836e+02 2.600000000000e+06 0.000000000000e+00 -8.752000000000e-01 -8.752000000000e-01 0.000000000000e+00 0.000000000000e+00 0.000000000000e+00 -0.000000000000e+00 3.258948922505e-03 0.000000000000e+00 0.000000000000e+00 0.000000000000e+00 0.000000000000e+00 0.000000000000e+00 0.000000000000e+00 
9.120000000000e+00 2.337807540228e-02 1.271102482804e+00 -3.153167597226e-02 1.059215532383e+05 9.390365722443e+04 1.024868582039e+05 2.351625961644e+04 6.479022969532e+02 2.600000000000e+06 0.000000000000e+00 -8.752000000000e-01 -8.752000000000e-01 0.000000000000e+00 0.000000000000e+00 0.000000000000e+00 -0.000000000000e+00 3.280953741067e-03 0.000000000000e+00 0.000000000000e+00 0.000000000000e+00 0.000000000000e+00 0.000000000000e+00 0.000000000000e+00 
9.125000000000e+00 2.353943046855e-02 1.315121038278e+00 -3.216327590198e-02 1.090060090772e+05 9.673928828822e+04 1.026445597802e+05 2.347582731542e+04 6.458653955207e+02 2.600000000000e+06 0.000000000000e+00 -8.752000000000e-01 -8.752000000000e-01 0.000000000000e+00 0.000000000000e+00 0.000000000000e+00 -0.000000000000e+00 3.303598814951e-03 0.000000000000e+00 0.000000000000e+00 0.000000000000e+00 0.000000000000e+00 0.000000000000e+00 0.000000000000e+00 
9.130000000000e+00 2.370264444963e-02 1.350453176090e+00 -3.226573232762e-02 1.119256491685e+05 9.955865335609e+04 1.028137139010e+05 2.343528772004e+04 6.439184168185e+02 2.600000000000e+06 0.000000000000e+00 -8.752000000000e-01 -8.752000000000e-01 0.000000000000e+00 0.000000000000e+00 0.000000000000e+00 -0.000000000000e+00 3.326504797420e-03 0.000000000000e+00 0.000000000000e+00 0.000000000000e+00 0.000000000000e+00 0.000000000000e+00 0.000000000000e+00 
9.135000000000e+00 2.386523791209e-02 1.377576597231e+00 -3.191036175346e-02 1.146635483315e+05 1.023194626020e+05 1.029924120216e+05 2.339525465522e+04 6.420966556084e+02 2.600000000000e+06 0.000000000000e+00 -8.752000000000e-01 -8.752000000000e-01 0.000000000000e+00 0.000000000000e+00 0.000000000000e+00 -0.000000000000e+00 3.349323680317e-03 0.000000000000e+00 0.000000000000e+00 0.000000000000e+00 0.000000000000e+00 0.000000000000e+00 0.000000000000e+00 
9.140000000000e+00 2.402499694680e-02 1.397170587186e+00 -3.114679089653e-02 1.172021394539e+05 1.049866721586e+05 1.031784614015e+05 2.335625670551e+04 6.404257332683e+02 2.600000000000e+06 0.000000000000e+00 -8.752000000000e-01 -8.752000000000e-01 0.000000000000e+00 0.000000000000e+00 0.000000000000e+00 -0.000000000000e+00 3.371744776049e-03 0.000000000000e+00 0.000000000000e+00 0.000000000000e+00 0.000000000000e+00 0.000000000000e+00 0.000000000000e+00 
9.145000000000e+00 2.417999867344e-02 1.410045009690e+00 -3.003447235649e-02 1.195323701003e+05 1.075323141423e+05 1.033694384961e+05 2.331873472171e+04 6.389218608482e+02 2.600000000000e+06 0.000000000000e+00 -8.752000000000e-01 -8.752000000000e-01 0.000000000000e+00 0.000000000000e+00 0.000000000000e+00 -0.000000000000e+00 3.393498213240e-03 0.000000000000e+00 0.000000000000e+00 0.000000000000e+00 0.000000000000e+00 0.000000000000e+00 0.000000000000e+00 
9.150000000000e+00 2.432864168694e-02 1.417076976829e+00 -2.863680987326e-02 1.216518299066e+05 1.099353547968e+05 1.035627866647e+05 2.328303898244e+04 6.375924343800e+02 2.600000000000e+06 0.000000000000e+00 -8.752000000000e-01 -8.752000000000e-01 0.000000000000e+00 0.000000000000e+00 0.000000000000e+00 -0.000000000000e+00 3.414359248326e-03 0.000000000000e+00 0.000000000000e+00 0.000000000000e+00 0.000000000000e+00 0.000000000000e+00 0.000000000000e+00 
9.155000000000e+00 2.446964797973e-02 1.419182435197e+00 -2.701768671665e-02 1.235632806172e+05 1.121810869054e+05 1.037559119094e+05 2.324943334363e+04 6.364372107339e+02 2.600000000000e+06 0.000000000000e+00 -8.752000000000e-01 -8.752000000000e-01 0.000000000000e+00 0.000000000000e+00 0.000000000000e+00 -0.000000000000e+00 3.434148521646e-03 0.000000000000e+00 0.000000000000e+00 0.000000000000e+00 0.000000000000e+00 0.000000000000e+00 0.000000000000e+00 
9.160000000000e+00 2.460205814496e-02 1.417241797592e+00 -2.523785638441e-02 1.252732204555e+05 1.142604755448e+05 1.039462902991e+05 2.321810065603e+04 6.354496982516e+02 2.600000000000e+06 0.000000000000e+00 -8.752000000000e-01 -8.752000000000e-01 0.000000000000e+00 0.000000000000e+00 0.000000000000e+00 -0.000000000000e+00 3.452731386978e-03 0.000000000000e+00 0.000000000000e+00 0.000000000000e+00 0.000000000000e+00 0.000000000000e+00 0.000000000000e+00 
9.165000000000e+00 2.472521112348e-02 1.412072597663e+00 -2.335371404179e-02 1.267910245305e+05 1.161693485674e+05 1.041315636094e+05 2.318915126047e+04 6.346187107228e+02 2.600000000000e+06 0.000000000000e+00 -8.752000000000e-01 -8.752000000000e-01 0.000000000000e+00 0.000000000000e+00 0.000000000000e+00 -0.000000000000e+00 3.470015069170e-03 0.000000000000e+00 0.000000000000e+00 0.000000000000e+00 0.000000000000e+00 0.000000000000e+00 0.000000000000e+00 
9.170000000000e+00 2.483871747330e-02 1.404413077548e+00 -2.141800181071e-02 1.281286320105e+05 1.179075937959e+05 1.043096229395e+05 2.316263225301e+04 6.339298851960e+02 2.600000000000e+06 0.000000000000e+00 -8.752000000000e-01 -8.752000000000e-01 0.000000000000e+00 0.000000000000e+00 0.000000000000e+00 -0.000000000000e+00 3.485944912690e-03 0.000000000000e+00 0.000000000000e+00 0.000000000000e+00 0.000000000000e+00 0.000000000000e+00 0.000000000000e+00 
9.175000000000e+00 2.494243468603e-02 1.394918558493e+00 -1.947657298909e-02 1.292992596226e+05 1.194784928056e+05 1.044786848517e+05 2.313853555355e+04 6.333670307484e+02 2.600000000000e+06 0.000000000000e+00 -8.752000000000e-01 -8.752000000000e-01 0.000000000000e+00 0.000000000000e+00 0.000000000000e+00 -0.000000000000e+00 3.500500917452e-03 0.000000000000e+00 0.000000000000e+00 0.000000000000e+00 0.000000000000e+00 0.000000000000e+00 0.000000000000e+00 
9.180000000000e+00 2.503643658636e-02 1.384164275066e+00 -1.757703925991e-02 1.303193471819e+05 1.208880584468e+05 1.046373418440e+05 2.311680656182e+04 6.329133101822e+02 2.600000000000e+06 0.000000000000e+00 -8.752000000000e-01 -8.752000000000e-01 0.000000000000e+00 0.000000000000e+00 0.000000000000e+00 -0.000000000000e+00 3.513693444252e-03 0.000000000000e+00 0.000000000000e+00 0.000000000000e+00 0.000000000000e+00 0.000000000000e+00 0.000000000000e+00 
9.185000000000e+00 2.512096782940e-02 1.372596343775e+00 -1.573654565993e-02 1.311991274989e+05 1.221442352628e+05 1.047845653068e+05 2.309735595544e+04 6.325522412892e+02 2.600000000000e+06 0.000000000000e+00 -8.752000000000e-01 -8.752000000000e-01 0.000000000000e+00 0.000000000000e+00 0.000000000000e+00 -0.000000000000e+00 3.525556828768e-03 0.000000000000e+00 0.000000000000e+00 0.000000000000e+00 0.000000000000e+00 0.000000000000e+00 0.000000000000e+00 
9.190000000000e+00 2.519636596381e-02 1.360493974188e+00 -1.396837895924e-02 1.319488333566e+05 1.232557013870e+05 1.049196227327e+05 2.308007780697e+04 6.322685250309e+02 2.600000000000e+06 0.000000000000e+00 -8.752000000000e-01 -8.752000000000e-01 0.000000000000e+00 0.000000000000e+00 0.000000000000e+00 -0.000000000000e+00 3.536138443657e-03 0.000000000000e+00 0.000000000000e+00 0.000000000000e+00 0.000000000000e+00 0.000000000000e+00 0.000000000000e+00 
9.195000000000e+00 2.526300931485e-02 1.347986032107e+00 -1.226625382274e-02 1.325737166091e+05 1.242311246725e+05 1.050420094273e+05 2.306486155895e+04 6.320484495631e+02 2.600000000000e+06 0.000000000000e+00 -8.752000000000e-01 -8.752000000000e-01 0.000000000000e+00 0.000000000000e+00 0.000000000000e+00 -0.000000000000e+00 3.545491384295e-03 0.000000000000e+00 0.000000000000e+00 0.000000000000e+00 0.000000000000e+00 0.000000000000e+00 0.000000000000e+00 
9.200000000000e+00 2.532129232059e-02 1.335121370903e+00 -1.064402236960e-02 1.330844591061e+05 1.250788555497e+05 1.051514111382e+05 2.305159697108e+04 6.318800087783e+02 2.600000000000e+06 0.000000000000e+00 -8.752000000000e-01 -8.752000000000e-01 0.000000000000e+00 0.000000000000e+00 0.000000000000e+00 -0.000000000000e+00 3.553671007383e-03 0.000000000000e+00 0.000000000000e+00 0.000000000000e+00 0.000000000000e+00 0.000000000000e+00 0.000000000000e+00 
9.205000000000e+00 2.537163586465e-02 1.321916659244e+00 -9.107156993782e-03 1.334896771838e+05 1.258071362805e+05 1.052477235487e+05 2.304017159900e+04 6.317528362451e+02 2.600000000000e+06 0.000000000000e+00 -8.752000000000e-01 -8.752000000000e-01 0.000000000000e+00 0.000000000000e+00 0.000000000000e+00 -0.000000000000e+00 3.560736381069e-03 0.000000000000e+00 0.000000000000e+00 0.000000000000e+00 0.000000000000e+00 0.000000000000e+00 0.000000000000e+00 
9.210000000000e+00 2.541447327652e-02 1.308404171052e+00 -7.658611190259e-03 1.337973460698e+05 1.264239529538e+05 1.053310221777e+05 2.303047353892e+04 6.316581762567e+02 2.600000000000e+06 0.000000000000e+00 -8.752000000000e-01 -8.752000000000e-01 0.000000000000e+00 0.000000000000e+00 0.000000000000e+00 -0.000000000000e+00 3.566748320202e-03 0.000000000000e+00 0.000000000000e+00 0.000000000000e+00 0.000000000000e+00 0.000000000000e+00 0.000000000000e+00 
9.215000000000e+00 2.545023434483e-02 1.294609053064e+00 -6.298836764911e-03 1.340145957297e+05 1.269368614961e+05 1.054015222346e+05 2.302239464076e+04 6.315888031689e+02 2.600000000000e+06 0.000000000000e+00 -8.752000000000e-01 -8.752000000000e-01 0.000000000000e+00 0.000000000000e+00 0.000000000000e+00 -0.000000000000e+00 3.571767142688e-03 0.000000000000e+00 0.000000000000e+00 0.000000000000e+00 0.000000000000e+00 0.000000000000e+00 0.000000000000e+00 
9.220000000000e+00 2.547934779986e-02 1.280557613626e+00 -5.021283023607e-03 1.341465952321e+05 1.273530774775e+05 1.054595709521e+05 2.301582958035e+04 6.315388711847e+02 2.600000000000e+06 0.000000000000e+00 -8.752000000000e-01 -8.752000000000e-01 0.000000000000e+00 0.000000000000e+00 0.000000000000e+00 -0.000000000000e+00 3.575853017906e-03 0.000000000000e+00 0.000000000000e+00 0.000000000000e+00 0.000000000000e+00 0.000000000000e+00 0.000000000000e+00 
9.225000000000e+00 2.550222413770e-02 1.266283013769e+00 -3.822420178481e-03 1.341989717392e+05 1.276792797706e+05 1.055055993830e+05 2.301067928382e+04 6.315037895592e+02 2.600000000000e+06 0.000000000000e+00 -8.752000000000e-01 -8.752000000000e-01 0.000000000000e+00 0.000000000000e+00 0.000000000000e+00 -0.000000000000e+00 3.579063556185e-03 0.000000000000e+00 0.000000000000e+00 0.000000000000e+00 0.000000000000e+00 0.000000000000e+00 0.000000000000e+00 
9.230000000000e+00 2.551921589509e-02 1.251725314743e+00 -2.712483754962e-03 1.341800242317e+05 1.279210913551e+05 1.055400263494e+05 2.300685943780e+04 6.314801119460e+02 2.600000000000e+06 0.000000000000e+00 -8.752000000000e-01 -8.752000000000e-01 0.000000000000e+00 0.000000000000e+00 0.000000000000e+00 -0.000000000000e+00 3.581448233658e-03 0.000000000000e+00 0.000000000000e+00 0.000000000000e+00 0.000000000000e+00 0.000000000000e+00 0.000000000000e+00 
9.235000000000e+00 2.553064401861e-02 1.236851074452e+00 -1.705014221477e-03 1.340983796058e+05 1.280834965022e+05 1.055632959068e+05 2.300429431056e+04 6.314653331939e+02 2.600000000000e+06 0.000000000000e+00 -8.752000000000e-01 -8.752000000000e-01 0.000000000000e+00 0.000000000000e+00 0.000000000000e+00 -0.000000000000e+00 3.583052092995e-03 0.000000000000e+00 0.000000000000e+00 0.000000000000e+00 0.000000000000e+00 0.000000000000e+00 0.000000000000e+00 
9.240000000000e+00 2.553690055126e-02 1.221707486019e+00 -7.861824447848e-04 1.339565550174e+05 1.281723299834e+05 1.055760745936e+05 2.300289365047e+04 6.314576339069e+02 2.600000000000e+06 0.000000000000e+00 -8.752000000000e-01 -8.752000000000e-01 0.000000000000e+00 0.000000000000e+00 0.000000000000e+00 -0.000000000000e+00 3.583930154759e-03 0.000000000000e+00 0.000000000000e+00 0.000000000000e+00 0.000000000000e+00 0.000000000000e+00 0.000000000000e+00 
9.245000000000e+00 2.553833116601e-02 1.206272723289e+00 9.165340628873e-05 1.337473711009e+05 1.281926348293e+05 1.055790004790e+05 2.300257897952e+04 6.314559123806e+02 2.600000000000e+06 0.000000000000e+00 -8.752000000000e-01 -8.752000000000e-01 0.000000000000e+00 0.000000000000e+00 0.000000000000e+00 -0.000000000000e+00 3.584130931800e-03 0.000000000000e+00 0.000000000000e+00 0.000000000000e+00 0.000000000000e+00 0.000000000000e+00 0.000000000000e+00 
9.250000000000e+00 2.553557541177e-02 1.190855444292e+00 9.663445038205e-04 1.334710150678e+05 1.281535195811e+05 1.055733657276e+05 2.300320643842e+04 6.314592414615e+02 2.600000000000e+06 0.000000000000e+00 -8.752000000000e-01 -8.752000000000e-01 0.000000000000e+00 0.000000000000e+00 0.000000000000e+00 -0.000000000000e+00 3.583744180453e-03 0.000000000000e+00 0.000000000000e+00 0.000000000000e+00 0.000000000000e+00 0.000000000000e+00 0.000000000000e+00 
9.255000000000e+00 2.552864561073e-02 1.175544960018e+00 1.805515640516e-03 1.331360685630e+05 1.280551104281e+05 1.055592201211e+05 2.300477337652e+04 6.314678508692e+02 2.600000000000e+06 0.000000000000e+00 -8.752000000000e-01 -8.752000000000e-01 0.000000000000e+00 0.000000000000e+00 0.000000000000e+00 -0.000000000000e+00 3.582771630054e-03 0.000000000000e+00 0.000000000000e+00 0.000000000000e+00 0.000000000000e+00 0.000000000000e+00 0.000000000000e+00 
9.260000000000e+00 2.551767705677e-02 1.160474092072e+00 2.563863800155e-03 1.327565305873e+05 1.278992088068e+05 1.055369001000e+05 2.300724991692e+04 6.314821724648e+02 2.600000000000e+06 0.000000000000e+00 -8.752000000000e-01 -8.752000000000e-01 0.000000000000e+00 0.000000000000e+00 0.000000000000e+00 -0.000000000000e+00 3.581232268176e-03 0.000000000000e+00 0.000000000000e+00 0.000000000000e+00 0.000000000000e+00 0.000000000000e+00 0.000000000000e+00 
9.265000000000e+00 2.550316623840e-02 1.145825737894e+00 3.224387216346e-03 1.323448141151e+05 1.276926976188e+05 1.055075028311e+05 2.301052548600e+04 6.315024235361e+02 2.600000000000e+06 0.000000000000e+00 -8.752000000000e-01 -8.752000000000e-01 0.000000000000e+00 0.000000000000e+00 0.000000000000e+00 -0.000000000000e+00 3.579195773605e-03 0.000000000000e+00 0.000000000000e+00 0.000000000000e+00 0.000000000000e+00 0.000000000000e+00 0.000000000000e+00 
9.270000000000e+00 2.548561049047e-02 1.131860737257e+00 3.782995087431e-03 1.319099741162e+05 1.274424534064e+05 1.054721353097e+05 2.301448956935e+04 6.315289026915e+02 2.600000000000e+06 0.000000000000e+00 -8.752000000000e-01 -8.752000000000e-01 0.000000000000e+00 0.000000000000e+00 0.000000000000e+00 -0.000000000000e+00 3.576731943897e-03 0.000000000000e+00 0.000000000000e+00 0.000000000000e+00 0.000000000000e+00 0.000000000000e+00 0.000000000000e+00 
9.275000000000e+00 2.546555605917e-02 1.118860910311e+00 4.228839211864e-03 1.314637147219e+05 1.271560565016e+05 1.054319983123e+05 2.301902050889e+04 6.315617896006e+02 2.600000000000e+06 0.000000000000e+00 -8.752000000000e-01 -8.752000000000e-01 0.000000000000e+00 0.000000000000e+00 0.000000000000e+00 -0.000000000000e+00 3.573917440990e-03 0.000000000000e+00 0.000000000000e+00 0.000000000000e+00 0.000000000000e+00 0.000000000000e+00 0.000000000000e+00 
9.280000000000e+00 2.544357675728e-02 1.107059929208e+00 4.559458091031e-03 1.310160287668e+05 1.268415125568e+05 1.053883305227e+05 2.302399023840e+04 6.316010488742e+02 2.600000000000e+06 0.000000000000e+00 -8.752000000000e-01 -8.752000000000e-01 0.000000000000e+00 0.000000000000e+00 0.000000000000e+00 -0.000000000000e+00 3.570832795598e-03 0.000000000000e+00 0.000000000000e+00 0.000000000000e+00 0.000000000000e+00 0.000000000000e+00 0.000000000000e+00 
9.285000000000e+00 2.542025269965e-02 1.096630558460e+00 4.775949445286e-03 1.305761267255e+05 1.265069692079e+05 1.053423562447e+05 2.302926888345e+04 6.316463673119e+02 2.600000000000e+06 0.000000000000e+00 -8.752000000000e-01 -8.752000000000e-01 0.000000000000e+00 0.000000000000e+00 0.000000000000e+00 -0.000000000000e+00 3.567559422894e-03 0.000000000000e+00 0.000000000000e+00 0.000000000000e+00 0.000000000000e+00 0.000000000000e+00 0.000000000000e+00 
9.290000000000e+00 2.539614553222e-02 1.087668949544e+00 4.884206118426e-03 1.301516921253e+05 1.261603743358e+05 1.052952305714e+05 2.303473027005e+04 6.316971410213e+02 2.600000000000e+06 0.000000000000e+00 -8.752000000000e-01 -8.752000000000e-01 0.000000000000e+00 0.000000000000e+00 0.000000000000e+00 -0.000000000000e+00 3.564176146059e-03 0.000000000000e+00 0.000000000000e+00 0.000000000000e+00 0.000000000000e+00 0.000000000000e+00 0.000000000000e+00 
9.295000000000e+00 2.537177818257e-02 1.080190877703e+00 4.893910492691e-03 1.297488019856e+05 1.258091898913e+05 1.052479982294e+05 2.304025646558e+04 6.317525010388e+02 2.600000000000e+06 0.000000000000e+00 -8.752000000000e-01 -8.752000000000e-01 0.000000000000e+00 0.000000000000e+00 0.000000000000e+00 -0.000000000000e+00 3.560756354421e-03 0.000000000000e+00 0.000000000000e+00 0.000000000000e+00 0.000000000000e+00 0.000000000000e+00 0.000000000000e+00 
9.300000000000e+00 2.534761523462e-02 1.074146848601e+00 4.817153857461e-03 1.293719566304e+05 1.254601059175e+05 1.052015579252e+05 2.304574224469e+04 6.318113804867e+02 2.600000000000e+06 0.000000000000e+00 -8.752000000000e-01 -8.752000000000e-01 0.000000000000e+00 0.000000000000e+00 0.000000000000e+00 -0.000000000000e+00 3.557365249169e-03 0.000000000000e+00 0.000000000000e+00 0.000000000000e+00 0.000000000000e+00 0.000000000000e+00 0.000000000000e+00 
9.305000000000e+00 2.532405620227e-02 1.069435892161e+00 4.667976625336e-03 1.290240764399e+05 1.251189336808e+05 1.051566548210e+05 2.305109669088e+04 6.318725840035e+02 2.600000000000e+06 0.000000000000e+00 -8.752000000000e-01 -8.752000000000e-01 0.000000000000e+00 0.000000000000e+00 0.000000000000e+00 -0.000000000000e+00 3.554058899361e-03 0.000000000000e+00 0.000000000000e+00 0.000000000000e+00 0.000000000000e+00 0.000000000000e+00 0.000000000000e+00 
9.310000000000e+00 2.530142396508e-02 1.065920263822e+00 4.462182863129e-03 1.287063469921e+05 1.247904245484e+05 1.051138655371e+05 2.305624593287e+04 6.319348876768e+02 2.600000000000e+06 0.000000000000e+00 -8.752000000000e-01 -8.752000000000e-01 0.000000000000e+00 0.000000000000e+00 0.000000000000e+00 -0.000000000000e+00 3.550882618943e-03 0.000000000000e+00 0.000000000000e+00 0.000000000000e+00 0.000000000000e+00 0.000000000000e+00 0.000000000000e+00 
9.315000000000e+00 2.527996743831e-02 1.063427117229e+00 4.212739632038e-03 1.284194874401e+05 1.244782926962e+05 1.050736110730e+05 2.306113262541e+04 6.319971103995e+02 2.600000000000e+06 0.000000000000e+00 -8.752000000000e-01 -8.752000000000e-01 0.000000000000e+00 0.000000000000e+00 0.000000000000e+00 -0.000000000000e+00 3.547871341479e-03 0.000000000000e+00 0.000000000000e+00 0.000000000000e+00 0.000000000000e+00 0.000000000000e+00 0.000000000000e+00 
9.320000000000e+00 2.525986480289e-02 1.061779848598e+00 3.934838889647e-03 1.281624393919e+05 1.241852465867e+05 1.050361702067e+05 2.306571537824e+04 6.320581782757e+02 2.600000000000e+06 0.000000000000e+00 -8.752000000000e-01 -8.752000000000e-01 0.000000000000e+00 0.000000000000e+00 0.000000000000e+00 -0.000000000000e+00 3.545050073448e-03 0.000000000000e+00 0.000000000000e+00 0.000000000000e+00 0.000000000000e+00 0.000000000000e+00 0.000000000000e+00 
9.325000000000e+00 2.524122663334e-02 1.060806996317e+00 3.641079435909e-03 1.279337083553e+05 1.239130205151e+05 1.050016917527e+05 2.306996811255e+04 6.321171801001e+02 2.600000000000e+06 0.000000000000e+00 -8.752000000000e-01 -8.752000000000e-01 0.000000000000e+00 0.000000000000e+00 0.000000000000e+00 -0.000000000000e+00 3.542434333234e-03 0.000000000000e+00 0.000000000000e+00 0.000000000000e+00 0.000000000000e+00 0.000000000000e+00 0.000000000000e+00 
9.330000000000e+00 2.522410596951e-02 1.060346946543e+00 3.340988355277e-03 1.277316603647e+05 1.236625099332e+05 1.049702184147e+05 2.307387784971e+04 6.321733884871e+02 2.600000000000e+06 0.000000000000e+00 -8.752000000000e-01 -8.752000000000e-01 0.000000000000e+00 0.000000000000e+00 0.000000000000e+00 -0.000000000000e+00 3.540031564615e-03 0.000000000000e+00 0.000000000000e+00 0.000000000000e+00 0.000000000000e+00 0.000000000000e+00 0.000000000000e+00 
9.335000000000e+00 2.520850847442e-02 1.060253092115e+00 3.041585765099e-03 1.275545402986e+05 1.234339113743e+05 1.049417091850e+05 2.307744246258e+04 6.322262645692e+02 2.600000000000e+06 0.000000000000e+00 -8.752000000000e-01 -8.752000000000e-01 0.000000000000e+00 0.000000000000e+00 0.000000000000e+00 -0.000000000000e+00 3.537842562360e-03 0.000000000000e+00 0.000000000000e+00 0.000000000000e+00 0.000000000000e+00 0.000000000000e+00 0.000000000000e+00 
9.340000000000e+00 2.519439437838e-02 1.060393623211e+00 2.753837108836e-03 1.273987633473e+05 1.232267448243e+05 1.049160454151e+05 2.308067033289e+04 6.322754772686e+02 2.600000000000e+06 0.000000000000e+00 -8.752000000000e-01 -8.752000000000e-01 0.000000000000e+00 0.000000000000e+00 0.000000000000e+00 -0.000000000000e+00 3.535861745063e-03 0.000000000000e+00 0.000000000000e+00 0.000000000000e+00 0.000000000000e+00 0.000000000000e+00 0.000000000000e+00 
9.345000000000e+00 2.518168433568e-02 1.060645758428e+00 2.484609232915e-03 1.272611828710e+05 1.230399353925e+05 1.048930431502e+05 2.308357897613e+04 6.323209003337e+02 2.600000000000e+06 0.000000000000e+00 -8.752000000000e-01 -8.752000000000e-01 0.000000000000e+00 0.000000000000e+00 0.000000000000e+00 -0.000000000000e+00 3.534077977094e-03 0.000000000000e+00 0.000000000000e+00 0.000000000000e+00 0.000000000000e+00 0.000000000000e+00 0.000000000000e+00 
9.350000000000e+00 2.517026782959e-02 1.060901471814e+00 2.237365541256e-03 1.271390468327e+05 1.228719345024e+05 1.048724691786e+05 2.308619314029e+04 6.323625911215e+02 2.600000000000e+06 0.000000000000e+00 -8.752000000000e-01 -8.752000000000e-01 0.000000000000e+00 0.000000000000e+00 0.000000000000e+00 -0.000000000000e+00 3.532475748183e-03 0.000000000000e+00 0.000000000000e+00 0.000000000000e+00 0.000000000000e+00 0.000000000000e+00 0.000000000000e+00 
9.355000000000e+00 2.516001480445e-02 1.061065932131e+00 2.016776250050e-03 1.270289462801e+05 1.227208904894e+05 1.048540620858e+05 2.308854218329e+04 6.324007493124e+02 2.600000000000e+06 0.000000000000e+00 -8.752000000000e-01 -8.752000000000e-01 0.000000000000e+00 0.000000000000e+00 0.000000000000e+00 -0.000000000000e+00 3.531036805902e-03 0.000000000000e+00 0.000000000000e+00 0.000000000000e+00 0.000000000000e+00 0.000000000000e+00 0.000000000000e+00 
9.360000000000e+00 2.515077290534e-02 1.061054441436e+00 1.828263587586e-03 1.269268927326e+05 1.225846084898e+05 1.048375269352e+05 2.309066069749e+04 6.324357236720e+02 2.600000000000e+06 0.000000000000e+00 -8.752000000000e-01 -8.752000000000e-01 0.000000000000e+00 0.000000000000e+00 0.000000000000e+00 -0.000000000000e+00 3.529739768277e-03 0.000000000000e+00 0.000000000000e+00 0.000000000000e+00 0.000000000000e+00 0.000000000000e+00 0.000000000000e+00 
9.365000000000e+00 2.514238051271e-02 1.060810210094e+00 1.674522962132e-03 1.268294773268e+05 1.224607435706e+05 1.048225580964e+05 2.309258548276e+04 6.324679578546e+02 2.600000000000e+06 0.000000000000e+00 -8.752000000000e-01 -8.752000000000e-01 0.000000000000e+00 0.000000000000e+00 0.000000000000e+00 -0.000000000000e+00 3.528561953102e-03 0.000000000000e+00 0.000000000000e+00 0.000000000000e+00 0.000000000000e+00 0.000000000000e+00 0.000000000000e+00 
9.370000000000e+00 2.513466811330e-02 1.060292078728e+00 1.555196141878e-03 1.267339847328e+05 1.223468225215e+05 1.048088409534e+05 2.309435521666e+04 6.324979777310e+02 2.600000000000e+06 0.000000000000e+00 -8.752000000000e-01 -8.752000000000e-01 0.000000000000e+00 0.000000000000e+00 0.000000000000e+00 -0.000000000000e+00 3.527479570349e-03 0.000000000000e+00 0.000000000000e+00 0.000000000000e+00 0.000000000000e+00 0.000000000000e+00 0.000000000000e+00 
9.375000000000e+00 2.512746273356e-02 1.059450592993e+00 1.471525306100e-03 1.266372062070e+05 1.222403107980e+05 1.047960591175e+05 2.309600946452e+04 6.325263673468e+02 2.600000000000e+06 0.000000000000e+00 -8.752000000000e-01 -8.752000000000e-01 0.000000000000e+00 0.000000000000e+00 0.000000000000e+00 -0.000000000000e+00 3.526468344352e-03 0.000000000000e+00 0.000000000000e+00 0.000000000000e+00 0.000000000000e+00 0.000000000000e+00 0.000000000000e+00 
9.380000000000e+00 2.512057571905e-02 1.058213073078e+00 1.426328878320e-03 1.265352423060e+05 1.221384329792e+05 1.047838722415e+05 2.309759147744e+04 6.325538119484e+02 2.600000000000e+06 0.000000000000e+00 -8.752000000000e-01 -8.752000000000e-01 0.000000000000e+00 0.000000000000e+00 0.000000000000e+00 -0.000000000000e+00 3.525501798750e-03 0.000000000000e+00 0.000000000000e+00 0.000000000000e+00 0.000000000000e+00 0.000000000000e+00 0.000000000000e+00 
9.385000000000e+00 2.511379982786e-02 1.056487731697e+00 1.426097484374e-03 1.264228839884e+05 1.220381299977e+05 1.047719107459e+05 2.309914887608e+04 6.325811082870e+02 2.600000000000e+06 0.000000000000e+00 -8.752000000000e-01 -8.752000000000e-01 0.000000000000e+00 0.000000000000e+00 0.000000000000e+00 -0.000000000000e+00 3.524550848547e-03 0.000000000000e+00 0.000000000000e+00 0.000000000000e+00 0.000000000000e+00 0.000000000000e+00 0.000000000000e+00 
9.390000000000e+00 2.510689836002e-02 1.054148296035e+00 1.476473354574e-03 1.262946564521e+05 1.219358977176e+05 1.047597568089e+05 2.310073611489e+04 6.326092103059e+02 2.600000000000e+06 0.000000000000e+00 -8.752000000000e-01 -8.752000000000e-01 0.000000000000e+00 0.000000000000e+00 0.000000000000e+00 -0.000000000000e+00 3.523582274517e-03 0.000000000000e+00 0.000000000000e+00 0.000000000000e+00 0.000000000000e+00 0.000000000000e+00 0.000000000000e+00 
9.395000000000e+00 2.509958508639e-02 1.050996100979e+00 1.591515778163e-03 1.261419659068e+05 1.218274877081e+05 1.047469097812e+05 2.310241919029e+04 6.326393187228e+02 2.600000000000e+06 0.000000000000e+00 -8.752000000000e-01 -8.752000000000e-01 0.000000000000e+00 0.000000000000e+00 0.000000000000e+00 -0.000000000000e+00 3.522555906349e-03 0.000000000000e+00 0.000000000000e+00 0.000000000000e+00 0.000000000000e+00 0.000000000000e+00 0.000000000000e+00 
9.400000000000e+00 2.509146526396e-02 1.046662124680e+00 1.803563677463e-03 1.259494274188e+05 1.217070279996e+05 1.047326845419e+05 2.310428932934e+04 6.326731441745e+02 2.600000000000e+06 0.000000000000e+00 -8.752000000000e-01 -8.752000000000e-01 0.000000000000e+00 0.000000000000e+00 0.000000000000e+00 -0.000000000000e+00 3.521416344546e-03 0.000000000000e+00 0.000000000000e+00 0.000000000000e+00 0.000000000000e+00 0.000000000000e+00 0.000000000000e+00 
9.405000000000e+00 2.508195653596e-02 1.040534717573e+00 2.156409367344e-03 1.256953787786e+05 1.215658381224e+05 1.047160775884e+05 2.310648122214e+04 6.327132847506e+02 2.600000000000e+06 0.000000000000e+00 -8.752000000000e-01 -8.752000000000e-01 0.000000000000e+00 0.000000000000e+00 0.000000000000e+00 -0.000000000000e+00 3.520081859302e-03 0.000000000000e+00 0.000000000000e+00 0.000000000000e+00 0.000000000000e+00 0.000000000000e+00 0.000000000000e+00 
9.410000000000e+00 2.507022712613e-02 1.031756233583e+00 2.702503178427e-03 1.253515677789e+05 1.213914879782e+05 1.046956685541e+05 2.310918740828e+04 6.327635843230e+02 2.600000000000e+06 0.000000000000e+00 -8.752000000000e-01 -8.752000000000e-01 0.000000000000e+00 0.000000000000e+00 0.000000000000e+00 -0.000000000000e+00 3.518435716480e-03 0.000000000000e+00 0.000000000000e+00 0.000000000000e+00 0.000000000000e+00 0.000000000000e+00 0.000000000000e+00 
9.415000000000e+00 2.505510642952e-02 1.019164135501e+00 3.508789291270e-03 1.248799917901e+05 1.211664239604e+05 1.046694826195e+05 2.311267926885e+04 6.328297013855e+02 2.600000000000e+06 0.000000000000e+00 -8.752000000000e-01 -8.752000000000e-01 0.000000000000e+00 0.000000000000e+00 0.000000000000e+00 -0.000000000000e+00 3.516313629645e-03 0.000000000000e+00 0.000000000000e+00 0.000000000000e+00 0.000000000000e+00 0.000000000000e+00 0.000000000000e+00 
9.420000000000e+00 2.503508092461e-02 1.001527002610e+00 4.638185947693e-03 1.242377237781e+05 1.208678252256e+05 1.046350162365e+05 2.311730845580e+04 6.329194658464e+02 2.600000000000e+06 0.000000000000e+00 -8.752000000000e-01 -8.752000000000e-01 0.000000000000e+00 0.000000000000e+00 0.000000000000e+00 -0.000000000000e+00 3.513503186354e-03 0.000000000000e+00 0.000000000000e+00 0.000000000000e+00 0.000000000000e+00 0.000000000000e+00 0.000000000000e+00 
9.425000000000e+00 2.500848338802e-02 9.779674100805e-01 6.103789107001e-03 1.233923749159e+05 1.204702966888e+05 1.045896124549e+05 2.312346384823e+04 6.330425458725e+02 2.600000000000e+06 0.000000000000e+00 -8.752000000000e-01 -8.752000000000e-01 0.000000000000e+00 0.000000000000e+00 0.000000000000e+00 -0.000000000000e+00 3.509770403154e-03 0.000000000000e+00 0.000000000000e+00 0.000000000000e+00 0.000000000000e+00 0.000000000000e+00 0.000000000000e+00 
9.430000000000e+00 2.497378863889e-02 9.483980573254e-01 7.842954575237e-03 1.223340246583e+05 1.199501379489e+05 1.045310215640e+05 2.313150419090e+04 6.332096623853e+02 2.600000000000e+06 0.000000000000e+00 -8.752000000000e-01 -8.752000000000e-01 0.000000000000e+00 0.000000000000e+00 0.000000000000e+00 -0.000000000000e+00 3.504901231297e-03 0.000000000000e+00 0.000000000000e+00 0.000000000000e+00 0.000000000000e+00 0.000000000000e+00 0.000000000000e+00 
9.435000000000e+00 2.493003559117e-02 9.140671876531e-01 9.672718917375e-03 1.210946751653e+05 1.192915645932e+05 1.044581470352e+05 2.314166088462e+04 6.334309134907e+02 2.600000000000e+06 0.000000000000e+00 -8.752000000000e-01 -8.752000000000e-01 0.000000000000e+00 0.000000000000e+00 0.000000000000e+00 -0.000000000000e+00 3.498760788895e-03 0.000000000000e+00 0.000000000000e+00 0.000000000000e+00 0.000000000000e+00 0.000000000000e+00 0.000000000000e+00 
9.440000000000e+00 2.487740247696e-02 8.779359285357e-01 1.132777015301e-02 1.197482087193e+05 1.184954498284e+05 1.043719583704e+05 2.315390429837e+04 6.337124178042e+02 2.600000000000e+06 0.000000000000e+00 -8.752000000000e-01 -8.752000000000e-01 0.000000000000e+00 0.000000000000e+00 0.000000000000e+00 -0.000000000000e+00 3.491374089610e-03 0.000000000000e+00 0.000000000000e+00 0.000000000000e+00 0.000000000000e+00 0.000000000000e+00 0.000000000000e+00 
9.445000000000e+00 2.481753254583e-02 8.442446771176e-01 1.252042825260e-02 1.184004422478e+05 1.175846880512e+05 1.042758454588e+05 2.316786518738e+04 6.340527319896e+02 2.600000000000e+06 0.000000000000e+00 -8.752000000000e-01 -8.752000000000e-01 0.000000000000e+00 0.000000000000e+00 0.000000000000e+00 -0.000000000000e+00 3.482971752332e-03 0.000000000000e+00 0.000000000000e+00 0.000000000000e+00 0.000000000000e+00 0.000000000000e+00 0.000000000000e+00 
9.450000000000e+00 2.475334092830e-02 8.172290057839e-01 1.303113111202e-02 1.171617881881e+05 1.166020047856e+05 1.041750276963e+05 2.318287469785e+04 6.344410215746e+02 2.600000000000e+06 0.000000000000e+00 -8.752000000000e-01 -8.752000000000e-01 0.000000000000e+00 0.000000000000e+00 0.000000000000e+00 -0.000000000000e+00 3.473962895787e-03 0.000000000000e+00 0.000000000000e+00 0.000000000000e+00 0.000000000000e+00 0.000000000000e+00 0.000000000000e+00 
9.455000000000e+00 2.468840389116e-02 7.999582727899e-01 1.280329343366e-02 1.161106324921e+05 1.156013496593e+05 1.040753412114e+05 2.319810228965e+04 6.348580706342e+02 2.600000000000e+06 0.000000000000e+00 -8.752000000000e-01 -8.752000000000e-01 0.000000000000e+00 0.000000000000e+00 0.000000000000e+00 -0.000000000000e+00 3.464849424673e-03 0.000000000000e+00 0.000000000000e+00 0.000000000000e+00 0.000000000000e+00 0.000000000000e+00 0.000000000000e+00 
9.460000000000e+00 2.462613087223e-02 7.933684005450e-01 1.195293708641e-02 1.152755204120e+05 1.146354949571e+05 1.039818729646e+05 2.321274736365e+04 6.352805461835e+02 2.600000000000e+06 0.000000000000e+00 -8.752000000000e-01 -8.752000000000e-01 0.000000000000e+00 0.000000000000e+00 0.000000000000e+00 -0.000000000000e+00 3.456109830380e-03 0.000000000000e+00 0.000000000000e+00 0.000000000000e+00 0.000000000000e+00 0.000000000000e+00 0.000000000000e+00 
9.465000000000e+00 2.456923072988e-02 7.965408254687e-01 1.065652663699e-02 1.146560842434e+05 1.137475784470e+05 1.038982539520e+05 2.322616534386e+04 6.356855587398e+02 2.600000000000e+06 0.000000000000e+00 -8.752000000000e-01 -8.752000000000e-01 0.000000000000e+00 0.000000000000e+00 0.000000000000e+00 -0.000000000000e+00 3.448124282739e-03 0.000000000000e+00 0.000000000000e+00 0.000000000000e+00 0.000000000000e+00 0.000000000000e+00 0.000000000000e+00 
9.470000000000e+00 2.451948006724e-02 8.073445161123e-01 9.104866465828e-03 1.142312869828e+05 1.129669746274e+05 1.038265119937e+05 2.323792592523e+04 6.360543258374e+02 2.600000000000e+06 0.000000000000e+00 -8.752000000000e-01 -8.752000000000e-01 0.000000000000e+00 0.000000000000e+00 0.000000000000e+00 -0.000000000000e+00 3.441142115906e-03 0.000000000000e+00 0.000000000000e+00 0.000000000000e+00 0.000000000000e+00 0.000000000000e+00 0.000000000000e+00 
9.475000000000e+00 2.447778655148e-02 8.232658651582e-01 7.451454088699e-03 1.139747973058e+05 1.123097130901e+05 1.037673570815e+05 2.324780201966e+04 6.363737610989e+02 2.600000000000e+06 0.000000000000e+00 -8.752000000000e-01 -8.752000000000e-01 0.000000000000e+00 0.000000000000e+00 0.000000000000e+00 -0.000000000000e+00 3.435290714790e-03 0.000000000000e+00 0.000000000000e+00 0.000000000000e+00 0.000000000000e+00 0.000000000000e+00 0.000000000000e+00 
9.480000000000e+00 2.444427886878e-02 8.417857107790e-01 5.839462136841e-03 1.138490247907e+05 1.117794489484e+05 1.037204473507e+05 2.325575202648e+04 6.366372748068e+02 2.600000000000e+06 0.000000000000e+00 -8.752000000000e-01 -8.752000000000e-01 0.000000000000e+00 0.000000000000e+00 0.000000000000e+00 -0.000000000000e+00 3.430588139620e-03 0.000000000000e+00 0.000000000000e+00 0.000000000000e+00 0.000000000000e+00 0.000000000000e+00 0.000000000000e+00 
9.485000000000e+00 2.441850900824e-02 8.607978591380e-01 4.367976113943e-03 1.138183164574e+05 1.113703916007e+05 1.036847485924e+05 2.326187348882e+04 6.368440197765e+02 2.600000000000e+06 0.000000000000e+00 -8.752000000000e-01 -8.752000000000e-01 0.000000000000e+00 0.000000000000e+00 0.000000000000e+00 -0.000000000000e+00 3.426971515117e-03 0.000000000000e+00 0.000000000000e+00 0.000000000000e+00 0.000000000000e+00 0.000000000000e+00 0.000000000000e+00 
9.490000000000e+00 2.439962358797e-02 8.786864833930e-01 3.102451957332e-03 1.138492164466e+05 1.110699242857e+05 1.036587937838e+05 2.326636312844e+04 6.369977722130e+02 2.600000000000e+06 0.000000000000e+00 -8.752000000000e-01 -8.752000000000e-01 0.000000000000e+00 0.000000000000e+00 0.000000000000e+00 -0.000000000000e+00 3.424321074941e-03 0.000000000000e+00 0.000000000000e+00 0.000000000000e+00 0.000000000000e+00 0.000000000000e+00 0.000000000000e+00 
9.495000000000e+00 2.438655583540e-02 8.944081485016e-01 2.061062957917e-03 1.139178576777e+05 1.108616736276e+05 1.036409361978e+05 2.326947083926e+04 6.371052645496e+02 2.600000000000e+06 0.000000000000e+00 -8.752000000000e-01 -8.752000000000e-01 0.000000000000e+00 0.000000000000e+00 0.000000000000e+00 -0.000000000000e+00 3.422487104824e-03 0.000000000000e+00 0.000000000000e+00 0.000000000000e+00 0.000000000000e+00 0.000000000000e+00 0.000000000000e+00 
9.500000000000e+00 2.437820138167e-02 9.074236231985e-01 1.280512670594e-03 1.139944650729e+05 1.107283880874e+05 1.036295629615e+05 2.327145774585e+04 6.371744577151e+02 2.600000000000e+06 0.000000000000e+00 -8.752000000000e-01 -8.752000000000e-01 0.000000000000e+00 0.000000000000e+00 0.000000000000e+00 -0.000000000000e+00 3.421314614113e-03 0.000000000000e+00 0.000000000000e+00 0.000000000000e+00 0.000000000000e+00 0.000000000000e+00 0.000000000000e+00 
9.505000000000e+00 2.437345841589e-02 9.175319111502e-01 6.976792511005e-04 1.140776888691e+05 1.106526685036e+05 1.036231212169e+05 2.327258489902e+04 6.372139030960e+02 2.600000000000e+06 0.000000000000e+00 -8.752000000000e-01 -8.752000000000e-01 0.000000000000e+00 0.000000000000e+00 0.000000000000e+00 -0.000000000000e+00 3.420648971153e-03 0.000000000000e+00 0.000000000000e+00 0.000000000000e+00 0.000000000000e+00 0.000000000000e+00 0.000000000000e+00 
9.510000000000e+00 2.437131277068e-02 9.249059043318e-01 3.057682109311e-04 1.141517805111e+05 1.106184019522e+05 1.036202106415e+05 2.327309376802e+04 6.372317863737e+02 2.600000000000e+06 0.000000000000e+00 -8.752000000000e-01 -8.752000000000e-01 0.000000000000e+00 0.000000000000e+00 0.000000000000e+00 -0.000000000000e+00 3.420347844455e-03 0.000000000000e+00 0.000000000000e+00 0.000000000000e+00 0.000000000000e+00 0.000000000000e+00 0.000000000000e+00 
9.515000000000e+00 2.437087685539e-02 9.299117161864e-01 5.716475947853e-05 1.142148248404e+05 1.106114393367e+05 1.036196195925e+05 2.327319567114e+04 6.372354225420e+02 2.600000000000e+06 0.000000000000e+00 -8.752000000000e-01 -8.752000000000e-01 0.000000000000e+00 0.000000000000e+00 0.000000000000e+00 -0.000000000000e+00 3.420286666711e-03 0.000000000000e+00 0.000000000000e+00 0.000000000000e+00 0.000000000000e+00 0.000000000000e+00 0.000000000000e+00 
9.520000000000e+00 2.437139032768e-02 9.329134015691e-01 -7.755070122238e-05 1.142619792499e+05 1.106196406911e+05 1.036203158091e+05 2.327307187565e+04 6.372311395398e+02 2.600000000000e+06 0.000000000000e+00 -8.752000000000e-01 -8.752000000000e-01 0.000000000000e+00 0.000000000000e+00 0.000000000000e+00 -0.000000000000e+00 3.420358729051e-03 0.000000000000e+00 0.000000000000e+00 0.000000000000e+00 0.000000000000e+00 0.000000000000e+00 0.000000000000e+00 
9.525000000000e+00 2.437233066569e-02 9.343012530614e-01 -1.194040998529e-04 1.142901563690e+05 1.106346589642e+05 1.036215911426e+05 2.327284697624e+04 6.372232995279e+02 2.600000000000e+06 0.000000000000e+00 -8.752000000000e-01 -8.752000000000e-01 0.000000000000e+00 0.000000000000e+00 0.000000000000e+00 -0.000000000000e+00 3.420490699089e-03 0.000000000000e+00 0.000000000000e+00 0.000000000000e+00 0.000000000000e+00 0.000000000000e+00 0.000000000000e+00 
9.530000000000e+00 2.437327977503e-02 9.344751771424e-01 -8.767138985469e-05 1.142975885688e+05 1.106498158488e+05 1.036228788051e+05 2.327262064103e+04 6.372153910895e+02 2.600000000000e+06 0.000000000000e+00 -8.752000000000e-01 -8.752000000000e-01 0.000000000000e+00 0.000000000000e+00 0.000000000000e+00 -0.000000000000e+00 3.420623900125e-03 0.000000000000e+00 0.000000000000e+00 0.000000000000e+00 0.000000000000e+00 0.000000000000e+00 0.000000000000e+00 
9.535000000000e+00 2.437391998951e-02 9.337809564360e-01 -5.152557662500e-06 1.142852495947e+05 1.106600389719e+05 1.036237476339e+05 2.327246851233e+04 6.372100591823e+02 2.600000000000e+06 0.000000000000e+00 -8.752000000000e-01 -8.752000000000e-01 0.000000000000e+00 0.000000000000e+00 0.000000000000e+00 -0.000000000000e+00 3.420713749869e-03 0.000000000000e+00 0.000000000000e+00 0.000000000000e+00 0.000000000000e+00 0.000000000000e+00 0.000000000000e+00 
9.540000000000e+00 2.437404684474e-02 9.325051801032e-01 1.122700704952e-04 1.142541072628e+05 1.106620645513e+05 1.036239198113e+05 2.327243925866e+04 6.372090029474e+02 2.600000000000e+06 0.000000000000e+00 -8.752000000000e-01 -8.752000000000e-01 0.000000000000e+00 0.000000000000e+00 0.000000000000e+00 -0.000000000000e+00 3.420731553137e-03 0.000000000000e+00 0.000000000000e+00 0.000000000000e+00 0.000000000000e+00 0.000000000000e+00 0.000000000000e+00 
9.545000000000e+00 2.437353575091e-02 9.308839594800e-01 2.429606115490e-04 1.142081430514e+05 1.106539034239e+05 1.036232261637e+05 2.327256243386e+04 6.372132589839e+02 2.600000000000e+06 0.000000000000e+00 -8.752000000000e-01 -8.752000000000e-01 0.000000000000e+00 0.000000000000e+00 0.000000000000e+00 -0.000000000000e+00 3.420659824598e-03 0.000000000000e+00 0.000000000000e+00 0.000000000000e+00 0.000000000000e+00 0.000000000000e+00 0.000000000000e+00 
9.550000000000e+00 2.437231159430e-02 9.290775337275e-01 3.798177735518e-04 1.141480656063e+05 1.106343543868e+05 1.036215652727e+05 2.327285592266e+04 6.372234584884e+02 2.600000000000e+06 0.000000000000e+00 -8.752000000000e-01 -8.752000000000e-01 0.000000000000e+00 0.000000000000e+00 0.000000000000e+00 -0.000000000000e+00 3.420488022550e-03 0.000000000000e+00 0.000000000000e+00 0.000000000000e+00 0.000000000000e+00 0.000000000000e+00 0.000000000000e+00 
9.555000000000e+00 2.437034617026e-02 9.271940019429e-01 5.166336687033e-04 1.140751403653e+05 1.106029625965e+05 1.036189001708e+05 2.327332643814e+04 6.372398505739e+02 2.600000000000e+06 0.000000000000e+00 -8.752000000000e-01 -8.752000000000e-01 0.000000000000e+00 0.000000000000e+00 0.000000000000e+00 -0.000000000000e+00 3.420212188665e-03 0.000000000000e+00 0.000000000000e+00 0.000000000000e+00 0.000000000000e+00 0.000000000000e+00 0.000000000000e+00 
9.560000000000e+00 2.436765291250e-02 9.253038201617e-01 6.488288036772e-04 1.139908906831e+05 1.105599354959e+05 1.036152511584e+05 2.327397078588e+04 6.372623458525e+02 2.600000000000e+06 0.000000000000e+00 -8.752000000000e-01 -8.752000000000e-01 0.000000000000e+00 0.000000000000e+00 0.000000000000e+00 -0.000000000000e+00 3.419834208273e-03 0.000000000000e+00 0.000000000000e+00 0.000000000000e+00 0.000000000000e+00 0.000000000000e+00 0.000000000000e+00 
9.565000000000e+00 2.436426597121e-02 9.234447190255e-01 7.751014438465e-04 1.138962676200e+05 1.105058092352e+05 1.036106672597e+05 2.327478086987e+04 6.372906890334e+02 2.600000000000e+06 0.000000000000e+00 -8.752000000000e-01 -8.752000000000e-01 0.000000000000e+00 0.000000000000e+00 0.000000000000e+00 -0.000000000000e+00 3.419358874118e-03 0.000000000000e+00 0.000000000000e+00 0.000000000000e+00 0.000000000000e+00 0.000000000000e+00 0.000000000000e+00 
9.570000000000e+00 2.436023205534e-02 9.216275776573e-01 8.939093215586e-04 1.137925083603e+05 1.104413190784e+05 1.036052149512e+05 2.327574560417e+04 6.373245246958e+02 2.600000000000e+06 0.000000000000e+00 -8.752000000000e-01 -8.752000000000e-01 0.000000000000e+00 0.000000000000e+00 0.000000000000e+00 -0.000000000000e+00 3.418792741487e-03 0.000000000000e+00 0.000000000000e+00 0.000000000000e+00 0.000000000000e+00 0.000000000000e+00 0.000000000000e+00 
9.575000000000e+00 2.435560204161e-02 9.198488454958e-01 1.003454253966e-03 1.136809958216e+05 1.103672660218e+05 1.035989665925e+05 2.327685291160e+04 6.373634652013e+02 2.600000000000e+06 0.000000000000e+00 -8.752000000000e-01 -8.752000000000e-01 0.000000000000e+00 0.000000000000e+00 0.000000000000e+00 -0.000000000000e+00 3.418142950577e-03 0.000000000000e+00 0.000000000000e+00 0.000000000000e+00 0.000000000000e+00 0.000000000000e+00 0.000000000000e+00 
9.580000000000e+00 2.435042327357e-02 9.180870603528e-01 1.105084423135e-03 1.135621581692e+05 1.102843941850e+05 1.035919898671e+05 2.327809158963e+04 6.374071536551e+02 2.600000000000e+06 0.000000000000e+00 -8.752000000000e-01 -8.752000000000e-01 0.000000000000e+00 0.000000000000e+00 0.000000000000e+00 -0.000000000000e+00 3.417416145736e-03 0.000000000000e+00 0.000000000000e+00 0.000000000000e+00 0.000000000000e+00 0.000000000000e+00 0.000000000000e+00 
9.585000000000e+00 2.434473681224e-02 9.163177696561e-01 1.199557824290e-03 1.134364825905e+05 1.101933470875e+05 1.035843439956e+05 2.327945193256e+04 6.374552862089e+02 2.600000000000e+06 0.000000000000e+00 -8.752000000000e-01 -8.752000000000e-01 0.000000000000e+00 0.000000000000e+00 0.000000000000e+00 -0.000000000000e+00 3.416618089598e-03 0.000000000000e+00 0.000000000000e+00 0.000000000000e+00 0.000000000000e+00 0.000000000000e+00 0.000000000000e+00 
9.590000000000e+00 2.433857609498e-02 9.145107801100e-01 1.291521633876e-03 1.133032175025e+05 1.100946462448e+05 1.035760779105e+05 2.328092609112e+04 6.375076231719e+02 2.600000000000e+06 0.000000000000e+00 -8.752000000000e-01 -8.752000000000e-01 0.000000000000e+00 0.000000000000e+00 0.000000000000e+00 -0.000000000000e+00 3.415753474868e-03 0.000000000000e+00 0.000000000000e+00 0.000000000000e+00 0.000000000000e+00 0.000000000000e+00 0.000000000000e+00 
9.595000000000e+00 2.433195807057e-02 9.126317774722e-01 1.384386793742e-03 1.131616748780e+05 1.099885489154e+05 1.035672184252e+05 2.328251014909e+04 6.375640650216e+02 2.600000000000e+06 0.000000000000e+00 -8.752000000000e-01 -8.752000000000e-01 0.000000000000e+00 0.000000000000e+00 0.000000000000e+00 -0.000000000000e+00 3.414824680194e-03 0.000000000000e+00 0.000000000000e+00 0.000000000000e+00 0.000000000000e+00 0.000000000000e+00 0.000000000000e+00 
9.600000000000e+00 2.432489702103e-02 9.106509529931e-01 1.474078266958e-03 1.130132504818e+05 1.098752692117e+05 1.035577888711e+05 2.328420076511e+04 6.376245359884e+02 2.600000000000e+06 0.000000000000e+00 -8.752000000000e-01 -8.752000000000e-01 0.000000000000e+00 0.000000000000e+00 0.000000000000e+00 -0.000000000000e+00 3.413833709957e-03 0.000000000000e+00 0.000000000000e+00 0.000000000000e+00 0.000000000000e+00 0.000000000000e+00 0.000000000000e+00 
9.605000000000e+00 2.431739922708e-02 9.085478306354e-01 1.562944668736e-03 1.128573723548e+05 1.097548923799e+05 1.035478020111e+05 2.328599657300e+04 6.376890301500e+02 2.600000000000e+06 0.000000000000e+00 -8.752000000000e-01 -8.752000000000e-01 0.000000000000e+00 0.000000000000e+00 0.000000000000e+00 -0.000000000000e+00 3.412781445616e-03 0.000000000000e+00 0.000000000000e+00 0.000000000000e+00 0.000000000000e+00 0.000000000000e+00 0.000000000000e+00 
9.610000000000e+00 2.430946052134e-02 9.063020822614e-01 1.652891545119e-03 1.126934110881e+05 1.096273350426e+05 1.035372569121e+05 2.328789871056e+04 6.377576339251e+02 2.600000000000e+06 0.000000000000e+00 -8.752000000000e-01 -8.752000000000e-01 0.000000000000e+00 0.000000000000e+00 0.000000000000e+00 -0.000000000000e+00 3.411667302306e-03 0.000000000000e+00 0.000000000000e+00 0.000000000000e+00 0.000000000000e+00 0.000000000000e+00 0.000000000000e+00 
9.615000000000e+00 2.430107149381e-02 9.039007799837e-01 1.744836756962e-03 1.125209255083e+05 1.094924282604e+05 1.035261460200e+05 2.328990957234e+04 6.378304828499e+02 2.600000000000e+06 0.000000000000e+00 -8.752000000000e-01 -8.752000000000e-01 0.000000000000e+00 0.000000000000e+00 0.000000000000e+00 -0.000000000000e+00 3.410489959399e-03 0.000000000000e+00 0.000000000000e+00 0.000000000000e+00 0.000000000000e+00 0.000000000000e+00 0.000000000000e+00 
9.620000000000e+00 2.429221901553e-02 9.013355124363e-01 1.839352249355e-03 1.123395063929e+05 1.093499416450e+05 1.035144572822e+05 2.329203245315e+04 6.379077495003e+02 2.600000000000e+06 0.000000000000e+00 -8.752000000000e-01 -8.752000000000e-01 0.000000000000e+00 0.000000000000e+00 0.000000000000e+00 -0.000000000000e+00 3.409247574334e-03 0.000000000000e+00 0.000000000000e+00 0.000000000000e+00 0.000000000000e+00 0.000000000000e+00 0.000000000000e+00 
9.625000000000e+00 2.428288750029e-02 8.986016951286e-01 1.936867011622e-03 1.121487404574e+05 1.091996033288e+05 1.035021759020e+05 2.329427124990e+04 6.379896334595e+02 2.600000000000e+06 0.000000000000e+00 -8.752000000000e-01 -8.752000000000e-01 0.000000000000e+00 0.000000000000e+00 0.000000000000e+00 -0.000000000000e+00 3.407937959692e-03 0.000000000000e+00 0.000000000000e+00 0.000000000000e+00 0.000000000000e+00 0.000000000000e+00 0.000000000000e+00 
9.630000000000e+00 2.427306019928e-02 8.956973723693e-01 2.037567273116e-03 1.119482613114e+05 1.090411205407e+05 1.034892861129e+05 2.329663015230e+04 6.380763507473e+02 2.600000000000e+06 0.000000000000e+00 -8.752000000000e-01 -8.752000000000e-01 0.000000000000e+00 0.000000000000e+00 0.000000000000e+00 -0.000000000000e+00 3.406558764893e-03 0.000000000000e+00 0.000000000000e+00 0.000000000000e+00 0.000000000000e+00 0.000000000000e+00 0.000000000000e+00 
9.635000000000e+00 2.426272124837e-02 8.926274851889e-01 2.140796564618e-03 1.117379567718e+05 1.088742124370e+05 1.034757739058e+05 2.329911314771e+04 6.381681162326e+02 2.600000000000e+06 0.000000000000e+00 -8.752000000000e-01 -8.752000000000e-01 0.000000000000e+00 0.000000000000e+00 0.000000000000e+00 -0.000000000000e+00 3.405107763514e-03 0.000000000000e+00 0.000000000000e+00 0.000000000000e+00 0.000000000000e+00 0.000000000000e+00 0.000000000000e+00 
9.640000000000e+00 2.425185817848e-02 8.893951664908e-01 2.246360074904e-03 1.115176403918e+05 1.086986506215e+05 1.034616302999e+05 2.330172342997e+04 6.382651212674e+02 2.600000000000e+06 0.000000000000e+00 -8.752000000000e-01 -8.752000000000e-01 0.000000000000e+00 0.000000000000e+00 0.000000000000e+00 -0.000000000000e+00 3.403583205603e-03 0.000000000000e+00 0.000000000000e+00 0.000000000000e+00 0.000000000000e+00 0.000000000000e+00 0.000000000000e+00 
9.645000000000e+00 2.424045696898e-02 8.860023526022e-01 2.354683714852e-03 1.112869189654e+05 1.085141792362e+05 1.034468448810e+05 2.330446458875e+04 6.383675776456e+02 2.600000000000e+06 0.000000000000e+00 -8.752000000000e-01 -8.752000000000e-01 0.000000000000e+00 0.000000000000e+00 0.000000000000e+00 -0.000000000000e+00 3.401983123460e-03 0.000000000000e+00 0.000000000000e+00 0.000000000000e+00 0.000000000000e+00 0.000000000000e+00 0.000000000000e+00 
9.650000000000e+00 2.422850470803e-02 8.824597240801e-01 2.465052947418e-03 1.110457428834e+05 1.083205578041e+05 1.034314092936e+05 2.330733995604e+04 6.384756941905e+02 2.600000000000e+06 0.000000000000e+00 -8.752000000000e-01 -8.752000000000e-01 0.000000000000e+00 0.000000000000e+00 0.000000000000e+00 -0.000000000000e+00 3.400305704999e-03 0.000000000000e+00 0.000000000000e+00 0.000000000000e+00 0.000000000000e+00 0.000000000000e+00 0.000000000000e+00 
9.655000000000e+00 2.421599229015e-02 8.787770534701e-01 2.576809034773e-03 1.107941117070e+05 1.081176049838e+05 1.034153206953e+05 2.331035196749e+04 6.385896520540e+02 2.600000000000e+06 0.000000000000e+00 -8.752000000000e-01 -8.752000000000e-01 0.000000000000e+00 0.000000000000e+00 0.000000000000e+00 -0.000000000000e+00 3.398549672326e-03 0.000000000000e+00 0.000000000000e+00 0.000000000000e+00 0.000000000000e+00 0.000000000000e+00 0.000000000000e+00 
9.660000000000e+00 2.420291383195e-02 8.749641028158e-01 2.689385390300e-03 1.105320536974e+05 1.079051893562e+05 1.033985809184e+05 2.331350230138e+04 6.387096091147e+02 2.600000000000e+06 0.000000000000e+00 -8.752000000000e-01 -8.752000000000e-01 0.000000000000e+00 0.000000000000e+00 0.000000000000e+00 -0.000000000000e+00 3.396714199747e-03 0.000000000000e+00 0.000000000000e+00 0.000000000000e+00 0.000000000000e+00 0.000000000000e+00 0.000000000000e+00 
9.665000000000e+00 2.418926647088e-02 8.710298796573e-01 2.802233042922e-03 1.102596438456e+05 1.076832264149e+05 1.033811961274e+05 2.331679192439e+04 6.388357009112e+02 2.600000000000e+06 0.000000000000e+00 -8.752000000000e-01 -8.752000000000e-01 0.000000000000e+00 0.000000000000e+00 0.000000000000e+00 -0.000000000000e+00 3.394798885522e-03 0.000000000000e+00 0.000000000000e+00 0.000000000000e+00 0.000000000000e+00 0.000000000000e+00 0.000000000000e+00 
9.670000000000e+00 2.417504972381e-02 8.669820892548e-01 2.914895065785e-03 1.099769714409e+05 1.074516684015e+05 1.033631759146e+05 2.332022124484e+04 6.389680456421e+02 2.600000000000e+06 0.000000000000e+00 -8.752000000000e-01 -8.752000000000e-01 0.000000000000e+00 0.000000000000e+00 0.000000000000e+00 -0.000000000000e+00 3.392803661848e-03 0.000000000000e+00 0.000000000000e+00 0.000000000000e+00 0.000000000000e+00 0.000000000000e+00 0.000000000000e+00 
9.675000000000e+00 2.416026539541e-02 8.628280186101e-01 3.026944979844e-03 1.096841563083e+05 1.072105030630e+05 1.033445331030e+05 2.332379013230e+04 6.391067441501e+02 2.600000000000e+06 0.000000000000e+00 -8.752000000000e-01 -8.752000000000e-01 0.000000000000e+00 0.000000000000e+00 0.000000000000e+00 -0.000000000000e+00 3.390728781999e-03 0.000000000000e+00 0.000000000000e+00 0.000000000000e+00 0.000000000000e+00 0.000000000000e+00 0.000000000000e+00 
9.680000000000e+00 2.414491723459e-02 8.585742730838e-01 3.138005529795e-03 1.093813375515e+05 1.069597483101e+05 1.033252832292e+05 2.332749799869e+04 6.392518822448e+02 2.600000000000e+06 0.000000000000e+00 -8.752000000000e-01 -8.752000000000e-01 0.000000000000e+00 0.000000000000e+00 0.000000000000e+00 -0.000000000000e+00 3.388574772107e-03 0.000000000000e+00 0.000000000000e+00 0.000000000000e+00 0.000000000000e+00 0.000000000000e+00 0.000000000000e+00 
9.685000000000e+00 2.412901064352e-02 8.542267255581e-01 3.247795727695e-03 1.090686550238e+05 1.066994477170e+05 1.033054440983e+05 2.333134386703e+04 6.394035325962e+02 2.600000000000e+06 0.000000000000e+00 -8.752000000000e-01 -8.752000000000e-01 0.000000000000e+00 0.000000000000e+00 0.000000000000e+00 -0.000000000000e+00 3.386342390331e-03 0.000000000000e+00 0.000000000000e+00 0.000000000000e+00 0.000000000000e+00 0.000000000000e+00 0.000000000000e+00 
9.690000000000e+00 2.411255237866e-02 8.497905030851e-01 3.356085955290e-03 1.087462570771e+05 1.064296658671e+05 1.032850353358e+05 2.333532644151e+04 6.395617567758e+02 2.600000000000e+06 0.000000000000e+00 -8.752000000000e-01 -8.752000000000e-01 0.000000000000e+00 0.000000000000e+00 0.000000000000e+00 -0.000000000000e+00 3.384032584894e-03 0.000000000000e+00 0.000000000000e+00 0.000000000000e+00 0.000000000000e+00 0.000000000000e+00 0.000000000000e+00 
9.695000000000e+00 2.409555034514e-02 8.452703012171e-01 3.462659461353e-03 1.084143081639e+05 1.061504852078e+05 1.032640780630e+05 2.333944415517e+04 6.397266064806e+02 2.600000000000e+06 0.000000000000e+00 -8.752000000000e-01 -8.752000000000e-01 0.000000000000e+00 0.000000000000e+00 0.000000000000e+00 -0.000000000000e+00 3.381646465229e-03 0.000000000000e+00 0.000000000000e+00 0.000000000000e+00 0.000000000000e+00 0.000000000000e+00 0.000000000000e+00 
9.700000000000e+00 2.407801316332e-02 8.406698841288e-01 3.567445004223e-03 1.080729429517e+05 1.058619991342e+05 1.032425942995e+05 2.334369527454e+04 6.398981270583e+02 2.600000000000e+06 0.000000000000e+00 -8.752000000000e-01 -8.752000000000e-01 0.000000000000e+00 0.000000000000e+00 0.000000000000e+00 -0.000000000000e+00 3.379185241140e-03 0.000000000000e+00 0.000000000000e+00 0.000000000000e+00 0.000000000000e+00 0.000000000000e+00 0.000000000000e+00 
9.705000000000e+00 2.405995017393e-02 8.359931453366e-01 3.670301237333e-03 1.077223287457e+05 1.055643122461e+05 1.032206069161e+05 2.334807789512e+04 6.400763568806e+02 2.600000000000e+06 0.000000000000e+00 -8.752000000000e-01 -8.752000000000e-01 0.000000000000e+00 0.000000000000e+00 0.000000000000e+00 -0.000000000000e+00 3.376650223539e-03 0.000000000000e+00 0.000000000000e+00 0.000000000000e+00 0.000000000000e+00 0.000000000000e+00 0.000000000000e+00 
9.710000000000e+00 2.404137132445e-02 8.312435513914e-01 3.770983272922e-03 1.073626734133e+05 1.052575386500e+05 1.031981394434e+05 2.335258996732e+04 6.402613278864e+02 2.600000000000e+06 0.000000000000e+00 -8.752000000000e-01 -8.752000000000e-01 0.000000000000e+00 0.000000000000e+00 0.000000000000e+00 -0.000000000000e+00 3.374042808488e-03 0.000000000000e+00 0.000000000000e+00 0.000000000000e+00 0.000000000000e+00 0.000000000000e+00 0.000000000000e+00 
9.715000000000e+00 2.402228706941e-02 8.264244150318e-01 3.869496183685e-03 1.069941213404e+05 1.049418004803e+05 1.031752159010e+05 2.335722932258e+04 6.404530660330e+02 2.600000000000e+06 0.000000000000e+00 -8.752000000000e-01 -8.752000000000e-01 0.000000000000e+00 0.000000000000e+00 0.000000000000e+00 -0.000000000000e+00 3.371364463204e-03 0.000000000000e+00 0.000000000000e+00 0.000000000000e+00 0.000000000000e+00 0.000000000000e+00 0.000000000000e+00 
9.720000000000e+00 2.400270806584e-02 8.215394688536e-01 3.965879792124e-03 1.066168102217e+05 1.046172230091e+05 1.031518603882e+05 2.336199374435e+04 6.406515938811e+02 2.600000000000e+06 0.000000000000e+00 -8.752000000000e-01 -8.752000000000e-01 0.000000000000e+00 0.000000000000e+00 0.000000000000e+00 -0.000000000000e+00 3.368616683334e-03 0.000000000000e+00 0.000000000000e+00 0.000000000000e+00 0.000000000000e+00 0.000000000000e+00 0.000000000000e+00 
9.725000000000e+00 2.398264538033e-02 8.165920208484e-01 4.059758775443e-03 1.062310056586e+05 1.042839382042e+05 1.031280972941e+05 2.336688091269e+04 6.408569280920e+02 2.600000000000e+06 0.000000000000e+00 -8.752000000000e-01 -8.752000000000e-01 0.000000000000e+00 0.000000000000e+00 0.000000000000e+00 -0.000000000000e+00 3.365800990809e-03 0.000000000000e+00 0.000000000000e+00 0.000000000000e+00 0.000000000000e+00 0.000000000000e+00 0.000000000000e+00 
9.730000000000e+00 2.396211071056e-02 8.115856115164e-01 4.150929533083e-03 1.058369350684e+05 1.039420885766e+05 1.031039515144e+05 2.337188835435e+04 6.410690766571e+02 2.600000000000e+06 0.000000000000e+00 -8.752000000000e-01 -8.752000000000e-01 0.000000000000e+00 0.000000000000e+00 0.000000000000e+00 -0.000000000000e+00 3.362919098430e-03 0.000000000000e+00 0.000000000000e+00 0.000000000000e+00 0.000000000000e+00 0.000000000000e+00 0.000000000000e+00 
9.735000000000e+00 2.394111653096e-02 8.065243590555e-01 4.240317521822e-03 1.054345109294e+05 1.035918298133e+05 1.030794485688e+05 2.337701341429e+04 6.412880367938e+02 2.600000000000e+06 0.000000000000e+00 -8.752000000000e-01 -8.752000000000e-01 0.000000000000e+00 0.000000000000e+00 0.000000000000e+00 -0.000000000000e+00 3.359972715152e-03 0.000000000000e+00 0.000000000000e+00 0.000000000000e+00 0.000000000000e+00 0.000000000000e+00 0.000000000000e+00 
9.740000000000e+00 2.391967419270e-02 8.014119651471e-01 4.327336987447e-03 1.050240657357e+05 1.032332992068e+05 1.030546123506e+05 2.338225369477e+04 6.415138143916e+02 2.600000000000e+06 0.000000000000e+00 -8.752000000000e-01 -8.752000000000e-01 0.000000000000e+00 0.000000000000e+00 0.000000000000e+00 -0.000000000000e+00 3.356963434235e-03 0.000000000000e+00 0.000000000000e+00 0.000000000000e+00 0.000000000000e+00 0.000000000000e+00 0.000000000000e+00 
9.745000000000e+00 2.389779575479e-02 7.962524151284e-01 4.411894281982e-03 1.046058019108e+05 1.028666462551e+05 1.030294672500e+05 2.338760662601e+04 6.417464047659e+02 2.600000000000e+06 0.000000000000e+00 -8.752000000000e-01 -8.752000000000e-01 0.000000000000e+00 0.000000000000e+00 0.000000000000e+00 -0.000000000000e+00 3.353892948295e-03 0.000000000000e+00 0.000000000000e+00 0.000000000000e+00 0.000000000000e+00 0.000000000000e+00 0.000000000000e+00 
9.750000000000e+00 2.387549383089e-02 7.910499666579e-01 4.493803618303e-03 1.041799593702e+05 1.024920303089e+05 1.030040379277e+05 2.339306949684e+04 6.419857937107e+02 2.600000000000e+06 0.000000000000e+00 -8.752000000000e-01 -8.752000000000e-01 0.000000000000e+00 0.000000000000e+00 0.000000000000e+00 -0.000000000000e+00 3.350763027801e-03 0.000000000000e+00 0.000000000000e+00 0.000000000000e+00 0.000000000000e+00 0.000000000000e+00 0.000000000000e+00 
9.755000000000e+00 2.385278183711e-02 7.858093126520e-01 4.573108518978e-03 1.037467260773e+05 1.021096249479e+05 1.029783495487e+05 2.339863939529e+04 6.422319542811e+02 2.600000000000e+06 0.000000000000e+00 -8.752000000000e-01 -8.752000000000e-01 0.000000000000e+00 0.000000000000e+00 0.000000000000e+00 -0.000000000000e+00 3.347575555847e-03 0.000000000000e+00 0.000000000000e+00 0.000000000000e+00 0.000000000000e+00 0.000000000000e+00 0.000000000000e+00 
9.760000000000e+00 2.382967403654e-02 7.805351094906e-01 4.649862341523e-03 1.033063030407e+05 1.017196189888e+05 1.029524277753e+05 2.340431319385e+04 6.424848456552e+02 2.600000000000e+06 0.000000000000e+00 -8.752000000000e-01 -8.752000000000e-01 0.000000000000e+00 0.000000000000e+00 0.000000000000e+00 -0.000000000000e+00 3.344332534384e-03 0.000000000000e+00 0.000000000000e+00 0.000000000000e+00 0.000000000000e+00 0.000000000000e+00 0.000000000000e+00 
9.765000000000e+00 2.380618556835e-02 7.752324672432e-01 4.723569345452e-03 1.028590694482e+05 1.013222172525e+05 1.029262987420e+05 2.341008753520e+04 6.427444121399e+02 2.600000000000e+06 0.000000000000e+00 -8.752000000000e-01 -8.752000000000e-01 0.000000000000e+00 0.000000000000e+00 0.000000000000e+00 -0.000000000000e+00 3.341036088308e-03 0.000000000000e+00 0.000000000000e+00 0.000000000000e+00 0.000000000000e+00 0.000000000000e+00 0.000000000000e+00 
9.770000000000e+00 2.378233180281e-02 7.699063807120e-01 4.794145681737e-03 1.024052892870e+05 1.009176298990e+05 1.028999882882e+05 2.341595899766e+04 6.430105897176e+02 2.600000000000e+06 0.000000000000e+00 -8.752000000000e-01 -8.752000000000e-01 0.000000000000e+00 0.000000000000e+00 0.000000000000e+00 -0.000000000000e+00 3.337688374918e-03 0.000000000000e+00 0.000000000000e+00 0.000000000000e+00 0.000000000000e+00 0.000000000000e+00 0.000000000000e+00 
9.775000000000e+00 2.375812910841e-02 7.645624757970e-01 4.861553617167e-03 1.019452324681e+05 1.005060856443e+05 1.028735227668e+05 2.342192390159e+04 6.432832970324e+02 2.600000000000e+06 0.000000000000e+00 -8.752000000000e-01 -8.752000000000e-01 0.000000000000e+00 0.000000000000e+00 0.000000000000e+00 -0.000000000000e+00 3.334291691576e-03 0.000000000000e+00 0.000000000000e+00 0.000000000000e+00 0.000000000000e+00 0.000000000000e+00 0.000000000000e+00 
9.780000000000e+00 2.373359421325e-02 7.592062387397e-01 4.925633344858e-03 1.014792130427e+05 1.000878211858e+05 1.028469282931e+05 2.342797846319e+04 6.435624419549e+02 2.600000000000e+06 0.000000000000e+00 -8.752000000000e-01 -8.752000000000e-01 0.000000000000e+00 0.000000000000e+00 0.000000000000e+00 -0.000000000000e+00 3.330848386063e-03 0.000000000000e+00 0.000000000000e+00 0.000000000000e+00 0.000000000000e+00 0.000000000000e+00 0.000000000000e+00 
9.785000000000e+00 2.370874470998e-02 7.538434840304e-01 4.986112310016e-03 1.010075961158e+05 9.966309003589e+04 1.028202312548e+05 2.343411866834e+04 6.438479153783e+02 2.600000000000e+06 0.000000000000e+00 -8.752000000000e-01 -8.752000000000e-01 0.000000000000e+00 0.000000000000e+00 0.000000000000e+00 -0.000000000000e+00 3.327360927435e-03 0.000000000000e+00 0.000000000000e+00 0.000000000000e+00 0.000000000000e+00 0.000000000000e+00 0.000000000000e+00 
9.790000000000e+00 2.368359852458e-02 7.484803585835e-01 5.042876374593e-03 1.005307082625e+05 9.923215371248e+04 1.027934576961e+05 2.344034040440e+04 6.441395967677e+02 2.600000000000e+06 0.000000000000e+00 -8.752000000000e-01 -8.752000000000e-01 0.000000000000e+00 0.000000000000e+00 0.000000000000e+00 -0.000000000000e+00 3.323831831460e-03 0.000000000000e+00 0.000000000000e+00 0.000000000000e+00 0.000000000000e+00 0.000000000000e+00 0.000000000000e+00 
9.795000000000e+00 2.365817459163e-02 7.431229310706e-01 5.095852349046e-03 1.000488845968e+05 9.879529354804e+04 1.027666340020e+05 2.344663929038e+04 6.444373458833e+02 2.600000000000e+06 0.000000000000e+00 -8.752000000000e-01 -8.752000000000e-01 0.000000000000e+00 0.000000000000e+00 0.000000000000e+00 -0.000000000000e+00 3.320263755366e-03 0.000000000000e+00 0.000000000000e+00 0.000000000000e+00 0.000000000000e+00 0.000000000000e+00 0.000000000000e+00 
9.800000000000e+00 2.363249253866e-02 7.377775916612e-01 5.144869471080e-03 9.956250436040e+04 9.835280559167e+04 1.027397865136e+05 2.345301075159e+04 6.447410058359e+02 2.600000000000e+06 0.000000000000e+00 -8.752000000000e-01 -8.752000000000e-01 0.000000000000e+00 0.000000000000e+00 0.000000000000e+00 -0.000000000000e+00 3.316659453540e-03 0.000000000000e+00 0.000000000000e+00 0.000000000000e+00 0.000000000000e+00 0.000000000000e+00 0.000000000000e+00 
9.805000000000e+00 2.360657289619e-02 7.324507016414e-01 5.189715789613e-03 9.907197847296e+04 9.790500452042e+04 1.027129417056e+05 2.345944996592e+04 6.450504000681e+02 2.600000000000e+06 0.000000000000e+00 -8.752000000000e-01 -8.752000000000e-01 0.000000000000e+00 0.000000000000e+00 0.000000000000e+00 -0.000000000000e+00 3.313021806983e-03 0.000000000000e+00 0.000000000000e+00 0.000000000000e+00 0.000000000000e+00 0.000000000000e+00 0.000000000000e+00 
9.810000000000e+00 2.358043697159e-02 7.271487160451e-01 5.230257094921e-03 9.857771210407e+04 9.745222178143e+04 1.026861260110e+05 2.346595189401e+04 6.453653332798e+02 2.600000000000e+06 0.000000000000e+00 -8.752000000000e-01 -8.752000000000e-01 0.000000000000e+00 0.000000000000e+00 0.000000000000e+00 -0.000000000000e+00 3.309353805606e-03 0.000000000000e+00 0.000000000000e+00 0.000000000000e+00 0.000000000000e+00 0.000000000000e+00 0.000000000000e+00 
9.815000000000e+00 2.355410679315e-02 7.218780257891e-01 5.266371761386e-03 9.808012318309e+04 9.699480491984e+04 1.026593657261e+05 2.347251129051e+04 6.456855916039e+02 2.600000000000e+06 0.000000000000e+00 -8.752000000000e-01 -8.752000000000e-01 0.000000000000e+00 0.000000000000e+00 0.000000000000e+00 -0.000000000000e+00 3.305658540359e-03 0.000000000000e+00 0.000000000000e+00 0.000000000000e+00 0.000000000000e+00 0.000000000000e+00 0.000000000000e+00 
9.820000000000e+00 2.352760493110e-02 7.166450082404e-01 5.297890348166e-03 9.757965738180e+04 9.653311474524e+04 1.026326867976e+05 2.347912274618e+04 6.460109443581e+02 2.600000000000e+06 0.000000000000e+00 -8.752000000000e-01 -8.752000000000e-01 0.000000000000e+00 0.000000000000e+00 0.000000000000e+00 -0.000000000000e+00 3.301939178112e-03 0.000000000000e+00 0.000000000000e+00 0.000000000000e+00 0.000000000000e+00 0.000000000000e+00 0.000000000000e+00 
9.825000000000e+00 2.350095506387e-02 7.114560139252e-01 5.324662756590e-03 9.707677883357e+04 9.606753547984e+04 1.026061153626e+05 2.348578054526e+04 6.463411366682e+02 2.600000000000e+06 0.000000000000e+00 -8.752000000000e-01 -8.752000000000e-01 0.000000000000e+00 0.000000000000e+00 0.000000000000e+00 -0.000000000000e+00 3.298199041109e-03 0.000000000000e+00 0.000000000000e+00 0.000000000000e+00 0.000000000000e+00 0.000000000000e+00 0.000000000000e+00 
9.830000000000e+00 2.347418188832e-02 7.063173481489e-01 5.346689739984e-03 9.657192923235e+04 9.559847356438e+04 1.025796776137e+05 2.349247868652e+04 6.466758899710e+02 2.600000000000e+06 0.000000000000e+00 -8.752000000000e-01 -8.752000000000e-01 0.000000000000e+00 0.000000000000e+00 0.000000000000e+00 -0.000000000000e+00 3.294441632157e-03 0.000000000000e+00 0.000000000000e+00 0.000000000000e+00 0.000000000000e+00 0.000000000000e+00 0.000000000000e+00 
9.835000000000e+00 2.344730870806e-02 7.012352116585e-01 5.364077068425e-03 9.606549651187e+04 9.512631557923e+04 1.025533974126e+05 2.349921148503e+04 6.470149320327e+02 2.600000000000e+06 0.000000000000e+00 -8.752000000000e-01 -8.752000000000e-01 0.000000000000e+00 0.000000000000e+00 0.000000000000e+00 -0.000000000000e+00 3.290670164241e-03 0.000000000000e+00 0.000000000000e+00 0.000000000000e+00 0.000000000000e+00 0.000000000000e+00 0.000000000000e+00 
9.840000000000e+00 2.342035879560e-02 6.962153519014e-01 5.376693661256e-03 9.555794291695e+04 9.465145202429e+04 1.025272976811e+05 2.350597322896e+04 6.473579803761e+02 2.600000000000e+06 0.000000000000e+00 -8.752000000000e-01 -8.752000000000e-01 0.000000000000e+00 0.000000000000e+00 0.000000000000e+00 -0.000000000000e+00 3.286887927484e-03 0.000000000000e+00 0.000000000000e+00 0.000000000000e+00 0.000000000000e+00 0.000000000000e+00 0.000000000000e+00 
9.845000000000e+00 2.339335669031e-02 6.912636168346e-01 5.384437355508e-03 9.504974977429e+04 9.417430035967e+04 1.025014016536e+05 2.351275785520e+04 6.477047256366e+02 2.600000000000e+06 0.000000000000e+00 -8.752000000000e-01 -8.752000000000e-01 0.000000000000e+00 0.000000000000e+00 0.000000000000e+00 -0.000000000000e+00 3.283098365818e-03 0.000000000000e+00 0.000000000000e+00 0.000000000000e+00 0.000000000000e+00 0.000000000000e+00 0.000000000000e+00 
9.850000000000e+00 2.336632695420e-02 6.863855216050e-01 5.387223794671e-03 9.454139772859e+04 9.369528332056e+04 1.024757316587e+05 2.351955925988e+04 6.480548471423e+02 2.600000000000e+06 0.000000000000e+00 -8.752000000000e-01 -8.752000000000e-01 0.000000000000e+00 0.000000000000e+00 0.000000000000e+00 -0.000000000000e+00 3.279304926355e-03 0.000000000000e+00 0.000000000000e+00 0.000000000000e+00 0.000000000000e+00 0.000000000000e+00 0.000000000000e+00 
9.855000000000e+00 2.333929426033e-02 6.815862084048e-01 5.385062718283e-03 9.403334531116e+04 9.321483056084e+04 1.024503092179e+05 2.352637127636e+04 6.484080118720e+02 2.600000000000e+06 0.000000000000e+00 -8.752000000000e-01 -8.752000000000e-01 0.000000000000e+00 0.000000000000e+00 0.000000000000e+00 -0.000000000000e+00 3.275511071790e-03 0.000000000000e+00 0.000000000000e+00 0.000000000000e+00 0.000000000000e+00 0.000000000000e+00 0.000000000000e+00 
9.860000000000e+00 2.331228326184e-02 6.768705084543e-01 5.377982718689e-03 9.352604913602e+04 9.273337639876e+04 1.024251549394e+05 2.353318770715e+04 6.487638762797e+02 2.600000000000e+06 0.000000000000e+00 -8.752000000000e-01 -8.752000000000e-01 0.000000000000e+00 0.000000000000e+00 0.000000000000e+00 -0.000000000000e+00 3.271720262024e-03 0.000000000000e+00 0.000000000000e+00 0.000000000000e+00 0.000000000000e+00 0.000000000000e+00 0.000000000000e+00 
9.865000000000e+00 2.328531847128e-02 6.722427403807e-01 5.366027541627e-03 9.301996272922e+04 9.225135769522e+04 1.024002884301e+05 2.354000235422e+04 6.491220880900e+02 2.600000000000e+06 0.000000000000e+00 -8.752000000000e-01 -8.752000000000e-01 0.000000000000e+00 0.000000000000e+00 0.000000000000e+00 -0.000000000000e+00 3.267935937226e-03 0.000000000000e+00 0.000000000000e+00 0.000000000000e+00 0.000000000000e+00 0.000000000000e+00 0.000000000000e+00 
9.870000000000e+00 2.325842411436e-02 6.677069266000e-01 5.349268459716e-03 9.251552994772e+04 9.176921122424e+04 1.023757281921e+05 2.354680905631e+04 6.494822885368e+02 2.600000000000e+06 0.000000000000e+00 -8.752000000000e-01 -8.752000000000e-01 0.000000000000e+00 0.000000000000e+00 0.000000000000e+00 -0.000000000000e+00 3.264161497310e-03 0.000000000000e+00 0.000000000000e+00 0.000000000000e+00 0.000000000000e+00 0.000000000000e+00 0.000000000000e+00 
9.875000000000e+00 2.323162403008e-02 6.632666531693e-01 5.327796235634e-03 9.201318542123e+04 9.128737182181e+04 1.023514915699e+05 2.355360171465e+04 6.498441140846e+02 2.600000000000e+06 0.000000000000e+00 -8.752000000000e-01 -8.752000000000e-01 0.000000000000e+00 0.000000000000e+00 0.000000000000e+00 -0.000000000000e+00 3.260400287918e-03 0.000000000000e+00 0.000000000000e+00 0.000000000000e+00 0.000000000000e+00 0.000000000000e+00 0.000000000000e+00 
9.880000000000e+00 2.320494154974e-02 6.589250390052e-01 5.301729979027e-03 9.151334941692e+04 9.080627011023e+04 1.023275946852e+05 2.356037432462e+04 6.502071985157e+02 2.600000000000e+06 0.000000000000e+00 -8.752000000000e-01 -8.752000000000e-01 0.000000000000e+00 0.000000000000e+00 0.000000000000e+00 -0.000000000000e+00 3.256655583438e-03 0.000000000000e+00 0.000000000000e+00 0.000000000000e+00 0.000000000000e+00 0.000000000000e+00 0.000000000000e+00 
9.885000000000e+00 2.317839937076e-02 6.546847589922e-01 5.271207884271e-03 9.101642808472e+04 9.032633008009e+04 1.023040523731e+05 2.356712100872e+04 6.505711751750e+02 2.600000000000e+06 0.000000000000e+00 -8.752000000000e-01 -8.752000000000e-01 0.000000000000e+00 0.000000000000e+00 0.000000000000e+00 -0.000000000000e+00 3.252930569299e-03 0.000000000000e+00 0.000000000000e+00 0.000000000000e+00 0.000000000000e+00 0.000000000000e+00 0.000000000000e+00 
9.890000000000e+00 2.315201943897e-02 6.505480055978e-01 5.236393116708e-03 9.052280920668e+04 8.984796677665e+04 1.022808781331e+05 2.357383604806e+04 6.509356791823e+02 2.600000000000e+06 0.000000000000e+00 -8.752000000000e-01 -8.752000000000e-01 0.000000000000e+00 0.000000000000e+00 0.000000000000e+00 -0.000000000000e+00 3.249228325448e-03 0.000000000000e+00 0.000000000000e+00 0.000000000000e+00 0.000000000000e+00 0.000000000000e+00 0.000000000000e+00 
9.895000000000e+00 2.312582284569e-02 6.465164856786e-01 5.197464303573e-03 9.003286290292e+04 8.937158420887e+04 1.022580840977e+05 2.358051391009e+04 6.513003495122e+02 2.600000000000e+06 0.000000000000e+00 -8.752000000000e-01 -8.752000000000e-01 0.000000000000e+00 0.000000000000e+00 0.000000000000e+00 -0.000000000000e+00 3.245551811909e-03 0.000000000000e+00 0.000000000000e+00 0.000000000000e+00 0.000000000000e+00 0.000000000000e+00 0.000000000000e+00 
9.900000000000e+00 2.309982975273e-02 6.425914436916e-01 5.154613461673e-03 8.954694058300e+04 8.889757372869e+04 1.022356810289e+05 2.358714926967e+04 6.516648307395e+02 2.600000000000e+06 0.000000000000e+00 -8.752000000000e-01 -8.752000000000e-01 0.000000000000e+00 0.000000000000e+00 0.000000000000e+00 -0.000000000000e+00 3.241903858255e-03 0.000000000000e+00 0.000000000000e+00 0.000000000000e+00 0.000000000000e+00 0.000000000000e+00 0.000000000000e+00 
9.905000000000e+00 2.307405933044e-02 6.387736290242e-01 5.108060041809e-03 8.906536916065e+04 8.842631261751e+04 1.022136783293e+05 2.359373702711e+04 6.520287746392e+02 2.600000000000e+06 0.000000000000e+00 -8.752000000000e-01 -8.752000000000e-01 0.000000000000e+00 0.000000000000e+00 0.000000000000e+00 -0.000000000000e+00 3.238287154913e-03 0.000000000000e+00 0.000000000000e+00 0.000000000000e+00 0.000000000000e+00 0.000000000000e+00 0.000000000000e+00 
9.910000000000e+00 2.304852963775e-02 6.350633474553e-01 5.058018323508e-03 8.858845849201e+04 8.795816158500e+04 1.021920840043e+05 2.360027234076e+04 6.523918426374e+02 2.600000000000e+06 0.000000000000e+00 -8.752000000000e-01 -8.752000000000e-01 0.000000000000e+00 0.000000000000e+00 0.000000000000e+00 -0.000000000000e+00 3.234704236332e-03 0.000000000000e+00 0.000000000000e+00 0.000000000000e+00 0.000000000000e+00 0.000000000000e+00 0.000000000000e+00 
9.915000000000e+00 2.302325758985e-02 6.314604624703e-01 5.004726967425e-03 8.811649134943e+04 8.749346383822e+04 1.021709047026e+05 2.360675063806e+04 6.527537070602e+02 2.600000000000e+06 0.000000000000e+00 -8.752000000000e-01 -8.752000000000e-01 0.000000000000e+00 0.000000000000e+00 0.000000000000e+00 -0.000000000000e+00 3.231157476443e-03 0.000000000000e+00 0.000000000000e+00 0.000000000000e+00 0.000000000000e+00 0.000000000000e+00 0.000000000000e+00 
9.920000000000e+00 2.299825887940e-02 6.279643279008e-01 4.948448963318e-03 8.764972156739e+04 8.703254328234e+04 1.021501457159e+05 2.361316763826e+04 6.531140530527e+02 2.600000000000e+06 0.000000000000e+00 -8.752000000000e-01 -8.752000000000e-01 0.000000000000e+00 0.000000000000e+00 0.000000000000e+00 -0.000000000000e+00 3.227649077604e-03 0.000000000000e+00 0.000000000000e+00 0.000000000000e+00 0.000000000000e+00 0.000000000000e+00 0.000000000000e+00 
9.925000000000e+00 2.297354790487e-02 6.245738593861e-01 4.889433534986e-03 8.718838411178e+04 8.657570282799e+04 1.021298109871e+05 2.361951937314e+04 6.534725804161e+02 2.600000000000e+06 0.000000000000e+00 -8.752000000000e-01 -8.752000000000e-01 0.000000000000e+00 0.000000000000e+00 0.000000000000e+00 -0.000000000000e+00 3.224181060543e-03 0.000000000000e+00 0.000000000000e+00 0.000000000000e+00 0.000000000000e+00 0.000000000000e+00 0.000000000000e+00 
9.930000000000e+00 2.294913780768e-02 6.212876845451e-01 4.827944850455e-03 8.673268660357e+04 8.612322469758e+04 1.021099032060e+05 2.362580218045e+04 6.538290038665e+02 2.600000000000e+06 0.000000000000e+00 -8.752000000000e-01 -8.752000000000e-01 0.000000000000e+00 0.000000000000e+00 0.000000000000e+00 -0.000000000000e+00 3.220755269568e-03 0.000000000000e+00 0.000000000000e+00 0.000000000000e+00 0.000000000000e+00 0.000000000000e+00 0.000000000000e+00 
9.935000000000e+00 2.292504037992e-02 6.181039944905e-01 4.764254666790e-03 8.628280946933e+04 8.567536833635e+04 1.020904237967e+05 2.363201273032e+04 6.541830551515e+02 2.600000000000e+06 0.000000000000e+00 -8.752000000000e-01 -8.752000000000e-01 0.000000000000e+00 0.000000000000e+00 0.000000000000e+00 -0.000000000000e+00 3.217373359619e-03 0.000000000000e+00 0.000000000000e+00 0.000000000000e+00 0.000000000000e+00 0.000000000000e+00 0.000000000000e+00 
9.940000000000e+00 2.290126604613e-02 6.150205687949e-01 4.698636966829e-03 8.583890692283e+04 8.523236968274e+04 1.020713729651e+05 2.363814803265e+04 6.545344840888e+02 2.600000000000e+06 0.000000000000e+00 -8.752000000000e-01 -8.752000000000e-01 0.000000000000e+00 0.000000000000e+00 0.000000000000e+00 -0.000000000000e+00 3.214036793708e-03 0.000000000000e+00 0.000000000000e+00 0.000000000000e+00 0.000000000000e+00 0.000000000000e+00 0.000000000000e+00 
9.945000000000e+00 2.287782384794e-02 6.120348235743e-01 4.631369766401e-03 8.540110578015e+04 8.479444049250e+04 1.020527497461e+05 2.364420544388e+04 6.548830595394e+02 2.600000000000e+06 0.000000000000e+00 -8.752000000000e-01 -8.752000000000e-01 0.000000000000e+00 0.000000000000e+00 0.000000000000e+00 -0.000000000000e+00 3.210746840769e-03 0.000000000000e+00 0.000000000000e+00 0.000000000000e+00 0.000000000000e+00 0.000000000000e+00 0.000000000000e+00 
9.950000000000e+00 2.285472143226e-02 6.091438327780e-01 4.562731613474e-03 8.496950600004e+04 8.436176773030e+04 1.020345520508e+05 2.365018267274e+04 6.552285703033e+02 2.600000000000e+06 0.000000000000e+00 -8.752000000000e-01 -8.752000000000e-01 0.000000000000e+00 0.000000000000e+00 0.000000000000e+00 -0.000000000000e+00 3.207504573990e-03 0.000000000000e+00 0.000000000000e+00 0.000000000000e+00 0.000000000000e+00 0.000000000000e+00 0.000000000000e+00 
9.955000000000e+00 2.283196505573e-02 6.063443666688e-01 4.492999099404e-03 8.454418124503e+04 8.393451327513e+04 1.020167767239e+05 2.365607778173e+04 6.555708257391e+02 2.600000000000e+06 0.000000000000e+00 -8.752000000000e-01 -8.752000000000e-01 0.000000000000e+00 0.000000000000e+00 0.000000000000e+00 -0.000000000000e+00 3.204310871451e-03 0.000000000000e+00 0.000000000000e+00 0.000000000000e+00 0.000000000000e+00 0.000000000000e+00 0.000000000000e+00 
9.960000000000e+00 2.280955959534e-02 6.036329157069e-01 4.422447227269e-03 8.412517867971e+04 8.351281374869e+04 1.019994196018e+05 2.366188918695e+04 6.559096562563e+02 2.600000000000e+06 0.000000000000e+00 -8.752000000000e-01 -8.752000000000e-01 0.000000000000e+00 0.000000000000e+00 0.000000000000e+00 -0.000000000000e+00 3.201166417602e-03 0.000000000000e+00 0.000000000000e+00 0.000000000000e+00 0.000000000000e+00 0.000000000000e+00 0.000000000000e+00 
9.965000000000e+00 2.278750856150e-02 6.010057156402e-01 4.351346429574e-03 8.371251988304e+04 8.309678040629e+04 1.019824755697e+05 2.366761565718e+04 6.562449137272e+02 2.600000000000e+06 0.000000000000e+00 -8.752000000000e-01 -8.752000000000e-01 0.000000000000e+00 0.000000000000e+00 0.000000000000e+00 -0.000000000000e+00 3.198071705106e-03 0.000000000000e+00 0.000000000000e+00 0.000000000000e+00 0.000000000000e+00 0.000000000000e+00 0.000000000000e+00 
9.970000000000e+00 2.276581411901e-02 5.984587638403e-01 4.279963963120e-03 8.330620055755e+04 8.268649918944e+04 1.019659386206e+05 2.367325631084e+04 6.565764717404e+02 2.600000000000e+06 0.000000000000e+00 -8.752000000000e-01 -8.752000000000e-01 0.000000000000e+00 0.000000000000e+00 0.000000000000e+00 -0.000000000000e+00 3.195027037777e-03 0.000000000000e+00 0.000000000000e+00 0.000000000000e+00 0.000000000000e+00 0.000000000000e+00 0.000000000000e+00 
9.975000000000e+00 2.274447710746e-02 5.959878385527e-01 4.208560961055e-03 8.290619160694e+04 8.228203078626e+04 1.019498019101e+05 2.367881061289e+04 6.569042258175e+02 2.600000000000e+06 0.000000000000e+00 -8.752000000000e-01 -8.752000000000e-01 0.000000000000e+00 0.000000000000e+00 0.000000000000e+00 -0.000000000000e+00 3.192032533448e-03 0.000000000000e+00 0.000000000000e+00 0.000000000000e+00 0.000000000000e+00 0.000000000000e+00 0.000000000000e+00 
9.980000000000e+00 2.272349707786e-02 5.935885159425e-01 4.137390359180e-03 8.251244027987e+04 8.188341101603e+04 1.019340578202e+05 2.368427836740e+04 6.572280933390e+02 2.600000000000e+06 0.000000000000e+00 -8.752000000000e-01 -8.752000000000e-01 0.000000000000e+00 0.000000000000e+00 0.000000000000e+00 -0.000000000000e+00 3.189088129103e-03 0.000000000000e+00 0.000000000000e+00 0.000000000000e+00 0.000000000000e+00 0.000000000000e+00 0.000000000000e+00 
9.985000000000e+00 2.270287232878e-02 5.912562286950e-01 4.066697165089e-03 8.212487058816e+04 8.149065122736e+04 1.019186980186e+05 2.368965971017e+04 6.575480134294e+02 2.600000000000e+06 0.000000000000e+00 -8.752000000000e-01 -8.752000000000e-01 0.000000000000e+00 0.000000000000e+00 0.000000000000e+00 -0.000000000000e+00 3.186193585959e-03 0.000000000000e+00 0.000000000000e+00 0.000000000000e+00 0.000000000000e+00 0.000000000000e+00 0.000000000000e+00 
9.990000000000e+00 2.268259993324e-02 5.889862895304e-01 3.996720924612e-03 8.174338286061e+04 8.110373853990e+04 1.019037135070e+05 2.369495510354e+04 6.578639469424e+02 2.600000000000e+06 0.000000000000e+00 -8.752000000000e-01 -8.752000000000e-01 0.000000000000e+00 0.000000000000e+00 0.000000000000e+00 -0.000000000000e+00 3.183348493236e-03 0.000000000000e+00 0.000000000000e+00 0.000000000000e+00 0.000000000000e+00 0.000000000000e+00 0.000000000000e+00 
9.995000000000e+00 2.266267577866e-02 5.867739634834e-01 3.927698923208e-03 8.136785333183e+04 8.072263635342e+04 1.018890946763e+05 2.370016532772e+04 6.581758762028e+02 2.600000000000e+06 0.000000000000e+00 -8.752000000000e-01 -8.752000000000e-01 0.000000000000e+00 0.000000000000e+00 0.000000000000e+00 -0.000000000000e+00 3.180552273759e-03 0.000000000000e+00 0.000000000000e+00 0.000000000000e+00 0.000000000000e+00 0.000000000000e+00 0.000000000000e+00 
1.000000000000e+01 2.264309465058e-02 5.846142693530e-01 3.859837554546e-03 8.099814471188e+04 8.034728572052e+04 1.018748313902e+05 2.370529146020e+04 6.584838040155e+02 2.600000000000e+06 0.000000000000e+00 -8.752000000000e-01 -8.752000000000e-01 0.000000000000e+00 0.000000000000e+00 0.000000000000e+00 -0.000000000000e+00 3.177804195715e-03 0.000000000000e+00 0.000000000000e+00 0.000000000000e+00 0.000000000000e+00 0.000000000000e+00 0.000000000000e+00 
