9.000000000000e+00 6.273235636903e-02 3.425877024806e+00 1.236544082647e-02 9.727319730616e+04 9.625297192096e+04 1.022107464330e+05 3.480697554821e+03 5.984596496818e+02 2.600000000000e+06 7.739492121152e+04 4.714384000000e+03 1.885753600000e+04 0.000000000000e+00 0.000000000000e+00 0.000000000000e+00 8.428306919934e-01 5.022426245872e-01 4.104574004095e+00 0.000000000000e+00 0.000000000000e+00 0.000000000000e+00 0.000000000000e+00 0.000000000000e+00 
9.005000000000e+00 6.267075765778e-02 3.412057497497e+00 1.230122432114e-02 9.691154051971e+04 9.590621069599e+04 1.021914147766e+05 3.481572439906e+03 5.987284920623e+02 2.600000000000e+06 7.710597757142e+04 4.714384000000e+03 1.885753600000e+04 0.000000000000e+00 0.000000000000e+00 0.000000000000e+00 8.396840957527e-01 5.017495780145e-01 4.089250792042e+00 0.000000000000e+00 0.000000000000e+00 0.000000000000e+00 0.000000000000e+00 0.000000000000e+00 
9.010000000000e+00 6.260948461654e-02 3.398406770895e+00 1.223537883566e-02 9.655131469180e+04 9.556043838518e+04 1.021723446873e+05 3.482444025613e+03 5.989979593725e+02 2.600000000000e+06 7.681764002040e+04 4.714384000000e+03 1.885753600000e+04 0.000000000000e+00 0.000000000000e+00 0.000000000000e+00 8.365440998222e-01 5.012591378646e-01 4.073959641360e+00 0.000000000000e+00 0.000000000000e+00 0.000000000000e+00 0.000000000000e+00 0.000000000000e+00 
9.015000000000e+00 6.254854498059e-02 3.384921511041e+00 1.216804718461e-02 9.619256004080e+04 9.521570952895e+04 1.021535347707e+05 3.483312183039e+03 5.992679740216e+02 2.600000000000e+06 7.652996681768e+04 4.714384000000e+03 1.885753600000e+04 0.000000000000e+00 0.000000000000e+00 0.000000000000e+00 8.334113386445e-01 5.007713659298e-01 4.058703645033e+00 0.000000000000e+00 0.000000000000e+00 0.000000000000e+00 0.000000000000e+00 0.000000000000e+00 
9.020000000000e+00 6.248794569621e-02 3.371598068428e+00 1.209940898977e-02 9.583530880191e+04 9.487207461597e+04 1.021349833758e+05 3.484176794761e+03 5.995384615500e+02 2.600000000000e+06 7.624301353637e+04 4.714384000000e+03 1.885753600000e+04 0.000000000000e+00 0.000000000000e+00 0.000000000000e+00 8.302864174111e-01 5.002863176730e-01 4.043485753656e+00 0.000000000000e+00 0.000000000000e+00 0.000000000000e+00 0.000000000000e+00 0.000000000000e+00 
9.025000000000e+00 6.242769301339e-02 3.358432683995e+00 1.202953693095e-02 9.547959965572e+04 9.452958055371e+04 1.021166886346e+05 3.485037750715e+03 5.998093503557e+02 2.600000000000e+06 7.595683295840e+04 4.714384000000e+03 1.885753600000e+04 0.000000000000e+00 0.000000000000e+00 0.000000000000e+00 8.271699109169e-01 4.998040432886e-01 4.028308769945e+00 0.000000000000e+00 0.000000000000e+00 0.000000000000e+00 0.000000000000e+00 0.000000000000e+00 
9.030000000000e+00 6.236779256180e-02 3.345421423836e+00 1.195862765535e-02 9.512545579457e+04 9.418827105130e+04 1.020986484946e+05 3.485894951819e+03 6.000805714735e+02 2.600000000000e+06 7.567147513147e+04 4.714384000000e+03 1.885753600000e+04 0.000000000000e+00 0.000000000000e+00 0.000000000000e+00 8.240623641817e-01 4.993245874890e-01 4.013175351486e+00 0.000000000000e+00 0.000000000000e+00 0.000000000000e+00 0.000000000000e+00 0.000000000000e+00 
9.035000000000e+00 6.230824908738e-02 3.332559900503e+00 1.188683375364e-02 9.477289955044e+04 9.384818506813e+04 1.020808606488e+05 3.486748310466e+03 6.003520598896e+02 2.600000000000e+06 7.538698729040e+04 4.714384000000e+03 1.885753600000e+04 0.000000000000e+00 0.000000000000e+00 0.000000000000e+00 8.209642915924e-01 4.988479883399e-01 3.998088006930e+00 0.000000000000e+00 0.000000000000e+00 0.000000000000e+00 0.000000000000e+00 0.000000000000e+00 
9.040000000000e+00 6.224906663555e-02 3.319843556371e+00 1.181428884624e-02 9.442195104097e+04 9.350935780114e+04 1.020633226013e+05 3.487597748484e+03 6.006237538442e+02 2.600000000000e+06 7.510341376025e+04 4.714384000000e+03 1.885753600000e+04 0.000000000000e+00 0.000000000000e+00 0.000000000000e+00 8.178761758491e-01 4.983742779812e-01 3.983049090673e+00 0.000000000000e+00 0.000000000000e+00 0.000000000000e+00 0.000000000000e+00 0.000000000000e+00 
9.045000000000e+00 6.219024853868e-02 3.307267615747e+00 1.174114211837e-02 9.407262469783e+04 9.317182056300e+04 1.020460316717e+05 3.488443198098e+03 6.008955950036e+02 2.600000000000e+06 7.482079594249e+04 4.714384000000e+03 1.885753600000e+04 0.000000000000e+00 0.000000000000e+00 0.000000000000e+00 8.147984678137e-01 4.979034829745e-01 3.968060802090e+00 0.000000000000e+00 0.000000000000e+00 0.000000000000e+00 0.000000000000e+00 0.000000000000e+00 
9.050000000000e+00 6.213179731722e-02 3.294826927462e+00 1.166755710555e-02 9.372492873230e+04 9.283560016185e+04 1.020289849756e+05 3.489284603408e+03 6.011675290341e+02 2.600000000000e+06 7.453917226947e+04 4.714384000000e+03 1.885753600000e+04 0.000000000000e+00 0.000000000000e+00 0.000000000000e+00 8.117315860145e-01 4.974356231828e-01 3.953125183219e+00 0.000000000000e+00 0.000000000000e+00 0.000000000000e+00 0.000000000000e+00 0.000000000000e+00 
9.055000000000e+00 6.207371697743e-02 3.282520975510e+00 1.159223244563e-02 9.337902375969e+04 9.250073210810e+04 1.020121800954e+05 3.490121857376e+03 6.014394949306e+02 2.600000000000e+06 7.425857823123e+04 4.714384000000e+03 1.885753600000e+04 0.000000000000e+00 0.000000000000e+00 0.000000000000e+00 8.086759169381e-01 4.969707395326e-01 3.938244119327e+00 0.000000000000e+00 0.000000000000e+00 0.000000000000e+00 0.000000000000e+00 0.000000000000e+00 
9.060000000000e+00 6.201606452039e-02 3.270451425771e+00 1.149227325094e-02 9.303750964643e+04 9.216755872692e+04 1.019956297922e+05 3.490953648705e+03 6.017111812939e+02 2.600000000000e+06 7.397905372348e+04 4.714384000000e+03 1.885753600000e+04 0.000000000000e+00 0.000000000000e+00 0.000000000000e+00 8.056318950487e-01 4.965093876715e-01 3.923419699706e+00 0.000000000000e+00 0.000000000000e+00 0.000000000000e+00 0.000000000000e+00 0.000000000000e+00 
9.065000000000e+00 6.195922797784e-02 3.259300269014e+00 1.125874980282e-02 9.271346247912e+04 9.183834499330e+04 1.019794403076e+05 3.491772118522e+03 6.019806960572e+02 2.600000000000e+06 7.370072196286e+04 4.714384000000e+03 1.885753600000e+04 0.000000000000e+00 0.000000000000e+00 0.000000000000e+00 8.026008621755e-01 4.960550590404e-01 3.908658215061e+00 0.000000000000e+00 0.000000000000e+00 0.000000000000e+00 0.000000000000e+00 0.000000000000e+00 
9.070000000000e+00 6.190468970767e-02 3.251517108922e+00 1.058380367237e-02 9.244626652384e+04 9.152173615511e+04 1.019640227829e+05 3.492549449281e+03 6.022408673589e+02 2.600000000000e+06 7.342412747009e+04 4.714384000000e+03 1.885753600000e+04 0.000000000000e+00 0.000000000000e+00 0.000000000000e+00 7.995887481493e-01 4.956204612897e-01 3.893987570718e+00 0.000000000000e+00 0.000000000000e+00 0.000000000000e+00 0.000000000000e+00 0.000000000000e+00 
9.075000000000e+00 6.185600702204e-02 3.252439429859e+00 9.062709082179e-03 9.229774209788e+04 9.123853365396e+04 1.019503569686e+05 3.493225566938e+03 6.024743855705e+02 2.600000000000e+06 7.315107435936e+04 4.714384000000e+03 1.885753600000e+04 0.000000000000e+00 0.000000000000e+00 0.000000000000e+00 7.966151997734e-01 4.952345680156e-01 3.879501009366e+00 0.000000000000e+00 0.000000000000e+00 0.000000000000e+00 0.000000000000e+00 0.000000000000e+00 
9.080000000000e+00 6.181855451148e-02 3.269705795291e+00 6.349583027508e-03 9.233525739592e+04 9.102028292710e+04 1.019399051017e+05 3.493714921153e+03 6.026548544992e+02 2.600000000000e+06 7.288575635546e+04 4.714384000000e+03 1.885753600000e+04 0.000000000000e+00 0.000000000000e+00 0.000000000000e+00 7.937258867109e-01 4.949413922418e-01 3.865417104536e+00 0.000000000000e+00 0.000000000000e+00 0.000000000000e+00 0.000000000000e+00 0.000000000000e+00 
9.085000000000e+00 6.179839561160e-02 3.311092069512e+00 2.400213750005e-03 9.260062774260e+04 9.090267274383e+04 1.019343014005e+05 3.493927908097e+03 6.027522862908e+02 2.600000000000e+06 7.263552306897e+04 4.714384000000e+03 1.885753600000e+04 0.000000000000e+00 0.000000000000e+00 0.000000000000e+00 7.910008462210e-01 4.947873013002e-01 3.852121392702e+00 0.000000000000e+00 0.000000000000e+00 0.000000000000e+00 0.000000000000e+00 0.000000000000e+00 
9.090000000000e+00 6.180085393390e-02 3.383878389772e+00 -2.673422784905e-03 9.311523731039e+04 9.091702009074e+04 1.019349839326e+05 3.493789028681e+03 6.027403937544e+02 2.600000000000e+06 7.241086495836e+04 4.714384000000e+03 1.885753600000e+04 0.000000000000e+00 0.000000000000e+00 0.000000000000e+00 7.885543193966e-01 4.948196060821e-01 3.840165916622e+00 0.000000000000e+00 0.000000000000e+00 0.000000000000e+00 0.000000000000e+00 0.000000000000e+00 
9.095000000000e+00 6.183229557307e-02 3.494507003127e+00 -9.143087496815e-03 9.394369884393e+04 9.110039577235e+04 1.019437336255e+05 3.493200445434e+03 6.025885591741e+02 2.600000000000e+06 7.222520664515e+04 4.714384000000e+03 1.885753600000e+04 0.000000000000e+00 0.000000000000e+00 0.000000000000e+00 7.865325003657e-01 4.950870459712e-01 3.830259247018e+00 0.000000000000e+00 0.000000000000e+00 0.000000000000e+00 0.000000000000e+00 0.000000000000e+00 
9.100000000000e+00 6.189881180951e-02 3.647369887613e+00 -1.655868658379e-02 9.507648949196e+04 9.148757198681e+04 1.019623679730e+05 3.492084210971e+03 6.022689980987e+02 2.600000000000e+06 7.209389948651e+04 4.714384000000e+03 1.885753600000e+04 0.000000000000e+00 0.000000000000e+00 0.000000000000e+00 7.851025654081e-01 4.956329915899e-01 3.823213735534e+00 0.000000000000e+00 0.000000000000e+00 0.000000000000e+00 0.000000000000e+00 0.000000000000e+00 
9.105000000000e+00 6.200407301357e-02 3.843257375864e+00 -2.454163988223e-02 9.649494050950e+04 9.209816295669e+04 1.019922036664e+05 3.490397851599e+03 6.017679061250e+02 2.600000000000e+06 7.203323037956e+04 4.714384000000e+03 1.885753600000e+04 0.000000000000e+00 0.000000000000e+00 0.000000000000e+00 7.844418788334e-01 4.964885150534e-01 3.819892142555e+00 0.000000000000e+00 0.000000000000e+00 0.000000000000e+00 0.000000000000e+00 0.000000000000e+00 
9.110000000000e+00 6.214975625872e-02 4.079760176438e+00 -3.269254047505e-02 9.816513232596e+04 9.293898655386e+04 1.020342081087e+05 3.488130176993e+03 6.010837890031e+02 2.600000000000e+06 7.205944203757e+04 4.714384000000e+03 1.885753600000e+04 0.000000000000e+00 0.000000000000e+00 0.000000000000e+00 7.847273237891e-01 4.976662211821e-01 3.821156998300e+00 0.000000000000e+00 0.000000000000e+00 0.000000000000e+00 0.000000000000e+00 0.000000000000e+00 
9.115000000000e+00 6.233561480163e-02 4.351670939697e+00 -4.063152184144e-02 1.000429359280e+05 9.400458643597e+04 1.020890179481e+05 3.485299217691e+03 6.002270533283e+02 2.600000000000e+06 7.218717859970e+04 4.714384000000e+03 1.885753600000e+04 0.000000000000e+00 0.000000000000e+00 0.000000000000e+00 7.861183749507e-01 4.991634801602e-01 3.827787750899e+00 0.000000000000e+00 0.000000000000e+00 0.000000000000e+00 0.000000000000e+00 0.000000000000e+00 
9.120000000000e+00 6.255969601662e-02 4.651668277991e+00 -4.804979913481e-02 1.020811253367e+05 9.527885231225e+04 1.021569650981e+05 3.481947444094e+03 5.992184157751e+02 2.600000000000e+06 7.242839746723e+04 4.714384000000e+03 1.885753600000e+04 0.000000000000e+00 0.000000000000e+00 0.000000000000e+00 7.887452484181e-01 5.009643319393e-01 3.840422622746e+00 0.000000000000e+00 0.000000000000e+00 0.000000000000e+00 0.000000000000e+00 0.000000000000e+00 
9.125000000000e+00 6.281876206728e-02 4.971241615409e+00 -5.472610975715e-02 1.042341462024e+05 9.673795150780e+04 1.022381364536e+05 3.478134583448e+03 5.980860361730e+02 2.600000000000e+06 7.279162808416e+04 4.714384000000e+03 1.885753600000e+04 0.000000000000e+00 0.000000000000e+00 0.000000000000e+00 7.927008298365e-01 5.030428149447e-01 3.859518778093e+00 0.000000000000e+00 0.000000000000e+00 0.000000000000e+00 0.000000000000e+00 0.000000000000e+00 
9.130000000000e+00 6.310874747862e-02 5.301561203879e+00 -6.053495899899e-02 1.064620464000e+05 9.835348340401e+04 1.023324352823e+05 3.473930080588e+03 5.968623825916e+02 2.600000000000e+06 7.328162222835e+04 4.714384000000e+03 1.885753600000e+04 0.000000000000e+00 0.000000000000e+00 0.000000000000e+00 7.980368660667e-01 5.053665807587e-01 3.885333270410e+00 0.000000000000e+00 0.000000000000e+00 0.000000000000e+00 0.000000000000e+00 0.000000000000e+00 
9.135000000000e+00 6.342516572617e-02 5.634178307500e+00 -6.542042324702e-02 1.087305183125e+05 1.000952520710e+05 1.024396314582e+05 3.469407125331e+03 5.955814191774e+02 2.600000000000e+06 7.389937028855e+04 4.714384000000e+03 1.885753600000e+04 0.000000000000e+00 0.000000000000e+00 0.000000000000e+00 8.047641424423e-01 5.078999681719e-01 3.917923471654e+00 0.000000000000e+00 0.000000000000e+00 0.000000000000e+00 0.000000000000e+00 0.000000000000e+00 
9.140000000000e+00 6.376342272441e-02 5.961529858835e+00 -6.938886364578e-02 1.110120067927e+05 1.019333676485e+05 1.025593953968e+05 3.464637843541e+03 5.942764097642e+02 2.600000000000e+06 7.464238347475e+04 4.714384000000e+03 1.885753600000e+04 0.000000000000e+00 0.000000000000e+00 0.000000000000e+00 8.128555560400e-01 5.106065591599e-01 3.957161745147e+00 0.000000000000e+00 0.000000000000e+00 0.000000000000e+00 0.000000000000e+00 0.000000000000e+00 
9.145000000000e+00 6.411908855996e-02 6.277277001255e+00 -7.248981822457e-02 1.132852795934e+05 1.038399446077e+05 1.026913377891e+05 3.459689563259e+03 5.929781841130e+02 2.600000000000e+06 7.550516865751e+04 4.714384000000e+03 1.885753600000e+04 0.000000000000e+00 0.000000000000e+00 0.000000000000e+00 8.222512866803e-01 5.134512160362e-01 4.002760411287e+00 0.000000000000e+00 0.000000000000e+00 0.000000000000e+00 0.000000000000e+00 0.000000000000e+00 
9.150000000000e+00 6.448803413802e-02 6.576403482184e+00 -7.479382329111e-02 1.155338778180e+05 1.057899071740e+05 1.028350229833e+05 3.454623243217e+03 5.917142261757e+02 2.600000000000e+06 7.647981370840e+04 4.714384000000e+03 1.885753600000e+04 0.000000000000e+00 0.000000000000e+00 0.000000000000e+00 8.328651712844e-01 5.164011369034e-01 4.054302710843e+00 0.000000000000e+00 0.000000000000e+00 0.000000000000e+00 0.000000000000e+00 0.000000000000e+00 
9.155000000000e+00 6.486652355393e-02 6.855222976809e+00 -7.638584693725e-02 1.177457675607e+05 1.077614424492e+05 1.029899835067e+05 3.449492370257e+03 5.905081619638e+02 2.600000000000e+06 7.755659485189e+04 4.714384000000e+03 1.885753600000e+04 0.000000000000e+00 0.000000000000e+00 0.000000000000e+00 8.445913179371e-01 5.194264485673e-01 4.111275011683e+00 0.000000000000e+00 0.000000000000e+00 0.000000000000e+00 0.000000000000e+00 0.000000000000e+00 
9.160000000000e+00 6.525124505713e-02 7.111274634953e+00 -7.735438641423e-02 1.199122518089e+05 1.097360492248e+05 1.031557256451e+05 3.444342896196e+03 5.893796507741e+02 2.600000000000e+06 7.872456325697e+04 4.714384000000e+03 1.885753600000e+04 0.000000000000e+00 0.000000000000e+00 0.000000000000e+00 8.573104938684e-01 5.225008293214e-01 4.173097975346e+00 0.000000000000e+00 0.000000000000e+00 0.000000000000e+00 0.000000000000e+00 0.000000000000e+00 
9.165000000000e+00 6.563932344052e-02 7.343186343654e+00 -7.778295715827e-02 1.220270437087e+05 1.116984450440e+05 1.033317387017e+05 3.439213446518e+03 5.883444729691e+02 2.600000000000e+06 7.997207504633e+04 4.714384000000e+03 1.885753600000e+04 0.000000000000e+00 0.000000000000e+00 0.000000000000e+00 8.708958972546e-01 5.256012731306e-01 4.239154742883e+00 0.000000000000e+00 0.000000000000e+00 0.000000000000e+00 0.000000000000e+00 0.000000000000e+00 
9.170000000000e+00 6.602827957565e-02 7.550493984908e+00 -7.775314430596e-02 1.240861424041e+05 1.136361858031e+05 1.035174887490e+05 3.434136042668e+03 5.874148545614e+02 2.600000000000e+06 8.128724222530e+04 4.714384000000e+03 1.885753600000e+04 0.000000000000e+00 0.000000000000e+00 0.000000000000e+00 8.852180678335e-01 5.287081027072e-01 4.308814973439e+00 0.000000000000e+00 0.000000000000e+00 0.000000000000e+00 0.000000000000e+00 0.000000000000e+00 
9.175000000000e+00 6.641580565260e-02 7.733374076204e+00 -7.731925234912e-02 1.260842495016e+05 1.155383958783e+05 1.037123197127e+05 3.429139714125e+03 5.866001721623e+02 2.600000000000e+06 8.265832539241e+04 4.714384000000e+03 1.885753600000e+04 0.000000000000e+00 0.000000000000e+00 0.000000000000e+00 9.001491635233e-01 5.318040906779e-01 4.381455703376e+00 0.000000000000e+00 0.000000000000e+00 0.000000000000e+00 0.000000000000e+00 0.000000000000e+00 
9.180000000000e+00 6.680008924599e-02 7.892680350807e+00 -7.657108588650e-02 1.280219487299e+05 1.173972272431e+05 1.039156237631e+05 3.424245318511e+03 5.859064216275e+02 2.600000000000e+06 8.407399250103e+04 4.714384000000e+03 1.885753600000e+04 0.000000000000e+00 0.000000000000e+00 0.000000000000e+00 9.155657783362e-01 5.348748568498e-01 4.456475401856e+00 0.000000000000e+00 0.000000000000e+00 0.000000000000e+00 0.000000000000e+00 0.000000000000e+00 
9.185000000000e+00 6.717976799934e-02 8.029606196231e+00 -7.556565514414e-02 1.298992460129e+05 1.192074344761e+05 1.041268591870e+05 3.419467737353e+03 5.853368290309e+02 2.600000000000e+06 8.552347645236e+04 4.714384000000e+03 1.885753600000e+04 0.000000000000e+00 0.000000000000e+00 0.000000000000e+00 9.313506585662e-01 5.379090797299e-01 4.533302188333e+00 0.000000000000e+00 0.000000000000e+00 0.000000000000e+00 0.000000000000e+00 0.000000000000e+00 
9.190000000000e+00 6.755368313950e-02 8.145594600961e+00 -7.433965278286e-02 1.317153816710e+05 1.209650404415e+05 1.043454485749e+05 3.414819010932e+03 5.848926599503e+02 2.600000000000e+06 8.699676512797e+04 4.714384000000e+03 1.885753600000e+04 0.000000000000e+00 0.000000000000e+00 0.000000000000e+00 9.473947722436e-01 5.408973062791e-01 4.611404065980e+00 0.000000000000e+00 0.000000000000e+00 0.000000000000e+00 0.000000000000e+00 0.000000000000e+00 
9.195000000000e+00 6.792082388264e-02 8.242170262697e+00 -7.291539410495e-02 1.334690638303e+05 1.226669885678e+05 1.045707605570e+05 3.410309050043e+03 5.845734794906e+02 2.600000000000e+06 8.848468088591e+04 4.714384000000e+03 1.885753600000e+04 0.000000000000e+00 0.000000000000e+00 0.000000000000e+00 9.635981748476e-01 5.438313360925e-01 4.690293223109e+00 0.000000000000e+00 0.000000000000e+00 0.000000000000e+00 0.000000000000e+00 0.000000000000e+00 
9.200000000000e+00 6.828023270888e-02 8.320761423067e+00 -7.129803192088e-02 1.351577540224e+05 1.243106442857e+05 1.048020592983e+05 3.405946938603e+03 5.843773507778e+02 2.600000000000e+06 8.997888301837e+04 4.714384000000e+03 1.885753600000e+04 0.000000000000e+00 0.000000000000e+00 0.000000000000e+00 9.798700360700e-01 5.467034173007e-01 4.769526281666e+00 0.000000000000e+00 0.000000000000e+00 0.000000000000e+00 0.000000000000e+00 0.000000000000e+00 
9.205000000000e+00 6.863094461240e-02 8.382607695709e+00 -6.948590932156e-02 1.367782575789e+05 1.258934873285e+05 1.050384627223e+05 3.401741515569e+03 5.843008698746e+02 2.600000000000e+06 9.147180008081e+04 4.714384000000e+03 1.885753600000e+04 0.000000000000e+00 0.000000000000e+00 0.000000000000e+00 9.961279028801e-01 5.495057784032e-01 4.848700775020e+00 0.000000000000e+00 0.000000000000e+00 0.000000000000e+00 0.000000000000e+00 0.000000000000e+00 
9.210000000000e+00 6.897198856248e-02 8.428773407569e+00 -6.747620975613e-02 1.383272003387e+05 1.274131018677e+05 1.052789361019e+05 3.397701262333e+03 5.843391168279e+02 2.600000000000e+06 9.295653842138e+04 4.714384000000e+03 1.885753600000e+04 0.000000000000e+00 0.000000000000e+00 0.000000000000e+00 1.012296703409e+00 5.522306324012e-01 4.927450295025e+00 0.000000000000e+00 0.000000000000e+00 0.000000000000e+00 0.000000000000e+00 0.000000000000e+00 
9.215000000000e+00 6.930235189914e-02 8.460102326594e+00 -6.525951019930e-02 1.398003780116e+05 1.288670037054e+05 1.055222597839e+05 3.393834830474e+03 5.844856067531e+02 2.600000000000e+06 9.442679027668e+04 4.714384000000e+03 1.885753600000e+04 0.000000000000e+00 0.000000000000e+00 0.000000000000e+00 1.028307746113e+00 5.548698708422e-01 5.005439636686e+00 0.000000000000e+00 0.000000000000e+00 0.000000000000e+00 0.000000000000e+00 0.000000000000e+00 
9.220000000000e+00 6.962097703527e-02 8.477237125567e+00 -6.282756125126e-02 1.411933790252e+05 1.302526177212e+05 1.057670176413e+05 3.390150936643e+03 5.847322240718e+02 2.600000000000e+06 9.587673093361e+04 4.714384000000e+03 1.885753600000e+04 0.000000000000e+00 0.000000000000e+00 0.000000000000e+00 1.044097599867e+00 5.574150509990e-01 5.082359341941e+00 0.000000000000e+00 0.000000000000e+00 0.000000000000e+00 0.000000000000e+00 0.000000000000e+00 
9.225000000000e+00 6.992677225540e-02 8.480658654618e+00 -6.017697515083e-02 1.425019157309e+05 1.315673147701e+05 1.060115990273e+05 3.386658176330e+03 5.850691966015e+02 2.600000000000e+06 9.730092684695e+04 4.714384000000e+03 1.885753600000e+04 0.000000000000e+00 0.000000000000e+00 0.000000000000e+00 1.059607093363e+00 5.598574906746e-01 5.157920808533e+00 0.000000000000e+00 0.000000000000e+00 0.000000000000e+00 0.000000000000e+00 0.000000000000e+00 
9.230000000000e+00 7.021865554336e-02 8.470772404220e+00 -5.731128284941e-02 1.437221771376e+05 1.328085833476e+05 1.062542340720e+05 3.383364507881e+03 5.854851772863e+02 2.600000000000e+06 9.869426799282e+04 4.714384000000e+03 1.885753600000e+04 0.000000000000e+00 0.000000000000e+00 0.000000000000e+00 1.074780578442e+00 5.621886120321e-01 5.231852654193e+00 0.000000000000e+00 0.000000000000e+00 0.000000000000e+00 0.000000000000e+00 0.000000000000e+00 
9.235000000000e+00 7.049556225601e-02 8.447902518776e+00 -5.423421893605e-02 1.448502898793e+05 1.339740370385e+05 1.064930093385e+05 3.380277335408e+03 5.859673786012e+02 2.600000000000e+06 1.000519262894e+05 4.714384000000e+03 1.885753600000e+04 0.000000000000e+00 0.000000000000e+00 0.000000000000e+00 1.089565477291e+00 5.643999258565e-01 5.303898502956e+00 0.000000000000e+00 0.000000000000e+00 0.000000000000e+00 0.000000000000e+00 0.000000000000e+00 
9.240000000000e+00 7.075644275416e-02 8.412310609219e+00 -5.094732633248e-02 1.458821018274e+05 1.350613786335e+05 1.067258798928e+05 3.377403638293e+03 5.865017359830e+02 2.600000000000e+06 1.013693164889e+05 4.714384000000e+03 1.885753600000e+04 0.000000000000e+00 0.000000000000e+00 0.000000000000e+00 1.103911856565e+00 5.664830358196e-01 5.373814904471e+00 0.000000000000e+00 0.000000000000e+00 0.000000000000e+00 0.000000000000e+00 0.000000000000e+00 
9.245000000000e+00 7.100026740451e-02 8.364213512039e+00 -4.745941557012e-02 1.468139609694e+05 1.360683955106e+05 1.069506921197e+05 3.374749821092e+03 5.870731218720e+02 2.600000000000e+06 1.026420600179e+05 4.714384000000e+03 1.885753600000e+04 0.000000000000e+00 0.000000000000e+00 0.000000000000e+00 1.117772033595e+00 5.684297599314e-01 5.441369411715e+00 0.000000000000e+00 0.000000000000e+00 0.000000000000e+00 0.000000000000e+00 0.000000000000e+00 
9.250000000000e+00 7.122608581382e-02 8.303869322365e+00 -4.378751024270e-02 1.476430681852e+05 1.369931754813e+05 1.071652639994e+05 3.372321126973e+03 5.876657537199e+02 2.600000000000e+06 1.038659695170e+05 4.714384000000e+03 1.885753600000e+04 0.000000000000e+00 0.000000000000e+00 0.000000000000e+00 1.131100408040e+00 5.702325413149e-01 5.506339712041e+00 0.000000000000e+00 0.000000000000e+00 0.000000000000e+00 0.000000000000e+00 0.000000000000e+00 
9.255000000000e+00 7.143303383450e-02 8.231580832601e+00 -3.995173460282e-02 1.483670975858e+05 1.378341008819e+05 1.073674270600e+05 3.370121760433e+03 5.882635681901e+02 2.600000000000e+06 1.050370587571e+05 4.714384000000e+03 1.885753600000e+04 0.000000000000e+00 0.000000000000e+00 0.000000000000e+00 1.143853569865e+00 5.718844584966e-01 5.568514147377e+00 0.000000000000e+00 0.000000000000e+00 0.000000000000e+00 0.000000000000e+00 0.000000000000e+00 
9.260000000000e+00 7.162035985084e-02 8.147723075139e+00 -3.597445177265e-02 1.489842677627e+05 1.385899221877e+05 1.075550911458e+05 3.368154730133e+03 5.888506799649e+02 2.600000000000e+06 1.061515580294e+05 4.714384000000e+03 1.885753600000e+04 0.000000000000e+00 0.000000000000e+00 0.000000000000e+00 1.155990466940e+00 5.733794375539e-01 5.627692509734e+00 0.000000000000e+00 0.000000000000e+00 0.000000000000e+00 0.000000000000e+00 0.000000000000e+00 
9.265000000000e+00 7.178748134831e-02 8.052831617805e+00 -3.189706888309e-02 1.494949618903e+05 1.392599523323e+05 1.077263450972e+05 3.366421076334e+03 5.894119801495e+02 2.600000000000e+06 1.072059419798e+05 4.714384000000e+03 1.885753600000e+04 0.000000000000e+00 0.000000000000e+00 0.000000000000e+00 1.167472708160e+00 5.747130576802e-01 5.683687495691e+00 0.000000000000e+00 0.000000000000e+00 0.000000000000e+00 0.000000000000e+00 0.000000000000e+00 
9.270000000000e+00 7.193403654675e-02 7.947649861441e+00 -2.776771319538e-02 1.499010220288e+05 1.398442389521e+05 1.078795579189e+05 3.364919657823e+03 5.899337630432e+02 2.600000000000e+06 1.081969934023e+05 4.714384000000e+03 1.885753600000e+04 0.000000000000e+00 0.000000000000e+00 0.000000000000e+00 1.178265258151e+00 5.758826076461e-01 5.736328043263e+00 0.000000000000e+00 0.000000000000e+00 0.000000000000e+00 0.000000000000e+00 0.000000000000e+00 
9.275000000000e+00 7.205992096573e-02 7.833149451938e+00 -2.363385226074e-02 1.502053848593e+05 1.403436786883e+05 1.080134646609e+05 3.363647010302e+03 5.904042960510e+02 2.600000000000e+06 1.091218854507e+05 4.714384000000e+03 1.885753600000e+04 0.000000000000e+00 0.000000000000e+00 0.000000000000e+00 1.188337332558e+00 5.768872276727e-01 5.785463670160e+00 0.000000000000e+00 0.000000000000e+00 0.000000000000e+00 0.000000000000e+00 0.000000000000e+00 
9.280000000000e+00 7.216525332752e-02 7.710428916957e+00 -1.951716938571e-02 1.504099931456e+05 1.407598590047e+05 1.081271706361e+05 3.362598230437e+03 5.908140574811e+02 2.600000000000e+06 1.099782642054e+05 4.714384000000e+03 1.885753600000e+04 0.000000000000e+00 0.000000000000e+00 0.000000000000e+00 1.197663297197e+00 5.777276015043e-01 5.830968871233e+00 0.000000000000e+00 0.000000000000e+00 0.000000000000e+00 0.000000000000e+00 0.000000000000e+00 
9.285000000000e+00 7.225029280802e-02 7.580703370006e+00 -1.552713427441e-02 1.505242853028e+05 1.410947218877e+05 1.082200887734e+05 3.361766010207e+03 5.911556448517e+02 2.600000000000e+06 1.107642500204e+05 4.714384000000e+03 1.885753600000e+04 0.000000000000e+00 0.000000000000e+00 0.000000000000e+00 1.206222682722e+00 5.784061249332e-01 5.872743398166e+00 0.000000000000e+00 0.000000000000e+00 0.000000000000e+00 0.000000000000e+00 0.000000000000e+00 
9.290000000000e+00 7.231573013082e-02 7.445470934634e+00 -1.164205306379e-02 1.505496016568e+05 1.413517072791e+05 1.082922758748e+05 3.361141257143e+03 5.914250940761e+02 2.600000000000e+06 1.114785620961e+05 4.714384000000e+03 1.885753600000e+04 0.000000000000e+00 0.000000000000e+00 0.000000000000e+00 1.214001541226e+00 5.789278394899e-01 5.910718369659e+00 0.000000000000e+00 0.000000000000e+00 0.000000000000e+00 0.000000000000e+00 0.000000000000e+00 
9.295000000000e+00 7.236227929930e-02 7.306134694441e+00 -7.932597161261e-03 1.504946144546e+05 1.415341512649e+05 1.083439932293e+05 3.360713670506e+03 5.916202826214e+02 2.600000000000e+06 1.121205230281e+05 4.714384000000e+03 1.885753600000e+04 0.000000000000e+00 0.000000000000e+00 0.000000000000e+00 1.220992495776e+00 5.792987979385e-01 5.944857141093e+00 0.000000000000e+00 0.000000000000e+00 0.000000000000e+00 0.000000000000e+00 0.000000000000e+00 
9.300000000000e+00 7.239097392963e-02 7.164327482879e+00 -4.446042322842e-03 1.503678047047e+05 1.416464661090e+05 1.083760264621e+05 3.360470517816e+03 5.917420657800e+02 2.600000000000e+06 1.126900770058e+05 4.714384000000e+03 1.885753600000e+04 0.000000000000e+00 0.000000000000e+00 0.000000000000e+00 1.227194938593e+00 5.795283599544e-01 5.975155880018e+00 0.000000000000e+00 0.000000000000e+00 0.000000000000e+00 0.000000000000e+00 0.000000000000e+00 
9.305000000000e+00 7.240295840400e-02 7.021546031184e+00 -1.193588602252e-03 1.501754608561e+05 1.416933411275e+05 1.083894399322e+05 3.360398986871e+03 5.917932601067e+02 2.600000000000e+06 1.131878177873e+05 4.714384000000e+03 1.885753600000e+04 0.000000000000e+00 0.000000000000e+00 0.000000000000e+00 1.232615335704e+00 5.796267164636e-01 6.001645236171e+00 0.000000000000e+00 0.000000000000e+00 0.000000000000e+00 0.000000000000e+00 0.000000000000e+00 
9.310000000000e+00 7.240026220572e-02 6.879550151608e+00 1.750221675261e-03 1.499333088157e+05 1.416827971957e+05 1.083864204661e+05 3.360476325910e+03 5.917817256838e+02 2.600000000000e+06 1.136149346330e+05 4.714384000000e+03 1.885753600000e+04 0.000000000000e+00 0.000000000000e+00 0.000000000000e+00 1.237266638154e+00 5.796030166557e-01 6.024387528761e+00 0.000000000000e+00 0.000000000000e+00 0.000000000000e+00 0.000000000000e+00 0.000000000000e+00 
9.315000000000e+00 7.238326528662e-02 6.739091940761e+00 4.585071205187e-03 1.496275470716e+05 1.416163046452e+05 1.083674094478e+05 3.360701964363e+03 5.917092397135e+02 2.600000000000e+06 1.139731646776e+05 4.714384000000e+03 1.885753600000e+04 0.000000000000e+00 0.000000000000e+00 0.000000000000e+00 1.241167763339e+00 5.794656241341e-01 6.043474085741e+00 0.000000000000e+00 0.000000000000e+00 0.000000000000e+00 0.000000000000e+00 0.000000000000e+00 
9.320000000000e+00 7.235269253924e-02 6.600883710610e+00 7.207985051084e-03 1.492696496930e+05 1.414966017825e+05 1.083333170566e+05 3.361066921446e+03 5.915798440884e+02 2.600000000000e+06 1.142648329984e+05 4.714384000000e+03 1.885753600000e+04 0.000000000000e+00 0.000000000000e+00 0.000000000000e+00 1.244344031353e+00 5.792204522603e-01 6.059027720736e+00 0.000000000000e+00 0.000000000000e+00 0.000000000000e+00 0.000000000000e+00 0.000000000000e+00 
9.325000000000e+00 7.230962365450e-02 6.465657743393e+00 9.612575264770e-03 1.488654222552e+05 1.413277512406e+05 1.082855140910e+05 3.361560295235e+03 5.913997057481e+02 2.600000000000e+06 1.144923653899e+05 4.714384000000e+03 1.885753600000e+04 0.000000000000e+00 0.000000000000e+00 0.000000000000e+00 1.246821859096e+00 5.788755847779e-01 6.071176965201e+00 0.000000000000e+00 0.000000000000e+00 0.000000000000e+00 0.000000000000e+00 0.000000000000e+00 
9.330000000000e+00 7.225513948136e-02 6.334013969703e+00 1.180344683329e-02 1.484198628211e+05 1.411137762703e+05 1.082254148064e+05 3.362171482679e+03 5.911754044896e+02 2.600000000000e+06 1.146583789026e+05 4.714384000000e+03 1.885753600000e+04 0.000000000000e+00 0.000000000000e+00 0.000000000000e+00 1.248629746250e+00 5.784396026221e-01 6.080060305137e+00 0.000000000000e+00 0.000000000000e+00 0.000000000000e+00 0.000000000000e+00 0.000000000000e+00 
9.335000000000e+00 7.219030172650e-02 6.206478277650e+00 1.378349057327e-02 1.479380402930e+05 1.408585983556e+05 1.081544353522e+05 3.362890124582e+03 5.909136686723e+02 2.600000000000e+06 1.147656910287e+05 4.714384000000e+03 1.885753600000e+04 0.000000000000e+00 0.000000000000e+00 0.000000000000e+00 1.249798375302e+00 5.779209593078e-01 6.085826908529e+00 0.000000000000e+00 0.000000000000e+00 0.000000000000e+00 0.000000000000e+00 0.000000000000e+00 
9.340000000000e+00 7.211615962496e-02 6.083520844834e+00 1.555497710083e-02 1.474250376073e+05 1.405660785872e+05 1.080739844423e+05 3.363706003538e+03 5.906212451064e+02 2.600000000000e+06 1.148172850552e+05 4.714384000000e+03 1.885753600000e+04 0.000000000000e+00 0.000000000000e+00 0.000000000000e+00 1.250360234251e+00 5.773280202762e-01 6.088634775931e+00 0.000000000000e+00 0.000000000000e+00 0.000000000000e+00 0.000000000000e+00 0.000000000000e+00 
9.345000000000e+00 7.203375346952e-02 5.965570303645e+00 1.711909673654e-02 1.468860010495e+05 1.402400452171e+05 1.079854525510e+05 3.364608954547e+03 5.903047740755e+02 2.600000000000e+06 1.148162828073e+05 4.714384000000e+03 1.885753600000e+04 0.000000000000e+00 0.000000000000e+00 0.000000000000e+00 1.250349319772e+00 5.766690936064e-01 6.088649286390e+00 0.000000000000e+00 0.000000000000e+00 0.000000000000e+00 0.000000000000e+00 0.000000000000e+00 
9.350000000000e+00 7.194411846955e-02 5.853023381198e+00 1.847718385532e-02 1.463260605872e+05 1.398843211903e+05 1.078902034200e+05 3.365588805622e+03 5.899706831898e+02 2.600000000000e+06 1.147659239148e+05 4.714384000000e+03 1.885753600000e+04 0.000000000000e+00 0.000000000000e+00 0.000000000000e+00 1.249800911432e+00 5.759524488836e-01 6.086042089980e+00 0.000000000000e+00 0.000000000000e+00 0.000000000000e+00 0.000000000000e+00 0.000000000000e+00 
9.355000000000e+00 7.184827744236e-02 5.746237153466e+00 1.963191744026e-02 1.457501954092e+05 1.395027059777e+05 1.077895557595e+05 3.366635442980e+03 5.896250581275e+02 2.600000000000e+06 1.146695475026e+05 4.714384000000e+03 1.885753600000e+04 0.000000000000e+00 0.000000000000e+00 0.000000000000e+00 1.248751372303e+00 5.751862601537e-01 6.080990138950e+00 0.000000000000e+00 0.000000000000e+00 0.000000000000e+00 0.000000000000e+00 0.000000000000e+00 
9.360000000000e+00 7.174724211063e-02 5.645536947664e+00 2.058549431548e-02 1.451633807680e+05 1.390989898454e+05 1.076847764591e+05 3.367738740127e+03 5.892735670082e+02 2.600000000000e+06 1.145305730910e+05 4.714384000000e+03 1.885753600000e+04 0.000000000000e+00 0.000000000000e+00 0.000000000000e+00 1.247237940961e+00 5.743786147391e-01 6.073674671638e+00 0.000000000000e+00 0.000000000000e+00 0.000000000000e+00 0.000000000000e+00 0.000000000000e+00 
9.365000000000e+00 7.164200819798e-02 5.551211810048e+00 2.134146284134e-02 1.445704170472e+05 1.386769418868e+05 1.075770694104e+05 3.368888620844e+03 5.889213818515e+02 2.600000000000e+06 1.143524842532e+05 4.714384000000e+03 1.885753600000e+04 0.000000000000e+00 0.000000000000e+00 0.000000000000e+00 1.245298553517e+00 5.735374692384e-01 6.064280345507e+00 0.000000000000e+00 0.000000000000e+00 0.000000000000e+00 0.000000000000e+00 0.000000000000e+00 
9.370000000000e+00 7.153355302072e-02 5.463516346491e+00 2.190444495466e-02 1.439759370314e+05 1.382403062756e+05 1.074675691251e+05 3.370075066267e+03 5.885731292319e+02 2.600000000000e+06 1.141388118029e+05 4.714384000000e+03 1.885753600000e+04 0.000000000000e+00 0.000000000000e+00 0.000000000000e+00 1.242971660533e+00 5.726706487875e-01 6.052994344021e+00 0.000000000000e+00 0.000000000000e+00 0.000000000000e+00 0.000000000000e+00 0.000000000000e+00 
9.375000000000e+00 7.142285969793e-02 5.382664988471e+00 2.227581465419e-02 1.433848693485e+05 1.377929046950e+05 1.073573626082e+05 3.371287768357e+03 5.882329391629e+02 2.600000000000e+06 1.138931132878e+05 4.714384000000e+03 1.885753600000e+04 0.000000000000e+00 0.000000000000e+00 0.000000000000e+00 1.240296003704e+00 5.717858623059e-01 6.040005307097e+00 0.000000000000e+00 0.000000000000e+00 0.000000000000e+00 0.000000000000e+00 0.000000000000e+00 
9.380000000000e+00 7.131087540794e-02 5.308834829121e+00 2.246677541705e-02 1.428011903539e+05 1.373384715983e+05 1.072474464714e+05 3.372516799268e+03 5.879042996485e+02 2.600000000000e+06 1.136189528581e+05 4.714384000000e+03 1.885753600000e+04 0.000000000000e+00 0.000000000000e+00 0.000000000000e+00 1.237310396624e+00 5.708906582562e-01 6.025502221353e+00 0.000000000000e+00 0.000000000000e+00 0.000000000000e+00 0.000000000000e+00 0.000000000000e+00 
9.385000000000e+00 7.119847084522e-02 5.242148114716e+00 2.248750466124e-02 1.422285726335e+05 1.368804889784e+05 1.071386900979e+05 3.373752878936e+03 5.875899625590e+02 2.600000000000e+06 1.133199024932e+05 4.714384000000e+03 1.885753600000e+04 0.000000000000e+00 0.000000000000e+00 0.000000000000e+00 1.234053738151e+00 5.699920551478e-01 6.009674517849e+00 0.000000000000e+00 0.000000000000e+00 0.000000000000e+00 0.000000000000e+00 0.000000000000e+00 
9.390000000000e+00 7.108645992026e-02 5.182651666805e+00 2.234990037685e-02 1.416702656606e+05 1.364222627318e+05 1.070318603391e+05 3.374987221190e+03 5.872920503136e+02 2.600000000000e+06 1.129995052246e+05 4.714384000000e+03 1.885753600000e+04 0.000000000000e+00 0.000000000000e+00 0.000000000000e+00 1.230564611896e+00 5.690965886064e-01 5.992710141087e+00 0.000000000000e+00 0.000000000000e+00 0.000000000000e+00 0.000000000000e+00 0.000000000000e+00 
9.395000000000e+00 7.097558889580e-02 5.130307928644e+00 2.206990172791e-02 1.411288524165e+05 1.359668740156e+05 1.069276168119e+05 3.376211710001e+03 5.870120793818e+02 2.600000000000e+06 1.126612427347e+05 4.714384000000e+03 1.885753600000e+04 0.000000000000e+00 0.000000000000e+00 0.000000000000e+00 1.226880933381e+00 5.682102395434e-01 5.974793823852e+00 0.000000000000e+00 0.000000000000e+00 0.000000000000e+00 0.000000000000e+00 0.000000000000e+00 
9.400000000000e+00 7.086649841017e-02 5.084953976900e+00 2.167143745365e-02 1.406057348101e+05 1.355170165808e+05 1.068264835779e+05 3.377419411560e+03 5.867509346665e+02 2.600000000000e+06 1.123084974933e+05 4.714384000000e+03 1.885753600000e+04 0.000000000000e+00 0.000000000000e+00 0.000000000000e+00 1.223039537703e+00 5.673381258304e-01 5.956105098328e+00 0.000000000000e+00 0.000000000000e+00 0.000000000000e+00 0.000000000000e+00 0.000000000000e+00 
9.405000000000e+00 7.075968285268e-02 5.046251786056e+00 2.118793092509e-02 1.401007972495e+05 1.350748187865e+05 1.067288214600e+05 3.378605086043e+03 5.865088693200e+02 2.600000000000e+06 1.119445019246e+05 4.714384000000e+03 1.885753600000e+04 0.000000000000e+00 0.000000000000e+00 0.000000000000e+00 1.219075625959e+00 5.664841559336e-01 5.936815616865e+00 0.000000000000e+00 0.000000000000e+00 0.000000000000e+00 0.000000000000e+00 0.000000000000e+00 
9.410000000000e+00 7.065542907937e-02 5.013618514968e+00 2.066630581805e-02 1.396117617790e+05 1.346415754985e+05 1.066347844792e+05 3.379765984947e+03 5.862854890298e+02 2.600000000000e+06 1.115722636614e+05 4.714384000000e+03 1.885753600000e+04 0.000000000000e+00 0.000000000000e+00 0.000000000000e+00 1.215021951273e+00 5.656505416129e-01 5.917085230533e+00 0.000000000000e+00 0.000000000000e+00 0.000000000000e+00 0.000000000000e+00 0.000000000000e+00 
9.415000000000e+00 7.055372648023e-02 4.986120431536e+00 2.017441443466e-02 1.391331163413e+05 1.342173548697e+05 1.065442544046e+05 3.380903044589e+03 5.860797159693e+02 2.600000000000e+06 1.111944609545e+05 4.714384000000e+03 1.885753600000e+04 0.000000000000e+00 0.000000000000e+00 0.000000000000e+00 1.210907679795e+00 5.648370783587e-01 5.897056486112e+00 0.000000000000e+00 0.000000000000e+00 0.000000000000e+00 0.000000000000e+00 0.000000000000e+00 
9.420000000000e+00 7.045414623676e-02 4.962332411544e+00 1.980820340561e-02 1.386548984516e+05 1.338004686006e+05 1.064567530777e+05 3.382022443332e+03 5.858897443202e+02 2.600000000000e+06 1.108132950785e+05 4.714384000000e+03 1.885753600000e+04 0.000000000000e+00 0.000000000000e+00 0.000000000000e+00 1.206756783405e+00 5.640401614162e-01 5.876846864896e+00 0.000000000000e+00 0.000000000000e+00 0.000000000000e+00 0.000000000000e+00 0.000000000000e+00 
9.425000000000e+00 7.035567879538e-02 4.940163339363e+00 1.968945054507e-02 1.381620196421e+05 1.333867567392e+05 1.063713248244e+05 3.383137495891e+03 5.857129866216e+02 2.600000000000e+06 1.104302812558e+05 4.714384000000e+03 1.885753600000e+04 0.000000000000e+00 0.000000000000e+00 0.000000000000e+00 1.202585762875e+00 5.632515845721e-01 5.856537795718e+00 0.000000000000e+00 0.000000000000e+00 0.000000000000e+00 0.000000000000e+00 0.000000000000e+00 
9.430000000000e+00 7.025671418501e-02 4.916929126269e+00 1.993752486887e-02 1.376364240118e+05 1.329694619214e+05 1.062865494034e+05 3.384268503899e+03 5.855463455425e+02 2.600000000000e+06 1.100459919321e+05 4.714384000000e+03 1.885753600000e+04 0.000000000000e+00 0.000000000000e+00 0.000000000000e+00 1.198400852140e+00 5.624584404026e-01 5.836161032741e+00 0.000000000000e+00 0.000000000000e+00 0.000000000000e+00 0.000000000000e+00 0.000000000000e+00 
9.435000000000e+00 7.015509941959e-02 4.889452990848e+00 2.065674122073e-02 1.370583890098e+05 1.325394265127e+05 1.062006210407e+05 3.385441998575e+03 5.853866183732e+02 2.600000000000e+06 1.096598304907e+05 4.714384000000e+03 1.885753600000e+04 0.000000000000e+00 0.000000000000e+00 0.000000000000e+00 1.194195554043e+00 5.616434218343e-01 5.815686638516e+00 0.000000000000e+00 0.000000000000e+00 0.000000000000e+00 0.000000000000e+00 0.000000000000e+00 
9.440000000000e+00 7.004846487680e-02 4.854534405486e+00 2.188128734865e-02 1.364126652196e+05 1.320864328991e+05 1.061116499224e+05 3.386686156965e+03 5.852312758277e+02 2.600000000000e+06 1.092698767561e+05 4.714384000000e+03 1.885753600000e+04 0.000000000000e+00 0.000000000000e+00 0.000000000000e+00 1.189948957874e+00 5.607871762940e-01 5.795014505170e+00 0.000000000000e+00 0.000000000000e+00 0.000000000000e+00 0.000000000000e+00 0.000000000000e+00 
9.445000000000e+00 6.993436080920e-02 4.809554026835e+00 2.356853125822e-02 1.356897479744e+05 1.315997535658e+05 1.060177922076e+05 3.388029181931e+03 5.850788332434e+02 2.600000000000e+06 1.088730047465e+05 4.714384000000e+03 1.885753600000e+04 0.000000000000e+00 0.000000000000e+00 0.000000000000e+00 1.185627021689e+00 5.598705243354e-01 5.773980332129e+00 0.000000000000e+00 0.000000000000e+00 0.000000000000e+00 0.000000000000e+00 0.000000000000e+00 
9.450000000000e+00 6.981095261875e-02 4.753285572389e+00 2.553925727909e-02 1.348943927225e+05 1.310711031699e+05 1.059178253754e+05 3.389490268134e+03 5.849298239330e+02 2.600000000000e+06 1.084651879604e+05 4.714384000000e+03 1.885753600000e+04 0.000000000000e+00 0.000000000000e+00 0.000000000000e+00 1.181185896889e+00 5.588794819544e-01 5.752371447074e+00 0.000000000000e+00 0.000000000000e+00 0.000000000000e+00 0.000000000000e+00 0.000000000000e+00 
9.455000000000e+00 6.967760617031e-02 4.686529557447e+00 2.751257101864e-02 1.340459248768e+05 1.304971926903e+05 1.058115845492e+05 3.391073284753e+03 5.847871271243e+02 2.600000000000e+06 1.080421346152e+05 4.714384000000e+03 1.885753600000e+04 0.000000000000e+00 0.000000000000e+00 0.000000000000e+00 1.176578845959e+00 5.578097657486e-01 5.729960091285e+00 0.000000000000e+00 0.000000000000e+00 0.000000000000e+00 0.000000000000e+00 0.000000000000e+00 
9.460000000000e+00 6.953524412109e-02 4.612319316046e+00 2.916410436115e-02 1.331754864977e+05 1.298813798551e+05 1.057001643753e+05 3.392763320744e+03 5.846555108504e+02 2.600000000000e+06 1.076001388430e+05 4.714384000000e+03 1.885753600000e+04 0.000000000000e+00 0.000000000000e+00 0.000000000000e+00 1.171765512000e+00 5.566694339120e-01 5.706548384861e+00 0.000000000000e+00 0.000000000000e+00 0.000000000000e+00 0.000000000000e+00 0.000000000000e+00 
9.465000000000e+00 6.938633357102e-02 4.535536662175e+00 3.019810312165e-02 1.323201985725e+05 1.292337913438e+05 1.055857949399e+05 3.394527630428e+03 5.845404373097e+02 2.600000000000e+06 1.071369440074e+05 4.714384000000e+03 1.885753600000e+04 0.000000000000e+00 0.000000000000e+00 0.000000000000e+00 1.166721320241e+00 5.554786396447e-01 5.682014250866e+00 0.000000000000e+00 0.000000000000e+00 0.000000000000e+00 0.000000000000e+00 0.000000000000e+00 
9.470000000000e+00 6.923456129747e-02 4.462109606852e+00 3.042024220339e-02 1.315155220325e+05 1.285701031196e+05 1.054714757980e+05 3.396320254769e+03 5.844465924121e+02 2.600000000000e+06 1.066524083079e+05 4.714384000000e+03 1.885753600000e+04 0.000000000000e+00 0.000000000000e+00 0.000000000000e+00 1.161444726473e+00 5.542669027709e-01 5.656347073304e+00 0.000000000000e+00 0.000000000000e+00 0.000000000000e+00 0.000000000000e+00 0.000000000000e+00 
9.475000000000e+00 6.908417066529e-02 4.397858155943e+00 2.977254801458e-02 1.307888357934e+05 1.279087912953e+05 1.053603950091e+05 3.398090131113e+03 5.843766070887e+02 2.600000000000e+06 1.061487903694e+05 4.714384000000e+03 1.885753600000e+04 0.000000000000e+00 0.000000000000e+00 0.000000000000e+00 1.155960327123e+00 5.530678540662e-01 5.629663461834e+00 0.000000000000e+00 0.000000000000e+00 0.000000000000e+00 0.000000000000e+00 0.000000000000e+00 
9.480000000000e+00 6.893940007419e-02 4.347617290661e+00 2.831636494512e-02 1.301577445363e+05 1.272687210194e+05 1.052554941917e+05 3.399787371531e+03 5.843305604661e+02 2.600000000000e+06 1.056305931452e+05 4.714384000000e+03 1.885753600000e+04 0.000000000000e+00 0.000000000000e+00 0.000000000000e+00 1.150317159351e+00 5.519146960679e-01 5.602199500410e+00 0.000000000000e+00 0.000000000000e+00 0.000000000000e+00 0.000000000000e+00 0.000000000000e+00 
9.485000000000e+00 6.880405549999e-02 4.314565869580e+00 2.621027494676e-02 1.296294906070e+05 1.266672244298e+05 1.051591920135e+05 3.401368100686e+03 5.843061698261e+02 2.600000000000e+06 1.051040061793e+05 4.714384000000e+03 1.885753600000e+04 0.000000000000e+00 0.000000000000e+00 0.000000000000e+00 1.144582627293e+00 5.508365594337e-01 5.574281613004e+00 0.000000000000e+00 0.000000000000e+00 0.000000000000e+00 0.000000000000e+00 0.000000000000e+00 
9.490000000000e+00 6.868058295258e-02 4.299773185910e+00 2.373143557693e-02 1.291941436970e+05 1.261158581870e+05 1.050728033595e+05 3.402806256196e+03 5.842994419744e+02 2.600000000000e+06 1.045762764976e+05 4.714384000000e+03 1.885753600000e+04 0.000000000000e+00 0.000000000000e+00 0.000000000000e+00 1.138835651059e+00 5.498527330457e-01 5.546293172120e+00 0.000000000000e+00 0.000000000000e+00 0.000000000000e+00 0.000000000000e+00 0.000000000000e+00 
9.495000000000e+00 6.857004706929e-02 4.302278831715e+00 2.113177427758e-02 1.288364284628e+05 1.256201181736e+05 1.049966347852e+05 3.404091750067e+03 5.843058345429e+02 2.600000000000e+06 1.040548523491e+05 4.714384000000e+03 1.885753600000e+04 0.000000000000e+00 0.000000000000e+00 0.000000000000e+00 1.133157342082e+00 5.489714778397e-01 5.518629495151e+00 0.000000000000e+00 0.000000000000e+00 0.000000000000e+00 0.000000000000e+00 0.000000000000e+00 
9.500000000000e+00 6.847234396548e-02 4.319570572797e+00 1.862744225028e-02 1.285377554888e+05 1.251802374402e+05 1.049302159560e+05 3.405228059942e+03 5.843211462063e+02 2.600000000000e+06 1.035465383010e+05 4.714384000000e+03 1.885753600000e+04 0.000000000000e+00 0.000000000000e+00 0.000000000000e+00 1.127621802098e+00 5.481919851964e-01 5.491652706787e+00 0.000000000000e+00 0.000000000000e+00 0.000000000000e+00 0.000000000000e+00 0.000000000000e+00 
9.505000000000e+00 6.838656843056e-02 4.348372465490e+00 1.634254055403e-02 1.282829565448e+05 1.247927404927e+05 1.048725985587e+05 3.406226984333e+03 5.843419909994e+02 2.600000000000e+06 1.030569281312e+05 4.714384000000e+03 1.885753600000e+04 0.000000000000e+00 0.000000000000e+00 0.000000000000e+00 1.122289947348e+00 5.475070801455e-01 5.465661266045e+00 0.000000000000e+00 0.000000000000e+00 0.000000000000e+00 0.000000000000e+00 0.000000000000e+00 
9.510000000000e+00 6.831127864368e-02 4.385089154806e+00 1.437529457469e-02 1.280561598237e+05 1.244515948044e+05 1.048225530122e+05 3.407106691149e+03 5.843659436413e+02 2.600000000000e+06 1.025901558431e+05 4.714384000000e+03 1.885753600000e+04 0.000000000000e+00 0.000000000000e+00 0.000000000000e+00 1.117206797132e+00 5.469051663063e-01 5.440876416956e+00 0.000000000000e+00 0.000000000000e+00 0.000000000000e+00 0.000000000000e+00 0.000000000000e+00 
9.515000000000e+00 6.824472102706e-02 4.426194046372e+00 1.276691072906e-02 1.278446426938e+05 1.241492193352e+05 1.047787192681e+05 3.407888433960e+03 5.843914892721e+02 2.600000000000e+06 1.021488105028e+05 4.714384000000e+03 1.885753600000e+04 0.000000000000e+00 0.000000000000e+00 0.000000000000e+00 1.112400546375e+00 5.463723272828e-01 5.417437485978e+00 0.000000000000e+00 0.000000000000e+00 0.000000000000e+00 0.000000000000e+00 0.000000000000e+00 
9.520000000000e+00 6.818504416882e-02 4.468519894194e+00 1.152594213871e-02 1.276379241120e+05 1.238774662517e+05 1.047397395214e+05 3.408594348851e+03 5.844178590057e+02 2.600000000000e+06 1.017340136273e+05 4.714384000000e+03 1.885753600000e+04 0.000000000000e+00 0.000000000000e+00 0.000000000000e+00 1.107883408401e+00 5.458940565132e-01 5.395405791516e+00 0.000000000000e+00 0.000000000000e+00 0.000000000000e+00 0.000000000000e+00 0.000000000000e+00 
9.525000000000e+00 6.813047225332e-02 4.509458356380e+00 1.062681657121e-02 1.274288157938e+05 1.236284307387e+05 1.047043591001e+05 3.409245260303e+03 5.844448239507e+02 2.600000000000e+06 1.013456029432e+05 4.714384000000e+03 1.885753600000e+04 0.000000000000e+00 0.000000000000e+00 0.000000000000e+00 1.103653616051e+00 5.454563908566e-01 5.374774275585e+00 0.000000000000e+00 0.000000000000e+00 0.000000000000e+00 0.000000000000e+00 0.000000000000e+00 
9.530000000000e+00 6.807941411873e-02 4.547038929205e+00 1.002412945049e-02 1.272127899212e+05 1.233949712903e+05 1.046714843228e+05 3.409859551224e+03 5.844725056272e+02 2.600000000000e+06 1.009823865815e+05 4.714384000000e+03 1.885753600000e+04 0.000000000000e+00 0.000000000000e+00 0.000000000000e+00 1.099698189873e+00 5.450467981260e-01 5.355480923332e+00 0.000000000000e+00 0.000000000000e+00 0.000000000000e+00 0.000000000000e+00 0.000000000000e+00 
9.535000000000e+00 6.803057228495e-02 4.579990621292e+00 9.661358684212e-03 1.269878127121e+05 1.231712295409e+05 1.046402411222e+05 3.410451936451e+03 5.845011937839e+02 2.600000000000e+06 1.006424312060e+05 4.714384000000e+03 1.885753600000e+04 0.000000000000e+00 0.000000000000e+00 0.000000000000e+00 1.095996075834e+00 5.446550209468e-01 5.337423995118e+00 0.000000000000e+00 0.000000000000e+00 0.000000000000e+00 0.000000000000e+00 0.000000000000e+00 
9.540000000000e+00 6.798290920659e-02 4.607593587968e+00 9.485578456360e-03 1.267529151760e+05 1.229524943408e+05 1.046099436221e+05 3.411034100342e+03 5.845312611621e+02 2.600000000000e+06 1.003233448129e+05 4.714384000000e+03 1.885753600000e+04 0.000000000000e+00 0.000000000000e+00 0.000000000000e+00 1.092521225012e+00 5.442729211474e-01 5.320477101409e+00 0.000000000000e+00 0.000000000000e+00 0.000000000000e+00 0.000000000000e+00 0.000000000000e+00 
9.545000000000e+00 6.793564594797e-02 4.629594089278e+00 9.450479826233e-03 1.265079264373e+05 1.227352095075e+05 1.045800861182e+05 3.411614737638e+03 5.845630875009e+02 2.600000000000e+06 1.000225002689e+05 4.714384000000e+03 1.885753600000e+04 0.000000000000e+00 0.000000000000e+00 0.000000000000e+00 1.089245027928e+00 5.438943336796e-01 5.304501113195e+00 0.000000000000e+00 0.000000000000e+00 0.000000000000e+00 0.000000000000e+00 0.000000000000e+00 
9.550000000000e+00 6.788830856778e-02 4.646100481102e+00 9.502987730151e-03 1.262548611496e+05 1.225171992573e+05 1.045503662000e+05 3.412198714837e+03 5.845969619049e+02 2.600000000000e+06 9.973722251560e+04 4.714384000000e+03 1.885753600000e+04 0.000000000000e+00 0.000000000000e+00 0.000000000000e+00 1.086138353195e+00 5.435151240046e-01 5.289354109568e+00 0.000000000000e+00 0.000000000000e+00 0.000000000000e+00 0.000000000000e+00 0.000000000000e+00 
9.555000000000e+00 6.784053284441e-02 4.657487334542e+00 9.618133731306e-03 1.259939153538e+05 1.222967790104e+05 1.045205571020e+05 3.412790083213e+03 5.846331681946e+02 2.600000000000e+06 9.946496558306e+04 4.714384000000e+03 1.885753600000e+04 0.000000000000e+00 0.000000000000e+00 0.000000000000e+00 1.083173475200e+00 5.431323717020e-01 5.274900844898e+00 0.000000000000e+00 0.000000000000e+00 0.000000000000e+00 0.000000000000e+00 0.000000000000e+00 
9.560000000000e+00 6.779209913950e-02 4.664303614230e+00 9.762606899874e-03 1.257267629001e+05 1.220729209447e+05 1.044905270950e+05 3.413390980571e+03 5.846719330711e+02 2.600000000000e+06 9.920339240061e+04 4.714384000000e+03 1.885753600000e+04 0.000000000000e+00 0.000000000000e+00 0.000000000000e+00 1.080324943243e+00 5.427443994334e-01 5.261017065969e+00 0.000000000000e+00 0.000000000000e+00 0.000000000000e+00 0.000000000000e+00 0.000000000000e+00 
9.565000000000e+00 6.774293590927e-02 4.667211348507e+00 9.909664364957e-03 1.254553017416e+05 1.218452759996e+05 1.044602388558e+05 3.414001844598e+03 5.847133929521e+02 2.600000000000e+06 9.895043600000e+04 4.714384000000e+03 1.885753600000e+04 0.000000000000e+00 0.000000000000e+00 0.000000000000e+00 1.077570248040e+00 5.423506762481e-01 5.247592774899e+00 0.000000000000e+00 0.000000000000e+00 0.000000000000e+00 0.000000000000e+00 0.000000000000e+00 
9.570000000000e+00 6.769308311376e-02 4.666914507064e+00 1.004040655788e-02 1.251813522295e+05 1.216140100772e+05 1.044297242502e+05 3.414621876773e+03 5.847575958043e+02 2.600000000000e+06 9.870433674644e+04 4.714384000000e+03 1.885753600000e+04 0.000000000000e+00 0.000000000000e+00 0.000000000000e+00 1.074890227169e+00 5.419515361612e-01 5.234534239939e+00 0.000000000000e+00 0.000000000000e+00 0.000000000000e+00 0.000000000000e+00 0.000000000000e+00 
9.575000000000e+00 6.764265815297e-02 4.664109057789e+00 1.014190498936e-02 1.249066376824e+05 1.213796503728e+05 1.043990614628e+05 3.415249421540e+03 5.848045093523e+02 2.600000000000e+06 9.846365286747e+04 4.714384000000e+03 1.885753600000e+04 0.000000000000e+00 0.000000000000e+00 0.000000000000e+00 1.072269179727e+00 5.415479185690e-01 5.221764586236e+00 0.000000000000e+00 0.000000000000e+00 0.000000000000e+00 0.000000000000e+00 0.000000000000e+00 
9.580000000000e+00 6.759182676821e-02 4.659444297573e+00 1.020712506704e-02 1.246326366409e+05 1.211429532418e+05 1.043683559022e+05 3.415882319774e+03 5.848540328270e+02 2.600000000000e+06 9.822725067993e+04 4.714384000000e+03 1.885753600000e+04 0.000000000000e+00 0.000000000000e+00 0.000000000000e+00 1.069694759904e+00 5.411411380303e-01 5.209223300389e+00 0.000000000000e+00 0.000000000000e+00 0.000000000000e+00 0.000000000000e+00 0.000000000000e+00 
9.585000000000e+00 6.754077592152e-02 4.653493153050e+00 1.023392679453e-02 1.243605240960e+05 1.209047798396e+05 1.043377229900e+05 3.416518224087e+03 5.849060142575e+02 2.600000000000e+06 9.799427923620e+04 4.714384000000e+03 1.885753600000e+04 0.000000000000e+00 0.000000000000e+00 0.000000000000e+00 1.067157700882e+00 5.407326730791e-01 5.196864904172e+00 0.000000000000e+00 0.000000000000e+00 0.000000000000e+00 0.000000000000e+00 0.000000000000e+00 
9.590000000000e+00 6.748969329166e-02 4.646736505940e+00 1.022371068745e-02 1.240911779937e+05 1.206660012665e+05 1.043072755557e+05 3.417154828204e+03 5.849602679443e+02 2.600000000000e+06 9.776413396650e+04 4.714384000000e+03 1.885753600000e+04 0.000000000000e+00 0.000000000000e+00 0.000000000000e+00 1.064651418895e+00 5.403240052205e-01 5.184657037434e+00 0.000000000000e+00 0.000000000000e+00 0.000000000000e+00 0.000000000000e+00 0.000000000000e+00 
9.595000000000e+00 6.743875252812e-02 4.639557657505e+00 1.018048942758e-02 1.238251795758e+05 1.204274295566e+05 1.042771151502e+05 3.417790034496e+03 5.850165911327e+02 2.600000000000e+06 9.753641499373e+04 4.714384000000e+03 1.885753600000e+04 0.000000000000e+00 0.000000000000e+00 0.000000000000e+00 1.062171559282e+00 5.399165032396e-01 5.172578251441e+00 0.000000000000e+00 0.000000000000e+00 0.000000000000e+00 0.000000000000e+00 0.000000000000e+00 
9.600000000000e+00 6.738810132040e-02 4.632240933715e+00 1.011035983984e-02 1.235627941101e+05 1.201897610377e+05 1.042473253823e+05 3.418422095297e+03 5.850747814923e+02 2.600000000000e+06 9.731088383449e+04 4.714384000000e+03 1.885753600000e+04 0.000000000000e+00 0.000000000000e+00 0.000000000000e+00 1.059715524958e+00 5.395113288573e-01 5.160615713835e+00 0.000000000000e+00 0.000000000000e+00 0.000000000000e+00 0.000000000000e+00 0.000000000000e+00 
9.605000000000e+00 6.733785470951e-02 4.624978485498e+00 1.002021358419e-02 1.233040453183e+05 1.199535436766e+05 1.042179685973e+05 3.419049675979e+03 5.851346514317e+02 2.600000000000e+06 9.708742054826e+04 4.714384000000e+03 1.885753600000e+04 0.000000000000e+00 0.000000000000e+00 0.000000000000e+00 1.057282009771e+00 5.391093860854e-01 5.148762933427e+00 0.000000000000e+00 0.000000000000e+00 0.000000000000e+00 0.000000000000e+00 0.000000000000e+00 
9.610000000000e+00 6.728809264575e-02 4.617881409455e+00 9.917224114037e-03 1.230487456696e+05 1.197191640651e+05 1.041890851581e+05 3.419671879551e+03 5.851960387300e+02 2.600000000000e+06 9.686598466988e+04 4.714384000000e+03 1.885753600000e+04 0.000000000000e+00 0.000000000000e+00 0.000000000000e+00 1.054870573055e+00 5.387113013639e-01 5.137017682162e+00 0.000000000000e+00 0.000000000000e+00 0.000000000000e+00 0.000000000000e+00 0.000000000000e+00 
9.615000000000e+00 6.723885975239e-02 4.610992058420e+00 9.808438872808e-03 1.227965295317e+05 1.194868447033e+05 1.041606940295e+05 3.420288245614e+03 5.852588147209e+02 2.600000000000e+06 9.664658123664e+04 4.714384000000e+03 1.885753600000e+04 0.000000000000e+00 0.000000000000e+00 0.000000000000e+00 1.052481269667e+00 5.383174206210e-01 5.125380186458e+00 0.000000000000e+00 0.000000000000e+00 0.000000000000e+00 0.000000000000e+00 0.000000000000e+00 
9.620000000000e+00 6.719016672717e-02 4.604296724607e+00 9.700390270100e-03 1.225468936617e+05 1.192566490438e+05 1.041327942727e+05 3.420898728936e+03 5.853228900554e+02 2.600000000000e+06 9.642923231291e+04 4.714384000000e+03 1.885753600000e+04 0.000000000000e+00 0.000000000000e+00 0.000000000000e+00 1.050114339888e+00 5.379278244667e-01 5.113851609812e+00 0.000000000000e+00 0.000000000000e+00 0.000000000000e+00 0.000000000000e+00 0.000000000000e+00 
9.625000000000e+00 6.714199440152e-02 4.597740144022e+00 9.598655012667e-03 1.222992566165e+05 1.190284992421e+05 1.041053679865e+05 3.421503643281e+03 5.853882161420e+02 2.600000000000e+06 9.621395435130e+04 4.714384000000e+03 1.885753600000e+04 0.000000000000e+00 0.000000000000e+00 0.000000000000e+00 1.047769962886e+00 5.375423553778e-01 5.102432844070e+00 0.000000000000e+00 0.000000000000e+00 0.000000000000e+00 0.000000000000e+00 0.000000000000e+00 
9.630000000000e+00 6.709429802156e-02 4.591237653237e+00 9.507992182564e-03 1.220529693322e+05 1.188021952055e+05 1.040783832540e+05 3.422103612479e+03 5.854547849955e+02 2.600000000000e+06 9.600074169216e+04 4.714384000000e+03 1.885753600000e+04 0.000000000000e+00 0.000000000000e+00 0.000000000000e+00 1.045448077028e+00 5.371606535759e-01 5.091123626803e+00 0.000000000000e+00 0.000000000000e+00 0.000000000000e+00 0.000000000000e+00 0.000000000000e+00 
9.635000000000e+00 6.704701195743e-02 4.584686379065e+00 9.432108396978e-03 1.218073605126e+05 1.185774359260e+05 1.040517972159e+05 3.422699508709e+03 5.855226272088e+02 2.600000000000e+06 9.578955523083e+04 4.714384000000e+03 1.885753600000e+04 0.000000000000e+00 0.000000000000e+00 0.000000000000e+00 1.043148256464e+00 5.367821946047e-01 5.079921933913e+00 0.000000000000e+00 0.000000000000e+00 0.000000000000e+00 0.000000000000e+00 0.000000000000e+00 
9.640000000000e+00 6.700005500794e-02 4.577975457639e+00 9.373646109672e-03 1.215617659761e+05 1.183538439076e+05 1.040255593586e+05 3.423292386784e+03 5.855918077685e+02 2.600000000000e+06 9.558031587947e+04 4.714384000000e+03 1.885753600000e+04 0.000000000000e+00 0.000000000000e+00 0.000000000000e+00 1.040869639927e+00 5.364063310853e-01 5.068823626800e+00 0.000000000000e+00 0.000000000000e+00 0.000000000000e+00 0.000000000000e+00 0.000000000000e+00 
9.645000000000e+00 6.695333568034e-02 4.570994604783e+00 9.334226242919e-03 1.213155532579e+05 1.181309897499e+05 1.039996146694e+05 3.423883419174e+03 5.856624205978e+02 2.600000000000e+06 9.537290226224e+04 4.714384000000e+03 1.885753600000e+04 0.000000000000e+00 0.000000000000e+00 0.000000000000e+00 1.038610905636e+00 5.360323343887e-01 5.057822324972e+00 0.000000000000e+00 0.000000000000e+00 0.000000000000e+00 0.000000000000e+00 0.000000000000e+00 
9.650000000000e+00 6.690675707830e-02 4.563641098211e+00 9.314535737419e-03 1.210681402939e+05 1.179084151187e+05 1.039739064659e+05 3.424473836282e+03 5.857345824878e+02 2.600000000000e+06 9.516715191869e+04 4.714384000000e+03 1.885753600000e+04 0.000000000000e+00 0.000000000000e+00 0.000000000000e+00 1.036370284394e+00 5.356594337836e-01 5.046909465669e+00 0.000000000000e+00 0.000000000000e+00 0.000000000000e+00 0.000000000000e+00 0.000000000000e+00 
9.655000000000e+00 6.686022022516e-02 4.555822870068e+00 9.314729449622e-03 1.208189782939e+05 1.176856484545e+05 1.039483782725e+05 3.425064891937e+03 5.858084284699e+02 2.600000000000e+06 9.496286510475e+04 4.714384000000e+03 1.885753600000e+04 0.000000000000e+00 0.000000000000e+00 0.000000000000e+00 1.034145600991e+00 5.352868422252e-01 5.036074503094e+00 0.000000000000e+00 0.000000000000e+00 0.000000000000e+00 0.000000000000e+00 0.000000000000e+00 
9.660000000000e+00 6.681362740639e-02 4.547461797881e+00 9.334269433277e-03 1.205675838632e+05 1.174622209238e+05 1.039229756458e+05 3.425657817985e+03 5.858841064727e+02 2.600000000000e+06 9.475980983804e+04 4.714384000000e+03 1.885753600000e+04 0.000000000000e+00 0.000000000000e+00 0.000000000000e+00 1.031934329136e+00 5.349137814957e-01 5.025305174275e+00 0.000000000000e+00 0.000000000000e+00 0.000000000000e+00 0.000000000000e+00 0.000000000000e+00 
9.665000000000e+00 6.676688478576e-02 4.538495196926e+00 9.372132396769e-03 1.203135351253e+05 1.172376790311e+05 1.038976475486e+05 3.426253794610e+03 5.859617725285e+02 2.600000000000e+06 9.455772812535e+04 4.714384000000e+03 1.885753600000e+04 0.000000000000e+00 0.000000000000e+00 0.000000000000e+00 1.029733659285e+00 5.345395054054e-01 5.014587828228e+00 0.000000000000e+00 0.000000000000e+00 0.000000000000e+00 0.000000000000e+00 0.000000000000e+00 
9.670000000000e+00 6.671990473012e-02 4.528876837236e+00 9.426944388476e-03 1.200564726322e+05 1.170115959445e+05 1.038723475209e+05 3.426853922810e+03 5.860415859728e+02 2.600000000000e+06 9.435634281399e+04 4.714384000000e+03 1.885753600000e+04 0.000000000000e+00 0.000000000000e+00 0.000000000000e+00 1.027540573244e+00 5.341633171039e-01 5.003907788598e+00 0.000000000000e+00 0.000000000000e+00 0.000000000000e+00 0.000000000000e+00 0.000000000000e+00 
9.675000000000e+00 6.667260692656e-02 4.518575976980e+00 9.497155515910e-03 1.197960902674e+05 1.167835771016e+05 1.038470341673e+05 3.427459212843e+03 5.861237063105e+02 2.600000000000e+06 9.415536453157e+04 4.714384000000e+03 1.885753600000e+04 0.000000000000e+00 0.000000000000e+00 0.000000000000e+00 1.025351919749e+00 5.337845775430e-01 4.993249722104e+00 0.000000000000e+00 0.000000000000e+00 0.000000000000e+00 0.000000000000e+00 0.000000000000e+00 
9.680000000000e+00 6.662491912635e-02 4.507576157877e+00 9.581094261155e-03 1.195321346775e+05 1.165532640623e+05 1.038216714291e+05 3.428070575135e+03 5.862082905518e+02 2.600000000000e+06 9.395449814901e+04 4.714384000000e+03 1.885753600000e+04 0.000000000000e+00 0.000000000000e+00 0.000000000000e+00 1.023164484843e+00 5.334027116475e-01 4.982597981978e+00 0.000000000000e+00 0.000000000000e+00 0.000000000000e+00 0.000000000000e+00 0.000000000000e+00 
9.685000000000e+00 6.657677751313e-02 4.495873629752e+00 9.677069450196e-03 1.192643984885e+05 1.163203365784e+05 1.037962286471e+05 3.428688816823e+03 5.862954911020e+02 2.600000000000e+06 9.375344864890e+04 4.714384000000e+03 1.885753600000e+04 0.000000000000e+00 0.000000000000e+00 0.000000000000e+00 1.020975055787e+00 5.330172111840e-01 4.971936920057e+00 0.000000000000e+00 0.000000000000e+00 0.000000000000e+00 0.000000000000e+00 0.000000000000e+00 
9.690000000000e+00 6.652812662867e-02 4.483475443847e+00 9.783406666264e-03 1.189927168804e+05 1.160845125374e+05 1.037706803861e+05 3.429314642727e+03 5.863854544103e+02 2.600000000000e+06 9.355192621170e+04 4.714384000000e+03 1.885753600000e+04 0.000000000000e+00 0.000000000000e+00 0.000000000000e+00 1.018780476445e+00 5.326276344005e-01 4.961251157629e+00 0.000000000000e+00 0.000000000000e+00 0.000000000000e+00 0.000000000000e+00 0.000000000000e+00 
9.695000000000e+00 6.647891928802e-02 4.470397838698e+00 9.898470607670e-03 1.187169653357e+05 1.158455478578e+05 1.037450062579e+05 3.429948656207e+03 5.864783196559e+02 2.600000000000e+06 9.334965048661e+04 4.714384000000e+03 1.885753600000e+04 0.000000000000e+00 0.000000000000e+00 0.000000000000e+00 1.016577693799e+00 5.322336053487e-01 4.950525812916e+00 0.000000000000e+00 0.000000000000e+00 0.000000000000e+00 0.000000000000e+00 0.000000000000e+00 
9.700000000000e+00 6.642911625287e-02 4.456664543687e+00 1.002070528991e-02 1.184370545009e+05 1.156032352097e+05 1.037191906185e+05 3.430591363455e+03 5.865742179139e+02 2.600000000000e+06 9.314635411344e+04 4.714384000000e+03 1.885753600000e+04 0.000000000000e+00 0.000000000000e+00 0.000000000000e+00 1.014363796295e+00 5.318348113313e-01 4.939746688848e+00 0.000000000000e+00 0.000000000000e+00 0.000000000000e+00 0.000000000000e+00 0.000000000000e+00 
9.705000000000e+00 6.637868587133e-02 4.442305335203e+00 1.014861552707e-02 1.181529300387e+05 1.153574025648e+05 1.036932222550e+05 3.431243177157e+03 5.866732714415e+02 2.600000000000e+06 9.294178549739e+04 4.714384000000e+03 1.885753600000e+04 0.000000000000e+00 0.000000000000e+00 0.000000000000e+00 1.012136044067e+00 5.314310001939e-01 4.928900421144e+00 0.000000000000e+00 0.000000000000e+00 0.000000000000e+00 0.000000000000e+00 0.000000000000e+00 
9.710000000000e+00 6.632760377698e-02 4.427354889244e+00 1.028078562171e-02 1.178645695171e+05 1.151079120286e+05 1.036670941075e+05 3.431904420096e+03 5.867755929031e+02 2.600000000000e+06 9.273571097618e+04 4.714384000000e+03 1.885753600000e+04 0.000000000000e+00 0.000000000000e+00 0.000000000000e+00 1.009891892531e+00 5.310219778426e-01 4.917974593926e+00 0.000000000000e+00 0.000000000000e+00 0.000000000000e+00 0.000000000000e+00 0.000000000000e+00 
9.715000000000e+00 6.627585235388e-02 4.411851450258e+00 1.041591537247e-02 1.175719764831e+05 1.148546575224e+05 1.036408028765e+05 3.432575332119e+03 5.868812851177e+02 2.600000000000e+06 9.252791643824e+04 4.714384000000e+03 1.885753600000e+04 0.000000000000e+00 0.000000000000e+00 0.000000000000e+00 1.007629010012e+00 5.306076039604e-01 4.906957826318e+00 0.000000000000e+00 0.000000000000e+00 0.000000000000e+00 0.000000000000e+00 0.000000000000e+00 
9.720000000000e+00 6.622342016779e-02 4.395835667645e+00 1.055281927050e-02 1.172751775898e+05 1.145975622826e+05 1.036143486226e+05 3.433256076899e+03 5.869904409724e+02 2.600000000000e+06 9.231820836684e+04 4.714384000000e+03 1.885753600000e+04 0.000000000000e+00 0.000000000000e+00 0.000000000000e+00 1.005345289115e+00 5.301877875083e-01 4.895839828526e+00 0.000000000000e+00 0.000000000000e+00 0.000000000000e+00 0.000000000000e+00 0.000000000000e+00 
9.725000000000e+00 6.617030140907e-02 4.379349624429e+00 1.069041796541e-02 1.169742204617e+05 1.143365763970e+05 1.035877343812e+05 3.433946748442e+03 5.871031434162e+02 2.600000000000e+06 9.210641439070e+04 4.714384000000e+03 1.885753600000e+04 0.000000000000e+00 0.000000000000e+00 0.000000000000e+00 1.003038852715e+00 5.297624823318e-01 4.884611431630e+00 0.000000000000e+00 0.000000000000e+00 0.000000000000e+00 0.000000000000e+00 0.000000000000e+00 
9.730000000000e+00 6.611649540901e-02 4.362436124970e+00 1.082772486659e-02 1.166691723864e+05 1.140716746845e+05 1.035609658238e+05 3.434647376595e+03 5.872194653975e+02 2.600000000000e+06 9.189238343816e+04 4.714384000000e+03 1.885753600000e+04 0.000000000000e+00 0.000000000000e+00 0.000000000000e+00 1.000708055642e+00 5.293316833373e-01 4.873264596216e+00 0.000000000000e+00 0.000000000000e+00 0.000000000000e+00 0.000000000000e+00 0.000000000000e+00 
9.735000000000e+00 6.606200618314e-02 4.345138111679e+00 1.096383927604e-02 1.163601185675e+05 1.138028546893e+05 1.035340509407e+05 3.435357932366e+03 5.873394698340e+02 2.600000000000e+06 9.167598559317e+04 4.714384000000e+03 1.885753600000e+04 0.000000000000e+00 0.000000000000e+00 0.000000000000e+00 9.983514831096e-01 5.288954228663e-01 4.861792405094e+00 0.000000000000e+00 0.000000000000e+00 0.000000000000e+00 0.000000000000e+00 0.000000000000e+00 
9.740000000000e+00 6.600684198944e-02 4.327498172421e+00 1.109796564242e-02 1.160471581233e+05 1.135301347335e+05 1.035069997389e+05 3.436078333567e+03 5.874632096368e+02 2.600000000000e+06 9.145711171929e+04 4.714384000000e+03 1.885753600000e+04 0.000000000000e+00 0.000000000000e+00 0.000000000000e+00 9.959679466231e-01 5.284537670934e-01 4.850189043632e+00 0.000000000000e+00 0.000000000000e+00 0.000000000000e+00 0.000000000000e+00 0.000000000000e+00 
9.745000000000e+00 6.595101474878e-02 4.309557896608e+00 1.122940616576e-02 1.157304016866e+05 1.132535512689e+05 1.034798238820e+05 3.436808451805e+03 5.875907281427e+02 2.600000000000e+06 9.123567284468e+04 4.714384000000e+03 1.885753600000e+04 0.000000000000e+00 0.000000000000e+00 0.000000000000e+00 9.935564772785e-01 5.280068114319e-01 4.838449767502e+00 0.000000000000e+00 0.000000000000e+00 0.000000000000e+00 0.000000000000e+00 0.000000000000e+00 
9.750000000000e+00 6.589453969390e-02 4.291357679378e+00 1.135753557817e-02 1.154099718362e+05 1.129731573371e+05 1.034525364518e+05 3.437548116201e+03 5.877220591374e+02 2.600000000000e+06 9.101159934122e+04 4.714384000000e+03 1.885753600000e+04 0.000000000000e+00 0.000000000000e+00 0.000000000000e+00 9.911163168259e-01 5.275546777306e-01 4.826570859300e+00 0.000000000000e+00 0.000000000000e+00 0.000000000000e+00 0.000000000000e+00 0.000000000000e+00 
9.755000000000e+00 6.583743491824e-02 4.272936369264e+00 1.148182337060e-02 1.150859987361e+05 1.126890205165e+05 1.034251516678e+05 3.438297119351e+03 5.878572271946e+02 2.600000000000e+06 9.078484001232e+04 4.714384000000e+03 1.885753600000e+04 0.000000000000e+00 0.000000000000e+00 0.000000000000e+00 9.886469077342e-01 5.270975106480e-01 4.814549580323e+00 0.000000000000e+00 0.000000000000e+00 0.000000000000e+00 0.000000000000e+00 0.000000000000e+00 
9.760000000000e+00 6.577972097076e-02 4.254331046773e+00 1.160181028871e-02 1.147586200964e+05 1.124012210763e+05 1.033976846398e+05 3.439055221859e+03 5.879962480093e+02 2.600000000000e+06 9.055536105329e+04 4.714384000000e+03 1.885753600000e+04 0.000000000000e+00 0.000000000000e+00 0.000000000000e+00 9.861478818703e-01 5.266354744668e-01 4.802384115585e+00 0.000000000000e+00 0.000000000000e+00 0.000000000000e+00 0.000000000000e+00 0.000000000000e+00 
9.765000000000e+00 6.572142038765e-02 4.235576669741e+00 1.171714421029e-02 1.144279754578e+05 1.121098497934e+05 1.033701510982e+05 3.439822158877e+03 5.881391289833e+02 2.600000000000e+06 9.032314493246e+04 4.714384000000e+03 1.885753600000e+04 0.000000000000e+00 0.000000000000e+00 0.000000000000e+00 9.836190483145e-01 5.261687492263e-01 4.790073514597e+00 0.000000000000e+00 0.000000000000e+00 0.000000000000e+00 0.000000000000e+00 0.000000000000e+00 
9.770000000000e+00 6.566255728526e-02 4.216705921080e+00 1.182753629674e-02 1.140942079338e+05 1.118150060500e+05 1.033425671643e+05 3.440597644379e+03 5.882858697753e+02 2.600000000000e+06 9.008818914732e+04 4.714384000000e+03 1.885753600000e+04 0.000000000000e+00 0.000000000000e+00 0.000000000000e+00 9.810603798143e-01 5.256975276226e-01 4.777617625549e+00 0.000000000000e+00 0.000000000000e+00 0.000000000000e+00 0.000000000000e+00 0.000000000000e+00 
9.775000000000e+00 6.560315699940e-02 4.197749077066e+00 1.193277868898e-02 1.137574606829e+05 1.115167961397e+05 1.033149491501e+05 3.441381376043e+03 5.884364628357e+02 2.600000000000e+06 8.985050495456e+04 4.714384000000e+03 1.885753600000e+04 0.000000000000e+00 0.000000000000e+00 0.000000000000e+00 9.784719989552e-01 5.252220120314e-01 4.765017027976e+00 0.000000000000e+00 0.000000000000e+00 0.000000000000e+00 0.000000000000e+00 0.000000000000e+00 
9.780000000000e+00 6.554324567558e-02 4.178733829897e+00 1.203274326801e-02 1.134178747875e+05 1.112153313041e+05 1.032873133459e+05 3.442173040459e+03 5.885908941656e+02 2.600000000000e+06 8.961011605651e+04 4.714384000000e+03 1.885753600000e+04 0.000000000000e+00 0.000000000000e+00 0.000000000000e+00 9.758541638554e-01 5.247424112566e-01 4.752272963158e+00 0.000000000000e+00 0.000000000000e+00 0.000000000000e+00 0.000000000000e+00 0.000000000000e+00 
9.785000000000e+00 6.548284991581e-02 4.159685204262e+00 1.212736448567e-02 1.130755888638e+05 1.109107260276e+05 1.032596758414e+05 3.442972317355e+03 5.887491440346e+02 2.600000000000e+06 8.936705724507e+04 4.714384000000e+03 1.885753600000e+04 0.000000000000e+00 0.000000000000e+00 0.000000000000e+00 9.732072533988e-01 5.242589377446e-01 4.739387262263e+00 0.000000000000e+00 0.000000000000e+00 0.000000000000e+00 0.000000000000e+00 0.000000000000e+00 
9.790000000000e+00 6.542199621236e-02 4.140625088352e+00 1.221670684039e-02 1.127307298350e+05 1.106030952307e+05 1.032320522600e+05 3.443778888274e+03 5.889111883684e+02 2.600000000000e+06 8.912137300989e+04 4.714384000000e+03 1.885753600000e+04 0.000000000000e+00 0.000000000000e+00 0.000000000000e+00 9.705317520777e-01 5.237718028895e-01 4.726362272676e+00 0.000000000000e+00 0.000000000000e+00 0.000000000000e+00 0.000000000000e+00 0.000000000000e+00 
9.795000000000e+00 6.536071155329e-02 4.121573906014e+00 1.230062449331e-02 1.123834470462e+05 1.102925573655e+05 1.032044580318e+05 3.444592422086e+03 5.890769970916e+02 2.600000000000e+06 8.887311614609e+04 4.714384000000e+03 1.885753600000e+04 0.000000000000e+00 0.000000000000e+00 0.000000000000e+00 9.678282348309e-01 5.232812226894e-01 4.713200783602e+00 0.000000000000e+00 0.000000000000e+00 0.000000000000e+00 0.000000000000e+00 0.000000000000e+00 
9.800000000000e+00 6.529902242827e-02 4.102548979306e+00 1.237931974295e-02 1.120338562949e+05 1.099792294210e+05 1.031769079419e+05 3.445412598672e+03 5.892465367544e+02 2.600000000000e+06 8.862234684781e+04 4.714384000000e+03 1.885753600000e+04 0.000000000000e+00 0.000000000000e+00 0.000000000000e+00 9.650973571726e-01 5.227874083028e-01 4.699905978216e+00 0.000000000000e+00 0.000000000000e+00 0.000000000000e+00 0.000000000000e+00 0.000000000000e+00 
9.805000000000e+00 6.523695464522e-02 4.083564988405e+00 1.245290607688e-02 1.116820782620e+05 1.096632259872e+05 1.031494160588e+05 3.446239103118e+03 5.894197711398e+02 2.600000000000e+06 8.836913123361e+04 4.714384000000e+03 1.885753600000e+04 0.000000000000e+00 0.000000000000e+00 0.000000000000e+00 9.623398391340e-01 5.222905658623e-01 4.686481355695e+00 0.000000000000e+00 0.000000000000e+00 0.000000000000e+00 0.000000000000e+00 0.000000000000e+00 
9.810000000000e+00 6.517453335281e-02 4.064634325453e+00 1.252153686878e-02 1.113282269893e+05 1.093446593567e+05 1.031219957586e+05 3.447071627901e+03 5.895966613379e+02 2.600000000000e+06 8.811354016367e+04 4.714384000000e+03 1.885753600000e+04 0.000000000000e+00 0.000000000000e+00 0.000000000000e+00 9.595564523823e-01 5.217908961648e-01 4.672930668122e+00 0.000000000000e+00 0.000000000000e+00 0.000000000000e+00 0.000000000000e+00 0.000000000000e+00 
9.815000000000e+00 6.511178275625e-02 4.045766988280e+00 1.258541612419e-02 1.109724072833e+05 1.090236380548e+05 1.030946596145e+05 3.447909876935e+03 5.897771667080e+02 2.600000000000e+06 8.785564815042e+04 4.714384000000e+03 1.885753600000e+04 0.000000000000e+00 0.000000000000e+00 0.000000000000e+00 9.567480083580e-01 5.212885924528e-01 4.659257862697e+00 0.000000000000e+00 0.000000000000e+00 0.000000000000e+00 0.000000000000e+00 0.000000000000e+00 
9.820000000000e+00 6.504872607667e-02 4.026970898139e+00 1.264473545206e-02 1.106147201831e+05 1.087002665966e+05 1.030674193990e+05 3.448753565002e+03 5.899612452041e+02 2.600000000000e+06 8.759553228810e+04 4.714384000000e+03 1.885753600000e+04 0.000000000000e+00 0.000000000000e+00 0.000000000000e+00 9.539153466174e-01 5.207838402128e-01 4.645467024870e+00 0.000000000000e+00 0.000000000000e+00 0.000000000000e+00 0.000000000000e+00 0.000000000000e+00 
9.825000000000e+00 6.498538550137e-02 4.008252078030e+00 1.269972355717e-02 1.102552581467e+05 1.083746451925e+05 1.030402860826e+05 3.449602419450e+03 5.901488537413e+02 2.600000000000e+06 8.733327134022e+04 4.714384000000e+03 1.885753600000e+04 0.000000000000e+00 0.000000000000e+00 0.000000000000e+00 9.510593248950e-01 5.202768165718e-01 4.631562329745e+00 0.000000000000e+00 0.000000000000e+00 0.000000000000e+00 0.000000000000e+00 0.000000000000e+00 
9.830000000000e+00 6.492178215062e-02 3.989614932614e+00 1.275055057200e-02 1.098941135622e+05 1.080468695327e+05 1.030132698415e+05 3.450456178913e+03 5.903399485296e+02 2.600000000000e+06 8.706894488734e+04 4.714384000000e+03 1.885753600000e+04 0.000000000000e+00 0.000000000000e+00 0.000000000000e+00 9.481808098231e-01 5.197676904751e-01 4.617547996822e+00 0.000000000000e+00 0.000000000000e+00 0.000000000000e+00 0.000000000000e+00 0.000000000000e+00 
9.835000000000e+00 6.485793646670e-02 3.971063026414e+00 1.279735717704e-02 1.095313782753e+05 1.077170327514e+05 1.029863802424e+05 3.451314588736e+03 5.905344841225e+02 2.600000000000e+06 8.680263271861e+04 4.714384000000e+03 1.885753600000e+04 0.000000000000e+00 0.000000000000e+00 0.000000000000e+00 9.452806703057e-01 5.192566253932e-01 4.603428257238e+00 0.000000000000e+00 0.000000000000e+00 0.000000000000e+00 0.000000000000e+00 0.000000000000e+00 
9.840000000000e+00 6.479386812180e-02 3.952599040697e+00 1.284029376708e-02 1.091671394852e+05 1.073852249237e+05 1.029596262199e+05 3.452177403024e+03 5.907324138666e+02 2.600000000000e+06 8.653441443448e+04 4.714384000000e+03 1.885753600000e+04 0.000000000000e+00 0.000000000000e+00 0.000000000000e+00 9.423597731914e-01 5.187437786528e-01 4.589207332638e+00 0.000000000000e+00 0.000000000000e+00 0.000000000000e+00 0.000000000000e+00 0.000000000000e+00 
9.845000000000e+00 6.472959609924e-02 3.934225011549e+00 1.287948862268e-02 1.088014831004e+05 1.070515334547e+05 1.029330161265e+05 3.453044383015e+03 5.909336898292e+02 2.600000000000e+06 8.626436907933e+04 4.714384000000e+03 1.885753600000e+04 0.000000000000e+00 0.000000000000e+00 0.000000000000e+00 9.394189792739e-01 5.182293021304e-01 4.574889415620e+00 0.000000000000e+00 0.000000000000e+00 0.000000000000e+00 0.000000000000e+00 0.000000000000e+00 
9.850000000000e+00 6.466513881242e-02 3.915942580992e+00 1.291504609090e-02 1.084344945771e+05 1.067160436711e+05 1.029065577974e+05 3.453915295501e+03 5.911382625873e+02 2.600000000000e+06 8.599257489449e+04 4.714384000000e+03 1.885753600000e+04 0.000000000000e+00 0.000000000000e+00 0.000000000000e+00 9.364591406010e-01 5.177133430997e-01 4.560478656427e+00 0.000000000000e+00 0.000000000000e+00 0.000000000000e+00 0.000000000000e+00 0.000000000000e+00 
9.855000000000e+00 6.460051415176e-02 3.897753133559e+00 1.294706819342e-02 1.080662571987e+05 1.063788390430e+05 1.028802585825e+05 3.454789912662e+03 5.913460812202e+02 2.600000000000e+06 8.571910915235e+04 4.714384000000e+03 1.885753600000e+04 0.000000000000e+00 0.000000000000e+00 0.000000000000e+00 9.334810986691e-01 5.171960447880e-01 4.545979154136e+00 0.000000000000e+00 0.000000000000e+00 0.000000000000e+00 0.000000000000e+00 0.000000000000e+00 
9.860000000000e+00 6.453573956665e-02 3.879657897948e+00 1.297563158960e-02 1.076968546571e+05 1.060400015930e+05 1.028541253925e+05 3.455668010562e+03 5.915570931774e+02 2.600000000000e+06 8.544404806129e+04 4.714384000000e+03 1.885753600000e+04 0.000000000000e+00 0.000000000000e+00 0.000000000000e+00 9.304856833875e-01 5.166775469622e-01 4.531394951437e+00 0.000000000000e+00 0.000000000000e+00 0.000000000000e+00 0.000000000000e+00 0.000000000000e+00 
9.865000000000e+00 6.447083233816e-02 3.861658467549e+00 1.300071106076e-02 1.073263796826e+05 1.056996133113e+05 1.028281648187e+05 3.456549364010e+03 5.917712434930e+02 2.600000000000e+06 8.516746676313e+04 4.714384000000e+03 1.885753600000e+04 0.000000000000e+00 0.000000000000e+00 0.000000000000e+00 9.274737130504e-01 5.161579882098e-01 4.516730034401e+00 0.000000000000e+00 0.000000000000e+00 0.000000000000e+00 0.000000000000e+00 0.000000000000e+00 
9.870000000000e+00 6.440581010092e-02 3.843757481818e+00 1.302227880826e-02 1.069549278991e+05 1.053577589046e+05 1.028023833456e+05 3.457433741376e+03 5.919884730957e+02 2.600000000000e+06 8.488943956999e+04 4.714384000000e+03 1.885753600000e+04 0.000000000000e+00 0.000000000000e+00 0.000000000000e+00 9.244459969172e-01 5.156375098152e-01 4.501988344517e+00 0.000000000000e+00 0.000000000000e+00 0.000000000000e+00 0.000000000000e+00 0.000000000000e+00 
9.875000000000e+00 6.434068960793e-02 3.825956309743e+00 1.304060423205e-02 1.065825630344e+05 1.050145193119e+05 1.027767868656e+05 3.458320927173e+03 5.922087229699e+02 2.600000000000e+06 8.461004021156e+04 4.714384000000e+03 1.885753600000e+04 0.000000000000e+00 0.000000000000e+00 0.000000000000e+00 9.214033379039e-01 5.151162451606e-01 4.487173792682e+00 0.000000000000e+00 0.000000000000e+00 0.000000000000e+00 0.000000000000e+00 0.000000000000e+00 
9.880000000000e+00 6.427548742172e-02 3.808256907018e+00 1.305550070224e-02 1.062093905482e+05 1.046699753136e+05 1.027513809658e+05 3.459210698178e+03 5.924319319898e+02 2.600000000000e+06 8.432934135742e+04 4.714384000000e+03 1.885753600000e+04 0.000000000000e+00 0.000000000000e+00 0.000000000000e+00 9.183465273823e-01 5.145943279335e-01 4.472290233862e+00 0.000000000000e+00 0.000000000000e+00 0.000000000000e+00 0.000000000000e+00 0.000000000000e+00 
9.885000000000e+00 6.421022116444e-02 3.790663163981e+00 1.306684020472e-02 1.058355172563e+05 1.043242141601e+05 1.027261714163e+05 3.460102816267e+03 5.926580326353e+02 2.600000000000e+06 8.404741516381e+04 4.714384000000e+03 1.885753600000e+04 0.000000000000e+00 0.000000000000e+00 0.000000000000e+00 9.152763511339e-01 5.140718993859e-01 4.457341494536e+00 0.000000000000e+00 0.000000000000e+00 0.000000000000e+00 0.000000000000e+00 0.000000000000e+00 
9.890000000000e+00 6.414490861114e-02 3.773179338948e+00 1.307462183735e-02 1.054610397855e+05 1.039773248313e+05 1.027011638109e+05 3.460997042048e+03 5.928869540073e+02 2.600000000000e+06 8.376433387907e+04 4.714384000000e+03 1.885753600000e+04 0.000000000000e+00 0.000000000000e+00 0.000000000000e+00 9.121935959431e-01 5.135491017421e-01 4.442331405768e+00 0.000000000000e+00 0.000000000000e+00 0.000000000000e+00 0.000000000000e+00 0.000000000000e+00 
9.895000000000e+00 6.407956807553e-02 3.755809769425e+00 1.307886547421e-02 1.050860566348e+05 1.036294001132e+05 1.026763637144e+05 3.461893127495e+03 5.931186204589e+02 2.600000000000e+06 8.348016993248e+04 4.714384000000e+03 1.885753600000e+04 0.000000000000e+00 0.000000000000e+00 0.000000000000e+00 9.090990505647e-01 5.130260773275e-01 4.427263808136e+00 0.000000000000e+00 0.000000000000e+00 0.000000000000e+00 0.000000000000e+00 0.000000000000e+00 
9.900000000000e+00 6.401421608001e-02 3.738558992582e+00 1.307949068817e-02 1.047106661158e+05 1.032805241900e+05 1.026517757859e+05 3.462790845559e+03 5.933529599288e+02 2.600000000000e+06 8.319499600943e+04 4.714384000000e+03 1.885753600000e+04 0.000000000000e+00 0.000000000000e+00 0.000000000000e+00 9.059935065427e-01 5.125029689542e-01 4.412142555723e+00 0.000000000000e+00 0.000000000000e+00 0.000000000000e+00 0.000000000000e+00 0.000000000000e+00 
9.905000000000e+00 6.394887151905e-02 3.721431924902e+00 1.307648538272e-02 1.043349745459e+05 1.029307948419e+05 1.026274053585e+05 3.463689936319e+03 5.935898891616e+02 2.600000000000e+06 8.290888512678e+04 4.714384000000e+03 1.885753600000e+04 0.000000000000e+00 0.000000000000e+00 0.000000000000e+00 9.028777590307e-01 5.119799210286e-01 4.396971520005e+00 0.000000000000e+00 0.000000000000e+00 0.000000000000e+00 0.000000000000e+00 0.000000000000e+00 
9.910000000000e+00 6.388355281059e-02 3.704434257150e+00 1.306974148707e-02 1.039590952935e+05 1.025803083107e+05 1.026032573570e+05 3.464590142800e+03 5.938293237754e+02 2.600000000000e+06 8.262191083620e+04 4.714384000000e+03 1.885753600000e+04 0.000000000000e+00 0.000000000000e+00 0.000000000000e+00 8.997526090062e-01 5.114570815838e-01 4.381754600469e+00 0.000000000000e+00 0.000000000000e+00 0.000000000000e+00 0.000000000000e+00 0.000000000000e+00 
9.915000000000e+00 6.381827892559e-02 3.687572419131e+00 1.305917110949e-02 1.035831438855e+05 1.022291648205e+05 1.025793366866e+05 3.465491199058e+03 5.940711745666e+02 2.600000000000e+06 8.233414753679e+04 4.714384000000e+03 1.885753600000e+04 0.000000000000e+00 0.000000000000e+00 0.000000000000e+00 8.966188666757e-01 5.109346027017e-01 4.366495741117e+00 0.000000000000e+00 0.000000000000e+00 0.000000000000e+00 0.000000000000e+00 0.000000000000e+00 
9.920000000000e+00 6.375306911519e-02 3.670853150995e+00 1.304468478486e-02 1.032072384976e+05 1.018774671501e+05 1.025556481298e+05 3.466392833477e+03 5.943153484748e+02 2.600000000000e+06 8.204567070165e+04 4.714384000000e+03 1.885753600000e+04 0.000000000000e+00 0.000000000000e+00 0.000000000000e+00 8.934773539410e-01 5.104126388659e-01 4.351198942752e+00 0.000000000000e+00 0.000000000000e+00 0.000000000000e+00 0.000000000000e+00 0.000000000000e+00 
9.925000000000e+00 6.368794302458e-02 3.654283482770e+00 1.302635761967e-02 1.028314850046e+05 1.015253212751e+05 1.025321963888e+05 3.467294770404e+03 5.945617481447e+02 2.600000000000e+06 8.175655707812e+04 4.714384000000e+03 1.885753600000e+04 0.000000000000e+00 0.000000000000e+00 0.000000000000e+00 8.903289065807e-01 5.098913467972e-01 4.335868273378e+00 0.000000000000e+00 0.000000000000e+00 0.000000000000e+00 0.000000000000e+00 0.000000000000e+00 
9.930000000000e+00 6.362291883460e-02 3.637867851209e+00 1.300446897930e-02 1.024559623497e+05 1.011728263140e+05 1.025089854241e+05 3.468196756726e+03 5.948102790393e+02 2.600000000000e+06 8.146688439525e+04 4.714384000000e+03 1.885753600000e+04 0.000000000000e+00 0.000000000000e+00 0.000000000000e+00 8.871743710642e-01 5.093708714304e-01 4.320507854329e+00 0.000000000000e+00 0.000000000000e+00 0.000000000000e+00 0.000000000000e+00 0.000000000000e+00 
9.935000000000e+00 6.355801420913e-02 3.621610144502e+00 1.297905472644e-02 1.020807701166e+05 1.008200795879e+05 1.024860188168e+05 3.469098540099e+03 5.950608460980e+02 2.600000000000e+06 8.117673049280e+04 4.714384000000e+03 1.885753600000e+04 0.000000000000e+00 0.000000000000e+00 0.000000000000e+00 8.840145950666e-01 5.088513545054e-01 4.305121813414e+00 0.000000000000e+00 0.000000000000e+00 0.000000000000e+00 0.000000000000e+00 0.000000000000e+00 
9.940000000000e+00 6.349324668188e-02 3.605514259822e+00 1.295014590499e-02 1.017060083734e+05 1.004671786982e+05 1.024632999166e+05 3.469999868289e+03 5.953133523694e+02 2.600000000000e+06 8.088617319054e+04 4.714384000000e+03 1.885753600000e+04 0.000000000000e+00 0.000000000000e+00 0.000000000000e+00 8.808504260450e-01 5.083329364150e-01 4.289714277382e+00 0.000000000000e+00 0.000000000000e+00 0.000000000000e+00 0.000000000000e+00 0.000000000000e+00 
9.945000000000e+00 6.342863355800e-02 3.589583920647e+00 1.291780291508e-02 1.013317738643e+05 1.001142209833e+05 1.024408318150e+05 3.470900491236e+03 5.955676994738e+02 2.600000000000e+06 8.059529026032e+04 4.714384000000e+03 1.885753600000e+04 0.000000000000e+00 0.000000000000e+00 0.000000000000e+00 8.776827109349e-01 5.078157557260e-01 4.274289370510e+00 0.000000000000e+00 0.000000000000e+00 0.000000000000e+00 0.000000000000e+00 0.000000000000e+00 
9.950000000000e+00 6.336419181550e-02 3.573822606939e+00 1.288208196569e-02 1.009581625873e+05 9.976130296465e+04 1.024186173203e+05 3.471800161811e+03 5.958237880887e+02 2.600000000000e+06 8.030415934463e+04 4.714384000000e+03 1.885753600000e+04 0.000000000000e+00 0.000000000000e+00 0.000000000000e+00 8.745122952630e-01 5.072999482168e-01 4.258851210372e+00 0.000000000000e+00 0.000000000000e+00 0.000000000000e+00 0.000000000000e+00 0.000000000000e+00 
9.955000000000e+00 6.329993815473e-02 3.558233554795e+00 1.284305840356e-02 1.005852678592e+05 9.940852059837e+04 1.023966589837e+05 3.472698635630e+03 5.960815178595e+02 2.600000000000e+06 8.001285785552e+04 4.714384000000e+03 1.885753600000e+04 0.000000000000e+00 0.000000000000e+00 0.000000000000e+00 8.713400220466e-01 5.067856472058e-01 4.243403902417e+00 0.000000000000e+00 0.000000000000e+00 0.000000000000e+00 0.000000000000e+00 0.000000000000e+00 
9.960000000000e+00 6.323588873760e-02 3.542819502132e+00 1.280084315547e-02 1.002131771939e+05 9.905596781930e+04 1.023749590211e+05 3.473595675081e+03 5.963407885595e+02 2.600000000000e+06 7.972146283968e+04 4.714384000000e+03 1.885753600000e+04 0.000000000000e+00 0.000000000000e+00 0.000000000000e+00 8.681667303241e-01 5.062729821700e-01 4.227951532996e+00 0.000000000000e+00 0.000000000000e+00 0.000000000000e+00 0.000000000000e+00 0.000000000000e+00 
9.965000000000e+00 6.317205918254e-02 3.527582603662e+00 1.275555860010e-02 9.984197452155e+04 9.870373647673e+04 1.023535193236e+05 3.474491048996e+03 5.966015002566e+02 2.600000000000e+06 7.943005079967e+04 4.714384000000e+03 1.885753600000e+04 0.000000000000e+00 0.000000000000e+00 0.000000000000e+00 8.649932532084e-01 5.057620778152e-01 4.212498159826e+00 0.000000000000e+00 0.000000000000e+00 0.000000000000e+00 0.000000000000e+00 0.000000000000e+00 
9.970000000000e+00 6.310846441498e-02 3.512524384884e+00 1.270734878125e-02 9.947173829608e+04 9.835191546807e+04 1.023323414207e+05 3.475384535030e+03 5.968635540768e+02 2.600000000000e+06 7.913869742694e+04 4.714384000000e+03 1.885753600000e+04 0.000000000000e+00 0.000000000000e+00 0.000000000000e+00 8.618204149794e-01 5.052530535232e-01 4.197047798025e+00 0.000000000000e+00 0.000000000000e+00 0.000000000000e+00 0.000000000000e+00 0.000000000000e+00 
9.975000000000e+00 6.304511862427e-02 3.497645638143e+00 1.265636693351e-02 9.910254238223e+04 9.800059045080e+04 1.023114264803e+05 3.476275920116e+03 5.971268525530e+02 2.600000000000e+06 7.884747735917e+04 4.714384000000e+03 1.885753600000e+04 0.000000000000e+00 0.000000000000e+00 0.000000000000e+00 8.586490284413e-01 5.047460226068e-01 4.181604407117e+00 0.000000000000e+00 0.000000000000e+00 0.000000000000e+00 0.000000000000e+00 0.000000000000e+00 
9.980000000000e+00 6.298203519102e-02 3.482946497090e+00 1.260277645216e-02 9.873445548714e+04 9.764984338555e+04 1.022907752994e+05 3.477165001609e+03 5.973913001040e+02 2.600000000000e+06 7.855646389927e+04 4.714384000000e+03 1.885753600000e+04 0.000000000000e+00 0.000000000000e+00 0.000000000000e+00 8.554798918630e-01 5.042410920214e-01 4.166171876266e+00 0.000000000000e+00 0.000000000000e+00 0.000000000000e+00 0.000000000000e+00 0.000000000000e+00 
9.985000000000e+00 6.291922670511e-02 3.468426431805e+00 1.254673915153e-02 9.836754234215e+04 9.729975257881e+04 1.022703883255e+05 3.478051586897e+03 5.976568031403e+02 2.600000000000e+06 7.826572876230e+04 4.714384000000e+03 1.885753600000e+04 0.000000000000e+00 0.000000000000e+00 0.000000000000e+00 8.523137862214e-01 5.037383623336e-01 4.150754010691e+00 0.000000000000e+00 0.000000000000e+00 0.000000000000e+00 0.000000000000e+00 0.000000000000e+00 
9.990000000000e+00 6.285670493367e-02 3.454084363526e+00 1.248841558178e-02 9.800186344037e+04 9.695039244673e+04 1.022502656603e+05 3.478935493965e+03 5.979232703756e+02 2.600000000000e+06 7.797534185261e+04 4.714384000000e+03 1.885753600000e+04 0.000000000000e+00 0.000000000000e+00 0.000000000000e+00 8.491514727749e-01 5.032379275021e-01 4.135354519936e+00 0.000000000000e+00 0.000000000000e+00 0.000000000000e+00 0.000000000000e+00 0.000000000000e+00 
9.995000000000e+00 6.279448088217e-02 3.439918689923e+00 1.242796629151e-02 9.763747523488e+04 9.660183379839e+04 1.022304070939e+05 3.479816550659e+03 5.981906127399e+02 2.600000000000e+06 7.768537105297e+04 4.714384000000e+03 1.885753600000e+04 0.000000000000e+00 0.000000000000e+00 0.000000000000e+00 8.459936907669e-01 5.027398753532e-01 4.119977006525e+00 0.000000000000e+00 0.000000000000e+00 0.000000000000e+00 0.000000000000e+00 0.000000000000e+00 
1.000000000000e+01 6.273256401552e-02 3.425927294713e+00 1.236553049739e-02 9.727442750330e+04 9.625413940118e+04 1.022108118723e+05 3.480694605420e+03 5.984587469268e+02 2.600000000000e+06 7.739588207445e+04 4.714384000000e+03 1.885753600000e+04 0.000000000000e+00 0.000000000000e+00 0.000000000000e+00 8.428411557908e-01 5.022442867788e-01 4.104624958085e+00 0.000000000000e+00 0.000000000000e+00 0.000000000000e+00 0.000000000000e+00 0.000000000000e+00 
