9.000000000000e+00 5.196729619267e+00 1.722142378247e+01 1.947352919290e+00 1.026770090678e+05 1.030176346789e+05 1.003024229856e+05 1.746609169301e+03 4.321364116327e+02 3.400000000000e+06 0.000000000000e+00 -1.000000000000e+00 -1.000000000000e+00 0.000000000000e+00 0.000000000000e+00 0.000000000000e+00 -0.000000000000e+00 4.993271580216e+00 0.000000000000e+00 0.000000000000e+00 0.000000000000e+00 0.000000000000e+00 0.000000000000e+00 0.000000000000e+00 
9.005000000000e+00 5.187171695078e+00 1.682052063029e+01 1.914869731558e+00 1.023280154916e+05 1.026646697863e+05 1.002974162960e+05 1.747493174757e+03 4.326744470362e+02 3.400000000000e+06 0.000000000000e+00 -1.000000000000e+00 -1.000000000000e+00 0.000000000000e+00 0.000000000000e+00 0.000000000000e+00 -0.000000000000e+00 4.984087859930e+00 0.000000000000e+00 0.000000000000e+00 0.000000000000e+00 0.000000000000e+00 0.000000000000e+00 0.000000000000e+00 
9.010000000000e+00 5.177771361920e+00 1.643307570555e+01 1.883539086147e+00 1.019831043106e+05 1.023159306008e+05 1.002925690547e+05 1.748365054553e+03 4.332061338943e+02 3.400000000000e+06 0.000000000000e+00 -1.000000000000e+00 -1.000000000000e+00 0.000000000000e+00 0.000000000000e+00 0.000000000000e+00 -0.000000000000e+00 4.975055560804e+00 0.000000000000e+00 0.000000000000e+00 0.000000000000e+00 0.000000000000e+00 0.000000000000e+00 0.000000000000e+00 
9.015000000000e+00 5.168522736643e+00 1.605983284163e+01 1.853405843947e+00 1.016420983307e+05 1.019712676257e+05 1.002878733677e+05 1.749225253245e+03 4.337316720640e+02 3.400000000000e+06 0.000000000000e+00 -1.000000000000e+00 -1.000000000000e+00 0.000000000000e+00 0.000000000000e+00 0.000000000000e+00 -0.000000000000e+00 4.966169030018e+00 0.000000000000e+00 0.000000000000e+00 0.000000000000e+00 0.000000000000e+00 0.000000000000e+00 0.000000000000e+00 
9.020000000000e+00 5.159419807350e+00 1.570143287847e+01 1.824506689166e+00 1.013048141259e+05 1.016305221806e+05 1.002833216440e+05 1.750074233670e+03 4.342512780971e+02 3.400000000000e+06 0.000000000000e+00 -1.000000000000e+00 -1.000000000000e+00 0.000000000000e+00 0.000000000000e+00 0.000000000000e+00 -0.000000000000e+00 4.957422451618e+00 0.000000000000e+00 0.000000000000e+00 0.000000000000e+00 0.000000000000e+00 0.000000000000e+00 0.000000000000e+00 
9.025000000000e+00 5.150456249971e+00 1.535843556756e+01 1.796870126872e+00 1.009710549984e+05 1.012935194597e+05 1.002789064899e+05 1.750912494143e+03 4.347651955553e+02 3.400000000000e+06 0.000000000000e+00 -1.000000000000e+00 -1.000000000000e+00 0.000000000000e+00 0.000000000000e+00 0.000000000000e+00 -0.000000000000e+00 4.948809851826e+00 0.000000000000e+00 0.000000000000e+00 0.000000000000e+00 0.000000000000e+00 0.000000000000e+00 0.000000000000e+00 
9.030000000000e+00 5.141625816549e+00 1.503134735119e+01 1.770522977378e+00 1.006406235989e+05 1.009600830470e+05 1.002746208873e+05 1.751740532904e+03 4.352736726204e+02 3.400000000000e+06 0.000000000000e+00 -1.000000000000e+00 -1.000000000000e+00 0.000000000000e+00 0.000000000000e+00 0.000000000000e+00 -0.000000000000e+00 4.940325151061e+00 0.000000000000e+00 0.000000000000e+00 0.000000000000e+00 0.000000000000e+00 0.000000000000e+00 0.000000000000e+00 
9.035000000000e+00 5.132967011142e+00 1.479985033300e+01 1.664280492223e+00 1.003423667756e+05 1.006317328021e+05 1.002704793863e+05 1.752543383260e+03 4.357743728372e+02 3.400000000000e+06 0.000000000000e+00 -1.000000000000e+00 -1.000000000000e+00 0.000000000000e+00 0.000000000000e+00 0.000000000000e+00 -0.000000000000e+00 4.932005351847e+00 0.000000000000e+00 0.000000000000e+00 0.000000000000e+00 0.000000000000e+00 0.000000000000e+00 0.000000000000e+00 
9.040000000000e+00 5.132645202891e+00 2.237155882191e+01 -1.350917852380e+00 1.013443058754e+05 1.006195028087e+05 1.002703266152e+05 1.752156358853e+03 4.357930216812e+02 3.400000000000e+06 0.000000000000e+00 -1.000000000000e+00 -1.000000000000e+00 0.000000000000e+00 0.000000000000e+00 0.000000000000e+00 -0.000000000000e+00 4.931696142831e+00 0.000000000000e+00 0.000000000000e+00 0.000000000000e+00 0.000000000000e+00 0.000000000000e+00 0.000000000000e+00 
9.045000000000e+00 5.151833379218e+00 4.213998471764e+01 -5.683499813703e+00 1.035263449120e+05 1.013453908197e+05 1.002795805417e+05 1.749751887916e+03 4.346860931540e+02 3.400000000000e+06 0.000000000000e+00 -1.000000000000e+00 -1.000000000000e+00 0.000000000000e+00 0.000000000000e+00 0.000000000000e+00 -0.000000000000e+00 4.950133062193e+00 0.000000000000e+00 0.000000000000e+00 0.000000000000e+00 0.000000000000e+00 0.000000000000e+00 0.000000000000e+00 
9.050000000000e+00 5.191440749040e+00 7.044215095307e+01 -9.598608906774e+00 1.062966324556e+05 1.028225231791e+05 1.002996427251e+05 1.745523607457e+03 4.324338129208e+02 3.400000000000e+06 0.000000000000e+00 -1.000000000000e+00 -1.000000000000e+00 0.000000000000e+00 0.000000000000e+00 0.000000000000e+00 -0.000000000000e+00 4.988189775440e+00 0.000000000000e+00 0.000000000000e+00 0.000000000000e+00 0.000000000000e+00 0.000000000000e+00 0.000000000000e+00 
9.055000000000e+00 5.247868530891e+00 1.034119042970e+02 -1.255927477564e+01 1.092962015607e+05 1.048787907945e+05 1.003306007097e+05 1.739941525655e+03 4.293020806841e+02 3.400000000000e+06 0.000000000000e+00 -1.000000000000e+00 -1.000000000000e+00 0.000000000000e+00 0.000000000000e+00 0.000000000000e+00 -0.000000000000e+00 5.042408343670e+00 0.000000000000e+00 0.000000000000e+00 0.000000000000e+00 0.000000000000e+00 0.000000000000e+00 0.000000000000e+00 
9.060000000000e+00 5.316114929388e+00 1.378673938785e+02 -1.452480287461e+01 1.123004574993e+05 1.072926724346e+05 1.003721096873e+05 1.733530067768e+03 4.256384958773e+02 3.400000000000e+06 0.000000000000e+00 -1.000000000000e+00 -1.000000000000e+00 0.000000000000e+00 0.000000000000e+00 0.000000000000e+00 -0.000000000000e+00 5.107982815836e+00 0.000000000000e+00 0.000000000000e+00 0.000000000000e+00 0.000000000000e+00 0.000000000000e+00 0.000000000000e+00 
9.065000000000e+00 5.391788447173e+00 1.717761251664e+02 -1.565958834221e+01 1.151964720511e+05 1.098795537623e+05 1.004239163648e+05 1.726707371196e+03 4.217407974729e+02 3.400000000000e+06 0.000000000000e+00 -1.000000000000e+00 -1.000000000000e+00 0.000000000000e+00 0.000000000000e+00 0.000000000000e+00 -0.000000000000e+00 5.180693626339e+00 0.000000000000e+00 0.000000000000e+00 0.000000000000e+00 0.000000000000e+00 0.000000000000e+00 0.000000000000e+00 
9.070000000000e+00 5.471134315061e+00 2.036563377287e+02 -1.609480933415e+01 1.179007780108e+05 1.124952218429e+05 1.004855677294e+05 1.719812700281e+03 4.178485269727e+02 3.400000000000e+06 0.000000000000e+00 -1.000000000000e+00 -1.000000000000e+00 0.000000000000e+00 0.000000000000e+00 0.000000000000e+00 -0.000000000000e+00 5.256933007142e+00 0.000000000000e+00 0.000000000000e+00 0.000000000000e+00 0.000000000000e+00 0.000000000000e+00 0.000000000000e+00 
9.075000000000e+00 5.551173907282e+00 2.325898562266e+02 -1.602347280923e+01 1.203870650855e+05 1.150380968202e+05 1.005563403929e+05 1.713085361875e+03 4.141353740637e+02 3.400000000000e+06 0.000000000000e+00 -1.000000000000e+00 -1.000000000000e+00 0.000000000000e+00 0.000000000000e+00 0.000000000000e+00 -0.000000000000e+00 5.333838941779e+00 0.000000000000e+00 0.000000000000e+00 0.000000000000e+00 0.000000000000e+00 0.000000000000e+00 0.000000000000e+00 
9.080000000000e+00 5.630023447714e+00 2.583248862808e+02 -1.566853361384e+01 1.226775457252e+05 1.174536048938e+05 1.006355821593e+05 1.706650668451e+03 4.107001093023e+02 3.400000000000e+06 0.000000000000e+00 -1.000000000000e+00 -1.000000000000e+00 0.000000000000e+00 0.000000000000e+00 0.000000000000e+00 -0.000000000000e+00 5.409601448802e+00 0.000000000000e+00 0.000000000000e+00 0.000000000000e+00 0.000000000000e+00 0.000000000000e+00 0.000000000000e+00 
9.085000000000e+00 5.706769654824e+00 2.810130878325e+02 -1.522328702210e+01 1.248144987083e+05 1.197232103889e+05 1.007229402870e+05 1.700548587372e+03 4.075834465866e+02 3.400000000000e+06 0.000000000000e+00 -1.000000000000e+00 -1.000000000000e+00 0.000000000000e+00 0.000000000000e+00 0.000000000000e+00 -0.000000000000e+00 5.483342952194e+00 0.000000000000e+00 0.000000000000e+00 0.000000000000e+00 0.000000000000e+00 0.000000000000e+00 0.000000000000e+00 
9.090000000000e+00 5.781356860683e+00 3.011139676601e+02 -1.480295678124e+01 1.268398524438e+05 1.218553523856e+05 1.008187029322e+05 1.694757597313e+03 4.047846849994e+02 3.400000000000e+06 0.000000000000e+00 -1.000000000000e+00 -1.000000000000e+00 0.000000000000e+00 0.000000000000e+00 0.000000000000e+00 -0.000000000000e+00 5.555009981759e+00 0.000000000000e+00 0.000000000000e+00 0.000000000000e+00 0.000000000000e+00 0.000000000000e+00 0.000000000000e+00 
9.095000000000e+00 5.853757469792e+00 3.187765203166e+02 -1.434417585805e+01 1.287436673699e+05 1.238585209341e+05 1.009231158429e+05 1.689276429431e+03 4.023014213219e+02 3.400000000000e+06 0.000000000000e+00 -1.000000000000e+00 -1.000000000000e+00 0.000000000000e+00 0.000000000000e+00 0.000000000000e+00 -0.000000000000e+00 5.624576022393e+00 0.000000000000e+00 0.000000000000e+00 0.000000000000e+00 0.000000000000e+00 0.000000000000e+00 0.000000000000e+00 
9.100000000000e+00 5.923640701365e+00 3.339552251071e+02 -1.383409298440e+01 1.305220035347e+05 1.257324566965e+05 1.010358262811e+05 1.684120353785e+03 4.001393623780e+02 3.400000000000e+06 0.000000000000e+00 -1.000000000000e+00 -1.000000000000e+00 0.000000000000e+00 0.000000000000e+00 0.000000000000e+00 -0.000000000000e+00 5.691723243763e+00 0.000000000000e+00 0.000000000000e+00 0.000000000000e+00 0.000000000000e+00 0.000000000000e+00 0.000000000000e+00 
9.105000000000e+00 5.991115250684e+00 3.470639185224e+02 -1.338567658205e+01 1.322162748293e+05 1.274884243311e+05 1.011569879988e+05 1.679256789570e+03 3.982875836818e+02 3.400000000000e+06 0.000000000000e+00 -1.000000000000e+00 -1.000000000000e+00 0.000000000000e+00 0.000000000000e+00 0.000000000000e+00 -0.000000000000e+00 5.756556085605e+00 0.000000000000e+00 0.000000000000e+00 0.000000000000e+00 0.000000000000e+00 0.000000000000e+00 0.000000000000e+00 
9.110000000000e+00 6.056443647669e+00 3.584417912686e+02 -1.297239639956e+01 1.338322589570e+05 1.291404310985e+05 1.012870561224e+05 1.674660145976e+03 3.967322436699e+02 3.400000000000e+06 0.000000000000e+00 -1.000000000000e+00 -1.000000000000e+00 0.000000000000e+00 0.000000000000e+00 0.000000000000e+00 -0.000000000000e+00 5.819326799485e+00 0.000000000000e+00 0.000000000000e+00 0.000000000000e+00 0.000000000000e+00 0.000000000000e+00 0.000000000000e+00 
9.115000000000e+00 6.119581399623e+00 3.681420324240e+02 -1.251705820316e+01 1.353541104288e+05 1.306936657652e+05 1.014258936210e+05 1.670333555434e+03 3.954678260010e+02 3.400000000000e+06 0.000000000000e+00 -1.000000000000e+00 -1.000000000000e+00 0.000000000000e+00 0.000000000000e+00 0.000000000000e+00 -0.000000000000e+00 5.879992634648e+00 0.000000000000e+00 0.000000000000e+00 0.000000000000e+00 0.000000000000e+00 0.000000000000e+00 0.000000000000e+00 
9.120000000000e+00 6.180135381127e+00 3.760462088543e+02 -1.197052492986e+01 1.367649597556e+05 1.321446472443e+05 1.015723436673e+05 1.666299878623e+03 3.944918012939e+02 3.400000000000e+06 0.000000000000e+00 -1.000000000000e+00 -1.000000000000e+00 0.000000000000e+00 0.000000000000e+00 0.000000000000e+00 -0.000000000000e+00 5.938175856995e+00 0.000000000000e+00 0.000000000000e+00 0.000000000000e+00 0.000000000000e+00 0.000000000000e+00 0.000000000000e+00 
9.125000000000e+00 6.237937835810e+00 3.823903726523e+02 -1.143921832803e+01 1.380931956111e+05 1.334955036839e+05 1.017253965690e+05 1.662547703129e+03 3.937915692366e+02 3.400000000000e+06 0.000000000000e+00 -1.000000000000e+00 -1.000000000000e+00 0.000000000000e+00 0.000000000000e+00 0.000000000000e+00 -0.000000000000e+00 5.993715278010e+00 0.000000000000e+00 0.000000000000e+00 0.000000000000e+00 0.000000000000e+00 0.000000000000e+00 0.000000000000e+00 
9.130000000000e+00 6.293221931342e+00 3.875877590344e+02 -1.096180206106e+01 1.393584027504e+05 1.347572196187e+05 1.018849521684e+05 1.659047138248e+03 3.933476585860e+02 3.400000000000e+06 0.000000000000e+00 -1.000000000000e+00 -1.000000000000e+00 0.000000000000e+00 0.000000000000e+00 0.000000000000e+00 -0.000000000000e+00 6.046834936581e+00 0.000000000000e+00 0.000000000000e+00 0.000000000000e+00 0.000000000000e+00 0.000000000000e+00 0.000000000000e+00 
9.135000000000e+00 6.346202395238e+00 3.918964839713e+02 -1.051419505248e+01 1.405630903030e+05 1.359393866263e+05 1.020509425647e+05 1.655777983016e+03 3.931427667616e+02 3.400000000000e+06 0.000000000000e+00 -1.000000000000e+00 -1.000000000000e+00 0.000000000000e+00 0.000000000000e+00 0.000000000000e+00 -0.000000000000e+00 6.097741153387e+00 0.000000000000e+00 0.000000000000e+00 0.000000000000e+00 0.000000000000e+00 0.000000000000e+00 0.000000000000e+00 
9.140000000000e+00 6.396934527396e+00 3.954321561966e+02 -1.006359605712e+01 1.417034292338e+05 1.370473294609e+05 1.022228334310e+05 1.652731909711e+03 3.931612272002e+02 3.400000000000e+06 0.000000000000e+00 -1.000000000000e+00 -1.000000000000e+00 0.000000000000e+00 0.000000000000e+00 0.000000000000e+00 -0.000000000000e+00 6.146487063270e+00 0.000000000000e+00 0.000000000000e+00 0.000000000000e+00 0.000000000000e+00 0.000000000000e+00 0.000000000000e+00 
9.145000000000e+00 6.445375059573e+00 3.982577274777e+02 -9.602254252156e+00 1.427790972347e+05 1.380838413196e+05 1.023996611751e+05 1.649903999341e+03 3.933861832068e+02 3.400000000000e+06 0.000000000000e+00 -1.000000000000e+00 -1.000000000000e+00 0.000000000000e+00 0.000000000000e+00 0.000000000000e+00 -0.000000000000e+00 6.193031091990e+00 0.000000000000e+00 0.000000000000e+00 0.000000000000e+00 0.000000000000e+00 0.000000000000e+00 0.000000000000e+00 
9.150000000000e+00 6.491497804821e+00 4.004539828652e+02 -9.137638364653e+00 1.437934845881e+05 1.390518294483e+05 1.025803757825e+05 1.647286501484e+03 3.937988629495e+02 3.400000000000e+06 0.000000000000e+00 -1.000000000000e+00 -1.000000000000e+00 0.000000000000e+00 0.000000000000e+00 0.000000000000e+00 -0.000000000000e+00 6.237348077850e+00 0.000000000000e+00 0.000000000000e+00 0.000000000000e+00 0.000000000000e+00 0.000000000000e+00 0.000000000000e+00 
9.155000000000e+00 6.535321678387e+00 4.021125657475e+02 -8.680683944909e+00 1.447514396809e+05 1.399548692767e+05 1.027639896841e+05 1.644868694635e+03 3.943795147566e+02 3.400000000000e+06 0.000000000000e+00 -1.000000000000e+00 -1.000000000000e+00 0.000000000000e+00 0.000000000000e+00 0.000000000000e+00 -0.000000000000e+00 6.279456195540e+00 0.000000000000e+00 0.000000000000e+00 0.000000000000e+00 0.000000000000e+00 0.000000000000e+00 0.000000000000e+00 
9.160000000000e+00 6.576924199701e+00 4.033358102913e+02 -8.243618675149e+00 1.456590813803e+05 1.407974152105e+05 1.029497099185e+05 1.642636741327e+03 3.951088185694e+02 3.400000000000e+06 0.000000000000e+00 -1.000000000000e+00 -1.000000000000e+00 0.000000000000e+00 0.000000000000e+00 0.000000000000e+00 -0.000000000000e+00 6.319429929516e+00 0.000000000000e+00 0.000000000000e+00 0.000000000000e+00 0.000000000000e+00 0.000000000000e+00 0.000000000000e+00 
9.165000000000e+00 6.616322519504e+00 4.041215164337e+02 -7.784426171386e+00 1.465081843100e+05 1.415823824161e+05 1.031364493527e+05 1.640585983722e+03 3.959664760468e+02 3.400000000000e+06 0.000000000000e+00 -1.000000000000e+00 -1.000000000000e+00 0.000000000000e+00 0.000000000000e+00 0.000000000000e+00 -0.000000000000e+00 6.357285759046e+00 0.000000000000e+00 0.000000000000e+00 0.000000000000e+00 0.000000000000e+00 0.000000000000e+00 0.000000000000e+00 
9.170000000000e+00 6.653144345530e+00 4.041463703842e+02 -7.218956218337e+00 1.472715384677e+05 1.423048632656e+05 1.033210599643e+05 1.638735892297e+03 3.969209171988e+02 3.400000000000e+06 0.000000000000e+00 -1.000000000000e+00 -1.000000000000e+00 0.000000000000e+00 0.000000000000e+00 0.000000000000e+00 -0.000000000000e+00 6.392665967542e+00 0.000000000000e+00 0.000000000000e+00 0.000000000000e+00 0.000000000000e+00 0.000000000000e+00 0.000000000000e+00 
9.175000000000e+00 6.686880635864e+00 4.031218997709e+02 -6.555417269856e+00 1.479397759177e+05 1.429575185026e+05 1.034991954547e+05 1.637101357925e+03 3.979298780110e+02 3.400000000000e+06 0.000000000000e+00 -1.000000000000e+00 -1.000000000000e+00 0.000000000000e+00 0.000000000000e+00 0.000000000000e+00 -0.000000000000e+00 6.425081442675e+00 0.000000000000e+00 0.000000000000e+00 0.000000000000e+00 0.000000000000e+00 0.000000000000e+00 0.000000000000e+00 
9.180000000000e+00 6.717218511533e+00 4.009712163130e+02 -5.850758444594e+00 1.485187397055e+05 1.435369748544e+05 1.036670781644e+05 1.635680667266e+03 3.989507154710e+02 3.400000000000e+06 0.000000000000e+00 -1.000000000000e+00 -1.000000000000e+00 0.000000000000e+00 0.000000000000e+00 0.000000000000e+00 -0.000000000000e+00 6.454231555050e+00 0.000000000000e+00 0.000000000000e+00 0.000000000000e+00 0.000000000000e+00 0.000000000000e+00 0.000000000000e+00 
9.185000000000e+00 6.744122452777e+00 3.977824218128e+02 -5.163969187166e+00 1.490207625041e+05 1.440450269885e+05 1.038223093941e+05 1.634458071914e+03 3.999485916978e+02 3.400000000000e+06 0.000000000000e+00 -1.000000000000e+00 -1.000000000000e+00 0.000000000000e+00 0.000000000000e+00 0.000000000000e+00 -0.000000000000e+00 6.480082175546e+00 0.000000000000e+00 0.000000000000e+00 0.000000000000e+00 0.000000000000e+00 0.000000000000e+00 0.000000000000e+00 
9.190000000000e+00 6.767811152765e+00 3.937546219993e+02 -4.537878337823e+00 1.494602793187e+05 1.444878977246e+05 1.039641163159e+05 1.633408476699e+03 4.009011184834e+02 3.400000000000e+06 0.000000000000e+00 -1.000000000000e+00 -1.000000000000e+00 0.000000000000e+00 0.000000000000e+00 0.000000000000e+00 -0.000000000000e+00 6.502843435240e+00 0.000000000000e+00 0.000000000000e+00 0.000000000000e+00 0.000000000000e+00 0.000000000000e+00 0.000000000000e+00 
9.195000000000e+00 6.788471407861e+00 3.889162754549e+02 -3.927839040411e+00 1.498313595019e+05 1.448707770661e+05 1.040918420651e+05 1.632518656220e+03 4.017896262172e+02 3.400000000000e+06 0.000000000000e+00 -1.000000000000e+00 -1.000000000000e+00 0.000000000000e+00 0.000000000000e+00 0.000000000000e+00 -0.000000000000e+00 6.522694817199e+00 0.000000000000e+00 0.000000000000e+00 0.000000000000e+00 0.000000000000e+00 0.000000000000e+00 0.000000000000e+00 
9.200000000000e+00 6.806067889464e+00 3.831589710080e+02 -3.306773272779e+00 1.501266516625e+05 1.451944250639e+05 1.042036850667e+05 1.631785103691e+03 4.025896107009e+02 3.400000000000e+06 0.000000000000e+00 -1.000000000000e+00 -1.000000000000e+00 0.000000000000e+00 0.000000000000e+00 0.000000000000e+00 -0.000000000000e+00 6.539602375979e+00 0.000000000000e+00 0.000000000000e+00 0.000000000000e+00 0.000000000000e+00 0.000000000000e+00 0.000000000000e+00 
9.205000000000e+00 6.820503763554e+00 3.764024421986e+02 -2.670722695134e+00 1.503424016922e+05 1.454582704371e+05 1.042975901830e+05 1.631205615101e+03 4.032760747387e+02 3.400000000000e+06 0.000000000000e+00 -1.000000000000e+00 -1.000000000000e+00 0.000000000000e+00 0.000000000000e+00 0.000000000000e+00 -0.000000000000e+00 6.553473068724e+00 0.000000000000e+00 0.000000000000e+00 0.000000000000e+00 0.000000000000e+00 0.000000000000e+00 0.000000000000e+00 
9.210000000000e+00 6.831765956995e+00 3.686592624837e+02 -2.046633736961e+00 1.504836637851e+05 1.456630723036e+05 1.043722231091e+05 1.630772219568e+03 4.038307463118e+02 3.400000000000e+06 0.000000000000e+00 -1.000000000000e+00 -1.000000000000e+00 0.000000000000e+00 0.000000000000e+00 0.000000000000e+00 -0.000000000000e+00 6.564294334127e+00 0.000000000000e+00 0.000000000000e+00 0.000000000000e+00 0.000000000000e+00 0.000000000000e+00 0.000000000000e+00 
9.215000000000e+00 6.839957585948e+00 3.599776770898e+02 -1.449208294498e+00 1.505556596851e+05 1.458114679378e+05 1.044272751319e+05 1.630474339712e+03 4.042448248698e+02 3.400000000000e+06 0.000000000000e+00 -1.000000000000e+00 -1.000000000000e+00 0.000000000000e+00 0.000000000000e+00 0.000000000000e+00 -0.000000000000e+00 6.572165251232e+00 0.000000000000e+00 0.000000000000e+00 0.000000000000e+00 0.000000000000e+00 0.000000000000e+00 0.000000000000e+00 
9.220000000000e+00 6.845277586533e+00 3.504620140448e+02 -8.950841591412e-01 1.505664766510e+05 1.459075872176e+05 1.044633782583e+05 1.630298490593e+03 4.045185768698e+02 3.400000000000e+06 0.000000000000e+00 -1.000000000000e+00 -1.000000000000e+00 0.000000000000e+00 0.000000000000e+00 0.000000000000e+00 -0.000000000000e+00 6.577276967576e+00 0.000000000000e+00 0.000000000000e+00 0.000000000000e+00 0.000000000000e+00 0.000000000000e+00 0.000000000000e+00 
9.225000000000e+00 6.847999076955e+00 3.402272937092e+02 -3.862390717779e-01 1.505229497642e+05 1.459566803102e+05 1.044819544284e+05 1.630230760656e+03 4.046600947676e+02 3.400000000000e+06 0.000000000000e+00 -1.000000000000e+00 -1.000000000000e+00 0.000000000000e+00 0.000000000000e+00 0.000000000000e+00 -0.000000000000e+00 6.579891908467e+00 0.000000000000e+00 0.000000000000e+00 0.000000000000e+00 0.000000000000e+00 0.000000000000e+00 0.000000000000e+00 
9.230000000000e+00 6.848414169220e+00 3.294088704833e+02 5.846351411670e-02 1.504361964409e+05 1.459641635734e+05 1.044847941465e+05 1.630255901201e+03 4.046817677549e+02 3.400000000000e+06 0.000000000000e+00 -1.000000000000e+00 -1.000000000000e+00 0.000000000000e+00 0.000000000000e+00 0.000000000000e+00 -0.000000000000e+00 6.580290749384e+00 0.000000000000e+00 0.000000000000e+00 0.000000000000e+00 0.000000000000e+00 0.000000000000e+00 0.000000000000e+00 
9.235000000000e+00 6.847148888298e+00 3.182896627125e+02 4.111551172009e-01 1.503277219330e+05 1.459413493463e+05 1.044761434401e+05 1.630344253815e+03 4.046157771820e+02 3.400000000000e+06 0.000000000000e+00 -1.000000000000e+00 -1.000000000000e+00 0.000000000000e+00 0.000000000000e+00 0.000000000000e+00 -0.000000000000e+00 6.579075005689e+00 0.000000000000e+00 0.000000000000e+00 0.000000000000e+00 0.000000000000e+00 0.000000000000e+00 0.000000000000e+00 
9.240000000000e+00 6.844325109413e+00 3.069651704527e+02 6.936823472861e-01 1.501957360771e+05 1.458903930516e+05 1.044568940959e+05 1.630493001675e+03 4.044692845139e+02 3.400000000000e+06 0.000000000000e+00 -1.000000000000e+00 -1.000000000000e+00 0.000000000000e+00 0.000000000000e+00 0.000000000000e+00 -0.000000000000e+00 6.576361781048e+00 0.000000000000e+00 0.000000000000e+00 0.000000000000e+00 0.000000000000e+00 0.000000000000e+00 0.000000000000e+00 
9.245000000000e+00 6.840365360894e+00 2.956118448637e+02 8.845495205535e-01 1.500554568768e+05 1.458188425290e+05 1.044300326264e+05 1.630682404772e+03 4.042656728365e+02 3.400000000000e+06 0.000000000000e+00 -1.000000000000e+00 -1.000000000000e+00 0.000000000000e+00 0.000000000000e+00 0.000000000000e+00 -0.000000000000e+00 6.572557061312e+00 0.000000000000e+00 0.000000000000e+00 0.000000000000e+00 0.000000000000e+00 0.000000000000e+00 0.000000000000e+00 
9.250000000000e+00 6.835760280747e+00 2.844094251435e+02 9.777826547759e-01 1.499204559728e+05 1.457354912035e+05 1.043989857765e+05 1.630891159100e+03 4.040315315766e+02 3.400000000000e+06 0.000000000000e+00 -1.000000000000e+00 -1.000000000000e+00 0.000000000000e+00 0.000000000000e+00 0.000000000000e+00 -0.000000000000e+00 6.568132275436e+00 0.000000000000e+00 0.000000000000e+00 0.000000000000e+00 0.000000000000e+00 0.000000000000e+00 0.000000000000e+00 
9.255000000000e+00 6.830948671132e+00 2.734953605282e+02 9.977817132672e-01 1.497963773915e+05 1.456482405306e+05 1.043667661377e+05 1.631102832952e+03 4.037899261760e+02 3.400000000000e+06 0.000000000000e+00 -1.000000000000e+00 -1.000000000000e+00 0.000000000000e+00 0.000000000000e+00 0.000000000000e+00 -0.000000000000e+00 6.563509045962e+00 0.000000000000e+00 0.000000000000e+00 0.000000000000e+00 0.000000000000e+00 0.000000000000e+00 0.000000000000e+00 
9.260000000000e+00 6.826162001014e+00 2.628714226298e+02 9.831548514212e-01 1.496805620967e+05 1.455612782623e+05 1.043349347724e+05 1.631311115864e+03 4.035526396433e+02 3.400000000000e+06 0.000000000000e+00 -1.000000000000e+00 -1.000000000000e+00 0.000000000000e+00 0.000000000000e+00 0.000000000000e+00 -0.000000000000e+00 6.558909779573e+00 0.000000000000e+00 0.000000000000e+00 0.000000000000e+00 0.000000000000e+00 0.000000000000e+00 0.000000000000e+00 
9.265000000000e+00 6.821499000102e+00 2.524821033367e+02 9.530737509402e-01 1.495712747800e+05 1.454764052666e+05 1.043041366780e+05 1.631513481429e+03 4.033244126466e+02 3.400000000000e+06 0.000000000000e+00 -1.000000000000e+00 -1.000000000000e+00 0.000000000000e+00 0.000000000000e+00 0.000000000000e+00 -0.000000000000e+00 6.554429340598e+00 0.000000000000e+00 0.000000000000e+00 0.000000000000e+00 0.000000000000e+00 0.000000000000e+00 0.000000000000e+00 
9.270000000000e+00 6.816996993796e+00 2.422850494833e+02 9.173834237938e-01 1.494672827348e+05 1.453943147723e+05 1.042745981463e+05 1.631709144740e+03 4.031067969376e+02 3.400000000000e+06 0.000000000000e+00 -1.000000000000e+00 -1.000000000000e+00 0.000000000000e+00 0.000000000000e+00 0.000000000000e+00 -0.000000000000e+00 6.550103593102e+00 0.000000000000e+00 0.000000000000e+00 0.000000000000e+00 0.000000000000e+00 0.000000000000e+00 0.000000000000e+00 
9.275000000000e+00 6.812667849572e+00 2.322468968255e+02 8.804829766383e-01 1.493679091449e+05 1.453152390074e+05 1.042463745222e+05 1.631897901943e+03 4.029000579511e+02 3.400000000000e+06 0.000000000000e+00 -1.000000000000e+00 -1.000000000000e+00 0.000000000000e+00 0.000000000000e+00 0.000000000000e+00 -0.000000000000e+00 6.545943939934e+00 0.000000000000e+00 0.000000000000e+00 0.000000000000e+00 0.000000000000e+00 0.000000000000e+00 0.000000000000e+00 
9.280000000000e+00 6.808504734493e+00 2.223464485172e+02 8.466003974870e-01 1.492720470311e+05 1.452390687005e+05 1.042193994723e+05 1.632080365600e+03 4.027035701266e+02 3.400000000000e+06 0.000000000000e+00 -1.000000000000e+00 -1.000000000000e+00 0.000000000000e+00 0.000000000000e+00 0.000000000000e+00 -0.000000000000e+00 6.541943815676e+00 0.000000000000e+00 0.000000000000e+00 0.000000000000e+00 0.000000000000e+00 0.000000000000e+00 0.000000000000e+00 
9.285000000000e+00 6.804486416236e+00 2.125749173650e+02 8.179334839790e-01 1.491786771424e+05 1.451654291225e+05 1.041935162817e+05 1.632257607951e+03 4.025160679710e+02 3.400000000000e+06 0.000000000000e+00 -1.000000000000e+00 -1.000000000000e+00 0.000000000000e+00 0.000000000000e+00 0.000000000000e+00 -0.000000000000e+00 6.538082819276e+00 0.000000000000e+00 0.000000000000e+00 0.000000000000e+00 0.000000000000e+00 0.000000000000e+00 0.000000000000e+00 
9.290000000000e+00 6.800582074943e+00 2.029312171982e+02 7.963061994019e-01 1.490866246749e+05 1.450937665231e+05 1.041685110332e+05 1.632431116427e+03 4.023359014665e+02 3.400000000000e+06 0.000000000000e+00 -1.000000000000e+00 -1.000000000000e+00 0.000000000000e+00 0.000000000000e+00 0.000000000000e+00 -0.000000000000e+00 6.534331337509e+00 0.000000000000e+00 0.000000000000e+00 0.000000000000e+00 0.000000000000e+00 0.000000000000e+00 0.000000000000e+00 
9.295000000000e+00 6.796751669363e+00 1.934208735601e+02 7.836214768025e-01 1.489944690561e+05 1.450233537322e+05 1.041441162936e+05 1.632602827725e+03 4.021610721504e+02 3.400000000000e+06 0.000000000000e+00 -1.000000000000e+00 -1.000000000000e+00 0.000000000000e+00 0.000000000000e+00 0.000000000000e+00 -0.000000000000e+00 6.530650896784e+00 0.000000000000e+00 0.000000000000e+00 0.000000000000e+00 0.000000000000e+00 0.000000000000e+00 0.000000000000e+00 
9.300000000000e+00 6.792957039898e+00 1.840652401732e+02 7.765164066439e-01 1.489020001104e+05 1.449534936561e+05 1.041200824963e+05 1.632774108296e+03 4.019897496809e+02 3.400000000000e+06 0.000000000000e+00 -1.000000000000e+00 -1.000000000000e+00 0.000000000000e+00 0.000000000000e+00 0.000000000000e+00 -0.000000000000e+00 6.527004831499e+00 0.000000000000e+00 0.000000000000e+00 0.000000000000e+00 0.000000000000e+00 0.000000000000e+00 0.000000000000e+00 
9.305000000000e+00 6.789205014019e+00 1.749242447971e+02 7.659432057045e-01 1.488113830062e+05 1.448843150306e+05 1.040964481183e+05 1.632943744466e+03 4.018221783401e+02 3.400000000000e+06 0.000000000000e+00 -1.000000000000e+00 -1.000000000000e+00 0.000000000000e+00 0.000000000000e+00 0.000000000000e+00 -0.000000000000e+00 6.523399701818e+00 0.000000000000e+00 0.000000000000e+00 0.000000000000e+00 0.000000000000e+00 0.000000000000e+00 0.000000000000e+00 
9.310000000000e+00 6.785511410995e+00 1.660560422855e+02 7.540745293081e-01 1.487225287545e+05 1.448161134659e+05 1.040733069758e+05 1.633111201217e+03 4.016589853829e+02 3.400000000000e+06 0.000000000000e+00 -1.000000000000e+00 -1.000000000000e+00 0.000000000000e+00 0.000000000000e+00 0.000000000000e+00 -0.000000000000e+00 6.519850707670e+00 0.000000000000e+00 0.000000000000e+00 0.000000000000e+00 0.000000000000e+00 0.000000000000e+00 0.000000000000e+00 
9.315000000000e+00 6.781861327640e+00 1.574979298434e+02 7.477775699271e-01 1.486335459832e+05 1.447486177162e+05 1.040505599395e+05 1.633277803453e+03 4.014994338483e+02 3.400000000000e+06 0.000000000000e+00 -1.000000000000e+00 -1.000000000000e+00 0.000000000000e+00 0.000000000000e+00 0.000000000000e+00 -0.000000000000e+00 6.516343529345e+00 0.000000000000e+00 0.000000000000e+00 0.000000000000e+00 0.000000000000e+00 0.000000000000e+00 0.000000000000e+00 
9.320000000000e+00 6.778203460557e+00 1.492691691165e+02 7.529220191653e-01 1.485418590921e+05 1.446808803570e+05 1.040278849114e+05 1.633446466620e+03 4.013412502995e+02 3.400000000000e+06 0.000000000000e+00 -1.000000000000e+00 -1.000000000000e+00 0.000000000000e+00 0.000000000000e+00 0.000000000000e+00 -0.000000000000e+00 6.512828872035e+00 0.000000000000e+00 0.000000000000e+00 0.000000000000e+00 0.000000000000e+00 0.000000000000e+00 0.000000000000e+00 
9.325000000000e+00 6.774474548938e+00 1.413847358574e+02 7.703728712717e-01 1.484457039258e+05 1.446117265441e+05 1.040048930465e+05 1.633620203216e+03 4.011817487776e+02 3.400000000000e+06 0.000000000000e+00 -1.000000000000e+00 -1.000000000000e+00 0.000000000000e+00 0.000000000000e+00 0.000000000000e+00 -0.000000000000e+00 6.509245951664e+00 0.000000000000e+00 0.000000000000e+00 0.000000000000e+00 0.000000000000e+00 0.000000000000e+00 0.000000000000e+00 
9.330000000000e+00 6.770615012186e+00 1.338638757699e+02 7.991746443103e-01 1.483438120417e+05 1.445400428336e+05 1.039812264911e+05 1.633801718433e+03 4.010185188739e+02 3.400000000000e+06 0.000000000000e+00 -1.000000000000e+00 -1.000000000000e+00 0.000000000000e+00 0.000000000000e+00 0.000000000000e+00 -0.000000000000e+00 6.505537520287e+00 0.000000000000e+00 0.000000000000e+00 0.000000000000e+00 0.000000000000e+00 0.000000000000e+00 0.000000000000e+00 
9.335000000000e+00 6.766574448759e+00 1.267293723203e+02 8.373363567437e-01 1.482353735269e+05 1.444648795923e+05 1.039565916163e+05 1.633993229847e+03 4.008496518712e+02 3.400000000000e+06 0.000000000000e+00 -1.000000000000e+00 -1.000000000000e+00 0.000000000000e+00 0.000000000000e+00 0.000000000000e+00 -0.000000000000e+00 6.501655149641e+00 0.000000000000e+00 0.000000000000e+00 0.000000000000e+00 0.000000000000e+00 0.000000000000e+00 0.000000000000e+00 
9.340000000000e+00 6.762314207219e+00 1.200053676540e+02 8.811390811531e-01 1.481202552854e+05 1.443854996510e+05 1.039307735451e+05 1.634196274174e+03 4.006738323370e+02 3.400000000000e+06 0.000000000000e+00 -1.000000000000e+00 -1.000000000000e+00 0.000000000000e+00 0.000000000000e+00 0.000000000000e+00 -0.000000000000e+00 6.497561701538e+00 0.000000000000e+00 0.000000000000e+00 0.000000000000e+00 0.000000000000e+00 0.000000000000e+00 0.000000000000e+00 
9.345000000000e+00 6.757849651447e+00 1.137446615556e+02 9.180798854640e-01 1.480016191701e+05 1.443021690466e+05 1.039038882986e+05 1.634409022042e+03 4.004920258432e+02 3.400000000000e+06 0.000000000000e+00 -1.000000000000e+00 -1.000000000000e+00 0.000000000000e+00 0.000000000000e+00 0.000000000000e+00 -0.000000000000e+00 6.493271938343e+00 0.000000000000e+00 0.000000000000e+00 0.000000000000e+00 0.000000000000e+00 0.000000000000e+00 0.000000000000e+00 
9.350000000000e+00 6.753206661276e+00 1.079721993867e+02 9.558702591757e-01 1.478783917754e+05 1.442153515969e+05 1.038761130703e+05 1.634631125014e+03 4.003055965762e+02 3.400000000000e+06 0.000000000000e+00 -1.000000000000e+00 -1.000000000000e+00 0.000000000000e+00 0.000000000000e+00 0.000000000000e+00 -0.000000000000e+00 6.488810726664e+00 0.000000000000e+00 0.000000000000e+00 0.000000000000e+00 0.000000000000e+00 0.000000000000e+00 0.000000000000e+00 
9.355000000000e+00 6.748285579882e+00 1.026166425750e+02 1.024826756963e+00 1.477413442090e+05 1.441231597662e+05 1.038468783461e+05 1.634870388894e+03 4.001109307163e+02 3.400000000000e+06 0.000000000000e+00 -1.000000000000e+00 -1.000000000000e+00 0.000000000000e+00 0.000000000000e+00 0.000000000000e+00 -0.000000000000e+00 6.484082311358e+00 0.000000000000e+00 0.000000000000e+00 0.000000000000e+00 0.000000000000e+00 0.000000000000e+00 0.000000000000e+00 
9.360000000000e+00 6.742842194781e+00 9.752614175426e+01 1.149372048783e+00 1.475789598815e+05 1.440209734135e+05 1.038147837654e+05 1.635141019244e+03 3.998990992459e+02 3.400000000000e+06 0.000000000000e+00 -1.000000000000e+00 -1.000000000000e+00 0.000000000000e+00 0.000000000000e+00 0.000000000000e+00 -0.000000000000e+00 6.478852041147e+00 0.000000000000e+00 0.000000000000e+00 0.000000000000e+00 0.000000000000e+00 0.000000000000e+00 0.000000000000e+00 
9.365000000000e+00 6.736607515998e+00 9.258918408410e+01 1.318180614367e+00 1.473870739090e+05 1.439036611258e+05 1.037783349143e+05 1.635455144977e+03 3.996609620819e+02 3.400000000000e+06 0.000000000000e+00 -1.000000000000e+00 -1.000000000000e+00 0.000000000000e+00 0.000000000000e+00 0.000000000000e+00 -0.000000000000e+00 6.472861457327e+00 0.000000000000e+00 0.000000000000e+00 0.000000000000e+00 0.000000000000e+00 0.000000000000e+00 0.000000000000e+00 
9.370000000000e+00 6.729430332447e+00 8.776733003789e+01 1.518847318462e+00 1.471646768645e+05 1.437682547490e+05 1.037367840457e+05 1.635819461330e+03 3.993927239077e+02 3.400000000000e+06 0.000000000000e+00 -1.000000000000e+00 -1.000000000000e+00 0.000000000000e+00 0.000000000000e+00 0.000000000000e+00 -0.000000000000e+00 6.465965268900e+00 0.000000000000e+00 0.000000000000e+00 0.000000000000e+00 0.000000000000e+00 0.000000000000e+00 0.000000000000e+00 
9.375000000000e+00 6.721029605101e+00 8.285653345429e+01 1.808364814886e+00 1.468919721059e+05 1.436092737321e+05 1.036886989472e+05 1.636254102051e+03 3.990867218470e+02 3.400000000000e+06 0.000000000000e+00 -1.000000000000e+00 -1.000000000000e+00 0.000000000000e+00 0.000000000000e+00 0.000000000000e+00 -0.000000000000e+00 6.457893439850e+00 0.000000000000e+00 0.000000000000e+00 0.000000000000e+00 0.000000000000e+00 0.000000000000e+00 0.000000000000e+00 
9.380000000000e+00 6.710694845130e+00 7.737294165831e+01 2.298823586664e+00 1.465260014753e+05 1.434129621693e+05 1.036303467402e+05 1.636806273418e+03 3.987219597937e+02 3.400000000000e+06 0.000000000000e+00 -1.000000000000e+00 -1.000000000000e+00 0.000000000000e+00 0.000000000000e+00 0.000000000000e+00 -0.000000000000e+00 6.447963297812e+00 0.000000000000e+00 0.000000000000e+00 0.000000000000e+00 0.000000000000e+00 0.000000000000e+00 0.000000000000e+00 
9.385000000000e+00 6.696805802714e+00 7.030278610613e+01 3.204231271800e+00 1.459778657509e+05 1.431478613252e+05 1.035533013326e+05 1.637580062832e+03 3.982518513429e+02 3.400000000000e+06 0.000000000000e+00 -1.000000000000e+00 -1.000000000000e+00 0.000000000000e+00 0.000000000000e+00 0.000000000000e+00 -0.000000000000e+00 6.434618027641e+00 0.000000000000e+00 0.000000000000e+00 0.000000000000e+00 0.000000000000e+00 0.000000000000e+00 0.000000000000e+00 
9.390000000000e+00 6.677364653578e+00 6.082417121641e+01 4.475374036086e+00 1.452077180015e+05 1.427743140138e+05 1.034480534003e+05 1.638677549750e+03 3.976319950091e+02 3.400000000000e+06 0.000000000000e+00 -1.000000000000e+00 -1.000000000000e+00 0.000000000000e+00 0.000000000000e+00 0.000000000000e+00 -0.000000000000e+00 6.415938022219e+00 0.000000000000e+00 0.000000000000e+00 0.000000000000e+00 0.000000000000e+00 0.000000000000e+00 0.000000000000e+00 
9.395000000000e+00 6.650282557166e+00 4.803174777643e+01 6.262975735678e+00 1.441268305356e+05 1.422490935410e+05 1.033063509666e+05 1.640234887703e+03 3.968413131037e+02 3.400000000000e+06 0.000000000000e+00 -1.000000000000e+00 -1.000000000000e+00 0.000000000000e+00 0.000000000000e+00 0.000000000000e+00 -0.000000000000e+00 6.389916221538e+00 0.000000000000e+00 0.000000000000e+00 0.000000000000e+00 0.000000000000e+00 0.000000000000e+00 0.000000000000e+00 
9.400000000000e+00 6.612904424616e+00 3.094919629289e+01 8.507015392753e+00 1.426776219685e+05 1.415147727709e+05 1.031198146589e+05 1.642412013582e+03 3.958854599210e+02 3.400000000000e+06 0.000000000000e+00 -1.000000000000e+00 -1.000000000000e+00 0.000000000000e+00 0.000000000000e+00 0.000000000000e+00 -0.000000000000e+00 6.354001486569e+00 0.000000000000e+00 0.000000000000e+00 0.000000000000e+00 0.000000000000e+00 0.000000000000e+00 0.000000000000e+00 
9.405000000000e+00 6.564378755704e+00 1.024658714334e+01 1.068989669129e+01 1.409508902944e+05 1.405448324434e+05 1.028924943501e+05 1.645248137470e+03 3.948701583085e+02 3.400000000000e+06 0.000000000000e+00 -1.000000000000e+00 -1.000000000000e+00 0.000000000000e+00 0.000000000000e+00 0.000000000000e+00 -0.000000000000e+00 6.307375654316e+00 0.000000000000e+00 0.000000000000e+00 0.000000000000e+00 0.000000000000e+00 0.000000000000e+00 0.000000000000e+00 
9.410000000000e+00 6.506724228918e+00 -1.187032368592e+01 1.219919146859e+01 1.391349401610e+05 1.393674123385e+05 1.026428185104e+05 1.648623762440e+03 3.939793234153e+02 3.400000000000e+06 0.000000000000e+00 -1.000000000000e+00 -1.000000000000e+00 0.000000000000e+00 0.000000000000e+00 0.000000000000e+00 -0.000000000000e+00 6.251978369646e+00 0.000000000000e+00 0.000000000000e+00 0.000000000000e+00 0.000000000000e+00 0.000000000000e+00 0.000000000000e+00 
9.415000000000e+00 6.444797089403e+00 -3.219494138413e+01 1.251967809567e+01 1.374756089399e+05 1.380715951674e+05 1.023974747494e+05 1.652248116039e+03 3.933822615366e+02 3.400000000000e+06 0.000000000000e+00 -1.000000000000e+00 -1.000000000000e+00 0.000000000000e+00 0.000000000000e+00 0.000000000000e+00 -0.000000000000e+00 6.192475750029e+00 0.000000000000e+00 0.000000000000e+00 0.000000000000e+00 0.000000000000e+00 0.000000000000e+00 0.000000000000e+00 
9.420000000000e+00 6.386204576326e+00 -4.649186067261e+01 1.090174708492e+01 1.363577346612e+05 1.368149277388e+05 1.021853749339e+05 1.655594534370e+03 3.931392006115e+02 3.400000000000e+06 0.000000000000e+00 -1.000000000000e+00 -1.000000000000e+00 0.000000000000e+00 0.000000000000e+00 0.000000000000e+00 -0.000000000000e+00 6.136177202327e+00 0.000000000000e+00 0.000000000000e+00 0.000000000000e+00 0.000000000000e+00 0.000000000000e+00 0.000000000000e+00 
9.425000000000e+00 6.343846888639e+00 -4.905670019819e+01 7.007532335848e+00 1.362149979042e+05 1.358873779117e+05 1.020432766613e+05 1.657790787593e+03 3.931471072667e+02 3.400000000000e+06 0.000000000000e+00 -1.000000000000e+00 -1.000000000000e+00 0.000000000000e+00 0.000000000000e+00 0.000000000000e+00 -0.000000000000e+00 6.095477867624e+00 0.000000000000e+00 0.000000000000e+00 0.000000000000e+00 0.000000000000e+00 0.000000000000e+00 0.000000000000e+00 
9.430000000000e+00 6.322680378314e+00 -4.111378849361e+01 2.797276214522e+00 1.367050452276e+05 1.354177434792e+05 1.019756018307e+05 1.658664750403e+03 3.932062407836e+02 3.400000000000e+06 0.000000000000e+00 -1.000000000000e+00 -1.000000000000e+00 0.000000000000e+00 0.000000000000e+00 0.000000000000e+00 -0.000000000000e+00 6.075140050920e+00 0.000000000000e+00 0.000000000000e+00 0.000000000000e+00 0.000000000000e+00 0.000000000000e+00 0.000000000000e+00 
9.435000000000e+00 6.318758356312e+00 -2.738118515966e+01 -6.612061982495e-02 1.373098523590e+05 1.353302692245e+05 1.019632982904e+05 1.658604727448e+03 3.932211357077e+02 3.400000000000e+06 0.000000000000e+00 -1.000000000000e+00 -1.000000000000e+00 0.000000000000e+00 0.000000000000e+00 0.000000000000e+00 -0.000000000000e+00 6.071371580664e+00 0.000000000000e+00 0.000000000000e+00 0.000000000000e+00 0.000000000000e+00 0.000000000000e+00 0.000000000000e+00 
9.440000000000e+00 6.322699591966e+00 -1.426145572782e+01 -1.182613767891e+00 1.376848275305e+05 1.354181716574e+05 1.019756622847e+05 1.658237712954e+03 3.932061708212e+02 3.400000000000e+06 0.000000000000e+00 -1.000000000000e+00 -1.000000000000e+00 0.000000000000e+00 0.000000000000e+00 0.000000000000e+00 -0.000000000000e+00 6.075158512335e+00 0.000000000000e+00 0.000000000000e+00 0.000000000000e+00 0.000000000000e+00 0.000000000000e+00 0.000000000000e+00 
9.445000000000e+00 6.329221920707e+00 -3.675714120296e+00 -1.339000709092e+00 1.378885762651e+05 1.355633252488e+05 1.019962860627e+05 1.657812560649e+03 3.931841218472e+02 3.400000000000e+06 0.000000000000e+00 -1.000000000000e+00 -1.000000000000e+00 0.000000000000e+00 0.000000000000e+00 0.000000000000e+00 -0.000000000000e+00 6.081425484282e+00 0.000000000000e+00 0.000000000000e+00 0.000000000000e+00 0.000000000000e+00 0.000000000000e+00 0.000000000000e+00 
9.450000000000e+00 6.334617132458e+00 4.074707499197e+00 -8.794496432941e-01 1.379123854598e+05 1.356830984433e+05 1.020135002876e+05 1.657524786335e+03 3.931684574792e+02 3.400000000000e+06 0.000000000000e+00 -1.000000000000e+00 -1.000000000000e+00 0.000000000000e+00 0.000000000000e+00 0.000000000000e+00 -0.000000000000e+00 6.086609467186e+00 0.000000000000e+00 0.000000000000e+00 0.000000000000e+00 0.000000000000e+00 0.000000000000e+00 0.000000000000e+00 
9.455000000000e+00 6.337020293518e+00 9.273204056454e+00 -2.839638934124e-01 1.378272107764e+05 1.357363621761e+05 1.020212132465e+05 1.657438561184e+03 3.931622345389e+02 3.400000000000e+06 0.000000000000e+00 -1.000000000000e+00 -1.000000000000e+00 0.000000000000e+00 0.000000000000e+00 0.000000000000e+00 -0.000000000000e+00 6.088918541681e+00 0.000000000000e+00 0.000000000000e+00 0.000000000000e+00 0.000000000000e+00 0.000000000000e+00 0.000000000000e+00 
9.460000000000e+00 6.336866795838e+00 1.261298243410e+01 2.400823398225e-01 1.376948048009e+05 1.357329616355e+05 1.020207197568e+05 1.657504039153e+03 3.931626180787e+02 3.400000000000e+06 0.000000000000e+00 -1.000000000000e+00 -1.000000000000e+00 0.000000000000e+00 0.000000000000e+00 0.000000000000e+00 -0.000000000000e+00 6.088771053616e+00 0.000000000000e+00 0.000000000000e+00 0.000000000000e+00 0.000000000000e+00 0.000000000000e+00 0.000000000000e+00 
9.465000000000e+00 6.334303956814e+00 1.444583681558e+01 7.473103864560e-01 1.375052726159e+05 1.356761532990e+05 1.020124972106e+05 1.657717980492e+03 3.931693027487e+02 3.400000000000e+06 0.000000000000e+00 -1.000000000000e+00 -1.000000000000e+00 0.000000000000e+00 0.000000000000e+00 0.000000000000e+00 -0.000000000000e+00 6.086308552735e+00 0.000000000000e+00 0.000000000000e+00 0.000000000000e+00 0.000000000000e+00 0.000000000000e+00 0.000000000000e+00 
9.470000000000e+00 6.329541318562e+00 1.508779759540e+01 1.148584658040e+00 1.372855622775e+05 1.355704233195e+05 1.019973012427e+05 1.658058408018e+03 3.931831294374e+02 3.400000000000e+06 0.000000000000e+00 -1.000000000000e+00 -1.000000000000e+00 0.000000000000e+00 0.000000000000e+00 0.000000000000e+00 -0.000000000000e+00 6.081732377338e+00 0.000000000000e+00 0.000000000000e+00 0.000000000000e+00 0.000000000000e+00 0.000000000000e+00 0.000000000000e+00 
9.475000000000e+00 6.323136586317e+00 1.481899314443e+01 1.424365396016e+00 1.370545043320e+05 1.354279092007e+05 1.019770377207e+05 1.658489229460e+03 3.932045875299e+02 3.400000000000e+06 0.000000000000e+00 -1.000000000000e+00 -1.000000000000e+00 0.000000000000e+00 0.000000000000e+00 0.000000000000e+00 -0.000000000000e+00 6.075578397847e+00 0.000000000000e+00 0.000000000000e+00 0.000000000000e+00 0.000000000000e+00 0.000000000000e+00 0.000000000000e+00 
9.480000000000e+00 6.315689247012e+00 1.389928428047e+01 1.582966502356e+00 1.368252865343e+05 1.352617183080e+05 1.019537211863e+05 1.658974521120e+03 3.932336411598e+02 3.400000000000e+06 0.000000000000e+00 -1.000000000000e+00 -1.000000000000e+00 0.000000000000e+00 0.000000000000e+00 0.000000000000e+00 -0.000000000000e+00 6.068422630581e+00 0.000000000000e+00 0.000000000000e+00 0.000000000000e+00 0.000000000000e+00 0.000000000000e+00 0.000000000000e+00 
9.485000000000e+00 6.307737099419e+00 1.251622428855e+01 1.642935195456e+00 1.366071068961e+05 1.350836935654e+05 1.019291127335e+05 1.659482926644e+03 3.932694945047e+02 3.400000000000e+06 0.000000000000e+00 -1.000000000000e+00 -1.000000000000e+00 0.000000000000e+00 0.000000000000e+00 0.000000000000e+00 -0.000000000000e+00 6.060781818861e+00 0.000000000000e+00 0.000000000000e+00 0.000000000000e+00 0.000000000000e+00 0.000000000000e+00 0.000000000000e+00 
9.490000000000e+00 6.299701567436e+00 1.083131948205e+01 1.626874493580e+00 1.364052461570e+05 1.349032028787e+05 1.019045456066e+05 1.659990430140e+03 3.933107470013e+02 3.400000000000e+06 0.000000000000e+00 -1.000000000000e+00 -1.000000000000e+00 0.000000000000e+00 0.000000000000e+00 0.000000000000e+00 -0.000000000000e+00 6.053060887347e+00 0.000000000000e+00 0.000000000000e+00 0.000000000000e+00 0.000000000000e+00 0.000000000000e+00 0.000000000000e+00 
9.495000000000e+00 6.291884327536e+00 8.973645718668e+00 1.558691657985e+00 1.362216140554e+05 1.347270349078e+05 1.018809313814e+05 1.660480390253e+03 3.933556813335e+02 3.400000000000e+06 0.000000000000e+00 -1.000000000000e+00 -1.000000000000e+00 0.000000000000e+00 0.000000000000e+00 0.000000000000e+00 -0.000000000000e+00 6.045549701527e+00 0.000000000000e+00 0.000000000000e+00 0.000000000000e+00 0.000000000000e+00 0.000000000000e+00 0.000000000000e+00 
9.500000000000e+00 6.284485762801e+00 7.049231584214e+00 1.458271327404e+00 1.360565114430e+05 1.345597726404e+05 1.018588383882e+05 1.660941943112e+03 3.934025338581e+02 3.400000000000e+06 0.000000000000e+00 -1.000000000000e+00 -1.000000000000e+00 0.000000000000e+00 0.000000000000e+00 0.000000000000e+00 -0.000000000000e+00 6.038440799250e+00 0.000000000000e+00 0.000000000000e+00 0.000000000000e+00 0.000000000000e+00 0.000000000000e+00 0.000000000000e+00 
9.505000000000e+00 6.277615060793e+00 5.151601953991e+00 1.342750897474e+00 1.359085612035e+05 1.344039810358e+05 1.018385426959e+05 1.661369628785e+03 3.934497789026e+02 3.400000000000e+06 0.000000000000e+00 -1.000000000000e+00 -1.000000000000e+00 0.000000000000e+00 0.000000000000e+00 0.000000000000e+00 -0.000000000000e+00 6.031839093256e+00 0.000000000000e+00 0.000000000000e+00 0.000000000000e+00 0.000000000000e+00 0.000000000000e+00 0.000000000000e+00 
9.510000000000e+00 6.271310116043e+00 3.358432321244e+00 1.224675276562e+00 1.357756730422e+05 1.342606241495e+05 1.018201036807e+05 1.661762024957e+03 3.934962742679e+02 3.400000000000e+06 0.000000000000e+00 -1.000000000000e+00 -1.000000000000e+00 0.000000000000e+00 0.000000000000e+00 0.000000000000e+00 -0.000000000000e+00 6.025780994464e+00 0.000000000000e+00 0.000000000000e+00 0.000000000000e+00 0.000000000000e+00 0.000000000000e+00 0.000000000000e+00 
9.515000000000e+00 6.265558612689e+00 1.729614384978e+00 1.113027877460e+00 1.356553315390e+05 1.341295212357e+05 1.018034366368e+05 1.662120572845e+03 3.935412913282e+02 3.400000000000e+06 0.000000000000e+00 -1.000000000000e+00 -1.000000000000e+00 0.000000000000e+00 0.000000000000e+00 0.000000000000e+00 -0.000000000000e+00 6.020254669189e+00 0.000000000000e+00 0.000000000000e+00 0.000000000000e+00 0.000000000000e+00 0.000000000000e+00 0.000000000000e+00 
9.520000000000e+00 6.260319959168e+00 3.147330116512e-01 1.012616502755e+00 1.355453184737e+05 1.340098338771e+05 1.017883820853e+05 1.662448133242e+03 3.935844415121e+02 3.400000000000e+06 0.000000000000e+00 -1.000000000000e+00 -1.000000000000e+00 0.000000000000e+00 0.000000000000e+00 0.000000000000e+00 -0.000000000000e+00 6.015221115076e+00 0.000000000000e+00 0.000000000000e+00 0.000000000000e+00 0.000000000000e+00 0.000000000000e+00 0.000000000000e+00 
9.525000000000e+00 6.255529370654e+00 -8.542838694423e-01 9.286290946086e-01 1.354426850190e+05 1.339001536217e+05 1.017747197852e+05 1.662749230041e+03 3.936256822965e+02 3.400000000000e+06 0.000000000000e+00 -1.000000000000e+00 -1.000000000000e+00 0.000000000000e+00 0.000000000000e+00 0.000000000000e+00 -0.000000000000e+00 6.010618083702e+00 0.000000000000e+00 0.000000000000e+00 0.000000000000e+00 0.000000000000e+00 0.000000000000e+00 0.000000000000e+00 
9.530000000000e+00 6.251101639509e+00 -1.764107910799e+00 8.621597716734e-01 1.353449679027e+05 1.337985852189e+05 1.017621805893e+05 1.663029328695e+03 3.936653043575e+02 3.400000000000e+06 0.000000000000e+00 -1.000000000000e+00 -1.000000000000e+00 0.000000000000e+00 0.000000000000e+00 0.000000000000e+00 -0.000000000000e+00 6.006363703407e+00 0.000000000000e+00 0.000000000000e+00 0.000000000000e+00 0.000000000000e+00 0.000000000000e+00 0.000000000000e+00 
9.535000000000e+00 6.246950649268e+00 -2.413966594557e+00 8.130720697087e-01 1.352499812932e+05 1.337031938302e+05 1.017505016341e+05 1.663293879219e+03 3.937037564242e+02 3.400000000000e+06 0.000000000000e+00 -1.000000000000e+00 -1.000000000000e+00 0.000000000000e+00 0.000000000000e+00 0.000000000000e+00 -0.000000000000e+00 6.002375229287e+00 0.000000000000e+00 0.000000000000e+00 0.000000000000e+00 0.000000000000e+00 0.000000000000e+00 0.000000000000e+00 
9.540000000000e+00 6.242993090258e+00 -2.813991672657e+00 7.804032539778e-01 1.351558134061e+05 1.336120929552e+05 1.017394354460e+05 1.663548109577e+03 3.937415884312e+02 3.400000000000e+06 0.000000000000e+00 -1.000000000000e+00 -1.000000000000e+00 0.000000000000e+00 0.000000000000e+00 0.000000000000e+00 -0.000000000000e+00 5.998572613338e+00 0.000000000000e+00 0.000000000000e+00 0.000000000000e+00 0.000000000000e+00 0.000000000000e+00 0.000000000000e+00 
9.545000000000e+00 6.239154213399e+00 -2.983315720056e+00 7.623968365309e-01 1.350609685378e+05 1.335235795679e+05 1.017287646805e+05 1.663796645499e+03 3.937793738658e+02 3.400000000000e+06 0.000000000000e+00 -1.000000000000e+00 -1.000000000000e+00 0.000000000000e+00 0.000000000000e+00 0.000000000000e+00 -0.000000000000e+00 5.994884032995e+00 0.000000000000e+00 0.000000000000e+00 0.000000000000e+00 0.000000000000e+00 0.000000000000e+00 0.000000000000e+00 
9.550000000000e+00 6.235364213570e+00 -2.948506681139e+00 7.583873445955e-01 1.349638012413e+05 1.334360532483e+05 1.017182908396e+05 1.664043943440e+03 3.938177246562e+02 3.400000000000e+06 0.000000000000e+00 -1.000000000000e+00 -1.000000000000e+00 0.000000000000e+00 0.000000000000e+00 0.000000000000e+00 -0.000000000000e+00 5.991242416090e+00 0.000000000000e+00 0.000000000000e+00 0.000000000000e+00 0.000000000000e+00 0.000000000000e+00 0.000000000000e+00 
9.555000000000e+00 6.231559018876e+00 -2.737125719377e+00 7.669915046500e-01 1.348629904517e+05 1.333480358955e+05 1.017078357103e+05 1.664294037673e+03 3.938572707045e+02 3.400000000000e+06 0.000000000000e+00 -1.000000000000e+00 -1.000000000000e+00 0.000000000000e+00 0.000000000000e+00 0.000000000000e+00 -0.000000000000e+00 5.987586199215e+00 0.000000000000e+00 0.000000000000e+00 0.000000000000e+00 0.000000000000e+00 0.000000000000e+00 0.000000000000e+00 
9.560000000000e+00 6.227684987001e+00 -2.377682192196e+00 7.858652679677e-01 1.347577234173e+05 1.332582817479e+05 1.016972535862e+05 1.664550201610e+03 3.938985996011e+02 3.400000000000e+06 0.000000000000e+00 -1.000000000000e+00 -1.000000000000e+00 0.000000000000e+00 0.000000000000e+00 0.000000000000e+00 -0.000000000000e+00 5.983863840218e+00 0.000000000000e+00 0.000000000000e+00 0.000000000000e+00 0.000000000000e+00 0.000000000000e+00 0.000000000000e+00 
9.565000000000e+00 6.223689460861e+00 -1.899805304028e+00 8.153129140158e-01 1.346465427197e+05 1.331655597225e+05 1.016864049059e+05 1.664815957120e+03 3.939423478751e+02 3.400000000000e+06 0.000000000000e+00 -1.000000000000e+00 -1.000000000000e+00 0.000000000000e+00 0.000000000000e+00 0.000000000000e+00 -0.000000000000e+00 5.980024743596e+00 0.000000000000e+00 0.000000000000e+00 0.000000000000e+00 0.000000000000e+00 0.000000000000e+00 0.000000000000e+00 
9.570000000000e+00 6.219521619920e+00 -1.328154274538e+00 8.536271925324e-01 1.345285399003e+05 1.330686728778e+05 1.016751586197e+05 1.665094511473e+03 3.939891928132e+02 3.400000000000e+06 0.000000000000e+00 -1.000000000000e+00 -1.000000000000e+00 0.000000000000e+00 0.000000000000e+00 0.000000000000e+00 -0.000000000000e+00 5.976020078500e+00 0.000000000000e+00 0.000000000000e+00 0.000000000000e+00 0.000000000000e+00 0.000000000000e+00 0.000000000000e+00 
9.575000000000e+00 6.215145730253e+00 -6.817707754067e-01 8.982833432469e-01 1.344034009995e+05 1.329667668507e+05 1.016634276905e+05 1.665388013209e+03 3.940396993865e+02 3.400000000000e+06 0.000000000000e+00 -1.000000000000e+00 -1.000000000000e+00 0.000000000000e+00 0.000000000000e+00 0.000000000000e+00 -0.000000000000e+00 5.971815510028e+00 0.000000000000e+00 0.000000000000e+00 0.000000000000e+00 0.000000000000e+00 0.000000000000e+00 0.000000000000e+00 
9.580000000000e+00 6.210532725314e+00 2.157510757208e-02 9.485209742550e-01 1.342705371774e+05 1.328591356169e+05 1.016511456824e+05 1.665698383719e+03 3.940944031117e+02 3.400000000000e+06 0.000000000000e+00 -1.000000000000e+00 -1.000000000000e+00 0.000000000000e+00 0.000000000000e+00 0.000000000000e+00 -0.000000000000e+00 5.967383109625e+00 0.000000000000e+00 0.000000000000e+00 0.000000000000e+00 0.000000000000e+00 0.000000000000e+00 0.000000000000e+00 
9.585000000000e+00 6.205658126602e+00 7.675701893492e-01 1.003287644884e+00 1.341295489203e+05 1.327451735859e+05 1.016382608974e+05 1.666027228142e+03 3.941538292654e+02 3.400000000000e+06 0.000000000000e+00 -1.000000000000e+00 -1.000000000000e+00 0.000000000000e+00 0.000000000000e+00 0.000000000000e+00 -0.000000000000e+00 5.962699357150e+00 0.000000000000e+00 0.000000000000e+00 0.000000000000e+00 0.000000000000e+00 0.000000000000e+00 0.000000000000e+00 
9.590000000000e+00 6.200501954045e+00 1.545396500621e+00 1.061678064345e+00 1.339801131397e+05 1.326243738928e+05 1.016247359037e+05 1.666375887812e+03 3.942184901047e+02 3.400000000000e+06 0.000000000000e+00 -1.000000000000e+00 -1.000000000000e+00 0.000000000000e+00 0.000000000000e+00 0.000000000000e+00 -0.000000000000e+00 5.957745054776e+00 0.000000000000e+00 0.000000000000e+00 0.000000000000e+00 0.000000000000e+00 0.000000000000e+00 0.000000000000e+00 
9.595000000000e+00 6.195048401918e+00 2.346580109559e+00 1.122923756913e+00 1.338219774785e+05 1.324963212748e+05 1.016105464137e+05 1.666745458956e+03 3.942888844381e+02 3.400000000000e+06 0.000000000000e+00 -1.000000000000e+00 -1.000000000000e+00 0.000000000000e+00 0.000000000000e+00 0.000000000000e+00 -0.000000000000e+00 5.952505015589e+00 0.000000000000e+00 0.000000000000e+00 0.000000000000e+00 0.000000000000e+00 0.000000000000e+00 0.000000000000e+00 
9.600000000000e+00 6.189286046034e+00 3.165431380657e+00 1.186141349619e+00 1.336550298988e+05 1.323606975089e+05 1.015956815082e+05 1.667136749251e+03 3.943654897069e+02 3.400000000000e+06 0.000000000000e+00 -1.000000000000e+00 -1.000000000000e+00 0.000000000000e+00 0.000000000000e+00 0.000000000000e+00 -0.000000000000e+00 5.946968262673e+00 0.000000000000e+00 0.000000000000e+00 0.000000000000e+00 0.000000000000e+00 0.000000000000e+00 0.000000000000e+00 
9.605000000000e+00 6.183206877925e+00 3.996885409142e+00 1.250855939890e+00 1.334791409775e+05 1.322172593761e+05 1.015801407820e+05 1.667550397313e+03 3.944487687348e+02 3.400000000000e+06 0.000000000000e+00 -1.000000000000e+00 -1.000000000000e+00 0.000000000000e+00 0.000000000000e+00 0.000000000000e+00 -0.000000000000e+00 5.941127101102e+00 0.000000000000e+00 0.000000000000e+00 0.000000000000e+00 0.000000000000e+00 0.000000000000e+00 0.000000000000e+00 
9.610000000000e+00 6.176804968670e+00 4.837340980963e+00 1.316590341230e+00 1.332942331926e+05 1.320658076770e+05 1.015639306282e+05 1.667986915104e+03 3.945391830370e+02 3.400000000000e+06 0.000000000000e+00 -1.000000000000e+00 -1.000000000000e+00 0.000000000000e+00 0.000000000000e+00 0.000000000000e+00 -0.000000000000e+00 5.934975834078e+00 0.000000000000e+00 0.000000000000e+00 0.000000000000e+00 0.000000000000e+00 0.000000000000e+00 0.000000000000e+00 
9.615000000000e+00 6.170076386292e+00 5.684004200010e+00 1.382976986579e+00 1.331002504629e+05 1.319061856456e+05 1.015470637997e+05 1.668446704361e+03 3.946371902001e+02 3.400000000000e+06 0.000000000000e+00 -1.000000000000e+00 -1.000000000000e+00 0.000000000000e+00 0.000000000000e+00 0.000000000000e+00 -0.000000000000e+00 5.928510683565e+00 0.000000000000e+00 0.000000000000e+00 0.000000000000e+00 0.000000000000e+00 0.000000000000e+00 0.000000000000e+00 
9.620000000000e+00 6.163018729916e+00 6.534701493167e+00 1.449752135327e+00 1.328971474204e+05 1.317382682943e+05 1.015295580016e+05 1.668930085857e+03 3.947432467054e+02 3.400000000000e+06 0.000000000000e+00 -1.000000000000e+00 -1.000000000000e+00 0.000000000000e+00 0.000000000000e+00 0.000000000000e+00 -0.000000000000e+00 5.921729342686e+00 0.000000000000e+00 0.000000000000e+00 0.000000000000e+00 0.000000000000e+00 0.000000000000e+00 0.000000000000e+00 
9.625000000000e+00 6.155630574978e+00 7.387587306908e+00 1.516669783496e+00 1.326848968055e+05 1.315619495226e+05 1.015114343123e+05 1.669437326123e+03 3.948578129179e+02 3.400000000000e+06 0.000000000000e+00 -1.000000000000e+00 -1.000000000000e+00 0.000000000000e+00 0.000000000000e+00 0.000000000000e+00 -0.000000000000e+00 5.914630442650e+00 0.000000000000e+00 0.000000000000e+00 0.000000000000e+00 0.000000000000e+00 0.000000000000e+00 0.000000000000e+00 
9.630000000000e+00 6.147912188985e+00 8.241040468732e+00 1.583527790946e+00 1.324635018098e+05 1.313771595096e+05 1.014927187361e+05 1.669968590695e+03 3.949813386478e+02 3.400000000000e+06 0.000000000000e+00 -1.000000000000e+00 -1.000000000000e+00 0.000000000000e+00 0.000000000000e+00 0.000000000000e+00 -0.000000000000e+00 5.907214240491e+00 0.000000000000e+00 0.000000000000e+00 0.000000000000e+00 0.000000000000e+00 0.000000000000e+00 0.000000000000e+00 
9.635000000000e+00 6.139864159712e+00 9.093837532418e+00 1.650263271064e+00 1.322329353850e+05 1.311838322748e+05 1.014734386439e+05 1.670524046353e+03 3.951142812052e+02 3.400000000000e+06 0.000000000000e+00 -1.000000000000e+00 -1.000000000000e+00 0.000000000000e+00 0.000000000000e+00 0.000000000000e+00 -0.000000000000e+00 5.899481300971e+00 0.000000000000e+00 0.000000000000e+00 0.000000000000e+00 0.000000000000e+00 0.000000000000e+00 0.000000000000e+00 
9.640000000000e+00 6.131487455233e+00 9.944787836753e+00 1.716761465003e+00 1.319931907302e+05 1.309819071994e+05 1.014536228054e+05 1.671103835357e+03 3.952571026487e+02 3.400000000000e+06 0.000000000000e+00 -1.000000000000e+00 -1.000000000000e+00 0.000000000000e+00 0.000000000000e+00 0.000000000000e+00 -0.000000000000e+00 5.891432554264e+00 0.000000000000e+00 0.000000000000e+00 0.000000000000e+00 0.000000000000e+00 0.000000000000e+00 0.000000000000e+00 
9.645000000000e+00 6.122783646673e+00 1.079284561132e+01 1.782918236329e+00 1.317442712478e+05 1.307713345379e+05 1.014333017837e+05 1.671708066415e+03 3.954102638390e+02 3.400000000000e+06 0.000000000000e+00 -1.000000000000e+00 -1.000000000000e+00 0.000000000000e+00 0.000000000000e+00 0.000000000000e+00 -0.000000000000e+00 5.883069509983e+00 0.000000000000e+00 0.000000000000e+00 0.000000000000e+00 0.000000000000e+00 0.000000000000e+00 0.000000000000e+00 
9.650000000000e+00 6.113754772309e+00 1.163705578295e+01 1.848641365284e+00 1.314861866541e+05 1.305520723457e+05 1.014125074617e+05 1.672336823237e+03 3.955742242565e+02 3.400000000000e+06 0.000000000000e+00 -1.000000000000e+00 -1.000000000000e+00 0.000000000000e+00 0.000000000000e+00 0.000000000000e+00 -0.000000000000e+00 5.874394126604e+00 0.000000000000e+00 0.000000000000e+00 0.000000000000e+00 0.000000000000e+00 0.000000000000e+00 0.000000000000e+00 
9.655000000000e+00 6.104403290594e+00 1.247654783285e+01 1.913841264677e+00 1.312189541770e+05 1.303240855315e+05 1.013912727899e+05 1.672990165904e+03 3.957494404761e+02 3.400000000000e+06 0.000000000000e+00 -1.000000000000e+00 -1.000000000000e+00 0.000000000000e+00 0.000000000000e+00 0.000000000000e+00 -0.000000000000e+00 5.865408766329e+00 0.000000000000e+00 0.000000000000e+00 0.000000000000e+00 0.000000000000e+00 0.000000000000e+00 0.000000000000e+00 
9.660000000000e+00 6.094732111484e+00 1.331049648907e+01 1.978420433128e+00 1.309426022178e+05 1.300873468251e+05 1.013696317136e+05 1.673668126668e+03 3.959363631925e+02 3.400000000000e+06 0.000000000000e+00 -1.000000000000e+00 -1.000000000000e+00 0.000000000000e+00 0.000000000000e+00 0.000000000000e+00 -0.000000000000e+00 5.856116225186e+00 0.000000000000e+00 0.000000000000e+00 0.000000000000e+00 0.000000000000e+00 0.000000000000e+00 0.000000000000e+00 
9.665000000000e+00 6.084744639899e+00 1.413807563164e+01 2.042278659952e+00 1.306571703089e+05 1.298418380864e+05 1.013476191192e+05 1.674370706569e+03 3.961354338282e+02 3.400000000000e+06 0.000000000000e+00 -1.000000000000e+00 -1.000000000000e+00 0.000000000000e+00 0.000000000000e+00 0.000000000000e+00 -0.000000000000e+00 5.846519774789e+00 0.000000000000e+00 0.000000000000e+00 0.000000000000e+00 0.000000000000e+00 0.000000000000e+00 0.000000000000e+00 
9.670000000000e+00 6.074444748604e+00 1.495846347253e+01 2.105318356641e+00 1.303627071541e+05 1.295875499190e+05 1.013252706163e+05 1.675097876899e+03 3.963470824020e+02 3.400000000000e+06 0.000000000000e+00 -1.000000000000e+00 -1.000000000000e+00 0.000000000000e+00 0.000000000000e+00 0.000000000000e+00 -0.000000000000e+00 5.836623136277e+00 0.000000000000e+00 0.000000000000e+00 0.000000000000e+00 0.000000000000e+00 0.000000000000e+00 0.000000000000e+00 
9.675000000000e+00 6.063836839319e+00 1.577077634784e+01 2.167429338929e+00 1.300592764386e+05 1.293244834869e+05 1.013026225130e+05 1.675849572161e+03 3.965717235621e+02 3.400000000000e+06 0.000000000000e+00 -1.000000000000e+00 -1.000000000000e+00 0.000000000000e+00 0.000000000000e+00 0.000000000000e+00 -0.000000000000e+00 5.826430539040e+00 0.000000000000e+00 0.000000000000e+00 0.000000000000e+00 0.000000000000e+00 0.000000000000e+00 0.000000000000e+00 
9.680000000000e+00 6.052925844829e+00 1.657405745405e+01 2.228501714783e+00 1.297469537707e+05 1.290526509249e+05 1.012797116554e+05 1.676625690197e+03 3.968097536686e+02 3.400000000000e+06 0.000000000000e+00 -1.000000000000e+00 -1.000000000000e+00 0.000000000000e+00 0.000000000000e+00 0.000000000000e+00 -0.000000000000e+00 5.815946722738e+00 0.000000000000e+00 0.000000000000e+00 0.000000000000e+00 0.000000000000e+00 0.000000000000e+00 0.000000000000e+00 
9.685000000000e+00 6.041717269182e+00 1.736724337588e+01 2.288417927602e+00 1.294258301345e+05 1.287720767367e+05 1.012565753450e+05 1.677426087235e+03 3.970615469841e+02 3.400000000000e+06 0.000000000000e+00 -1.000000000000e+00 -1.000000000000e+00 0.000000000000e+00 0.000000000000e+00 0.000000000000e+00 -0.000000000000e+00 5.805176975929e+00 0.000000000000e+00 0.000000000000e+00 0.000000000000e+00 0.000000000000e+00 0.000000000000e+00 0.000000000000e+00 
9.690000000000e+00 6.030217212513e+00 1.814914494693e+01 2.347060640194e+00 1.290960108267e+05 1.284827988651e+05 1.012332512192e+05 1.678250575697e+03 3.973274520666e+02 3.400000000000e+06 0.000000000000e+00 -1.000000000000e+00 -1.000000000000e+00 0.000000000000e+00 0.000000000000e+00 0.000000000000e+00 -0.000000000000e+00 5.794127159921e+00 0.000000000000e+00 0.000000000000e+00 0.000000000000e+00 0.000000000000e+00 0.000000000000e+00 0.000000000000e+00 
9.695000000000e+00 6.018432353118e+00 1.891845367853e+01 2.404313767321e+00 1.287576150503e+05 1.281848687301e+05 1.012097770447e+05 1.679098924228e+03 3.976077891087e+02 3.400000000000e+06 0.000000000000e+00 -1.000000000000e+00 -1.000000000000e+00 0.000000000000e+00 0.000000000000e+00 0.000000000000e+00 -0.000000000000e+00 5.782803691548e+00 0.000000000000e+00 0.000000000000e+00 0.000000000000e+00 0.000000000000e+00 0.000000000000e+00 0.000000000000e+00 
9.700000000000e+00 6.006369939129e+00 1.967375214230e+01 2.460063830742e+00 1.284107757090e+05 1.278783515329e+05 1.011861905375e+05 1.679970857065e+03 3.979028471383e+02 3.400000000000e+06 0.000000000000e+00 -1.000000000000e+00 -1.000000000000e+00 0.000000000000e+00 0.000000000000e+00 0.000000000000e+00 -0.000000000000e+00 5.771213535166e+00 0.000000000000e+00 0.000000000000e+00 0.000000000000e+00 0.000000000000e+00 0.000000000000e+00 0.000000000000e+00 
9.705000000000e+00 5.994037506135e+00 2.041323209511e+01 2.514259408654e+00 1.280556161552e+05 1.275633195659e+05 1.011625286690e+05 1.680866079850e+03 3.982128882843e+02 3.400000000000e+06 0.000000000000e+00 -1.000000000000e+00 -1.000000000000e+00 0.000000000000e+00 0.000000000000e+00 0.000000000000e+00 -0.000000000000e+00 5.759363931339e+00 0.000000000000e+00 0.000000000000e+00 0.000000000000e+00 0.000000000000e+00 0.000000000000e+00 0.000000000000e+00 
9.710000000000e+00 5.981442509480e+00 2.113525569444e+01 2.566712054587e+00 1.276922932562e+05 1.272398431218e+05 1.011388268814e+05 1.681784282647e+03 3.985381555037e+02 3.400000000000e+06 0.000000000000e+00 -1.000000000000e+00 -1.000000000000e+00 0.000000000000e+00 0.000000000000e+00 0.000000000000e+00 -0.000000000000e+00 5.747262043525e+00 0.000000000000e+00 0.000000000000e+00 0.000000000000e+00 0.000000000000e+00 0.000000000000e+00 0.000000000000e+00 
9.715000000000e+00 5.968594049031e+00 2.183841543930e+01 2.617252631634e+00 1.273210042802e+05 1.269080352897e+05 1.011151222139e+05 1.682725031607e+03 3.988788257271e+02 3.400000000000e+06 0.000000000000e+00 -1.000000000000e+00 -1.000000000000e+00 0.000000000000e+00 0.000000000000e+00 0.000000000000e+00 -0.000000000000e+00 5.734916615321e+00 0.000000000000e+00 0.000000000000e+00 0.000000000000e+00 0.000000000000e+00 0.000000000000e+00 0.000000000000e+00 
9.720000000000e+00 5.955501782194e+00 2.252108754794e+01 2.665794005481e+00 1.269419406214e+05 1.265680250445e+05 1.010914510225e+05 1.683687852602e+03 3.992350334099e+02 3.400000000000e+06 0.000000000000e+00 -1.000000000000e+00 -1.000000000000e+00 0.000000000000e+00 0.000000000000e+00 0.000000000000e+00 -0.000000000000e+00 5.722336926035e+00 0.000000000000e+00 0.000000000000e+00 0.000000000000e+00 0.000000000000e+00 0.000000000000e+00 0.000000000000e+00 
9.725000000000e+00 5.942175818178e+00 2.318163968725e+01 2.712246039985e+00 1.265553079978e+05 1.262199551458e+05 1.010678486682e+05 1.684672227856e+03 3.996068709584e+02 3.400000000000e+06 0.000000000000e+00 -1.000000000000e+00 -1.000000000000e+00 0.000000000000e+00 0.000000000000e+00 0.000000000000e+00 -0.000000000000e+00 5.709532689087e+00 0.000000000000e+00 0.000000000000e+00 0.000000000000e+00 0.000000000000e+00 0.000000000000e+00 0.000000000000e+00 
9.730000000000e+00 5.928626739878e+00 2.381844619916e+01 2.756511547481e+00 1.261613287253e+05 1.258639833328e+05 1.010443494565e+05 1.685677592592e+03 3.999943860245e+02 3.400000000000e+06 0.000000000000e+00 -1.000000000000e+00 -1.000000000000e+00 0.000000000000e+00 0.000000000000e+00 0.000000000000e+00 -0.000000000000e+00 5.696514073040e+00 0.000000000000e+00 0.000000000000e+00 0.000000000000e+00 0.000000000000e+00 0.000000000000e+00 0.000000000000e+00 
9.735000000000e+00 5.914865094386e+00 2.443010958107e+01 2.798561468883e+00 1.257602074364e+05 1.255002694780e+05 1.010209856901e+05 1.686703380344e+03 4.003975945913e+02 3.400000000000e+06 0.000000000000e+00 -1.000000000000e+00 -1.000000000000e+00 0.000000000000e+00 0.000000000000e+00 0.000000000000e+00 -0.000000000000e+00 5.683291212055e+00 0.000000000000e+00 0.000000000000e+00 0.000000000000e+00 0.000000000000e+00 0.000000000000e+00 0.000000000000e+00 
9.740000000000e+00 5.900901320490e+00 2.501513386658e+01 2.838226961857e+00 1.253521857193e+05 1.251289739238e+05 1.009977875599e+05 1.687749003895e+03 4.008164830682e+02 3.400000000000e+06 0.000000000000e+00 -1.000000000000e+00 -1.000000000000e+00 0.000000000000e+00 0.000000000000e+00 0.000000000000e+00 -0.000000000000e+00 5.669874136230e+00 0.000000000000e+00 0.000000000000e+00 0.000000000000e+00 0.000000000000e+00 0.000000000000e+00 0.000000000000e+00 
9.745000000000e+00 5.886747625651e+00 2.557204260275e+01 2.875365782273e+00 1.249375512370e+05 1.247503080622e+05 1.009747861923e+05 1.688813733332e+03 4.012509503018e+02 3.400000000000e+06 0.000000000000e+00 -1.000000000000e+00 -1.000000000000e+00 0.000000000000e+00 0.000000000000e+00 0.000000000000e+00 -0.000000000000e+00 5.656274575088e+00 0.000000000000e+00 0.000000000000e+00 0.000000000000e+00 0.000000000000e+00 0.000000000000e+00 0.000000000000e+00 
9.750000000000e+00 5.872416623945e+00 2.609953733790e+01 2.909919489806e+00 1.245165842147e+05 1.243644993380e+05 1.009520112126e+05 1.689896801951e+03 4.017008446746e+02 3.400000000000e+06 0.000000000000e+00 -1.000000000000e+00 -1.000000000000e+00 0.000000000000e+00 0.000000000000e+00 0.000000000000e+00 -0.000000000000e+00 5.642504648850e+00 0.000000000000e+00 0.000000000000e+00 0.000000000000e+00 0.000000000000e+00 0.000000000000e+00 0.000000000000e+00 
9.755000000000e+00 5.857921196864e+00 2.659642091961e+01 2.941840414414e+00 1.240895738208e+05 1.239717881666e+05 1.009294904902e+05 1.690997407219e+03 4.021659673875e+02 3.400000000000e+06 0.000000000000e+00 -1.000000000000e+00 -1.000000000000e+00 0.000000000000e+00 0.000000000000e+00 0.000000000000e+00 -0.000000000000e+00 5.628576734683e+00 0.000000000000e+00 0.000000000000e+00 0.000000000000e+00 0.000000000000e+00 0.000000000000e+00 0.000000000000e+00 
9.760000000000e+00 5.843274482703e+00 2.706158981540e+01 2.971078881424e+00 1.236568219338e+05 1.235724282373e+05 1.009072501174e+05 1.692114709240e+03 4.026460722042e+02 3.400000000000e+06 0.000000000000e+00 -1.000000000000e+00 -1.000000000000e+00 0.000000000000e+00 0.000000000000e+00 0.000000000000e+00 -0.000000000000e+00 5.614503456502e+00 0.000000000000e+00 0.000000000000e+00 0.000000000000e+00 0.000000000000e+00 0.000000000000e+00 0.000000000000e+00 
9.765000000000e+00 5.828489849655e+00 2.749405528948e+01 2.997590244170e+00 1.232186410083e+05 1.231666863646e+05 1.008853143749e+05 1.693247832837e+03 4.031408659252e+02 3.400000000000e+06 0.000000000000e+00 -1.000000000000e+00 -1.000000000000e+00 0.000000000000e+00 0.000000000000e+00 0.000000000000e+00 -0.000000000000e+00 5.600297659119e+00 0.000000000000e+00 0.000000000000e+00 0.000000000000e+00 0.000000000000e+00 0.000000000000e+00 0.000000000000e+00 
9.770000000000e+00 5.813580893173e+00 2.789294086318e+01 3.021330424331e+00 1.227753558050e+05 1.227548429876e+05 1.008637057453e+05 1.694395866505e+03 4.036500082638e+02 3.400000000000e+06 0.000000000000e+00 -1.000000000000e+00 -1.000000000000e+00 0.000000000000e+00 0.000000000000e+00 0.000000000000e+00 -0.000000000000e+00 5.585972405710e+00 0.000000000000e+00 0.000000000000e+00 0.000000000000e+00 0.000000000000e+00 0.000000000000e+00 0.000000000000e+00 
9.775000000000e+00 5.798561415007e+00 2.825748322450e+01 3.042261039978e+00 1.223273019270e+05 1.223371921587e+05 1.008424449103e+05 1.695557863955e+03 4.041731124956e+02 3.400000000000e+06 0.000000000000e+00 -1.000000000000e+00 -1.000000000000e+00 0.000000000000e+00 0.000000000000e+00 0.000000000000e+00 -0.000000000000e+00 5.571540957671e+00 0.000000000000e+00 0.000000000000e+00 0.000000000000e+00 0.000000000000e+00 0.000000000000e+00 0.000000000000e+00 
9.780000000000e+00 5.783445397969e+00 2.858703160640e+01 3.060348429777e+00 1.218748258985e+05 1.219140413896e+05 1.008215507515e+05 1.696732845346e+03 4.047097464582e+02 3.400000000000e+06 0.000000000000e+00 -1.000000000000e+00 -1.000000000000e+00 0.000000000000e+00 0.000000000000e+00 0.000000000000e+00 -0.000000000000e+00 5.557016750369e+00 0.000000000000e+00 0.000000000000e+00 0.000000000000e+00 0.000000000000e+00 0.000000000000e+00 0.000000000000e+00 
9.785000000000e+00 5.768246970403e+00 2.888104837174e+01 3.075567958259e+00 1.214182834297e+05 1.214857111755e+05 1.008010403502e+05 1.697919800050e+03 4.052594341282e+02 3.400000000000e+06 0.000000000000e+00 -1.000000000000e+00 -1.000000000000e+00 0.000000000000e+00 0.000000000000e+00 0.000000000000e+00 -0.000000000000e+00 5.542413359008e+00 0.000000000000e+00 0.000000000000e+00 0.000000000000e+00 0.000000000000e+00 0.000000000000e+00 0.000000000000e+00 
9.790000000000e+00 5.752980359890e+00 2.913910708242e+01 3.087903478610e+00 1.209580386652e+05 1.210525341685e+05 1.007809289846e+05 1.699117689803e+03 4.058216578292e+02 3.400000000000e+06 0.000000000000e+00 -1.000000000000e+00 -1.000000000000e+00 0.000000000000e+00 0.000000000000e+00 0.000000000000e+00 -0.000000000000e+00 5.527744454142e+00 0.000000000000e+00 0.000000000000e+00 0.000000000000e+00 0.000000000000e+00 0.000000000000e+00 0.000000000000e+00 
9.795000000000e+00 5.737659848382e+00 2.936089663768e+01 3.097349494385e+00 1.204944626590e+05 1.206148543293e+05 1.007612301421e+05 1.700325452206e+03 4.063958606454e+02 3.400000000000e+06 0.000000000000e+00 -1.000000000000e+00 -1.000000000000e+00 0.000000000000e+00 0.000000000000e+00 0.000000000000e+00 -0.000000000000e+00 5.513023758567e+00 0.000000000000e+00 0.000000000000e+00 0.000000000000e+00 0.000000000000e+00 0.000000000000e+00 0.000000000000e+00 
9.800000000000e+00 5.722299730118e+00 2.954621800946e+01 3.103906999197e+00 1.200279336698e+05 1.201730260967e+05 1.007419555469e+05 1.701542003391e+03 4.069814489648e+02 3.400000000000e+06 0.000000000000e+00 -1.000000000000e+00 -1.000000000000e+00 0.000000000000e+00 0.000000000000e+00 0.000000000000e+00 -0.000000000000e+00 5.498265006888e+00 0.000000000000e+00 0.000000000000e+00 0.000000000000e+00 0.000000000000e+00 0.000000000000e+00 0.000000000000e+00 
9.805000000000e+00 5.706914263014e+00 2.969498879325e+01 3.107587211734e+00 1.195588349629e+05 1.197274133018e+05 1.007231151893e+05 1.702766242288e+03 4.075777954885e+02 3.400000000000e+06 0.000000000000e+00 -1.000000000000e+00 -1.000000000000e+00 0.000000000000e+00 0.000000000000e+00 0.000000000000e+00 -0.000000000000e+00 5.483481898805e+00 0.000000000000e+00 0.000000000000e+00 0.000000000000e+00 0.000000000000e+00 0.000000000000e+00 0.000000000000e+00 
9.810000000000e+00 5.691517622886e+00 2.980724357317e+01 3.108412529751e+00 1.190875534056e+05 1.192783880913e+05 1.007047173690e+05 1.703997054475e+03 4.081842423443e+02 3.400000000000e+06 0.000000000000e+00 -1.000000000000e+00 -1.000000000000e+00 0.000000000000e+00 0.000000000000e+00 0.000000000000e+00 -0.000000000000e+00 5.468688055135e+00 0.000000000000e+00 0.000000000000e+00 0.000000000000e+00 0.000000000000e+00 0.000000000000e+00 0.000000000000e+00 
9.815000000000e+00 5.676123844718e+00 2.988313834774e+01 3.106415518421e+00 1.186144781552e+05 1.188263293923e+05 1.006867687302e+05 1.705233316985e+03 4.088001049134e+02 3.400000000000e+06 0.000000000000e+00 -1.000000000000e+00 -1.000000000000e+00 0.000000000000e+00 0.000000000000e+00 0.000000000000e+00 -0.000000000000e+00 5.453896961376e+00 0.000000000000e+00 0.000000000000e+00 0.000000000000e+00 0.000000000000e+00 0.000000000000e+00 0.000000000000e+00 
9.820000000000e+00 5.660746788414e+00 2.992295145567e+01 3.101636612586e+00 1.181400004005e+05 1.183716220110e+05 1.006692743351e+05 1.706473901133e+03 4.094246748752e+02 3.400000000000e+06 0.000000000000e+00 -1.000000000000e+00 -1.000000000000e+00 0.000000000000e+00 0.000000000000e+00 0.000000000000e+00 -0.000000000000e+00 5.439121934800e+00 0.000000000000e+00 0.000000000000e+00 0.000000000000e+00 0.000000000000e+00 0.000000000000e+00 0.000000000000e+00 
9.825000000000e+00 5.645400195128e+00 2.992698523585e+01 3.094081936927e+00 1.176645275137e+05 1.179146583707e+05 1.006522378387e+05 1.707717663170e+03 4.100572196038e+02 3.400000000000e+06 0.000000000000e+00 -1.000000000000e+00 -1.000000000000e+00 0.000000000000e+00 0.000000000000e+00 0.000000000000e+00 -0.000000000000e+00 5.424376178581e+00 0.000000000000e+00 0.000000000000e+00 0.000000000000e+00 0.000000000000e+00 0.000000000000e+00 0.000000000000e+00 
9.830000000000e+00 5.630097672399e+00 2.989565026945e+01 3.083839098622e+00 1.171884490424e+05 1.174558381533e+05 1.006356615768e+05 1.708963460071e+03 4.106969843433e+02 3.400000000000e+06 0.000000000000e+00 -1.000000000000e+00 -1.000000000000e+00 0.000000000000e+00 0.000000000000e+00 0.000000000000e+00 -0.000000000000e+00 5.409672767504e+00 0.000000000000e+00 0.000000000000e+00 0.000000000000e+00 0.000000000000e+00 0.000000000000e+00 0.000000000000e+00 
9.835000000000e+00 5.614852894009e+00 2.982975987090e+01 3.071059784470e+00 1.167121477731e+05 1.169955744019e+05 1.006195468780e+05 1.710210131529e+03 4.113431852518e+02 3.400000000000e+06 0.000000000000e+00 -1.000000000000e+00 -1.000000000000e+00 0.000000000000e+00 0.000000000000e+00 0.000000000000e+00 -0.000000000000e+00 5.395024792923e+00 0.000000000000e+00 0.000000000000e+00 0.000000000000e+00 0.000000000000e+00 0.000000000000e+00 0.000000000000e+00 
9.840000000000e+00 5.599678190378e+00 2.973034452311e+01 3.055848940335e+00 1.162359875622e+05 1.165342507520e+05 1.006038927013e+05 1.711456602568e+03 4.119950713350e+02 3.400000000000e+06 0.000000000000e+00 -1.000000000000e+00 -1.000000000000e+00 0.000000000000e+00 0.000000000000e+00 0.000000000000e+00 -0.000000000000e+00 5.380444205665e+00 0.000000000000e+00 0.000000000000e+00 0.000000000000e+00 0.000000000000e+00 0.000000000000e+00 0.000000000000e+00 
9.845000000000e+00 5.584585620503e+00 2.959828108754e+01 3.038270611203e+00 1.157603450720e+05 1.160722530809e+05 1.005886969486e+05 1.712701798134e+03 4.126518823945e+02 3.400000000000e+06 0.000000000000e+00 -1.000000000000e+00 -1.000000000000e+00 0.000000000000e+00 0.000000000000e+00 0.000000000000e+00 -0.000000000000e+00 5.365942535031e+00 0.000000000000e+00 0.000000000000e+00 0.000000000000e+00 0.000000000000e+00 0.000000000000e+00 0.000000000000e+00 
9.850000000000e+00 5.569586725436e+00 2.943460460150e+01 3.018409371907e+00 1.152855837010e+05 1.156099617009e+05 1.005739563277e+05 1.713944671921e+03 4.133128617116e+02 3.400000000000e+06 0.000000000000e+00 -1.000000000000e+00 -1.000000000000e+00 0.000000000000e+00 0.000000000000e+00 0.000000000000e+00 -0.000000000000e+00 5.351530870432e+00 0.000000000000e+00 0.000000000000e+00 0.000000000000e+00 0.000000000000e+00 0.000000000000e+00 0.000000000000e+00 
9.855000000000e+00 5.554692649904e+00 2.924042465538e+01 2.996342804060e+00 1.148120652488e+05 1.151477546779e+05 1.005596665928e+05 1.715184193973e+03 4.139772529413e+02 3.400000000000e+06 0.000000000000e+00 -1.000000000000e+00 -1.000000000000e+00 0.000000000000e+00 0.000000000000e+00 0.000000000000e+00 -0.000000000000e+00 5.337219920452e+00 0.000000000000e+00 0.000000000000e+00 0.000000000000e+00 0.000000000000e+00 0.000000000000e+00 0.000000000000e+00 
9.860000000000e+00 5.539913944522e+00 2.901696848649e+01 2.972211060237e+00 1.143401223707e+05 1.146860012648e+05 1.005458224663e+05 1.716419377006e+03 4.146443110265e+02 3.400000000000e+06 0.000000000000e+00 -1.000000000000e+00 -1.000000000000e+00 0.000000000000e+00 0.000000000000e+00 0.000000000000e+00 -0.000000000000e+00 5.323019822803e+00 0.000000000000e+00 0.000000000000e+00 0.000000000000e+00 0.000000000000e+00 0.000000000000e+00 0.000000000000e+00 
9.865000000000e+00 5.525260612170e+00 2.876559547732e+01 2.946098134270e+00 1.138700949833e+05 1.142250627675e+05 1.005324177997e+05 1.717649258944e+03 4.153133024289e+02 3.400000000000e+06 0.000000000000e+00 -1.000000000000e+00 -1.000000000000e+00 0.000000000000e+00 0.000000000000e+00 0.000000000000e+00 -0.000000000000e+00 5.308940188890e+00 0.000000000000e+00 0.000000000000e+00 0.000000000000e+00 0.000000000000e+00 0.000000000000e+00 0.000000000000e+00 
9.870000000000e+00 5.510742087946e+00 2.848771481214e+01 2.918128913133e+00 1.134023001077e+05 1.137652913368e+05 1.005194456624e+05 1.718872918056e+03 4.159835081910e+02 3.400000000000e+06 0.000000000000e+00 -1.000000000000e+00 -1.000000000000e+00 0.000000000000e+00 0.000000000000e+00 0.000000000000e+00 -0.000000000000e+00 5.294990084545e+00 0.000000000000e+00 0.000000000000e+00 0.000000000000e+00 0.000000000000e+00 0.000000000000e+00 0.000000000000e+00 
9.875000000000e+00 5.496367049233e+00 2.818493048757e+01 2.888400975064e+00 1.129370455204e+05 1.133070232812e+05 1.005068982784e+05 1.720089481790e+03 4.166542349225e+02 3.400000000000e+06 0.000000000000e+00 -1.000000000000e+00 -1.000000000000e+00 0.000000000000e+00 0.000000000000e+00 0.000000000000e+00 -0.000000000000e+00 5.281177847536e+00 0.000000000000e+00 0.000000000000e+00 0.000000000000e+00 0.000000000000e+00 0.000000000000e+00 0.000000000000e+00 
9.880000000000e+00 5.482143859140e+00 2.785873038318e+01 2.857024030577e+00 1.124746319215e+05 1.128505925151e+05 1.004947675112e+05 1.721298095467e+03 4.173247962152e+02 3.400000000000e+06 0.000000000000e+00 -1.000000000000e+00 -1.000000000000e+00 0.000000000000e+00 0.000000000000e+00 0.000000000000e+00 -0.000000000000e+00 5.267511513644e+00 0.000000000000e+00 0.000000000000e+00 0.000000000000e+00 0.000000000000e+00 0.000000000000e+00 0.000000000000e+00 
9.885000000000e+00 5.468079965763e+00 2.751068906036e+01 2.824209623632e+00 1.120153049865e+05 1.123963107148e+05 1.004830444299e+05 1.722497986128e+03 4.179945426436e+02 3.400000000000e+06 0.000000000000e+00 -1.000000000000e+00 -1.000000000000e+00 0.000000000000e+00 0.000000000000e+00 0.000000000000e+00 -0.000000000000e+00 5.253998239449e+00 0.000000000000e+00 0.000000000000e+00 0.000000000000e+00 0.000000000000e+00 0.000000000000e+00 0.000000000000e+00 
9.890000000000e+00 5.454182629141e+00 2.714258275319e+01 2.789979346185e+00 1.115593679347e+05 1.119444900078e+05 1.004717200045e+05 1.723688364470e+03 4.186628292131e+02 3.400000000000e+06 0.000000000000e+00 -1.000000000000e+00 -1.000000000000e+00 0.000000000000e+00 0.000000000000e+00 0.000000000000e+00 -0.000000000000e+00 5.240645000820e+00 0.000000000000e+00 0.000000000000e+00 0.000000000000e+00 0.000000000000e+00 0.000000000000e+00 0.000000000000e+00 
9.895000000000e+00 5.440458577936e+00 2.675593236938e+01 2.754502005513e+00 1.111070668413e+05 1.114954314373e+05 1.004607848722e+05 1.724868498154e+03 4.193290328870e+02 3.400000000000e+06 0.000000000000e+00 -1.000000000000e+00 -1.000000000000e+00 0.000000000000e+00 0.000000000000e+00 0.000000000000e+00 -0.000000000000e+00 5.227458263045e+00 0.000000000000e+00 0.000000000000e+00 0.000000000000e+00 0.000000000000e+00 0.000000000000e+00 0.000000000000e+00 
9.900000000000e+00 5.426913515051e+00 2.635240656651e+01 2.717939430625e+00 1.106586200902e+05 1.110494079937e+05 1.004502290189e+05 1.726037736236e+03 4.199925784170e+02 3.400000000000e+06 0.000000000000e+00 -1.000000000000e+00 -1.000000000000e+00 0.000000000000e+00 0.000000000000e+00 0.000000000000e+00 -0.000000000000e+00 5.214443505800e+00 0.000000000000e+00 0.000000000000e+00 0.000000000000e+00 0.000000000000e+00 0.000000000000e+00 0.000000000000e+00 
9.905000000000e+00 5.413552395125e+00 2.593370779360e+01 2.680431233283e+00 1.102142315978e+05 1.106066726859e+05 1.004400420856e+05 1.727195484941e+03 4.206529270482e+02 3.400000000000e+06 0.000000000000e+00 -1.000000000000e+00 -1.000000000000e+00 0.000000000000e+00 0.000000000000e+00 0.000000000000e+00 -0.000000000000e+00 5.201605489784e+00 0.000000000000e+00 0.000000000000e+00 0.000000000000e+00 0.000000000000e+00 0.000000000000e+00 0.000000000000e+00 
9.910000000000e+00 5.400379521017e+00 2.550153941830e+01 2.642105814339e+00 1.097740900424e+05 1.101674609052e+05 1.004302135060e+05 1.728341202044e+03 4.213095734293e+02 3.400000000000e+06 0.000000000000e+00 -1.000000000000e+00 -1.000000000000e+00 0.000000000000e+00 0.000000000000e+00 0.000000000000e+00 -0.000000000000e+00 5.188948349429e+00 0.000000000000e+00 0.000000000000e+00 0.000000000000e+00 0.000000000000e+00 0.000000000000e+00 0.000000000000e+00 
9.915000000000e+00 5.387398565638e+00 2.505760197063e+01 2.603089692826e+00 1.093383660657e+05 1.097319903995e+05 1.004207325731e+05 1.729474397385e+03 4.219620459416e+02 3.400000000000e+06 0.000000000000e+00 -1.000000000000e+00 -1.000000000000e+00 0.000000000000e+00 0.000000000000e+00 0.000000000000e+00 -0.000000000000e+00 5.176475613872e+00 0.000000000000e+00 0.000000000000e+00 0.000000000000e+00 0.000000000000e+00 0.000000000000e+00 0.000000000000e+00 
9.920000000000e+00 5.374612579903e+00 2.460358076065e+01 2.563507958424e+00 1.089072117410e+05 1.093004608098e+05 1.004115884892e+05 1.730594633394e+03 4.226099075893e+02 3.400000000000e+06 0.000000000000e+00 -1.000000000000e+00 -1.000000000000e+00 0.000000000000e+00 0.000000000000e+00 0.000000000000e+00 -0.000000000000e+00 5.164190214603e+00 0.000000000000e+00 0.000000000000e+00 0.000000000000e+00 0.000000000000e+00 0.000000000000e+00 0.000000000000e+00 
9.925000000000e+00 5.362023997997e+00 2.414113735861e+01 2.523484911873e+00 1.084807598969e+05 1.088730531306e+05 1.004027704077e+05 1.731701525824e+03 4.232527569244e+02 3.400000000000e+06 0.000000000000e+00 -1.000000000000e+00 -1.000000000000e+00 0.000000000000e+00 0.000000000000e+00 0.000000000000e+00 -0.000000000000e+00 5.152094490523e+00 0.000000000000e+00 0.000000000000e+00 0.000000000000e+00 0.000000000000e+00 0.000000000000e+00 0.000000000000e+00 
9.930000000000e+00 5.349634632827e+00 2.367191331411e+01 2.483146044229e+00 1.080591226810e+05 1.084499288501e+05 1.003942674636e+05 1.732794745493e+03 4.238902293856e+02 3.400000000000e+06 0.000000000000e+00 -1.000000000000e+00 -1.000000000000e+00 0.000000000000e+00 0.000000000000e+00 0.000000000000e+00 -0.000000000000e+00 5.140190183572e+00 0.000000000000e+00 0.000000000000e+00 0.000000000000e+00 0.000000000000e+00 0.000000000000e+00 0.000000000000e+00 
9.935000000000e+00 5.337445643870e+00 2.319747664546e+01 2.442619620672e+00 1.076423892643e+05 1.080312281443e+05 1.003860687812e+05 1.733874022411e+03 4.245220000074e+02 3.400000000000e+06 0.000000000000e+00 -1.000000000000e+00 -1.000000000000e+00 0.000000000000e+00 0.000000000000e+00 0.000000000000e+00 -0.000000000000e+00 5.128478407844e+00 0.000000000000e+00 0.000000000000e+00 0.000000000000e+00 0.000000000000e+00 0.000000000000e+00 0.000000000000e+00 
9.940000000000e+00 5.325457598023e+00 2.271945742256e+01 2.402007997188e+00 1.072306364477e+05 1.076170712685e+05 1.003781635414e+05 1.734939137606e+03 4.251477812566e+02 3.400000000000e+06 0.000000000000e+00 -1.000000000000e+00 -1.000000000000e+00 0.000000000000e+00 0.000000000000e+00 0.000000000000e+00 -0.000000000000e+00 5.116959708049e+00 0.000000000000e+00 0.000000000000e+00 0.000000000000e+00 0.000000000000e+00 0.000000000000e+00 0.000000000000e+00 
9.945000000000e+00 5.313670627978e+00 2.223941178663e+01 2.361431698538e+00 1.068239197734e+05 1.072075634325e+05 1.003705411031e+05 1.735989915638e+03 4.257673155213e+02 3.400000000000e+06 0.000000000000e+00 -1.000000000000e+00 -1.000000000000e+00 0.000000000000e+00 0.000000000000e+00 0.000000000000e+00 -0.000000000000e+00 5.105634211689e+00 0.000000000000e+00 0.000000000000e+00 0.000000000000e+00 0.000000000000e+00 0.000000000000e+00 0.000000000000e+00 
9.950000000000e+00 5.302084227201e+00 2.175883001733e+01 2.321011656307e+00 1.064222713157e+05 1.068027871430e+05 1.003631908809e+05 1.737026241385e+03 4.263803864997e+02 3.400000000000e+06 0.000000000000e+00 -1.000000000000e+00 -1.000000000000e+00 0.000000000000e+00 0.000000000000e+00 0.000000000000e+00 -0.000000000000e+00 5.094501432066e+00 0.000000000000e+00 0.000000000000e+00 0.000000000000e+00 0.000000000000e+00 0.000000000000e+00 0.000000000000e+00 
9.955000000000e+00 5.290697299667e+00 2.127917076902e+01 2.280860241736e+00 1.060257037360e+05 1.064028032971e+05 1.003561023935e+05 1.738048055282e+03 4.269868173582e+02 3.400000000000e+06 0.000000000000e+00 -1.000000000000e+00 -1.000000000000e+00 0.000000000000e+00 0.000000000000e+00 0.000000000000e+00 -0.000000000000e+00 5.083560316068e+00 0.000000000000e+00 0.000000000000e+00 0.000000000000e+00 0.000000000000e+00 0.000000000000e+00 0.000000000000e+00 
9.960000000000e+00 5.279508206111e+00 2.080185448528e+01 2.241082907427e+00 1.056342109141e+05 1.060076522273e+05 1.003492653028e+05 1.739055350154e+03 4.275864689158e+02 3.400000000000e+06 0.000000000000e+00 -1.000000000000e+00 -1.000000000000e+00 0.000000000000e+00 0.000000000000e+00 0.000000000000e+00 -0.000000000000e+00 5.072809288612e+00 0.000000000000e+00 0.000000000000e+00 0.000000000000e+00 0.000000000000e+00 0.000000000000e+00 0.000000000000e+00 
9.965000000000e+00 5.268514799339e+00 2.032825941827e+01 2.201778997580e+00 1.052477685028e+05 1.056173544265e+05 1.003426694416e+05 1.740048168815e+03 4.281792382799e+02 3.400000000000e+06 0.000000000000e+00 -1.000000000000e+00 -1.000000000000e+00 0.000000000000e+00 0.000000000000e+00 0.000000000000e+00 -0.000000000000e+00 5.062246286571e+00 0.000000000000e+00 0.000000000000e+00 0.000000000000e+00 0.000000000000e+00 0.000000000000e+00 0.000000000000e+00 
9.970000000000e+00 5.257714528413e+00 1.985970799115e+01 2.163043742342e+00 1.048663366634e+05 1.052319137945e+05 1.003363048773e+05 1.741026595451e+03 4.287650536240e+02 3.400000000000e+06 0.000000000000e+00 -1.000000000000e+00 -1.000000000000e+00 0.000000000000e+00 0.000000000000e+00 0.000000000000e+00 -0.000000000000e+00 5.051868858879e+00 0.000000000000e+00 0.000000000000e+00 0.000000000000e+00 0.000000000000e+00 0.000000000000e+00 0.000000000000e+00 
9.975000000000e+00 5.247104274428e+00 1.939748180290e+01 2.124978177522e+00 1.044898504693e+05 1.048513113621e+05 1.003301618139e+05 1.741990772433e+03 4.293438834215e+02 3.400000000000e+06 0.000000000000e+00 -1.000000000000e+00 -1.000000000000e+00 0.000000000000e+00 0.000000000000e+00 0.000000000000e+00 -0.000000000000e+00 5.041674008742e+00 0.000000000000e+00 0.000000000000e+00 0.000000000000e+00 0.000000000000e+00 0.000000000000e+00 0.000000000000e+00 
9.980000000000e+00 5.236680431686e+00 1.894281622480e+01 2.087665894193e+00 1.041182299828e+05 1.044755077203e+05 1.003242306412e+05 1.742940890395e+03 4.299157324538e+02 3.400000000000e+06 0.000000000000e+00 -1.000000000000e+00 -1.000000000000e+00 0.000000000000e+00 0.000000000000e+00 0.000000000000e+00 -0.000000000000e+00 5.031658271628e+00 0.000000000000e+00 0.000000000000e+00 0.000000000000e+00 0.000000000000e+00 0.000000000000e+00 0.000000000000e+00 
9.985000000000e+00 5.226439043186e+00 1.849685786167e+01 2.051178780638e+00 1.037513830864e+05 1.041044475286e+05 1.003185020083e+05 1.743877177030e+03 4.304806346341e+02 3.400000000000e+06 0.000000000000e+00 -1.000000000000e+00 -1.000000000000e+00 0.000000000000e+00 0.000000000000e+00 0.000000000000e+00 -0.000000000000e+00 5.021817845460e+00 0.000000000000e+00 0.000000000000e+00 0.000000000000e+00 0.000000000000e+00 0.000000000000e+00 0.000000000000e+00 
9.990000000000e+00 5.216375783086e+00 1.806069945814e+01 2.015593310596e+00 1.033891992651e+05 1.037380585970e+05 1.003129668051e+05 1.744799901208e+03 4.310386540764e+02 3.400000000000e+06 0.000000000000e+00 -1.000000000000e+00 -1.000000000000e+00 0.000000000000e+00 0.000000000000e+00 0.000000000000e+00 -0.000000000000e+00 5.012148573756e+00 0.000000000000e+00 0.000000000000e+00 0.000000000000e+00 0.000000000000e+00 0.000000000000e+00 0.000000000000e+00 
9.995000000000e+00 5.206485980413e+00 1.763536262049e+01 1.980975873915e+00 1.030315550268e+05 1.033762524737e+05 1.003076161671e+05 1.745709369115e+03 4.315898838787e+02 3.400000000000e+06 0.000000000000e+00 -1.000000000000e+00 -1.000000000000e+00 0.000000000000e+00 0.000000000000e+00 0.000000000000e+00 -0.000000000000e+00 5.002645968418e+00 0.000000000000e+00 0.000000000000e+00 0.000000000000e+00 0.000000000000e+00 0.000000000000e+00 0.000000000000e+00 
1.000000000000e+01 5.196764666152e+00 1.722179718749e+01 1.947392594396e+00 1.026783122292e+05 1.030189259315e+05 1.003024414906e+05 1.746605921466e+03 4.321344435423e+02 3.400000000000e+06 0.000000000000e+00 -1.000000000000e+00 -1.000000000000e+00 0.000000000000e+00 0.000000000000e+00 0.000000000000e+00 -0.000000000000e+00 4.993305254974e+00 0.000000000000e+00 0.000000000000e+00 0.000000000000e+00 0.000000000000e+00 0.000000000000e+00 0.000000000000e+00 
